0.595995
0.941445
0.024784
1.000000
0.969992
0.958839
0.261234
0.748950
0.372937
0.239643
0.221969
1.000000
0.214925
0.037523
0.924181
0.758935
0.423829
0.982305
0.326794
0.895136
0.999991
0.931466
1.000000
0.999846
0.998848
0.160756
0.587351
0.955991
0.000007
0.763964
0.471762
0.358363
0.000000
0.599744
0.985108
0.342469
1.000000
0.539337
0.147389
0.316845
0.609778
0.669797
0.980967
0.030403
0.920573
0.091332
0.201513
0.220232
0.747656
0.000000
0.974693
0.619534
0.000000
0.666083
0.769866
0.233314
1.000000
0.322586
0.924170
0.444119
0.054540
1.000000
0.998847
0.000000
0.225958
0.000000
0.705713
0.892476
0.000000
0.334394
0.685514
0.288933
0.835359
0.895971
0.181049
0.380376
0.854573
0.303207
0.000000
0.866284
0.031542
0.456791
0.624399
0.759010
0.447523
0.000000
0.485902
0.000000
0.929642
0.529155
0.000000
0.968725
0.212314
0.995370
0.372084
0.485902
0.463938
0.000000
0.000000
0.988520
0.000000
0.999927
0.937405
0.482344
1.000000
0.417683
0.917195
0.879101
0.258509
0.421109
0.874771
0.348400
0.814290
0.000038
1.000000
0.931845
0.839455
0.342676
0.622266
0.669396
0.820777
0.999927
0.770784
0.984115
0.900057
0.000000
0.335994
0.491397
0.166231
0.249049
0.999941
0.839415
0.282658
0.875320
0.000000
0.999631
0.000000
0.999985
0.616138
0.878865
0.320969
0.390497
0.506223
0.934086
0.018488
0.664246
0.000000
0.000000
0.988287
0.492256
0.892038
0.194737
0.352777
0.997057
0.995110
0.987720
0.238664
0.934703
0.992780
0.313378
0.480317
0.322796
0.439639
0.628693
0.396576
0.210264
0.000000
0.994398
0.997792
0.036112
0.000000
0.037425
0.012063
0.700980
0.000000
0.498856
0.571901
0.000000
0.988375
0.000000
0.936687
0.999395
0.586924
0.600678
0.398899
0.405751
0.864317
0.994690
0.260327
0.856115
0.990729
0.610395
0.993767
0.000000
0.960137
0.505763
0.398543
0.982167
0.286928
0.651515
0.022786
0.720116
1.000000
0.706334
0.569000
0.789856
0.098350
0.709149
0.940510
0.444149
0.959859
0.000000
0.858563
0.991677
0.993923
0.989353
0.961860
0.869014
0.862193
0.622144
0.064134
0.746229
0.868298
0.426800
0.377164
0.208973
0.989681
0.526992
0.707153
0.287400
0.445184
0.580066
0.000000
0.011649
0.444516
0.522014
0.942510
0.999536
0.000000
0.945890
0.219123
0.353683
0.711012
0.000000
0.984580
0.895277
0.990283
0.549101
0.160461
0.872987
1.000000
1.000000
0.538475
0.462815
0.545283
0.000000
0.000000
0.777402
0.798455
1.000000
0.006350
1.000000
0.149732
0.378299
0.999790
0.602188
0.324262
0.649054
0.999645
0.976044
0.743417
0.000000
0.761410
0.000763
0.291474
0.899146
0.000000
0.028376
0.810537
1.000000
0.000000
1.000000
0.037376
0.933934
0.921627
0.921917
0.743036
0.517611
0.751004
0.656896
0.289957
0.972484
0.242809
0.069021
0.786280
0.305113
0.814673
1.000000
0.622481
0.990734
0.507476
0.000000
0.878856
0.277150
0.998477
0.000000
0.906421
0.402872
0.938772
0.738212
1.000000
0.648668
0.000000
0.140068
0.986858
0.921779
0.897165
0.718200
0.360076
0.563208
0.549184
0.519951
0.985028
0.565574
0.986196
0.392180
0.997966
0.000000
0.480029
0.999940
0.352437
0.273377
0.883410
0.828958
0.632850
0.000000
0.991364
0.705556
0.426596
0.436222
0.515245
0.882139
0.961078
0.907844
0.920361
0.063387
0.840229
0.937962
0.838996
0.587915
0.896364
0.000000
0.939116
1.000000
0.251381
0.952263
0.581966
0.320455
0.924671
0.915027
0.540313
0.138201
0.973570
0.283982
0.000000
0.999995
0.567297
0.000000
0.100141
0.970665
0.000000
0.451888
0.568404
0.915312
0.823645
0.575201
0.889415
0.661673
0.824809
0.068577
0.431189
0.973701
0.000000
0.998313
0.999996
0.383471
0.391714
0.999900
0.978329
0.000000
0.565332
0.802748
0.460020
0.689140
0.518197
0.512989
0.101178
0.735228
1.000000
0.000000
0.861136
0.000000
0.999875
0.928895
0.000000
0.998614
0.111385
0.999998
0.995842
0.701498
0.000000
0.554134
1.000000
1.000000
0.000000
0.960243
0.713872
0.152287
0.991215
0.832302
0.821817
0.746636
1.000000
0.826888
0.967060
0.798083
0.715896
0.995758
0.976631
0.921272
0.951292
0.212966
0.993639
0.322233
0.019613
0.934093
0.090664
0.958769
0.851706
0.000000
0.000000
0.867999
0.755296
0.870588
0.362818
0.799518
0.763836
0.787730
0.214360
0.999793
0.071644
0.601125
0.980742
0.856655
0.704909
0.984445
1.000000
1.000000
0.546818
0.999579
0.911107
0.199839
0.000000
0.999995
0.000000
0.996423
0.000000
1.000000
0.386673
0.354815
0.651114
0.566893
0.000000
0.003592
0.936870
1.000000
0.903294
0.621287
0.694277
0.000000
0.000000
0.591799
0.000000
0.000000
0.645424
0.165568
1.000000
0.780863
0.000000
1.000000
0.621204
0.000000
0.823077
0.993621
0.744432
0.504865
0.000000
0.948412
0.000000
0.963573
0.886833
0.284107
0.000000
0.000000
0.852441
0.990011
0.955312
0.520806
0.000000
0.999515
0.002826
1.000000
0.833804
0.642713
0.000000
0.872320
0.446617
0.000000
0.782027
0.000000
0.974231
0.000000
1.000000
0.837034
0.850518
0.997858
0.999597
0.802829
0.000000
0.732358
0.052991
0.933002
0.731228
0.995445
0.725732
0.468826
0.930739
0.898696
0.996245
0.660382
0.799132
1.000000
0.000000
0.181283
0.631669
0.996909
0.867628
0.999762
0.288797
0.845708
0.165722
0.346203
0.750028
1.000000
0.109133
0.902243
0.387762
0.398153
0.480149
0.969110
0.000000
0.213828
0.648937
0.996070
0.998460
0.995108
0.355152
0.000000
0.961611
0.060912
0.992065
1.000000
0.937152
0.881826
0.993921
0.965611
0.988945
0.999648
0.877363
0.703633
0.648668
0.000000
0.714713
0.141712
0.940383
0.712976
0.582769
0.771651
0.462893
0.715211
0.176477
0.899826
0.519579
0.736992
0.355769
0.836233
0.197571
0.083905
0.682746
0.174005
0.809074
0.139258
0.206054
0.000000
0.804964
0.621586
0.556310
0.830873
0.181331
0.948316
0.000000
0.591085
0.235012
0.999007
0.996256
1.000000
0.729528
0.631632
0.413433
0.788398
0.000000
0.669498
0.007485
0.255709
0.577402
0.989230
0.595897
0.031471
0.019873
0.439576
0.000000
0.133254
0.885957
0.846233
0.574754
0.236162
0.823423
0.000000
0.999986
0.818188
0.986438
0.179048
0.985506
0.612358
0.001631
0.929706
0.618445
0.824658
1.000000
0.091622
0.652256
0.000000
0.971860
1.000000
0.999979
0.693485
0.598809
0.632193
0.000000
0.017297
0.462135
0.955788
0.999997
0.011900
0.685333
0.999973
1.000000
0.264016
0.949274
0.996473
0.107960
0.639644
0.003803
0.704287
1.000000
0.838546
0.818945
0.038415
0.448184
0.951513
0.999980
0.718723
0.240563
0.000000
0.302366
0.999995
0.020741
0.932471
0.396302
0.241361
0.000000
0.322701
0.170578
0.766690
0.980663
0.894285
0.427805
0.004507
0.000000
0.952605
0.952023
0.866697
1.000000
0.000000
0.586640
0.759354
1.000000
0.518386
0.672558
0.058862
0.702492
0.670845
0.430480
0.894251
0.078173
0.648154
0.727615
0.988021
0.999922
1.000000
0.896529
0.657142
0.881497
0.997471
0.830878
0.960819
0.505761
0.000000
0.270448
0.002001
0.004032
0.948766
0.991412
0.990795
0.767267
0.000000
0.499980
0.266208
0.762789
0.119161
0.000000
0.999157
0.218986
0.760137
0.010654
0.860259
0.398703
0.651497
0.200570
0.833480
0.607559
0.777746
0.333772
0.996423
0.000000
0.392778
0.955450
0.767234
0.000000
0.000000
0.000000
0.000000
0.000000
0.244787
0.698274
0.716645
0.969551
0.000000
0.364425
1.000000
0.000000
0.000000
0.343320
0.732310
0.576325
0.274859
0.846202
0.876764
0.000000
0.000000
0.000000
0.921714
1.000000
0.813074
0.000000
0.751775
0.698783
0.970390
0.748175
0.292983
0.240276
0.999999
0.000000
0.298908
0.958555
0.677424
0.619541
0.669947
0.000000
0.810737
0.671247
1.000000
0.356417
0.383026
0.451992
0.844228
0.583321
0.999997
0.894713
0.549406
0.402744
0.817865
0.722113
0.524417
0.730145
0.711236
0.995744
0.999995
0.284809
0.000000
0.000000
0.980569
0.576557
0.905418
0.974960
0.946747
0.009151
0.386812
0.000000
0.824487
0.293928
0.826277
0.748026
1.000000
0.985464
0.671158
0.602029
0.449613
0.868591
0.606588
0.225611
0.430796
0.075278
0.393000
0.000102
0.404924
0.772854
0.667427
0.445542
0.989673
0.840357
0.704077
0.996794
0.000000
0.899647
0.549568
0.516244
0.687572
0.226023
0.000000
0.998625
0.000000
1.000000
0.998699
0.781100
0.373585
0.906793
0.706413
0.000000
0.562334
0.999607
0.642227
0.995144
0.320371
0.204192
0.704025
0.999935
0.000000
0.981423
0.019838
0.000000
0.549370
0.275667
0.878273
0.566196
1.000000
0.912657
1.000000
0.328780
0.777584
0.930466
0.994910
0.880386
0.411422
0.953678
0.999893
0.506878
0.748988
0.988565
0.996197
0.088303
0.986678
0.051203
0.000000
0.847420
0.847098
0.958962
0.968019
0.942923
0.270240
0.827850
0.628298
0.235614
0.195949
0.000000
1.000000
0.000000
0.000000
0.000000
0.558191
0.853851
0.658800
0.786571
0.996197
0.119579
0.619228
0.812487
0.394251
0.711773
0.993405
0.322686
1.000000
1.000000
0.153075
0.714841
0.614323
0.118797
1.000000
0.358265
0.648900
0.000000
0.609793
0.000000
0.000000
0.998911
0.211268
0.127789
0.540900
0.963427
0.000000
0.999804
0.494128
0.898921
0.913199
0.987052
0.000000
0.000000
0.638898
0.413947
0.873545
0.943284
0.326024
0.000000
0.829977
0.995242
1.000000
0.991332
0.659591
0.675346
0.000000
0.812424
1.000000
0.478133
0.999566
0.966861
0.789717
0.637714
0.677189
0.986620
0.200999
0.000000
0.967665
0.239266
0.943333
0.598677
0.058226
0.997784
0.940453
0.955836
0.889329
0.636641
0.646836
0.992985
0.998562
0.000000
0.654307
0.000000
0.000000
0.025172
0.583043
0.997990
0.314360
0.970536
0.953732
0.000000
0.258086
0.990846
0.000000
0.000000
0.861141
0.246729
0.999274
0.413291
0.716412
0.301234
0.000000
0.836247
0.631354
0.996472
0.680601
0.995085
0.993557
0.999998
0.488642
0.093669
0.999991
0.001160
0.343703
0.988598
0.666975
0.000000
0.283072
0.000000
0.805456
0.983521
0.510888
1.000000
0.970951
0.578073
0.868982
0.990959
0.971775
0.999752
0.999925
0.036459
0.211549
0.000000
0.000000
0.856057
0.377041
0.978449
0.389383
0.509700
1.000000
0.988794
0.528986
0.232116
0.279509
1.000000
0.976885
0.997521
0.804639
0.976801
0.180042
0.780744
0.000000
0.882866
0.533642
0.810292
0.285263
0.503979
0.741219
0.388113
0.000000
0.000000
0.994178
0.517092
0.257829
0.901322
0.370343
0.000000
0.266004
0.587925
0.295925
0.210294
0.767864
0.577606
0.604416
0.000000
0.999760
0.849160
0.492548
0.409483
0.331397
0.848745
0.295730
0.521123
0.508151
0.684392
0.644659
0.862404
0.322839
1.000000
0.998740
0.996601
0.666688
1.000000
1.000000
0.343736
0.270028
0.423829
0.955752
0.945409
0.760273
0.911449
0.263422
0.680385
0.315944
0.915084
0.382530
0.075713
0.805578
0.653762
0.549398
1.000000
0.792632
0.986939
0.174262
0.065302
0.000000
0.757486
0.952834
0.000000
0.922221
0.910802
0.000000
0.987767
0.478987
0.999988
0.645924
0.486933
0.969192
0.282087
0.961274
0.950270
0.475560
0.142485
0.254652
0.933311
1.000000
0.981890
0.820452
0.403456
0.565651
0.812308
0.972511
0.000000
0.770582
0.269865
0.998659
0.326776
0.906200
0.915334
0.981362
0.926367
0.538302
1.000000
1.000000
0.804073
0.118178
0.987189
0.662215
0.958956
0.194331
0.965451
0.468082
0.246919
0.437590
0.990955
0.606645
0.460338
1.000000
0.088838
0.761635
0.493215
0.000000
0.000000
0.987042
0.977246
0.653154
0.584951
0.314790
0.000000
0.088610
0.478689
0.227401
0.879735
1.000000
0.917192
0.992478
0.300891
0.828850
0.056531
0.000000
0.494938
0.998306
0.879241
0.990974
0.976007
0.516442
0.420550
0.502497
0.000000
0.809942
0.976935
0.148431
0.753182
0.998052
0.000000
0.998295
0.309319
0.770987
0.967058
0.981376
0.868309
0.970054
0.980324
0.216060
0.820089
0.604877
0.000000
0.519748
0.000000
0.333863
0.177210
0.961897
0.000000
0.000000
0.000000
0.997726
0.975567
0.000000
0.368345
0.999999
1.000000
0.999866
0.291603
0.498994
0.612147
0.999547
0.977935
0.715995
0.995645
0.404374
0.920845
0.000000
0.671369
0.836739
0.677847
0.462598
0.463122
0.999579
0.325451
0.273424
0.454112
0.999998
0.681808
0.956032
0.000000
0.514777
0.000000
0.857537
0.505960
0.595121
0.978178
0.656744
0.406826
0.285048
0.816906
1.000000
0.301345
1.000000
0.993035
0.531067
0.082931
0.974177
0.836241
0.884149
0.462386
0.957247
0.988530
0.721740
0.999037
0.978587
0.939674
0.000000
0.775813
0.997765
0.594753
0.400613
0.999362
0.723758
0.227125
0.687193
0.469959
0.819923
0.577157
0.882521
0.741375
0.709301
0.999324
0.393768
0.842331
0.485645
0.992688
0.667035
0.000000
0.968447
0.269552
0.842293
0.998847
0.328232
1.000000
0.987971
0.257265
0.991908
0.434201
0.970401
0.848702
0.680336
0.281095
0.633828
0.298524
0.365563
0.378508
0.000000
1.000000
0.924575
0.000000
0.000000
0.001935
0.933093
0.718351
0.601120
1.000000
0.000000
0.639147
0.630662
0.000000
0.000000
0.000000
0.993761
0.744460
0.998244
0.891253
0.820066
0.007035
0.931957
0.452730
0.161413
0.748236
0.978044
0.635385
0.977803
0.286770
1.000000
1.000000
0.233093
0.999952
0.985363
0.000000
0.328850
0.762502
0.995885
0.990795
0.899009
0.000000
0.367865
0.965553
0.928968
0.945073
0.009302
0.443309
0.612937
0.669386
0.778647
0.953149
0.480564
0.368891
0.938447
0.722986
0.812781
0.815438
0.366326
0.792712
0.909289
0.704443
1.000000
0.702235
0.277532
0.902332
0.137566
0.369862
0.923548
0.731340
0.969919
0.897427
0.590748
0.000007
0.410661
0.419960
0.905878
0.439400
0.999993
0.991747
0.000000
0.908764
0.942570
0.741700
0.806498
0.378102
0.946293
0.438548
0.187950
0.872152
0.993863
0.723339
0.182418
0.663522
0.675647
0.998802
0.386584
0.999990
0.998655
0.999034
0.239021
0.000000
0.469084
0.213928
0.998275
0.000000
0.967547
0.224715
0.000000
0.067936
0.872996
0.000000
0.889831
0.873423
0.943042
0.928530
0.370904
0.784683
0.387532
0.946835
0.261004
0.250237
0.741017
0.212295
1.000000
1.000000
0.999997
0.573084
0.997534
0.756868
0.235572
0.234703
0.804176
0.986778
0.999995
0.172485
0.693396
0.678002
0.000000
0.239870
0.704232
0.953978
0.905902
0.864865
0.564805
0.389810
1.000000
0.999997
0.539618
0.650065
0.041078
0.840061
0.115993
0.771469
0.860373
0.907938
0.745139
0.421691
0.975515
0.857000
0.371993
0.999996
0.886407
0.563569
0.133522
0.103112
1.000000
0.000000
0.918975
0.005334
0.049352
0.662556
0.710233
0.237107
0.136155
0.000000
0.954626
0.999681
0.000000
0.101838
0.099715
0.959721
1.000000
0.612677
0.999983
0.537394
0.809471
0.617446
0.957085
0.066724
0.998297
0.894499
0.473543
0.829428
0.947471
0.855168
0.955344
0.212299
0.958265
0.570697
0.229704
0.769237
0.571901
0.724402
0.407259
0.000000
0.979763
0.931365
0.501637
0.997245
0.323737
0.999953
0.586816
0.857282
0.999994
0.997728
0.817230
0.618621
0.976631
0.000000
0.652645
0.299018
0.653520
0.000000
0.089243
0.998758
0.761775
0.154814
0.000000
0.693449
0.911764
0.218838
0.301765
1.000000
0.573543
0.020510
0.202470
0.978015
0.438597
0.684350
1.000000
0.987797
0.876152
0.614188
0.224915
0.000000
0.737359
0.727105
0.000000
0.998786
0.248660
0.855415
0.421772
0.920471
0.514470
0.019873
0.548924
0.561679
0.987223
0.013488
0.981068
0.747219
0.537812
0.544954
0.000000
0.578771
0.585030
0.000000
0.239745
0.427550
0.217058
0.738344
0.995612
0.999891
0.954059
1.000000
0.427062
0.473615
0.004580
0.441529
0.000000
1.000000
0.989060
0.002943
0.067111
0.887815
0.783810
0.991583
0.430341
0.872791
0.214914
0.965014
0.036820
0.692883
1.000000
0.764232
0.000000
0.989462
1.000000
0.605542
1.000000
0.965002
0.000000
0.310482
1.000000
0.999991
0.000000
0.777213
0.561955
0.885385
0.154107
0.238499
0.595749
0.886050
1.000000
0.829303
0.999810
0.929850
0.873495
0.364259
0.943794
0.000000
1.000000
0.999575
0.938383
1.000000
0.000000
0.960916
0.826201
0.959849
0.807848
0.359569
0.971206
0.998798
0.584364
0.991362
0.000000
0.466056
0.000000
0.993426
1.000000
0.422055
0.997147
0.714941
0.832362
0.251567
0.359485
0.648188
0.000000
0.962058
0.702833
0.440841
0.328765
0.999943
1.000000
0.885034
0.999893
0.084270
0.924876
0.000000
0.546211
0.554056
0.837052
0.000000
0.153909
1.000000
0.077721
0.054111
0.000000
0.904189
0.991568
1.000000
1.000000
0.765197
0.235823
1.000000
0.736662
0.281693
0.782703
0.000000
0.689045
0.000000
0.967058
0.164200
0.638077
0.956617
0.447204
0.079888
0.185653
0.000000
0.056066
0.576508
0.520798
0.859748
0.268819
0.639046
0.542221
0.083484
0.967681
0.997131
0.396909
1.000000
0.281902
0.619043
0.771335
0.849722
0.432254
0.598845
0.296001
0.009470
0.626670
0.639276
0.513604
0.001054
1.000000
0.741619
0.572658
0.980606
0.955724
0.244009
0.939393
0.000000
0.000000
0.999991
0.479488
0.175870
0.000000
0.252600
1.000000
0.659413
0.966064
0.034335
0.879700
0.999393
0.978329
0.993414
0.999662
0.328983
0.675717
0.135121
0.999962
0.937863
0.197841
0.000000
0.025482
0.929651
0.928697
0.517202
0.900755
0.000000
0.976872
0.994531
0.969767
0.989736
0.148274
0.555964
0.598423
0.964641
0.689835
0.615572
0.000000
0.333497
0.770624
0.619955
0.675603
0.173776
0.944957
0.000000
0.841227
0.651317
0.172976
0.997208
1.000000
0.785778
0.224389
0.561746
0.282536
0.000000
0.935371
0.766254
0.000000
1.000000
0.000000
0.465022
0.943960
0.288096
0.977027
0.080293
0.896905
0.293548
0.625586
0.029582
0.564472
0.373349
0.290837
0.636764
0.999989
0.669090
0.817043
0.253060
0.499269
0.948157
0.370381
0.219445
0.064152
0.100747
0.993598
0.865169
0.000000
0.000000
0.999981
0.512684
0.999879
0.251381
0.721425
0.610738
0.733321
0.000000
0.162857
0.281022
0.941454
0.676042
0.000000
0.965341
0.244926
0.198113
0.000000
0.816410
0.014894
0.805600
0.935043
0.000000
0.421864
0.836848
0.531014
0.796736
0.000000
0.999578
0.983617
0.781487
0.706576
0.999940
0.430641
0.251253
0.976044
0.857281
0.000421
0.241169
1.000000
0.979164
0.998141
0.352787
0.436009
0.699688
1.000000
0.958477
0.000000
0.252144
0.003956
0.811014
0.992780
0.790256
0.068016
0.465005
0.035809
0.717368
0.403760
0.997468
0.897395
0.644193
0.460369
0.000000
0.545165
0.693938
0.634308
0.793678
0.601360
0.380122
0.000000
0.529036
0.417371
1.000000
0.593153
0.945543
0.987671
0.582223
0.311528
0.980272
0.753012
0.813336
0.954559
0.999644
0.725408
0.706452
0.022891
0.999184
0.584951
0.000000
0.990626
0.675265
0.563927
0.672763
0.278364
0.807980
0.993575
0.999711
0.926488
0.289404
0.325451
0.491605
0.833163
0.998261
0.667972
0.404751
0.206992
0.589760
0.410298
0.999929
0.089137
0.558740
0.000000
0.916379
1.000000
0.999166
0.001327
1.000000
0.994068
0.999058
0.630939
1.000000
0.770238
0.897337
0.195024
0.418860
0.553884
0.992050
0.363104
1.000000
0.718746
0.948712
0.307988
0.764535
0.000000
0.000000
0.999261
0.247456
0.234845
0.793720
0.818735
0.974927
0.511994
0.448128
0.929846
0.967507
0.931620
0.957501
0.966274
0.000000
0.975028
1.000000
0.952782
0.000000
0.157320
0.000000
0.969192
0.998873
0.827993
0.000000
1.000000
0.975355
0.000000
0.995092
0.890896
0.694803
0.247973
0.248768
0.812116
0.903517
0.982357
0.426536
0.821480
0.846315
0.999999
0.989230
0.605652
0.454066
0.672760
0.525355
0.000000
0.536787
0.608905
0.926069
0.473571
0.901520
0.373135
0.750216
0.444061
0.976069
0.775552
0.998350
0.946145
0.037657
0.631346
0.936624
0.998073
0.996505
0.635930
0.680066
0.215121
0.000000
0.999523
0.566633
0.895813
0.000000
0.519537
0.116312
0.000000
0.994402
0.853404
0.915454
0.997056
0.988481
0.984308
0.514049
0.990853
0.873441
0.653208
0.935239
0.716221
0.330871
0.618631
0.231500
0.001463
0.998676
0.770853
0.000000
0.310557
0.000000
0.598964
0.809820
0.616909
0.000000
0.000000
0.446754
1.000000
0.991592
1.000000
0.116389
0.859956
0.914224
0.000000
0.564046
0.000000
0.069808
0.930476
0.447451
0.000000
0.747985
0.163017
0.244299
0.001533
0.172384
0.405143
0.448414
0.821757
0.991571
0.982636
0.736481
0.778879
0.750411
0.132246
0.904422
0.627338
0.999781
0.413905
0.992930
0.799539
0.316553
0.986349
1.000000
0.999034
0.462990
0.971941
0.894932
0.163092
0.623907
0.464413
0.699953
0.998977
0.934395
0.529375
0.966951
0.774033
0.000000
0.000000
0.106630
0.334864
0.103221
0.000000
0.236294
0.944485
0.427340
0.959859
0.304034
0.000000
0.035261
0.030678
0.951749
0.000000
0.999184
0.404740
0.986821
0.073378
0.044254
1.000000
0.882132
0.559053
0.263918
0.000418
0.694122
0.973839
0.673155
0.858563
0.424654
0.999853
0.413745
0.180702
0.568327
0.944413
0.871572
0.359754
1.000000
0.335486
0.245998
0.878113
0.601456
0.950298
0.596505
0.000000
0.999989
0.310118
0.388082
0.357715
1.000000
0.932471
0.999582
0.000000
0.657495
0.000000
0.348049
0.458134
0.952279
0.000000
0.000000
0.921745
0.999995
0.000000
0.000000
0.989738
0.728960
0.847611
0.849852
0.929021
1.000000
0.633155
0.538751
0.412428
0.618262
0.909542
0.819160
0.673909
0.830175
0.823423
0.000000
0.482295
0.995971
0.915592
0.488326
0.625061
0.981298
0.696051
0.319507
0.720041
0.227587
0.954471
0.298989
0.181201
1.000000
0.058922
0.758242
0.793592
0.000000
0.728655
0.088509
0.621257
0.976488
0.000000
1.000000
0.999996
0.998183
0.447569
0.222489
0.284139
0.339099
0.080878
0.999996
0.000000
0.459928
0.689187
0.950951
0.670143
1.000000
0.159238
0.648937
0.713579
0.310208
0.921060
0.901558
0.555618
0.501288
0.805075
1.000000
0.299738
0.891370
0.000000
0.896342
0.573910
0.507328
0.417895
0.000000
0.000000
0.723151
0.280480
0.999364
0.662134
0.998732
0.705175
0.917737
0.988375
0.944322
0.731053
0.991536
0.399992
0.698178
0.406650
1.000000
0.700963
1.000000
0.000000
0.000000
0.891984
0.980776
1.000000
0.560688
0.000000
0.975072
0.511200
0.196055
0.000000
0.293470
0.208128
0.161162
0.204488
0.165423
0.496743
0.490783
0.880390
0.000000
0.000000
0.737401
0.000000
0.840830
0.767336
0.999993
0.504002
0.837900
1.000000
0.584824
0.405861
0.000000
0.915903
0.995065
0.369763
0.399746
0.261607
0.938217
1.000000
0.000526
0.453552
0.524652
0.837772
0.868654
0.000000
0.263891
0.406689
0.635747
0.428770
0.000000
0.733190
0.537956
0.844503
0.996990
0.051194
1.000000
0.630294
0.559465
0.818555
0.316778
0.990793
0.394529
0.000000
0.602847
0.968974
0.270142
0.794201
0.928765
0.000000
0.373449
0.612608
0.828122
0.838565
0.999118
0.354874
0.000000
0.888934
0.998863
0.999813
0.882975
0.969401
0.512765
0.194211
0.193727
0.018415
0.000000
0.999996
0.932038
0.963133
0.481841
0.589995
0.685514
0.765849
0.928786
0.731180
0.999737
0.711887
0.930294
0.082917
0.591757
0.925587
0.000000
0.336007
0.097512
0.664436
0.628618
0.993417
1.000000
0.640775
0.742862
0.287821
0.440552
0.593554
0.691776
0.979079
0.207418
0.133215
0.573176
0.888069
0.000000
0.000000
0.750467
0.997505
0.000000
0.440798
0.702250
0.994408
0.952575
0.976825
0.628159
0.525718
0.894007
0.390476
0.767267
0.680601
0.928683
0.826694
0.228764
0.896343
0.386521
0.206322
0.215570
1.000000
0.249837
0.297427
0.000000
0.506784
0.979436
0.872425
0.466107
0.314722
0.896421
0.846940
0.861159
0.621297
0.000000
0.690940
0.646551
0.999935
0.625033
0.670278
0.854827
0.523593
0.632229
0.703300
0.860972
0.297997
1.000000
0.999995
0.999915
0.577102
0.467469
1.000000
0.937163
0.804050
0.569277
0.510945
0.535307
0.555400
0.000010
0.264734
0.811824
0.898911
0.595814
0.754768
1.000000
0.579608
0.811014
0.157979
0.000000
0.278342
1.000000
0.745371
0.954787
0.292445
0.000000
0.653907
0.025397
0.930052
0.000000
0.604055
0.896641
0.000000
0.660074
0.000000
0.317482
0.000000
0.341878
0.802270
0.991157
0.368834
0.345933
0.000000
0.050117
0.077984
0.867860
0.492548
0.946202
0.986088
0.972193
0.884169
0.874202
0.344414
0.941501
0.990474
0.992693
0.999657
0.999917
0.081440
0.959494
0.997930
0.983520
0.989195
0.158283
0.245216
1.000000
0.635164
0.339812
0.058013
1.000000
0.993733
0.051939
0.502272
0.866929
0.478360
0.086332
0.453105
0.000000
0.000000
0.857178
0.000000
0.607312
0.000000
0.921784
0.437544
0.586533
0.741461
0.546472
0.485466
0.000000
0.046717
0.401217
0.719422
0.360759
0.751371
0.037027
0.968148
0.093743
0.966861
0.000000
0.000000
0.000000
0.025287
0.292848
0.885215
0.671575
0.992909
0.901159
0.617458
0.000000
0.391272
0.598995
0.000000
0.998948
0.574015
0.263322
0.999528
0.074323
0.959888
0.614518
0.229318
0.502551
0.230537
0.884586
0.998961
0.947283
1.000000
0.000000
0.975549
0.982261
0.695500
0.000000
0.999612
0.035770
0.954339
0.827223
0.313672
0.836063
0.968153
0.324709
0.000000
0.885362
0.566737
0.498007
0.968233
0.085328
0.656272
0.186592
0.320245
0.000000
0.064477
0.228747
0.751744
0.477465
0.000000
0.084674
0.997147
0.450840
0.990253
0.000000
0.869242
0.654323
0.991920
1.000000
0.821374
0.933318
0.249783
0.253561
0.998856
0.000000
0.999670
0.999996
0.992058
0.914086
0.174086
0.000000
0.000000
0.405886
0.820922
0.996180
1.000000
0.233371
0.249623
0.922020
0.999920
0.390195
0.000000
0.282536
0.999676
0.803653
0.841202
0.998576
0.905674
0.296387
0.966513
0.951955
0.955466
0.874266
0.992207
0.991734
0.014123
0.969822
0.992315
0.402761
0.793121
0.365382
0.999952
0.615546
0.130609
0.255653
0.913919
0.978394
0.287435
0.591112
0.092550
0.967178
0.691833
0.937394
0.152690
0.750017
0.000000
0.849822
0.000000
0.641702
0.349067
0.877052
0.915567
0.452196
0.824929
0.757903
0.498171
0.211983
0.300962
0.000000
0.194632
0.068729
0.000000
0.997140
0.117708
0.986482
0.838366
0.000000
0.000000
0.480143
0.200426
0.172191
0.958663
0.569429
0.998297
0.415568
0.648510
1.000000
0.192483
0.460839
0.002850
0.988518
0.995291
0.159918
0.561380
0.423433
0.028910
0.004619
0.999998
0.000000
0.000000
0.915801
0.067408
0.635037
0.000000
0.547054
0.256772
0.999785
1.000000
0.053596
0.987887
0.172392
0.273040
0.000199
0.502524
0.140930
0.744516
0.954059
0.395166
0.035270
0.626241
0.145411
0.905386
0.000000
1.000000
0.563347
0.841022
0.734911
0.000000
0.000000
0.971967
0.008343
1.000000
0.000000
0.669947
0.726692
0.000000
0.475302
0.891551
0.099136
0.617806
0.744008
0.906301
0.775441
0.556201
0.072247
0.977278
0.937700
1.000000
0.524488
0.992483
0.000000
0.000000
0.313672
0.000000
1.000000
0.876043
0.766495
0.873012
0.000000
0.986201
0.983920
0.790582
0.000000
0.998278
0.000000
0.000000
0.909119
0.000000
0.994967
0.996178
0.898921
0.911759
0.273075
0.280500
0.534274
0.885701
1.000000
0.000000
0.000000
0.999491
1.000000
0.571096
0.000000
0.248270
0.000000
0.509011
0.804230
0.802556
1.000000
0.683977
0.017082
0.998574
1.000000
0.765533
0.998629
0.518683
0.973744
0.999992
0.750988
0.152690
0.903787
0.000000
0.922534
0.983234
0.996421
0.996753
0.119542
0.999998
0.998848
0.784965
0.155254
0.662313
0.864737
0.663496
0.999969
0.000000
0.492507
0.730654
0.135000
0.978271
1.000000
0.000000
0.999785
0.492984
0.642887
0.800282
0.812920
0.983498
0.000000
0.963546
1.000000
0.986782
0.492623
0.938950
0.998935
0.984224
0.000493
0.989222
0.860612
0.119148
0.641575
0.999152
0.567729
0.751371
0.000000
0.943796
0.233119
0.844228
1.000000
0.071300
0.156699
0.781796
0.983179
0.207075
1.000000
0.977834
0.916449
0.343551
0.959510
0.820375
0.087913
0.326172
0.000000
0.091209
0.883325
0.000000
0.000000
1.000000
0.565111
0.000000
0.000000
0.303327
0.473165
0.321543
0.990450
0.829705
0.485394
0.933122
0.503003
0.950287
0.038371
0.976366
0.962411
0.973029
0.746685
0.000000
0.000000
0.294134
0.868591
0.195818
0.999997
0.409485
0.980695
0.278983
0.473846
0.000000
1.000000
0.999991
0.952367
0.957908
0.857574
0.908160
1.000000
0.000000
0.418695
0.308453
0.992387
0.000000
0.932801
0.088970
0.473209
0.509743
0.890132
0.674459
0.190093
0.999983
0.881826
0.148944
0.000000
0.000000
1.000000
0.653151
0.000000
0.969481
0.958289
0.575290
0.725610
0.969281
0.270365
0.981951
0.946765
0.142800
1.000000
0.969915
0.904149
0.866621
0.635924
1.000000
1.000000
0.955329
0.976555
0.447963
0.896135
0.944322
0.604675
0.591738
0.854830
0.121345
0.999964
0.999641
0.988798
0.993132
1.000000
0.989137
0.046857
0.425338
0.995824
0.999922
0.464487
0.177923
0.914636
0.998927
0.000000
0.489219
0.420856
0.677026
0.995563
0.460708
0.941538
0.927454
0.999999
0.985091
1.000000
0.529192
0.562723
0.085091
0.184155
0.898989
0.908492
0.899804
0.000000
0.715645
0.979328
0.000000
0.122310
1.000000
0.998606
0.000000
0.767422
0.971441
0.992531
0.602042
0.154034
0.928619
0.785598
0.069470
0.999813
0.271146
0.999313
0.248677
0.743653
0.843359
1.000000
0.110173
0.233896
0.715369
0.756031
0.970951
0.775946
0.983911
0.465393
1.000000
0.036569
0.999987
0.392368
0.000000
0.244526
0.000000
0.946478
0.396909
0.495880
0.349395
0.767336
0.517561
0.326282
0.979623
0.292059
1.000000
0.221994
0.867179
0.283233
0.000000
1.000000
0.979943
0.494128
0.000000
0.183418
0.000000
0.408716
0.000000
1.000000
0.990225
0.214837
0.000000
0.564248
0.133698
0.153999
0.352529
0.951536
0.000000
0.630939
0.609790
0.000000
0.300496
0.000000
0.978985
0.609847
0.217984
0.186002
0.762008
0.760664
1.000000
0.529038
0.000000
0.015666
0.303620
0.206671
0.174684
0.000000
0.967659
0.427555
0.233996
0.684886
0.759149
0.704392
0.372342
0.411357
0.914836
0.999999
0.807412
0.993911
0.926131
1.000000
0.512731
0.996415
0.000000
0.504656
0.605542
0.729968
0.000000
0.307898
0.568081
0.970768
0.996381
0.999080
0.778918
0.000000
0.997025
0.977215
0.653371
0.871054
0.144272
0.791204
0.995396
0.999999
0.469687
0.871648
0.951552
0.000000
0.032928
0.981890
0.177001
0.948960
0.360609
0.000000
0.000000
0.183281
0.093937
0.747751
0.000000
0.821177
0.019613
0.782463
0.086548
0.368939
1.000000
0.809785
0.000000
0.687590
0.804746
0.668559
0.002450
0.296986
0.392247
0.921874
0.577028
0.535532
0.344598
0.999446
0.078246
0.140869
0.994448
0.000000
0.981985
0.934517
0.000000
0.000000
1.000000
0.052578
0.000000
0.451922
1.000000
0.000000
0.980013
0.358588
0.089108
1.000000
0.591263
0.714540
0.669271
0.862979
0.815276
0.400201
0.856471
0.739939
0.393823
0.894672
0.854580
0.998846
0.224645
0.837125
0.762763
0.996232
0.081561
0.577224
0.752473
0.530325
0.028799
0.000000
0.000000
0.919545
0.000000
0.849634
0.769134
0.273675
1.000000
0.378331
0.442756
0.902332
0.754213
0.532821
0.861952
1.000000
1.000000
0.582779
0.796770
0.970702
0.807295
0.413214
0.000000
0.686228
0.613106
0.018795
0.999998
0.950008
0.080293
0.247456
0.468082
0.000000
0.409246
0.871002
1.000000
0.021503
0.798889
0.000000
0.447896
0.560102
0.882033
1.000000
0.940683
0.000000
0.260190
1.000000
0.819051
0.047611
0.630973
0.862979
0.326170
0.169999
0.257519
0.000000
1.000000
0.999933
0.918422
0.322722
0.959163
0.999816
0.991546
0.535236
0.824938
0.000000
0.999001
0.000000
0.000000
0.866763
0.376238
0.581011
0.000756
0.225209
0.281112
0.311068
0.275932
0.287502
0.177796
0.000000
0.000000
0.412391
0.655867
0.417025
0.888432
0.761532
1.000000
0.662609
0.646289
0.707135
0.865660
0.010946
0.993427
0.544622
0.380007
0.482738
0.999932
0.335660
0.982082
0.201859
0.918751
0.695750
0.994871
0.887146
0.714196
0.847516
0.732601
0.990375
0.450096
0.999999
0.707516
0.999856
0.242976
0.483736
0.646099
0.315131
0.661420
0.111273
0.752809
0.781631
0.000000
0.978445
0.733975
0.818010
0.081532
0.924053
0.841299
0.255692
0.244299
0.999996
0.149467
0.903746
1.000000
0.214924
0.269660
0.147377
0.711887
0.690324
0.657801
0.901110
0.000000
0.978509
0.663797
0.985637
0.000000
0.892676
0.404200
0.000000
0.601288
0.386417
0.953404
0.000000
0.355049
0.295477
0.000000
0.560687
0.654966
0.999199
0.993713
0.999784
0.975103
0.874747
0.454265
0.054280
0.999370
0.987668
0.000000
0.866288
0.998640
0.408286
0.889447
0.063649
0.701584
0.593935
0.008677
0.710090
0.977384
0.131753
0.038135
0.998731
0.479989
1.000000
0.976311
0.973240
0.726703
0.336812
0.999414
0.834374
0.866076
1.000000
0.644385
0.649342
0.999101
0.999998
0.000000
0.639801
0.972131
1.000000
0.998482
0.966463
0.524093
0.376805
0.456187
0.513948
0.387528
0.169964
0.999728
0.000000
0.876051
0.994634
0.999295
0.453068
0.657964
0.503697
0.914996
0.222377
0.543658
0.922830
0.000000
0.971853
0.785666
0.187139
0.999592
0.840955
0.000000
0.996327
0.385258
0.985579
0.998325
0.000000
0.517871
0.852275
1.000000
1.000000
0.959307
0.956917
0.247154
0.967778
0.697284
0.649394
0.741697
0.433419
0.433100
0.951170
0.799627
1.000000
0.000000
0.658583
0.999999
1.000000
0.700883
0.772954
0.887866
0.498994
0.349562
0.410086
0.999993
0.180893
0.723078
0.000000
0.978950
0.000000
0.000000
1.000000
0.427772
0.943611
0.797032
0.976631
0.302334
0.887137
0.085708
0.918872
0.000000
0.382781
0.131946
0.599449
0.823263
0.344431
0.310273
0.972834
0.549589
0.300173
0.000000
0.265115
0.000000
0.000000
0.658776
0.019532
0.945148
0.121069
0.172997
0.035864
1.000000
0.765259
0.991240
0.720021
0.456136
0.396746
0.328280
0.000000
0.644907
0.548656
0.537168
0.709918
0.893949
0.416913
0.774627
0.767702
0.015233
0.001812
0.582543
0.420604
0.009678
0.709866
0.467645
0.705704
0.704025
0.700395
0.000000
0.042765
0.356541
0.991199
0.528781
0.973072
0.236557
0.000000
0.400316
0.586870
0.067465
0.279016
1.000000
0.976921
0.464926
0.000000
0.009846
0.002203
0.736520
0.000000
0.000000
0.900016
0.372342
0.932412
0.530296
0.335639
0.268333
0.855790
0.000000
0.000000
0.000000
0.999903
0.995242
0.000000
0.589760
0.892676
0.627349
0.833506
0.233247
0.000000
0.317573
0.990247
0.000000
0.658954
0.961297
0.648298
0.838254
0.000000
0.733777
0.000000
0.957090
0.673903
0.688533
0.486971
0.815686
0.997829
0.995740
0.454295
0.999998
0.427371
0.013266
0.000000
0.428704
0.997690
0.922855
0.999446
0.857457
0.429471
0.376939
0.908770
0.980510
0.999313
0.402314
0.997916
0.000000
0.911638
0.021475
0.693214
0.216583
0.656716
0.451591
0.943805
0.000000
0.998747
0.803013
0.528130
0.982140
0.940964
0.800574
0.210201
1.000000
0.498834
0.683362
0.000000
0.844794
0.511186
0.498535
0.938461
0.000000
0.583933
0.000000
0.367944
1.000000
0.432795
0.805830
0.551472
0.648661
0.219581
0.557807
0.444149
0.000000
0.263634
0.986236
0.481440
0.154737
0.159326
0.815697
1.000000
0.890602
0.999999
0.312258
0.833506
0.656157
0.999593
0.999998
1.000000
0.828865
0.002302
0.186802
0.975620
0.543916
0.624171
0.000000
0.040239
0.000000
0.597604
0.994902
0.143720
0.997869
0.303360
0.534732
0.268283
0.807009
0.566478
0.999816
0.814937
0.961417
0.462161
0.581019
0.000000
0.999975
0.276482
0.912169
0.399252
0.993391
0.945182
0.967525
0.647385
0.330378
0.905020
0.000000
0.630255
0.750570
0.493262
0.956033
0.279481
0.000000
0.662998
0.983758
0.989743
0.550361
0.000000
0.631024
0.000000
0.999791
0.563249
0.273753
0.481321
0.973327
0.174147
0.856046
0.000000
0.000000
0.000000
0.838394
0.000000
0.999769
0.831123
0.928684
0.916394
0.492844
0.546053
0.368438
0.141170
0.982825
0.383757
0.748423
0.968390
0.000000
0.616606
0.506190
0.182239
0.038173
0.622182
0.819120
0.347863
0.996354
0.901938
0.924177
0.398776
0.953776
0.572700
0.000000
0.980397
0.800718
1.000000
1.000000
0.955032
0.000000
0.000000
1.000000
0.472849
0.420359
0.998760
0.796615
1.000000
0.000000
0.000000
0.539486
0.999636
0.955752
0.000000
0.981613
0.214449
0.848369
0.725392
0.348758
0.934583
0.510974
0.693084
0.580801
0.535532
0.770191
0.258863
0.477949
0.000000
0.097278
0.000000
0.000000
0.999038
0.954027
0.205588
0.000000
0.488689
0.000000
0.843082
0.984877
0.968529
0.843957
0.648937
1.000000
0.895879
0.773428
0.263633
0.630939
0.173556
0.973379
0.227675
0.855740
0.999976
0.759676
0.000000
0.988899
0.495136
0.954764
0.000000
0.079449
0.986402
0.999970
0.001679
0.947621
0.411422
0.893724
1.000000
0.999779
0.705875
0.342842
0.275533
1.000000
0.999714
0.478359
0.965862
0.972057
0.065783
0.093778
0.052294
0.929481
0.513869
0.474838
1.000000
1.000000
0.273708
0.606702
0.000000
0.618833
0.980344
0.000000
0.484066
1.000000
0.368712
0.249847
0.000000
0.000000
0.000000
0.802074
1.000000
0.000000
0.621426
0.882292
0.106235
0.843254
0.976764
0.790226
0.544214
1.000000
0.513328
0.950278
0.134034
0.000000
0.134899
0.956318
0.931025
0.198882
0.472700
0.627193
0.286819
0.000000
0.521460
0.123818
0.038005
0.966251
0.286232
0.324942
0.000000
0.000000
0.997392
0.642413
0.000000
0.897060
0.365459
0.612755
0.923185
0.999622
0.995888
0.984509
0.881013
0.000000
0.000000
0.331991
0.799323
0.837928
0.884666
0.411078
0.003582
0.286417
0.879261
0.216670
0.682711
0.062511
0.137866
0.999699
0.997658
0.946048
0.671600
0.289731
0.469091
0.026526
0.000000
0.887962
0.500458
0.000000
0.593539
0.729307
1.000000
0.785720
0.106613
0.782925
0.613755
0.782822
0.650871
0.473467
0.647815
0.982437
0.683800
0.996896
1.000000
0.976239
0.990616
0.992589
0.000000
0.000000
1.000000
0.783026
0.663098
0.000000
0.063289
0.987294
0.618768
0.352384
0.779260
0.495597
0.997324
0.480293
0.286982
0.500458
0.000000
0.974365
0.957871
0.434587
0.998168
0.821835
0.332052
0.000000
0.999998
0.791434
0.336366
0.486716
0.989915
0.044304
0.815642
0.992059
0.296413
0.555642
0.852345
0.581163
0.074254
0.000000
0.000000
0.996587
0.903777
0.711090
0.000000
0.700870
0.803323
0.701830
0.868142
0.995863
0.161267
0.981186
0.141675
0.994726
0.702504
0.912037
0.974933
0.489365
0.469459
0.094473
0.649394
0.816290
0.724808
0.575242
0.846117
0.960709
0.999998
0.225613
0.982580
0.227983
0.820089
0.997278
0.746723
0.891406
0.514834
0.939882
0.957642
0.721791
0.782809
0.395219
0.467671
0.443942
0.899623
0.960145
0.865546
0.680058
0.252708
0.453612
0.999962
0.176477
0.000000
0.423361
0.131181
1.000000
0.589417
0.999969
0.259787
0.998811
0.328280
0.592802
0.990617
0.605224
0.620499
0.999999
0.460531
0.075641
0.000000
0.561822
0.696523
0.903909
0.999995
0.992226
0.426348
0.713757
1.000000
0.190980
0.000000
0.376623
0.427772
0.998823
0.624925
0.986424
0.000992
0.862998
0.000000
0.290149
0.278095
0.998709
0.000000
0.810579
1.000000
0.999963
0.123521
0.993421
0.940029
0.613125
0.984185
0.501403
0.000000
0.405695
0.849328
0.729192
0.000000
0.172384
0.952545
0.939545
0.963576
1.000000
0.752857
0.529127
0.232567
0.860329
0.000000
0.450704
0.960960
0.996977
0.370527
0.778543
0.000000
0.000000
0.919220
0.796921
0.820880
0.000000
0.000000
0.055416
1.000000
0.978584
0.988567
0.502443
0.939250
0.533827
0.000000
0.999212
0.164401
0.952187
0.000000
0.370663
1.000000
1.000000
0.956452
0.922507
0.899023
0.220022
0.731156
0.994539
0.000000
0.952117
0.304172
0.335028
0.992313
0.996037
0.298980
0.493996
0.738198
0.974035
0.999447
0.128962
0.744329
0.785808
0.905319
0.625560
0.000000
0.941706
0.972584
0.000000
0.348824
0.386834
0.000000
0.544792
0.643467
0.964993
0.989278
0.916434
0.940928
0.908212
0.733706
0.266924
0.820089
0.000000
0.394900
0.989907
0.919545
0.980663
0.547304
0.928854
0.409193
0.359890
0.709179
0.207098
0.987452
1.000000
0.182908
1.000000
0.096210
0.968687
0.873060
0.038980
0.407811
0.545437
0.079635
0.596878
0.000000
0.730971
0.857092
0.090669
0.999971
0.999996
0.442308
0.414504
0.951623
0.878080
0.777576
0.016214
0.116014
0.610255
0.999999
0.090686
0.581125
0.993653
0.090557
0.835690
0.567300
0.357687
1.000000
0.568778
0.916432
0.815049
0.192763
0.747617
1.000000
0.859864
0.427468
0.818021
0.991314
0.522738
0.581010
0.175026
0.598885
0.178757
0.879738
0.617232
0.879101
0.826624
0.927525
0.973562
0.630657
0.912163
0.275181
0.000000
0.999770
0.229415
0.999378
0.004248
1.000000
0.328507
0.000000
0.000000
0.830517
0.549218
0.097674
0.693251
0.108612
0.624751
0.793471
0.000000
0.831921
0.330355
0.581685
0.999999
0.471197
0.916893
0.998259
0.328068
0.496269
0.813336
0.617343
0.174328
0.746016
0.962440
0.000000
0.984381
0.999721
0.656040
0.422808
0.000000
0.989145
0.000000
0.729774
0.542169
0.992589
0.988915
0.949009
0.703094
0.999998
0.048152
0.997672
0.984259
0.831927
0.836272
0.993644
0.000000
0.000000
0.000000
0.817378
0.999688
0.239710
0.060157
0.671799
0.000000
0.813412
0.699113
0.945543
0.434099
0.248142
0.644089
0.991367
0.000000
0.193525
0.000000
0.161598
0.811233
0.568829
0.000000
0.211574
0.000000
0.000000
1.000000
0.948424
0.110483
0.176384
0.741700
1.000000
0.976805
1.000000
0.295676
0.998992
0.995740
0.236936
0.000000
0.527526
0.999991
0.292613
0.345857
0.989768
0.500770
0.000000
0.000000
0.797441
1.000000
0.000000
0.985683
0.999278
0.039191
0.252807
0.982794
0.903541
0.771048
0.000000
0.950445
0.962365
0.629090
0.000000
0.366147
0.559798
0.870069
0.867630
1.000000
0.000000
0.999992
0.000000
0.999959
0.960793
0.283368
0.168447
0.011931
0.999618
0.910499
0.154347
0.999550
0.721127
0.998497
0.999997
0.000000
0.743001
0.229718
0.192979
0.260174
0.142086
0.501951
0.991170
0.000000
0.000000
0.000000
0.000000
0.186935
0.000000
0.998648
0.000000
0.005941
0.817973
0.999941
0.812059
0.990758
0.845473
0.219194
0.414989
0.825347
0.654230
0.676776
0.748070
0.281344
0.000103
0.396191
0.491222
0.495681
0.736493
0.420806
0.000000
0.000000
0.317550
0.188510
0.229001
0.999999
0.943496
0.000000
0.000000
0.976631
0.000000
0.000000
0.996771
0.640782
0.953485
0.970599
0.580209
0.000000
0.098270
0.997123
0.641892
0.454473
0.454279
0.440505
0.982464
0.424871
0.000000
0.998698
0.243850
0.607598
0.320597
0.508664
0.860399
0.565479
0.173930
1.000000
0.235783
0.948276
0.489485
0.191241
0.464799
0.093812
0.639707
0.466633
0.994722
0.588946
0.259100
0.201606
0.844683
0.862527
0.561216
0.000000
0.597969
0.178005
0.000000
0.962603
0.996272
0.848477
0.408422
0.999922
0.983738
0.562944
0.757370
0.811828
0.491265
0.517742
0.791660
1.000000
0.000000
0.324232
0.667689
0.965512
0.158377
0.226879
0.671433
0.084443
0.000000
0.000000
1.000000
0.877359
0.000000
0.970993
1.000000
0.000000
0.025759
0.931377
0.275224
0.000000
0.854918
0.675597
0.438320
0.338211
0.553208
0.000187
0.252585
0.000000
1.000000
0.884507
0.028208
0.000000
0.000000
0.181286
0.983152
0.830547
0.692731
0.999998
0.974367
0.755986
0.998770
0.000000
0.486268
0.000000
0.901724
0.945862
0.876665
0.675661
0.405247
0.452163
0.096737
0.000000
0.729216
0.999874
0.999000
0.000000
1.000000
0.310188
0.284284
0.866201
0.981182
1.000000
0.954059
0.922887
0.999997
0.141205
0.264271
0.014341
0.000000
0.665933
0.796790
0.000000
0.590711
0.947273
0.530088
0.000000
0.211911
0.863137
0.998257
1.000000
0.999810
0.220022
0.752441
0.339428
0.882267
0.256945
0.068843
0.353437
0.111248
0.086261
0.055564
0.760814
0.616091
0.930610
0.000000
0.230685
0.955889
1.000000
0.608402
0.000000
0.477654
1.000000
0.715392
0.313397
0.592182
0.828554
0.999782
0.004170
0.374617
0.248149
0.000000
1.000000
0.580801
0.841234
0.324558
0.394693
0.506449
0.998804
0.000000
0.901744
0.946608
0.974069
0.611812
0.999866
0.577606
0.998524
0.352729
0.376320
0.397930
0.000000
0.374532
0.640870
1.000000
0.078940
0.675111
1.000000
0.780212
0.664317
0.999913
0.000000
0.000000
0.938109
0.999552
0.000000
0.218172
0.953885
0.670131
0.255997
0.776028
0.960577
0.812559
0.000000
0.853051
0.272017
0.844197
0.969047
0.942085
0.000000
0.000000
0.543336
0.705569
0.000000
0.997459
0.319079
0.328280
0.985981
0.598086
0.453932
0.557801
0.201371
1.000000
0.426711
0.205981
0.890837
0.658902
0.715000
0.682930
0.585805
0.000807
0.756770
0.588806
0.749894
0.994312
0.639046
1.000000
0.986781
0.000000
0.497920
0.960951
0.150080
0.935881
0.068310
0.448622
0.378950
0.738650
0.799176
0.604663
0.347622
0.335097
0.452729
0.826685
0.954395
0.981529
0.671600
0.985976
0.000000
0.130900
0.995622
0.916568
0.522230
0.702294
0.000000
0.936803
0.965313
0.000000
0.048598
1.000000
0.000000
0.989632
1.000000
0.880658
0.918103
1.000000
0.043665
1.000000
0.243596
0.917905
0.000000
0.687460
0.663200
0.502465
0.004401
0.000000
0.458823
0.546728
0.398718
0.818130
0.343204
0.212982
0.905128
0.492437
0.659641
0.171799
0.997237
0.099704
0.752502
0.000000
0.281596
0.939892
0.997459
0.984445
0.999992
0.784494
1.000000
0.944587
0.530173
0.746011
0.999981
0.000000
0.972161
0.745187
0.285586
0.954764
1.000000
0.514364
0.154842
1.000000
0.704251
0.424995
0.857707
0.325557
0.749037
0.487317
0.933667
0.000000
0.941994
0.542895
0.296473
0.999663
0.651679
0.999966
0.365665
0.767644
0.360558
0.326571
0.000000
0.397962
0.988237
0.694556
0.485934
0.468082
0.994026
0.168004
0.661490
0.937025
0.679724
0.932720
0.041714
0.327174
0.999943
0.000000
0.998275
0.609597
0.107392
0.627874
0.504869
0.602163
0.746737
0.140740
0.005841
0.002489
0.891656
0.810652
0.946344
0.554218
0.996811
0.773790
0.469458
0.558740
0.866674
0.824508
0.907148
0.998036
0.988563
0.718683
0.470739
0.978898
0.461292
0.999998
0.494168
0.000000
0.409108
0.201747
0.030428
0.532063
0.000000
0.328190
0.913654
0.886021
0.999982
0.602728
0.609123
1.000000
0.959805
0.999988
0.517926
0.809067
0.150280
0.040925
0.999995
0.291922
0.978512
0.890022
0.770880
0.554247
0.036403
0.798574
0.479514
0.996331
0.823331
0.530207
0.756012
0.447743
0.800798
0.473514
0.367135
0.623747
0.000000
0.919414
0.076048
1.000000
0.909260
0.000000
0.156314
0.839811
0.384103
0.999932
0.955408
0.000000
0.583928
0.987495
0.674371
0.997930
1.000000
0.206548
0.000000
0.919232
0.951714
0.328746
0.261837
0.999430
0.971332
0.157360
0.514834
0.458571
0.989011
0.999792
0.974625
0.000000
0.781447
0.699635
0.497436
0.005480
0.266439
0.810495
0.875587
0.164741
1.000000
0.104246
0.814868
0.992418
0.489799
0.000000
0.025991
0.898433
0.823240
1.000000
0.000000
0.147217
0.000000
0.320371
0.839869
0.204327
0.849121
0.725440
0.062838
0.860066
0.000000
0.283619
0.694692
0.395433
0.474756
0.321126
0.882757
0.236803
0.547058
0.999631
1.000000
0.232641
0.000000
0.200786
0.938879
0.513961
0.951887
0.794440
0.946703
0.089243
0.999708
0.836593
0.050010
0.000000
0.855509
0.765281
0.897547
0.905379
0.991607
0.844213
0.929586
0.877541
0.144865
0.222130
0.848426
0.314055
0.477138
0.000000
0.000000
0.299558
0.492081
0.140930
0.105722
0.893083
0.660387
0.944612
0.934730
0.000000
0.820251
0.777060
0.397332
0.978499
0.508596
0.956829
0.190856
0.543116
0.509125
0.982167
0.580825
0.000000
0.269552
0.756309
0.437383
0.039700
0.138367
0.949249
0.745307
0.976947
0.165705
0.944921
0.190345
0.000000
0.225551
0.738223
0.000000
0.831640
0.989874
0.800614
0.572735
0.365154
0.019613
0.899899
0.445346
0.953920
0.821288
0.547886
0.984253
0.789767
0.000733
0.658324
0.000000
0.996128
0.591428
0.709212
0.000000
0.911612
0.515901
0.612074
0.934882
0.996559
0.997981
0.294695
0.224915
0.811291
0.000000
0.981123
0.630612
0.840494
1.000000
0.610659
0.943791
1.000000
0.000290
0.266334
0.969695
1.000000
0.000000
0.816893
0.000000
0.351367
0.875416
0.553908
0.679580
0.170888
0.769350
0.982328
0.741987
0.843422
0.354632
0.683052
0.313013
0.000000
0.773609
0.799011
0.669698
0.000000
0.000000
0.695005
0.447481
0.388957
0.788774
0.388337
0.996657
0.656337
0.144260
0.996384
0.996656
0.999993
0.609090
0.652621
0.980083
0.998052
1.000000
1.000000
0.008256
0.020287
0.359634
0.684392
0.824233
0.743598
0.827060
0.986041
0.418548
0.648285
0.000000
0.112376
0.796336
0.513718
0.002308
0.703137
0.559056
0.998819
0.024103
0.465612
0.458436
0.986414
0.978604
0.581815
0.999878
0.000000
0.587429
0.033545
0.532584
0.020702
0.951219
0.990542
0.352357
0.547058
1.000000
0.208057
0.000000
0.232780
0.459421
0.000000
0.000000
0.999865
0.726797
0.998595
0.190011
0.006682
0.249334
0.738679
0.960657
0.908259
0.998212
0.261034
0.000000
1.000000
0.216996
1.000000
0.000000
0.000000
0.353354
0.487502
0.499874
0.996376
0.929545
0.403413
0.876051
0.088405
0.921283
0.878475
0.977812
0.793055
0.171786
0.613211
0.991033
0.482491
0.167777
0.772097
1.000000
0.974765
1.000000
0.998331
0.808867
0.961338
0.405038
0.625303
0.581512
1.000000
0.002192
0.999011
0.007191
0.490345
0.523068
0.433141
0.714298
0.000000
1.000000
1.000000
0.012777
0.000000
0.999993
0.002623
0.375234
0.996196
0.000000
0.969852
0.941577
0.000000
0.792866
0.983011
0.317315
0.965289
0.987035
0.711887
0.988461
0.585453
0.837843
0.588631
0.842024
0.355208
0.960709
0.000000
0.799281
0.938459
0.000000
0.759560
0.972876
1.000000
0.080875
0.233996
1.000000
0.909104
0.810527
0.384394
0.000000
0.953895
0.819010
0.919204
0.999762
0.538267
0.547325
0.534914
0.937572
0.220707
0.963407
1.000000
0.604455
0.000000
0.934593
0.467398
0.675599
1.000000
1.000000
0.638306
0.768623
0.633576
0.998358
0.868778
0.855976
0.388560
0.925060
0.790306
0.935761
0.499148
1.000000
0.999034
0.000000
0.421180
0.000000
0.247434
0.568427
0.919863
0.996878
0.929649
0.992218
0.000000
0.394974
0.620214
0.458163
0.516192
0.551211
0.285294
0.000000
0.035690
0.927586
0.817865
0.000000
0.176308
0.909732
0.000000
0.000000
0.930186
0.724417
0.000000
0.000000
0.991826
0.957730
0.432622
0.884813
0.997078
0.570930
0.603335
0.229779
0.993691
0.811592
0.544122
1.000000
0.980607
0.989181
0.973144
0.000000
0.999585
0.931030
0.698606
0.556510
0.428328
0.661554
0.000000
0.984385
0.927486
0.767644
0.957504
0.343379
0.844621
0.949029
0.809047
0.506641
0.958700
0.930222
0.000000
0.787405
0.554304
0.201887
0.000000
1.000000
0.544792
0.828618
0.159592
0.036935
0.644430
0.449499
0.416973
0.757488
0.786655
0.445818
0.516616
0.019008
0.001067
0.022078
0.098550
0.004089
0.894840
0.765729
0.916074
0.894561
0.928903
0.994759
0.999980
0.014077
0.141087
0.230227
0.205124
0.998297
0.244052
0.979150
0.392634
0.990522
0.997556
0.737381
0.945754
0.630294
0.045010
0.179728
0.827850
0.853873
0.941037
0.335247
0.768875
0.422366
0.637269
0.876120
0.606622
0.993144
0.000000
0.999450
0.819429
0.010006
0.807287
0.928697
0.000000
0.998401
0.999957
0.000000
0.951292
0.274922
0.097406
0.942079
0.985581
0.000000
0.999998
0.907155
0.000000
0.894629
0.973431
1.000000
0.000000
0.000000
0.258260
0.784188
0.000000
0.999993
0.897681
0.139039
0.924705
0.502978
0.916960
0.373620
0.080677
1.000000
0.995618
0.988700
0.544545
0.049718
0.996435
0.987914
0.376331
0.654510
0.521454
0.764364
0.732835
0.999990
0.386976
0.196080
0.081662
0.998542
0.757421
0.496520
0.435405
0.991721
0.972849
0.000000
0.573110
0.770527
0.761030
0.999704
0.568885
0.899177
0.998654
0.984219
0.968123
0.000000
0.849121
0.345938
1.000000
0.177919
0.000000
0.218353
0.697460
0.729828
0.766651
0.223015
0.640342
0.969855
0.319276
0.066873
0.845249
0.827540
0.940827
0.035569
0.510983
0.742518
0.378053
0.511540
0.963088
0.517983
0.418741
0.077001
0.990837
0.909542
0.049990
0.512157
0.000000
0.496180
0.008718
0.975607
0.000000
0.934287
0.445017
1.000000
0.998340
0.420620
0.142622
0.987392
0.000059
0.774232
0.941355
1.000000
0.981054
0.331446
0.412037
0.515718
0.128240
0.176623
0.074017
0.000000
0.988669
0.431595
0.998771
0.966637
0.000000
0.991635
0.987449
0.830441
0.960269
0.000000
0.000000
0.000000
0.992159
0.364425
1.000000
0.835851
0.338832
0.828472
0.000000
0.397087
0.603397
0.190503
0.000000
0.000000
0.959643
0.999730
0.934821
0.145239
0.422673
0.941728
0.999971
0.000000
0.000000
0.998485
0.000000
0.912598
0.710137
0.603414
0.996913
0.001190
0.582374
0.021093
1.000000
0.590106
0.999666
0.805644
0.025473
0.626734
0.202581
0.535046
0.688838
0.697289
0.758093
0.287068
0.998297
0.991677
0.797258
0.612425
0.498696
0.769607
0.208057
0.719869
0.440168
0.432307
0.527469
0.935203
0.650065
0.277150
0.952094
0.091259
0.991452
0.859331
0.994643
0.721001
0.821910
0.839656
0.882864
0.991415
0.000000
1.000000
0.150606
0.593696
0.223478
0.717409
0.001111
0.088127
0.995908
0.481887
0.973367
0.336251
0.009128
0.931699
0.339077
0.345560
0.955006
0.904327
0.747519
0.000000
0.537914
1.000000
0.275881
0.987244
0.291744
0.817781
0.000000
0.626306
0.002779
0.926588
0.297805
0.000000
0.999924
0.240841
0.999844
0.000000
0.000000
0.000000
0.956580
0.792755
0.016682
0.003727
0.000000
1.000000
0.443319
0.458849
0.938961
0.900197
0.417256
0.999451
0.632170
0.000000
0.714679
0.603458
0.470571
0.803991
0.344198
0.000000
1.000000
0.298736
0.000000
0.289698
0.999087
1.000000
0.346248
0.991290
0.852687
0.000000
1.000000
0.963364
0.880293
0.425297
0.901938
0.606471
0.198561
0.771541
1.000000
0.874730
0.892145
0.987676
0.000000
0.739082
0.975194
0.000000
1.000000
0.858520
0.000000
0.104971
0.546557
0.739190
1.000000
0.991760
0.000153
0.454265
0.520561
0.828834
0.334908
0.277150
0.755791
0.999806
0.000000
0.965860
0.663469
1.000000
0.905536
0.867166
0.291764
0.340662
0.000000
0.361028
0.998348
0.943426
0.000000
0.974335
0.798579
0.490407
0.872994
0.000000
0.977678
0.870060
0.248978
0.000000
0.683467
0.535636
0.324702
0.475066
0.000000
0.965601
0.000000
0.999275
0.566341
0.235719
0.001666
0.487281
0.692321
0.561730
0.285254
0.803404
0.755920
0.694556
0.427397
0.999591
0.649366
0.963186
0.444914
0.998297
0.049021
1.000000
1.000000
0.980751
0.980653
0.751375
0.384668
0.444336
0.998995
0.441697
0.999769
0.588931
0.963380
0.622599
0.581899
0.868710
0.000000
0.104970
0.399234
0.994823
0.881254
0.996939
0.000000
0.287131
0.447000
0.000000
0.943743
0.829956
0.000000
0.000000
0.980873
0.943120
0.227260
0.926538
0.034113
0.000000
0.878298
0.970536
0.999997
0.957860
0.928653
0.433419
0.201257
0.130513
0.000000
0.545482
0.005591
0.000000
0.934703
0.999992
0.809273
0.398718
0.383243
0.000000
0.008227
0.999988
0.975219
0.998496
0.219472
0.957155
0.865940
0.825685
0.801669
0.927426
0.206362
0.741477
0.000000
0.571651
0.809942
0.994287
0.996820
0.000000
0.379473
0.562137
0.959986
0.711090
0.996244
0.828077
0.991250
0.000000
0.949269
0.284421
0.000000
0.967540
0.823272
0.700739
0.598845
0.923497
0.383706
0.996502
0.986650
0.597183
0.885909
1.000000
0.967265
0.409480
0.944048
0.374259
0.000000
0.265090
0.993738
0.577737
0.670021
0.401074
0.579021
0.842187
0.000000
0.807169
0.000000
0.648481
0.743303
1.000000
0.857279
0.967368
0.614606
0.900149
0.901246
0.700883
0.000000
0.356642
0.504869
0.997663
0.970313
0.265996
0.000000
0.992858
0.356870
0.184989
0.467196
0.384856
0.000000
0.000000
0.259936
0.680212
0.557644
0.382129
0.895142
0.548478
0.930653
0.087150
0.675918
0.438338
0.711256
0.582553
1.000000
0.412350
0.085682
0.965014
0.687768
0.085534
0.971911
0.577126
0.252189
0.371491
0.398173
0.330075
0.651409
0.000000
0.000000
0.865994
0.944013
0.000000
0.335639
0.662134
0.000000
0.161121
0.393112
0.784175
0.322321
0.553695
0.847771
1.000000
0.144415
0.559713
0.493254
0.195605
0.968018
0.168469
0.218588
0.959603
0.929904
0.000000
1.000000
0.536918
0.000000
0.295148
0.000000
0.346179
0.000000
0.842185
0.997811
1.000000
0.647902
0.002229
0.635618
0.000000
0.850188
0.983496
1.000000
0.520183
0.722563
0.885765
0.476333
0.480461
0.978539
0.929622
0.260098
0.979679
0.846911
0.636749
0.000000
0.460893
0.378521
0.354250
0.000000
0.000000
0.998213
0.000000
0.999979
0.634080
0.883813
0.011904
0.338777
0.999985
0.992114
0.009650
0.905819
0.377683
0.381949
0.730837
0.262478
0.000000
0.325236
0.983394
0.999951
0.099194
0.276971
0.440581
0.999661
1.000000
0.459531
0.989660
0.579940
0.972016
0.173489
0.975567
0.435751
0.549146
0.532484
0.406988
0.000000
0.736969
0.822771
0.777274
0.978079
0.000000
0.000000
0.404253
1.000000
0.948266
0.043879
0.246457
0.576795
0.665215
0.000000
0.762774
0.073884
0.000000
0.401710
0.483010
0.000000
0.986536
0.772974
0.515346
0.670770
0.000000
0.640979
0.586777
0.261195
0.892974
0.986716
0.262907
0.998498
0.343595
1.000000
0.848442
0.343814
0.723574
0.000000
0.658407
0.995841
0.999986
0.986345
0.194846
0.496382
0.166963
0.759139
0.849548
0.786173
0.056621
0.951219
1.000000
0.540888
0.426497
0.984108
0.000000
0.914859
0.848629
0.816589
0.818241
0.000000
0.976631
0.699052
0.976196
0.000000
0.942370
0.904769
0.914262
0.976894
0.515007
0.954399
0.643804
0.434143
0.991672
0.680399
0.994850
1.000000
0.000000
0.947953
0.274118
0.590654
0.404163
0.769085
0.977989
0.367587
0.355835
0.902303
0.000000
0.849199
0.059081
1.000000
0.995612
0.775291
0.000000
0.985393
0.482597
0.928708
0.000000
1.000000
0.337805
0.261196
0.000000
0.983684
0.524221
0.029529
0.000000
0.000000
0.072945
0.952692
0.259613
0.904288
0.829081
0.690736
0.539561
0.228296
0.286969
0.249540
0.319528
1.000000
0.863279
0.000000
0.000000
0.549003
0.604455
0.999998
0.000000
0.053477
0.000000
0.448325
0.590800
0.132132
0.098194
0.000000
0.609524
0.672207
0.556270
0.918176
0.919545
0.308910
0.000000
1.000000
0.944597
0.308509
0.964725
0.000000
0.985813
0.160558
0.843137
0.000000
0.660516
0.508617
0.995108
0.457001
0.080260
0.706932
0.036299
0.700909
0.662012
0.028840
0.668914
1.000000
0.211540
0.119326
0.784704
0.000076
0.740712
0.089910
0.530174
0.000000
0.000000
0.968596
0.672368
0.617958
0.956306
0.795075
0.000000
0.800021
0.589087
1.000000
0.764245
0.000000
0.985543
0.718128
0.896401
0.349125
0.939367
0.580495
0.000000
0.579601
0.615257
0.001210
0.833420
0.000000
0.997322
0.279067
1.000000
0.000000
0.976133
0.913560
0.127925
0.659820
0.527797
0.000000
0.887313
0.770817
0.314254
0.000000
0.918073
0.627001
0.000000
0.989974
0.930036
0.858451
0.000000
0.574009
0.322233
0.000000
0.998563
0.983924
0.766404
0.000000
0.897177
0.736436
0.481090
0.788184
0.385865
0.000000
0.654938
0.375729
0.000000
0.256298
0.125265
0.965365
0.397720
0.995317
0.000000
0.999846
0.561395
0.556317
0.996548
1.000000
0.290321
0.000000
0.494292
0.940591
0.811881
0.999968
0.970497
0.000000
0.994602
0.000000
0.102668
0.611799
0.000000
0.000000
0.000000
0.206054
0.812216
0.000000
1.000000
0.236479
0.232011
0.276661
0.934771
0.882781
0.288021
0.864055
0.671928
0.691626
0.621222
1.000000
0.002958
0.932297
0.241645
0.571871
0.591459
0.498702
0.383077
0.317149
0.887923
0.276757
0.103270
0.000000
0.283448
0.000000
0.373120
0.802239
0.774046
0.587003
0.000000
0.276342
1.000000
0.318044
0.326385
0.438534
0.621192
0.421635
0.696380
1.000000
0.840328
0.522067
0.964916
0.378521
0.888615
0.923988
0.424548
0.965433
1.000000
0.925874
0.222029
0.232039
0.552710
0.768043
0.469840
0.338946
0.991370
0.781042
0.073460
0.000000
0.299274
1.000000
0.969615
0.979438
0.252439
0.519378
0.831825
0.999998
0.000000
0.874758
0.999694
1.000000
0.653647
0.767089
0.492238
0.000000
0.118724
0.807646
0.497173
0.797032
0.238750
0.999997
0.014341
0.354977
0.482344
0.571524
0.000000
0.984458
0.899672
0.999998
0.994997
0.450876
0.970727
0.423038
0.989936
0.240561
0.574031
0.755409
0.883893
0.319398
0.375789
0.642615
0.193192
0.324561
0.407822
0.080498
0.904682
0.174686
1.000000
1.000000
0.228900
0.148888
0.981426
0.778509
0.379054
0.437610
0.000000
0.945627
0.755487
0.447699
0.615496
0.840839
0.636806
0.955435
0.432078
0.000000
0.846860
0.595038
0.304350
0.687976
0.479871
0.764819
0.993870
0.192950
0.000000
0.618193
0.237247
0.408109
0.000000
0.760273
0.172009
0.883963
0.274039
0.000000
0.684843
0.498223
0.117753
0.999609
0.999852
0.000000
0.547251
0.000000
0.595732
0.479419
0.000000
0.415085
1.000000
0.999909
1.000000
0.964062
0.998560
0.740051
0.873223
0.677192
0.288232
0.721058
1.000000
0.997450
0.999689
0.452971
0.899106
0.993585
0.173959
0.000000
0.999769
0.283321
0.661240
0.803147
1.000000
0.994317
0.000000
0.497206
0.998701
0.966147
1.000000
0.270078
0.348419
0.565671
0.705204
0.000000
0.000000
0.000000
0.044760
0.689552
0.838996
0.365566
0.979332
0.886206
0.000000
0.000000
0.864241
0.396215
0.999591
0.772038
0.999990
0.990381
0.981426
0.755409
0.855976
0.425256
0.085236
0.123495
0.004776
0.386727
0.676424
0.561868
0.000000
0.928161
0.971404
0.000000
0.879374
0.724413
0.303620
0.993713
0.433245
0.556016
0.772849
1.000000
0.939829
0.993793
0.974491
1.000000
0.883712
0.705182
0.618743
0.537048
0.304004
0.327905
0.000000
0.931018
0.222696
0.000000
0.138588
0.979048
0.999856
1.000000
0.605542
0.000000
0.933484
0.995898
0.000000
0.000000
0.874919
0.000000
0.994627
0.748198
0.048854
0.846272
0.000000
0.312677
0.997022
0.591641
0.845666
0.221838
0.571147
0.697166
0.590682
0.333169
0.852006
0.966304
0.786917
0.730104
0.979720
0.872851
0.959480
0.833275
0.919865
0.655938
0.839737
0.857456
0.706314
1.000000
0.208057
0.553432
0.989586
0.000000
0.900862
0.523670
0.759198
0.931018
0.203203
0.531962
0.918838
0.731829
0.493962
0.470356
0.600968
0.637294
0.067350
0.805424
0.000000
0.508596
0.345357
0.935157
0.801305
0.169679
0.671526
0.000000
0.959083
0.363010
0.313037
0.637269
0.781040
0.000000
1.000000
0.999999
0.508815
0.970401
0.561735
0.266634
0.785539
0.185301
0.397669
0.606884
0.003962
0.000000
0.796946
0.000000
0.798047
0.252990
0.368108
0.000000
0.998748
0.956144
0.339080
0.885313
0.676302
0.877225
0.972890
0.065987
0.000000
0.920479
0.998099
0.742105
0.420718
0.499824
0.379994
1.000000
0.999925
0.000000
0.476673
0.975550
0.000000
0.205867
0.706068
0.268583
1.000000
0.198112
0.913464
0.244106
0.819445
0.000000
0.357687
0.713656
0.686014
1.000000
0.313388
0.996302
0.000000
1.000000
0.299252
0.307545
0.976915
0.259981
0.981054
0.904113
0.962365
0.455809
0.891771
0.885292
0.290017
0.995044
0.993221
0.595791
0.978988
0.498698
0.969863
0.000000
0.194211
0.999536
0.000000
1.000000
0.099473
0.860471
0.990163
0.693580
0.544701
0.798358
0.659413
0.981931
0.051016
0.685800
0.293583
0.471563
0.439378
0.000000
0.000000
0.618772
0.179699
0.000000
0.513779
0.942247
0.995932
0.841930
0.921677
0.554056
1.000000
0.934846
0.994817
0.815257
0.746193
0.860014
0.842441
0.000000
0.803213
0.000000
0.085461
0.996959
0.919935
0.991460
0.668727
0.954576
0.000000
0.175145
0.000000
0.790736
0.000000
0.489311
0.858717
0.683730
0.995811
0.711071
0.522326
0.731658
0.914180
0.856573
0.518434
0.631460
0.927499
0.000000
0.693485
0.915988
0.258808
0.974853
0.999112
1.000000
0.000000
0.000000
0.739977
0.519511
0.686375
0.292445
0.617150
0.962230
0.779149
0.663782
0.721791
0.001213
0.891984
0.000000
0.502358
0.931998
0.000000
0.716391
0.941859
0.562454
0.972890
0.356058
0.473847
0.409768
0.891277
0.693525
0.988339
0.466758
1.000000
0.008223
0.745287
0.996948
0.665973
0.988542
0.523519
0.037592
0.224915
0.918147
0.998867
0.933378
0.271376
0.668051
0.929973
0.000000
0.363320
0.813502
0.685524
0.005607
1.000000
0.768971
0.304557
0.516740
0.191905
0.557038
0.000000
0.636749
0.206854
0.543500
0.510115
0.157458
0.786538
0.999943
0.771260
0.816229
0.875661
0.541868
0.676307
0.136572
0.508883
0.395758
0.737445
0.917231
0.646276
0.999721
0.000000
0.274330
0.000000
0.000000
0.819813
0.000000
0.682064
0.312736
0.951158
0.302360
1.000000
0.960544
0.788836
0.946211
0.999629
0.699501
0.000000
0.441583
0.000000
0.647887
0.000000
0.987512
0.490728
0.528147
0.562931
0.000000
0.000000
1.000000
0.516135
0.929506
0.610373
0.823021
0.416567
0.994948
0.282489
0.439854
0.984032
0.466888
0.960994
0.491605
0.533633
0.999534
0.928543
0.310614
0.550830
0.000000
0.330359
0.649701
1.000000
0.000000
0.000000
0.984869
0.998222
0.027821
0.999980
0.765358
0.606308
0.000000
0.786100
0.770917
0.884227
0.001674
0.687876
0.802239
0.699421
1.000000
0.984763
0.128535
0.902726
0.912616
0.194589
0.646318
0.522182
0.772010
0.630109
0.697676
0.642165
0.263755
0.000000
0.574429
1.000000
0.336292
0.974701
0.221696
0.979527
0.987352
0.998073
1.000000
0.000000
0.907425
0.999999
0.205003
0.976384
0.698331
0.553141
0.806804
0.979485
0.000000
0.996009
0.170951
0.999938
0.360152
0.000000
0.701907
0.437291
0.893982
0.938211
0.000000
0.004402
0.986310
0.658068
0.815098
0.999999
0.687776
0.000000
0.745060
0.403338
0.997899
0.930329
0.017229
0.023095
0.069961
0.999998
1.000000
0.781042
0.195201
0.558333
0.253827
0.622000
0.999267
0.903304
1.000000
0.000000
0.373950
0.998540
0.000000
0.599318
0.453105
0.000000
0.653762
0.308981
0.574117
0.800898
0.853689
0.493313
0.260357
0.000000
0.000000
0.963154
0.815144
0.336779
0.960115
0.480166
0.550882
0.530296
0.000000
0.790256
0.390695
0.000000
0.933981
0.383267
0.700738
0.995424
0.813393
0.543180
0.000000
0.452398
1.000000
0.996354
0.791013
0.612103
0.642913
0.999721
0.323183
0.000000
0.590536
0.743280
0.491583
0.987076
0.874532
0.196611
0.568870
0.090204
0.787570
0.960871
0.395758
0.964410
0.879338
0.314887
0.957597
0.763940
0.552049
0.000000
0.999748
0.993450
0.982572
0.256945
0.990612
0.293912
0.906312
0.253827
0.228428
0.000000
0.000000
0.991709
0.875263
0.550250
0.882035
0.000000
0.614277
0.999223
0.979799
0.493349
0.319055
0.788502
0.994494
0.525796
0.000000
0.963648
0.454654
0.042842
0.670496
0.648644
0.349299
0.051816
0.000000
1.000000
0.000000
0.416599
0.871439
0.768741
0.000000
0.971128
0.823068
0.120804
0.151420
0.999862
0.956401
0.449817
0.729097
0.000000
0.762376
0.755911
0.545500
0.092678
0.000000
0.999677
0.371295
0.749288
0.362459
0.216716
0.691417
0.958956
0.885133
0.970069
0.334758
0.070080
0.463927
0.463579
1.000000
0.870256
0.121447
0.201747
0.998618
0.616606
1.000000
0.704025
0.611879
0.783783
0.470341
0.861125
0.673168
0.999909
0.151795
0.494841
0.732999
0.728406
0.822043
0.366233
0.852134
0.989069
0.904371
0.000000
0.000000
0.000000
0.092768
0.895065
0.000000
0.690518
0.918649
0.363459
0.832515
0.000000
0.417950
0.000000
0.488046
0.000044
0.277261
0.376144
0.915517
0.913223
0.948500
0.455437
0.472700
0.770737
0.752469
0.840839
0.666047
0.734876
0.909821
0.183216
0.995736
0.592987
0.999288
1.000000
0.964447
0.000000
0.996107
0.802770
0.003163
0.285294
0.000000
0.503809
0.196515
0.976777
0.176895
0.957367
0.570085
0.770083
0.784228
0.825645
0.691388
0.571973
0.774530
0.983932
0.620487
0.000000
0.937851
0.700918
0.454846
0.365829
0.871461
0.992505
0.000000
0.999999
0.847292
0.942997
0.810119
0.611134
0.967839
0.962711
0.983039
0.416599
0.142574
0.661729
0.109900
0.772523
0.954325
0.000000
0.415779
0.615496
0.091493
0.366997
0.358729
0.000000
0.415259
0.261641
0.406152
1.000000
0.421461
0.660700
0.991415
0.046650
0.984048
0.940091
0.820604
0.250808
0.962106
0.667621
0.629188
0.303848
0.977783
0.901938
0.665514
0.366431
0.711747
0.633816
0.739012
0.997882
0.310456
0.729986
0.684827
0.963364
0.998675
0.000030
0.688535
0.440529
0.264401
0.920471
0.085803
0.507696
0.995936
0.290685
0.460467
0.429584
0.686769
0.918292
