0.001248
0.007695
0.000000
0.000000
0.000000
0.000000
0.000000
0.000000
0.000000
0.000000
0.000000
0.000000
0.000000
0.390075
0.000000
0.000000
0.000000
0.904033
0.000000
0.000000
0.000000
0.000000
0.000000
0.000000
0.000000
0.000000
0.000000
0.193535
0.095943
0.000000
0.000000
0.000000
0.000000
0.000000
0.000000
0.000000
0.000000
0.000000
0.000000
0.117067
0.000000
0.000000
0.000000
0.000000
0.260751
0.000000
0.000000
0.091845
0.000000
0.000000
0.118966
0.026547
0.000000
0.000000
0.000000
0.000000
0.000000
0.000000
0.000000
0.000000
0.000000
0.000000
0.845336
0.000000
0.000000
0.000000
0.025209
0.752382
0.000000
0.000000
0.078642
0.000000
0.000000
0.038030
0.000000
0.000000
0.000000
0.000000
0.000000
0.000000
0.000000
0.000000
0.000000
0.000000
0.000000
0.000000
0.000000
0.000000
0.000000
0.000000
0.000000
0.000000
0.000000
0.000000
0.000000
0.160117
0.000000
0.000000
0.000000
0.000000
0.000000
0.000000
0.000000
0.000000
0.000000
0.000000
0.000000
0.029772
0.000000
0.000000
0.509614
0.000000
0.000000
0.000000
0.000000
0.017050
0.000000
0.000000
0.000000
0.017577
0.000000
0.000000
0.000000
0.000000
0.000000
0.913445
0.000111
0.000000
0.000000
0.000000
0.000000
0.000000
0.000000
0.000000
0.000000
0.000000
0.000941
0.209700
0.000000
0.000000
0.956603
0.539070
0.156358
0.000000
0.000000
0.000000
0.000000
0.000000
0.000000
0.000000
0.002539
0.000000
0.000000
0.116051
0.000000
0.000000
0.456157
0.000000
0.052312
0.000000
0.000000
0.256258
0.000000
0.000000
0.000000
0.000000
0.000000
0.000000
0.000000
0.000000
0.000000
0.000000
0.000000
0.000000
0.000000
0.000000
0.000000
0.000000
0.044894
0.000000
0.000000
0.000000
0.000000
0.000000
0.000000
0.000000
0.000411
0.000000
0.000000
0.000000
0.000000
0.127175
0.000000
0.000000
0.202112
0.135195
0.000000
0.000000
0.000000
0.000000
0.000000
0.066661
0.000000
0.000000
0.000000
0.000000
0.000000
0.000766
0.004312
1.000000
0.000000
0.033265
0.055444
0.000000
0.000000
0.467198
0.000000
0.000000
0.000000
0.000000
0.000000
0.000000
0.000000
0.997835
0.000000
0.585905
0.837146
0.819013
0.000000
0.000000
0.000000
0.000000
0.028398
0.000000
0.016299
1.000000
0.000000
0.000000
0.000000
0.687226
0.021685
0.000000
0.000000
0.000000
0.000000
0.000000
0.000000
0.000000
0.996079
0.000000
0.082644
0.000000
0.000000
0.000000
0.000000
0.000000
0.598622
0.000000
0.000000
0.557097
0.000000
0.000000
0.000000
0.000000
0.047944
0.000000
0.199625
0.000000
0.011677
0.000000
0.000000
0.000000
0.000000
0.000000
0.000000
0.159412
0.000000
0.000000
0.000000
0.000000
0.000000
0.496512
0.000000
0.000000
0.065872
0.016647
0.000000
0.000000
0.000000
0.000000
0.000000
0.013157
0.000000
0.000000
0.000000
1.000000
0.000000
0.000000
0.000000
0.000000
0.000000
0.000000
0.000000
0.000000
0.000000
0.000000
0.000000
0.000000
0.000000
0.000000
0.000000
0.000000
0.000000
0.000000
0.000000
0.000000
0.000000
0.000000
0.000000
0.000050
0.000000
0.000000
0.000000
0.000000
0.000000
0.000000
0.016710
0.000000
0.000000
0.000000
0.000000
0.000000
0.000000
0.000655
0.000000
0.000000
0.000000
0.000000
0.000000
0.000000
0.000000
0.000000
0.000000
0.000000
0.000000
0.044185
0.000000
0.086308
0.000000
0.000000
0.000000
0.000000
0.000000
0.000000
0.005366
0.000000
0.029317
0.000000
0.000000
0.000000
0.000000
0.000000
0.000000
0.000000
0.000000
0.000000
0.000000
0.121439
0.000000
0.000000
0.000000
0.000000
0.000000
0.000000
0.000000
0.000000
0.000000
0.000000
0.000000
0.050872
0.000000
0.000000
0.000000
0.000000
0.000000
0.000000
0.000000
0.133352
0.000000
0.000000
0.000000
0.000000
0.000000
0.000000
0.000000
0.000000
0.000000
0.000000
0.000000
0.000000
0.000000
0.182468
0.000000
0.000000
0.000000
0.000000
0.000000
0.000000
0.000000
0.000000
0.000000
0.000000
0.000000
0.000000
0.174358
0.000000
0.000000
0.000000
1.000000
0.000000
0.000000
0.000000
0.011703
0.000000
0.000000
0.000000
0.000000
0.656577
0.000000
0.000000
0.000000
0.000000
0.000000
0.014571
0.000000
0.053414
0.000000
0.824588
0.000000
0.995948
0.000000
0.000000
0.267272
0.000131
0.000000
0.000000
0.000000
0.999933
0.000000
0.000000
0.000000
0.000000
0.000000
0.000000
0.000000
0.000000
0.000000
0.000302
0.446747
0.000000
0.000000
0.000000
0.318237
0.000000
0.000000
0.000000
0.000000
0.007622
0.009157
0.000000
0.000000
0.000000
0.000000
0.000000
0.000000
0.000000
0.000000
0.000000
0.000000
0.000000
0.000000
0.000000
0.000554
0.000000
0.000000
0.000000
0.000000
0.000000
0.000000
0.000000
0.000000
0.000000
0.000000
0.407745
0.000000
0.000000
0.000000
0.000000
0.000000
0.638879
0.000000
0.000000
0.000000
0.001055
0.000000
0.803004
0.000000
0.000000
0.000039
0.000000
0.000000
0.000000
0.000000
0.000000
0.489865
0.000000
0.056422
0.012813
0.000000
0.000000
0.000000
0.000000
0.000000
0.039411
0.000000
0.000000
0.000000
0.000000
0.000000
0.000000
0.094900
0.000000
0.000000
0.000000
0.098409
0.000000
0.000000
0.000000
0.180499
0.000000
0.000000
0.000000
0.000000
0.000000
0.014157
0.000000
0.000000
0.000000
0.000000
0.000000
0.785686
0.000000
0.000000
0.000000
0.000000
0.058863
0.000000
0.000000
0.000000
0.000000
0.939141
0.000000
0.000000
0.000000
0.000000
0.935968
0.000000
0.000000
0.000000
0.000000
0.000000
0.000000
0.000000
0.000000
0.000000
0.000000
0.000000
0.000000
0.734578
0.000000
0.000000
0.000000
0.000000
0.000000
0.000000
0.000000
0.000000
1.000000
0.000000
0.000000
0.127527
0.000000
0.000000
0.000003
0.000000
0.000000
0.000000
0.000000
0.000000
0.000000
0.875163
0.533427
0.232984
0.000008
0.000000
0.000000
0.000000
0.025716
0.000000
0.000000
0.000000
0.093170
0.000000
0.351580
0.000000
0.000000
0.000000
0.000000
0.000000
0.087283
0.000000
0.000000
0.000000
0.000000
0.000000
0.000000
0.000000
0.000000
0.000000
0.000000
0.000000
0.000000
0.000000
0.000000
0.361989
0.000000
0.200504
0.000000
0.000000
0.000000
0.005973
0.000000
0.074098
0.000000
0.000000
0.000000
0.000000
0.000000
0.000000
0.438320
0.326988
0.953975
0.000000
0.000000
0.000000
0.000000
0.114656
0.000000
0.000000
0.000000
0.000000
0.000000
0.000000
0.000000
0.000000
0.000000
0.522033
0.000000
0.000000
0.000000
0.000000
0.000000
0.000000
0.028183
0.000000
0.000000
0.000000
0.000000
0.000000
0.010847
0.000000
0.000000
0.000000
0.000000
0.000000
0.000000
0.006037
0.000000
0.000000
0.023101
0.153402
0.000000
0.000000
0.000000
0.000000
0.000000
0.132913
0.000000
0.000000
0.000000
0.000000
0.000000
0.000000
0.000000
0.000000
0.000000
0.000000
0.000000
0.000000
0.000000
0.000000
0.000000
0.000000
0.000000
0.000000
0.089725
0.044937
0.000000
0.300303
0.000000
0.000000
0.000000
0.184896
0.412992
0.000000
0.000000
0.000000
0.000000
0.201972
0.000000
0.000000
0.000000
0.009861
0.000000
0.000000
0.000000
0.000000
0.000000
0.000000
0.000000
0.000000
0.056943
0.052331
0.290115
0.099173
0.000000
0.000000
0.000000
0.000000
0.000000
0.000639
0.002951
0.000000
0.000000
0.000000
0.189539
0.000000
0.001725
0.000000
0.000000
0.001011
0.000000
0.004414
0.222403
0.121726
0.000000
0.000000
0.000000
0.000000
0.000000
0.000000
0.000000
0.000000
0.000137
0.000000
0.000000
0.520957
0.000000
0.000000
0.000000
0.100732
0.000000
0.000000
0.000000
0.000000
0.000000
0.396150
0.000000
0.024631
0.000000
0.000000
0.000000
0.000000
0.000000
0.000000
0.000000
0.000000
0.000000
0.000100
0.000000
0.000000
0.000000
0.264641
0.000000
0.000000
0.011786
0.000000
0.000000
0.000000
0.000000
0.000000
0.000000
0.000000
0.000000
0.000000
0.000000
0.432881
0.000000
0.000000
0.018006
0.000000
0.000000
0.000000
0.099323
0.000000
0.000000
0.000000
0.000000
0.000000
0.000000
0.000000
0.199841
0.000000
0.000000
0.000000
0.000000
0.122775
0.000000
0.000000
0.000000
0.000000
0.000000
0.000000
0.000000
0.000000
0.000000
0.000000
0.007053
0.000000
0.000000
0.000000
0.000000
0.000000
0.000000
0.000000
0.000000
0.000000
0.000000
0.000000
0.002076
0.000000
0.000000
0.000000
0.000000
0.000000
0.000000
0.000000
0.000000
0.000000
0.000000
0.000000
0.046142
0.000000
0.000000
0.000000
0.000000
0.000000
0.000000
0.000000
0.000000
0.000000
0.000000
0.121714
0.000000
0.000000
0.000000
0.000000
0.071266
0.000000
0.293366
0.000000
0.000000
0.000000
0.000000
0.000000
0.000000
0.000000
0.000000
0.000000
0.000000
0.000000
0.012804
0.000055
0.000000
0.000000
0.000000
0.000000
0.000000
0.000000
0.000000
0.000000
0.000000
0.000000
0.000000
0.000000
0.000000
0.000000
0.000000
0.000000
0.000000
0.137934
0.000000
0.000000
0.000000
0.000000
0.000000
0.000000
0.975078
0.000000
0.010308
0.000000
0.000000
0.000000
0.000000
0.000000
0.000000
0.000000
0.000000
0.000000
0.000000
0.520405
0.000000
0.000000
0.000000
0.000000
0.009983
0.000000
0.000000
0.000000
0.000000
0.043546
0.005663
0.000000
0.000000
0.000000
0.000000
0.000000
0.000000
0.691662
0.000000
0.000000
0.000000
0.000000
0.193164
0.000000
0.000000
0.000000
0.000000
0.000005
0.000000
0.598489
0.000000
0.000000
0.000000
0.000000
0.000000
0.000000
0.410053
0.000000
0.150025
0.000000
0.000000
0.000000
0.000000
0.000000
0.626447
0.000000
0.000045
0.000290
0.008843
0.000000
0.000000
0.000000
0.000000
0.000000
0.000000
0.000000
0.000000
0.000000
0.000000
0.026400
0.000000
0.000000
0.000000
0.000000
0.000000
0.019078
0.000000
0.000000
0.021514
0.000000
0.495468
0.166011
0.000000
0.000000
0.000000
0.004466
0.000000
0.000000
0.000000
0.000000
0.000000
0.147886
0.000000
0.000263
0.000000
0.000000
0.000000
0.000000
0.000000
0.000000
0.000000
0.000000
0.000000
0.000000
0.000000
0.013978
0.000000
0.000000
0.060564
0.000000
0.000000
0.000000
0.000000
0.000000
0.000000
0.000000
0.000000
0.001413
0.000000
0.000000
0.000001
0.000000
0.005814
0.000000
0.000000
0.000000
0.000000
0.000000
0.000000
0.000000
0.000000
0.000000
0.000000
0.000000
0.000000
0.000000
0.000000
0.060665
0.000000
0.000000
0.000000
0.000000
0.000000
0.000000
0.703868
0.000000
0.000000
0.000000
0.000000
0.000000
0.000000
0.000000
0.493337
0.046311
0.000000
0.000000
0.000000
0.000000
0.000000
0.000000
0.000000
0.000000
0.000000
0.729785
0.000000
0.000000
0.000000
0.000000
0.000000
0.000000
0.000000
0.000000
0.000000
0.000000
0.000000
0.000000
0.000000
0.000000
0.000000
0.000000
0.000000
0.000000
0.000000
0.000000
0.000000
0.000000
0.000000
0.000000
0.000000
0.000000
0.000000
0.000000
0.000000
0.000000
0.000000
0.000000
0.000000
0.000000
0.000000
0.000000
0.000000
0.612147
0.000000
0.000000
0.305688
0.002587
0.000000
0.021522
0.000000
0.000000
0.000000
0.122428
0.000000
0.000000
0.000000
0.000000
0.000000
0.000000
0.000079
0.000000
0.000000
0.000000
0.000000
0.853214
0.000000
0.000000
0.630663
0.000000
0.000000
0.247749
0.000000
0.221656
0.000000
0.000000
0.000000
0.856378
0.000000
0.021551
0.000000
0.000000
0.000000
0.000000
0.000000
0.000000
0.000000
0.000000
0.072744
0.172750
0.000000
0.000000
0.000000
0.000000
0.000000
0.000000
0.000000
0.000000
0.447130
0.000000
0.000000
0.000000
0.000000
0.137770
0.000000
0.000000
0.000000
0.000000
0.000000
0.000000
0.105797
0.000000
0.000000
0.000000
0.000000
0.068169
0.000000
0.000000
0.000000
0.000000
0.000000
0.000000
0.000000
0.000000
0.000000
0.000000
0.000000
0.000000
0.000000
0.000000
0.000000
0.000000
0.000000
0.000000
0.000000
0.000000
0.000000
0.000000
0.000000
0.000000
0.000000
0.000000
0.000000
0.012599
0.000000
0.000000
0.042083
0.341417
0.000000
0.000000
0.000000
0.009753
0.000000
0.171025
0.000000
0.000000
0.000000
0.000000
0.054236
0.000000
0.439349
0.000000
0.000000
0.000000
0.000000
0.000000
0.000000
0.079301
0.000000
0.000000
0.259165
0.060953
0.000000
0.000000
0.000000
0.000000
0.000000
0.000000
0.000000
0.000000
0.000000
0.000000
0.000000
0.000000
0.980740
0.078257
0.000000
0.000000
0.000000
0.000000
0.000000
0.000000
0.010866
0.000000
0.317503
0.000000
0.000000
0.000000
0.000000
0.000000
0.000000
0.000000
0.208609
0.000000
0.000000
0.000000
0.000000
0.000000
0.000033
0.000000
0.000000
0.000000
0.000000
0.000000
0.000000
0.000000
0.000000
0.000000
0.000000
0.000000
0.575888
0.000000
0.000000
0.000000
0.913996
0.000000
0.000000
0.000000
0.003190
0.000000
0.146294
0.000000
0.000000
0.000000
0.672582
0.318638
0.655653
0.000000
0.000000
0.000251
0.000000
0.000000
0.000000
0.000000
0.000000
0.000000
0.000000
0.000000
0.000000
0.000000
0.202481
0.264356
0.000002
0.000000
0.000000
0.000000
0.000000
0.028047
0.000000
0.000000
0.000000
0.000000
0.049287
0.000000
0.000000
0.000000
0.000000
0.000000
0.000000
0.000000
0.000000
0.000000
1.000000
0.000000
0.003800
0.000000
0.000000
0.000000
0.000000
0.000000
0.000000
0.000000
0.000000
0.000000
0.000000
0.000000
0.000000
0.270065
0.000000
0.000000
0.002921
0.000000
0.000000
0.000000
0.000000
0.000000
0.000000
0.000000
0.000007
0.000000
0.000000
0.000000
0.000000
0.001750
0.000000
0.000000
0.000000
0.000000
0.000000
0.000000
0.000000
0.000000
0.000000
0.000000
0.595876
0.000000
0.000000
0.149273
0.000000
0.000000
0.000000
0.564830
0.000000
0.000000
0.000000
0.000000
0.000000
0.000000
0.000000
0.000000
0.000000
0.480743
0.000000
0.412966
0.000000
0.000000
0.000000
0.000004
0.000000
0.000000
0.000000
0.000000
0.999105
0.000000
0.560678
0.000000
0.190561
0.000000
0.087874
0.000000
0.000000
0.000000
0.000000
0.000000
0.000000
0.264616
0.000000
0.000000
0.000000
0.000000
0.000000
0.004326
0.000000
0.202140
0.000000
0.000000
0.928988
0.000000
0.000000
0.000000
0.000000
0.000000
0.000000
0.000000
0.000000
0.252170
0.000000
0.000000
0.000000
0.000000
0.000000
0.259183
0.000000
0.000000
0.000000
0.000000
0.000000
0.000000
0.000000
0.000000
0.000000
0.000000
0.000000
0.000000
0.061227
0.000000
0.520392
0.000000
0.000000
0.000000
0.000000
0.000000
0.000000
0.000000
0.000000
0.000000
0.000000
0.991422
0.000000
0.000000
0.000000
0.000000
0.000000
0.000000
0.000000
0.000000
0.000000
0.000000
0.000000
0.945063
0.000000
0.000000
0.505609
0.000000
0.000000
0.000000
0.000000
0.000000
0.000000
0.000000
0.000000
0.000000
0.000000
0.000000
0.000000
0.000000
0.000000
0.000000
0.000000
0.632412
0.000000
0.000000
0.000000
0.000000
1.000000
0.000000
0.000000
0.000000
0.000000
0.000000
0.000000
0.000000
0.230142
0.000000
0.000000
0.000000
0.100875
0.000000
0.000000
0.000000
0.000000
0.000000
0.000000
0.000000
0.000000
0.000000
0.000000
0.000000
0.016097
0.071086
0.000000
0.000000
0.770839
0.000110
0.000000
0.000000
0.998126
0.000000
0.000000
0.000000
0.000000
0.015119
0.000000
0.000000
0.000000
0.000000
0.000000
0.000000
0.000000
0.000029
0.000000
0.000000
0.000000
0.000000
0.000000
0.000000
0.000000
0.000000
0.000000
0.000000
0.000000
0.000000
0.000000
0.000000
0.000000
0.000000
0.000507
0.000000
0.000000
0.010536
0.024686
0.000000
0.000000
0.000000
0.000000
0.000000
0.000000
0.000000
0.000000
0.000000
0.000000
0.002956
0.637375
0.000000
0.000000
0.000000
0.201605
0.000000
0.002449
0.000000
0.037306
0.888905
0.000000
0.000000
0.000000
0.000000
0.000000
0.000000
0.000000
0.000000
0.000000
0.000000
0.059326
0.000000
0.000000
0.000000
0.000000
0.151305
0.000000
0.778995
0.000000
0.142420
0.000906
0.000000
0.000000
0.000000
0.000000
0.071604
0.888148
0.000000
0.000000
0.000000
0.000000
0.000000
0.000000
0.000000
0.000000
0.000000
0.000000
0.126008
0.000000
0.000000
0.000000
0.660116
0.000000
0.000000
0.000000
0.000000
0.000000
0.000000
0.000000
0.000000
0.000000
0.000000
0.000000
0.000000
0.000000
0.000000
0.000000
0.000000
0.000000
0.000000
0.090982
0.000009
0.000000
1.000000
0.000000
0.000000
0.011892
0.000000
0.000000
0.160021
0.183683
0.000000
0.000000
0.000824
0.000000
0.000000
0.000000
0.000000
1.000000
0.000000
0.000000
0.000000
0.000000
0.000000
0.000000
0.000000
0.000000
0.000000
0.000000
0.298368
0.000000
0.000000
0.026014
0.000000
0.000000
0.226296
0.000000
1.000000
0.000000
0.000000
0.142029
0.000000
0.000000
0.454599
0.000000
0.000000
0.000000
0.000000
0.000000
0.012021
0.000000
0.000000
0.237922
0.000000
0.000000
0.000000
0.000000
0.000000
0.000000
0.098814
0.000000
0.000000
0.000000
0.000000
0.000000
0.000000
0.000000
0.000000
0.072043
0.000000
0.000000
0.000000
0.000000
0.000000
0.000000
0.999239
0.000000
0.000000
0.000000
0.761936
0.000000
0.059708
0.148524
0.000000
0.000000
0.000000
0.000000
0.000000
0.000000
0.000000
0.000000
0.000000
0.175332
0.000000
0.000000
0.000000
0.000000
0.000000
0.000000
0.000000
0.000000
0.000001
0.000000
0.363188
0.000000
0.000000
0.000000
0.232695
0.000000
0.000000
0.000000
0.000000
0.000000
0.000000
0.000000
0.000000
0.000000
0.000000
0.000000
0.095275
0.000000
0.000000
0.031235
0.000000
0.000000
0.556213
0.004580
0.000000
0.000000
0.000000
0.000000
0.000000
0.135145
0.000000
0.000000
0.000000
0.000000
0.000000
0.000000
0.000000
0.000000
0.000000
0.309844
0.000000
0.851217
0.000000
0.000000
0.000000
0.000000
0.519379
0.000000
0.000000
0.000000
0.000000
0.000000
0.000000
0.000000
0.209402
0.000000
0.000000
0.000000
0.000000
0.000000
0.000000
0.000000
0.000000
0.000000
0.000000
0.000000
0.006285
0.000000
0.000000
0.000000
0.000000
0.070090
0.000000
0.000000
0.000000
0.000000
0.000000
0.000000
0.000000
0.000000
0.000000
0.000000
0.000000
0.030331
0.098075
0.000000
0.000000
1.000000
0.000000
0.000000
0.000000
0.000000
0.306674
0.000000
0.000000
0.000000
0.000000
0.000000
0.000000
0.000000
0.000000
0.000000
0.000005
0.000000
0.216685
0.000910
0.000000
0.038254
0.203964
0.138937
0.000000
0.000000
0.000000
0.000000
0.000000
0.000000
0.000000
0.000000
0.000000
0.000000
0.014971
0.000000
0.000000
0.000000
0.000000
0.000000
0.000000
0.000000
0.250886
0.000000
0.000000
0.000000
0.000000
0.000000
0.000000
0.150534
0.000000
0.000000
0.000000
0.000000
0.000000
0.000000
0.000000
0.088288
0.000000
0.000000
0.000000
0.000000
0.000000
0.000944
0.000000
0.000000
0.000000
0.000000
0.000000
0.000000
0.000000
0.163607
0.000000
0.000000
0.000000
0.000000
0.000000
0.000000
0.000000
0.000000
0.000000
0.096458
0.000000
0.000000
0.000000
0.168950
0.000000
0.000000
0.000000
0.000000
0.000000
0.000000
0.000000
0.000000
0.047889
0.000000
0.000000
0.112351
0.000000
0.000000
0.000000
0.000000
0.000000
0.000000
0.000000
0.000000
0.000000
0.438148
0.000000
0.000000
0.000000
0.000000
0.000000
0.000000
0.000000
0.000000
0.000000
0.000000
0.000000
0.000000
0.000000
0.000000
0.000000
0.000000
0.000000
0.003197
0.054463
0.000000
0.000000
0.000000
0.000000
0.000000
0.000000
0.000000
0.000000
0.000000
0.225949
0.000000
0.000000
0.006619
0.000000
0.000000
0.000000
0.518321
0.000000
0.246269
0.000000
0.046054
0.155619
0.000000
0.000000
0.000000
0.000000
0.001094
0.000000
0.000000
0.000000
0.000000
0.000000
0.000000
0.000000
0.000000
0.000000
0.000000
0.000000
0.000000
0.731245
0.000000
0.001033
0.000000
0.000000
0.192502
0.000000
0.000000
0.000000
0.758484
0.000000
0.000000
0.007202
0.000000
0.000000
0.000000
0.000000
0.000000
0.175195
0.000000
0.000000
0.000000
0.000000
1.000000
0.916770
0.000000
0.000000
0.000000
0.000000
0.000000
0.000000
0.000000
0.000000
0.000000
0.006192
0.000000
0.000000
0.000000
0.000000
0.000000
0.000000
0.000000
0.000000
0.000000
0.000000
0.000000
0.000000
0.000000
0.000000
0.063962
0.190567
0.000000
0.000000
0.000000
0.000000
0.000000
0.000000
0.000000
0.000000
0.006268
0.006716
0.000000
0.000000
0.000000
0.000000
0.000000
0.000000
0.000000
0.000000
0.000000
0.000000
0.004083
0.000000
0.000000
0.066537
0.000000
0.000000
0.000000
0.919579
0.000000
0.000000
0.000000
0.000000
0.000000
0.000000
0.000000
0.000000
0.000000
0.571596
0.000000
0.000000
0.000000
0.000000
0.000000
0.000000
0.069768
0.000000
0.000000
0.000000
0.000000
0.000000
0.000000
0.000000
0.002356
0.000000
0.000000
0.000000
0.160303
0.000000
0.000000
0.102274
0.000000
0.000000
0.000000
0.000000
0.000000
0.000036
0.000000
0.000000
0.000000
0.000000
0.284068
0.000000
0.000000
0.000000
0.000000
0.000000
0.000000
0.000000
0.000000
0.000000
0.000000
0.000000
0.000000
0.000000
0.000000
0.000000
0.000000
0.000000
0.000000
0.000000
0.000000
0.000000
0.018784
0.000000
0.000000
0.181823
0.000000
0.000000
0.000000
0.009925
0.000000
0.000000
0.000000
0.000000
0.000000
0.000000
0.000000
0.000000
0.000000
0.000000
0.000000
0.442169
0.000000
0.000000
0.000000
0.000000
0.000000
0.000000
0.000000
0.000000
0.044282
0.000000
0.000000
0.000000
0.000000
0.000000
0.000000
0.000000
0.000000
0.000000
0.000000
0.000000
0.000000
0.000000
0.000000
0.000000
0.000000
0.000000
0.000000
0.221571
0.000000
0.000000
0.000000
0.000000
0.000000
0.000158
0.000000
0.000000
0.000000
0.000003
0.000000
0.000000
0.000000
0.191252
0.000000
0.000000
0.000000
0.000000
0.000000
0.000000
0.717658
0.000000
0.101686
0.000000
0.000000
0.000000
0.000000
0.000000
0.000000
0.000000
0.000000
0.000000
0.000000
0.000000
0.785334
0.000000
0.435558
0.000000
0.000000
0.000000
0.000000
0.000000
0.172896
0.000000
0.402115
0.401964
0.000000
0.000000
0.000000
0.000000
0.257331
0.000000
1.000000
0.000000
0.000000
0.827104
0.000000
0.933398
0.000000
0.000000
0.000000
0.002290
0.000000
0.000000
0.020477
0.886033
0.031033
0.000000
0.032216
0.000000
0.000000
0.000000
0.000000
0.000000
0.297536
0.000000
0.000000
0.000000
0.304704
0.000000
0.000000
0.000000
0.000000
0.000000
0.000000
0.000000
0.000000
0.000000
0.000000
0.000000
0.000000
0.000000
0.000000
0.000000
0.000007
0.000000
0.000000
0.000000
0.000000
0.994187
0.000314
0.000000
0.016939
0.008661
0.000000
0.000000
0.324384
0.225006
0.000000
0.000000
0.000000
0.000000
0.000000
0.000000
0.000000
0.000000
0.000011
0.000000
0.000000
0.000000
0.000000
0.000000
0.000000
0.000000
0.000000
0.000000
0.000000
0.000000
0.000000
0.000000
0.000000
0.000000
0.007027
0.000000
0.032452
0.000000
0.317905
0.000000
0.172692
0.000000
0.000000
0.087448
0.000000
0.000000
0.000000
0.000000
0.000000
0.000000
0.000000
0.000000
0.000000
0.000000
0.513488
0.000000
0.000000
0.000000
0.000000
0.000000
0.000000
0.996259
0.000000
0.000000
0.000000
0.360186
0.000000
0.001175
0.007874
0.000000
0.998877
0.365601
0.819541
0.000000
0.000000
0.000000
0.000000
0.000000
0.000000
0.000000
0.000000
0.000000
0.000000
0.000000
0.000000
0.974082
0.118382
0.000000
0.000000
0.000000
0.000000
0.000000
0.000000
0.000000
0.000000
0.000000
0.003642
0.000000
0.010004
0.000000
0.012442
0.000000
0.000000
0.000000
0.368087
0.000000
0.000000
0.000000
0.000000
0.000000
0.000000
0.000000
0.000000
0.000000
0.000000
0.000000
0.000000
0.687115
0.816097
0.000000
0.000000
0.000000
0.000000
0.000000
0.000000
0.000000
0.000000
0.000000
0.000000
0.000000
0.000000
0.000000
0.000000
0.000000
0.000000
0.000000
0.000000
0.245986
0.176278
0.000000
0.000000
0.000000
0.000000
0.000000
0.514555
0.598820
0.016107
0.000000
0.000000
0.000000
0.000000
0.000000
0.043099
0.000000
0.000000
0.000000
0.027566
0.955854
0.228793
0.000000
0.139156
0.000000
0.000000
0.000000
0.000000
0.000000
0.000000
0.000000
0.000000
0.000000
0.000000
0.000000
0.000000
0.000000
0.000000
0.000000
0.000000
0.000000
0.000000
0.000000
0.000000
0.000000
0.000000
0.000000
0.000000
0.000000
0.000000
0.000000
0.169178
0.000000
0.000000
0.000000
0.000000
0.006278
0.000000
0.000000
0.000000
0.000000
0.000000
0.000000
0.000000
0.000000
0.066529
0.299834
0.000000
0.000000
1.000000
0.000000
0.000000
0.000000
0.003248
0.000000
0.000000
0.000000
0.000000
0.000000
0.148848
0.000000
0.000000
0.000000
0.000000
0.000000
0.000000
0.000000
0.000000
0.000000
0.000000
0.000000
0.000000
0.000000
0.000000
0.000000
0.000000
0.000000
0.000000
0.000000
0.000000
0.000000
0.000000
0.000000
0.091775
0.000000
0.000000
0.000000
0.000000
0.000000
0.000000
0.000000
0.000000
0.000000
0.056534
0.000000
0.000000
0.000000
0.000000
0.000000
0.000000
0.000938
0.000000
0.000000
0.000000
0.000000
0.000000
0.154440
0.000000
0.000000
0.375812
0.000000
0.156786
0.000000
0.000000
0.237515
0.000745
0.000000
0.000000
0.000000
0.000000
0.000000
0.000000
0.000000
0.000000
0.042945
0.000000
0.000000
0.000000
0.435065
0.000000
0.000000
0.000000
0.001671
0.000000
0.000000
0.000000
0.000000
0.081051
0.000000
0.000000
0.082536
0.000000
0.570047
0.000000
0.000000
0.000000
0.000000
0.000000
0.000000
0.000000
0.000000
0.000000
0.000000
0.000000
0.000000
0.000000
0.000000
0.000000
0.000000
0.000000
0.000000
0.000000
0.000000
0.000000
0.918647
0.999604
0.000000
0.000000
0.000000
0.000000
0.000000
0.000000
0.000000
0.000000
0.000000
0.000000
0.000000
0.000000
0.036731
0.000000
0.000000
0.000000
0.000000
0.000162
0.000000
0.000000
0.000000
0.000000
0.004420
0.000000
0.000000
0.000000
0.000000
0.015083
0.000000
0.120690
0.000000
0.000000
0.000000
0.101749
0.000000
0.000000
0.014904
0.000000
0.000000
0.000000
0.000000
0.000000
0.000000
0.000000
0.000000
0.000000
0.000000
0.000000
0.000000
0.000000
0.000000
0.172516
0.000000
0.000000
0.000000
0.000000
0.000000
0.853580
0.000000
0.000000
0.098488
0.000000
0.000000
0.000000
0.997190
0.690785
0.000000
0.000000
0.000000
0.000000
0.280821
0.000000
0.000000
0.000000
0.000000
0.000000
0.000000
0.396862
0.000000
0.000000
0.000000
0.000000
0.000000
0.000000
0.005439
0.000000
0.000000
0.000000
0.000000
0.000000
0.000000
0.000000
0.000000
0.000000
0.000000
0.000000
0.732294
0.000000
0.000000
0.004834
0.267688
0.000000
0.000000
0.000000
0.824483
0.000000
0.000000
0.000000
0.000000
0.000000
0.000000
0.000000
0.000000
0.000000
0.000000
0.008729
0.000000
0.000000
0.000000
0.000000
0.000000
0.000000
0.000000
0.000000
0.999737
0.000064
0.000000
0.000000
0.035056
0.000000
0.000000
0.000000
0.000000
0.000000
0.233575
0.000000
0.000000
0.000000
0.000000
0.000000
0.000000
0.000000
0.000000
0.000000
0.000000
0.000000
0.000000
0.000000
0.000000
0.000000
0.000000
0.212012
0.000000
0.000000
0.000000
0.000000
0.000000
0.000000
0.000000
0.000000
0.000000
0.000000
0.000000
0.000000
0.000000
0.000000
0.000000
0.000000
0.000000
0.000000
0.000000
0.000000
0.000000
0.000000
0.000836
0.000000
0.000000
0.000000
0.000000
0.000000
0.000000
0.000000
0.313453
0.000000
0.000000
0.000000
0.079298
0.000000
0.000000
0.000000
0.000000
0.011424
0.000000
0.000000
0.290769
0.103777
0.110362
0.000000
0.159696
0.000000
0.000000
0.000000
0.000000
0.000000
0.000000
0.000000
0.000000
0.105731
0.000000
0.000000
0.000000
0.000000
0.000000
0.000000
0.000000
0.000000
0.000000
0.000000
0.000000
0.000000
0.000000
0.000000
0.000000
0.000000
0.000000
0.000000
0.042762
0.000000
0.579363
0.000000
0.000000
0.000000
0.000000
0.000000
0.027819
0.000000
0.861035
0.000000
0.000199
0.000000
0.000000
0.000000
0.000000
0.000000
0.000000
0.000000
0.000000
0.000000
0.000000
0.006092
0.000000
0.000000
0.000000
0.000000
0.000000
0.000000
0.000000
0.003703
0.000000
0.000000
0.000000
0.003536
0.000000
0.000000
0.060933
0.881611
0.000000
0.000000
1.000000
0.000000
0.000000
0.000000
0.000000
0.000000
0.051720
0.112297
0.000000
0.000000
0.000000
0.000008
0.000000
0.222234
0.000000
0.000000
1.000000
0.000000
0.000000
0.000000
0.000000
0.000000
0.000000
0.000000
0.062977
0.000000
0.000000
0.000000
0.616122
0.000000
0.000000
0.016275
0.000000
0.000000
0.000000
0.000000
0.000000
0.000000
0.000000
0.000000
0.000000
0.000000
0.000000
0.000000
0.000000
0.000000
0.000000
0.000000
0.000000
0.000000
0.000000
0.645687
0.000000
0.000000
0.000000
0.000000
0.000000
0.000000
0.000000
0.000000
0.000000
0.000000
0.000000
0.000000
0.000000
0.000000
0.000000
0.000000
0.000000
0.000000
0.000000
0.000000
0.000000
0.000000
0.000000
0.206478
0.000000
0.995283
0.000000
0.000000
0.043535
0.000000
0.000000
0.000000
0.000000
0.000000
0.000270
0.000000
0.000000
0.000000
0.000000
0.000000
0.000000
0.000000
0.998561
0.000000
0.000000
0.000000
0.000000
0.000000
0.000000
0.000000
0.000000
0.035424
0.000000
0.000000
0.000000
0.138544
0.000000
0.000000
0.000000
0.000000
0.024151
0.000000
0.000000
0.000000
0.000000
0.000000
0.406927
0.000000
0.000000
0.000000
0.000000
0.000000
0.000000
0.000000
0.000000
0.001716
0.000000
0.000000
0.000000
0.058723
0.000000
0.069582
0.000000
0.000000
0.000000
0.000000
0.000000
0.000000
0.000000
0.000000
0.000000
0.000000
0.321363
0.000000
0.499188
0.999999
0.000000
0.000000
0.000000
0.000000
0.000000
0.068896
0.000000
0.000000
0.000000
0.004073
0.000000
0.000000
0.000000
0.000000
0.091603
0.000000
0.000000
0.000000
0.000000
0.000000
0.000000
0.000000
0.850908
0.000000
0.942130
0.000000
0.000000
0.000000
0.000183
0.000000
0.000000
0.000000
0.000000
0.000000
0.000000
0.000000
0.000000
0.999999
0.000000
0.000000
0.071948
0.000000
0.990621
0.000000
0.780150
0.000000
0.387859
0.000000
0.000000
0.000000
0.000000
0.000000
0.000000
0.000000
0.000000
0.000000
0.000000
0.042515
0.000000
0.000000
0.000000
0.000000
0.000000
0.000000
0.000000
0.000000
0.000000
0.000000
0.093560
0.000000
0.078306
0.000000
0.020061
0.010254
0.000000
0.007379
0.000000
0.000000
0.000000
0.000000
0.000000
0.000000
0.000000
0.000000
0.000000
0.000000
0.000000
0.000000
0.044953
0.000000
0.999363
0.000000
0.000000
0.000189
0.000000
0.005359
0.000000
0.000000
0.000000
0.000000
0.000000
0.239891
0.000000
0.000000
0.000000
0.116187
0.000000
0.000000
0.000000
0.107387
0.000000
0.000000
0.000000
0.000000
0.000000
0.000000
0.000000
0.000000
0.000000
0.000000
0.000000
0.000000
0.000000
0.000000
0.000000
0.000000
0.000000
0.000000
0.000000
0.000000
0.364709
0.000000
0.000000
0.000000
0.000000
0.000000
0.000000
0.000000
0.000000
0.000000
0.000000
0.000000
0.000000
0.000000
0.000000
0.000000
0.000000
0.000000
0.000000
0.000000
0.326198
0.000000
0.000000
0.000000
0.000000
0.000000
0.000000
0.000000
0.000000
0.000000
0.000000
0.000000
0.000000
0.000000
0.000000
0.000000
0.000000
0.000000
0.007060
0.001123
0.749922
0.000000
0.000000
0.000000
0.000000
0.013515
0.000000
0.000000
0.133374
0.000000
0.024102
0.191691
0.000000
0.982442
0.000000
0.000000
0.000000
0.000000
0.000000
0.316547
0.000000
0.000000
0.000000
0.000000
0.000000
0.000000
0.082916
0.678929
0.000000
0.000000
0.000000
0.000000
0.015860
0.000000
1.000000
0.000000
0.000000
1.000000
0.000000
0.000000
0.000000
0.000000
0.000000
0.000000
0.000000
0.029532
0.002128
0.000000
0.000000
0.000000
0.000000
0.000000
0.000000
0.000000
0.245533
0.000000
0.000000
0.000000
0.000000
0.000000
0.000000
0.059150
0.000000
0.000000
0.000000
0.000000
0.000000
0.000000
0.000000
0.823329
0.000000
0.000000
0.000000
0.000000
0.000000
0.000000
0.000000
0.428257
0.000000
0.000000
0.246082
0.000000
0.024062
0.000000
0.000000
0.000000
0.000000
0.000000
0.000000
0.357981
0.000000
0.000000
0.000000
0.234510
0.000000
0.000000
0.000000
0.000000
0.000000
0.000000
0.000000
0.563664
0.000000
0.000000
0.000000
0.132351
0.000000
0.000000
0.000000
0.000000
0.000000
0.000000
0.000000
0.014839
0.000000
0.000000
0.000000
0.627112
0.000000
0.000000
0.000000
0.000000
0.000000
0.000000
0.000000
0.000000
0.000945
0.000000
0.000000
0.000000
0.000000
0.000000
0.000000
0.000000
0.000000
0.000000
0.000000
0.000000
0.000000
0.030854
0.000000
0.000000
0.000000
0.000000
0.000000
0.000000
0.000000
0.000000
0.202087
0.000000
0.000000
0.056467
0.000000
0.000000
0.000000
0.000000
0.000000
0.000000
0.093703
0.000000
0.000000
0.026348
0.000000
0.000000
0.000000
0.000000
0.000000
0.000000
0.000000
0.000000
0.000000
0.003107
0.000000
0.000000
0.000000
0.000000
0.000000
0.000000
0.000000
0.000000
0.004993
0.647507
0.000000
0.000000
0.000000
0.000000
0.000000
0.000000
0.000000
0.000000
0.701414
0.000000
0.000000
0.000000
0.000000
0.225890
0.000000
0.000000
0.000000
0.000000
0.199506
0.000000
0.000000
0.013030
0.421843
0.000000
0.000000
0.000000
0.032789
0.000000
0.000000
0.000000
0.031228
0.000000
0.000000
0.000000
0.000117
0.971908
0.000000
0.000000
0.000000
0.018637
0.000000
0.090189
0.000000
0.000000
0.000000
0.000000
0.006410
0.000000
0.004028
0.000345
0.000000
0.000000
0.000000
0.000000
0.000000
0.000000
0.000000
0.000000
0.000000
0.000000
0.000000
0.000000
0.000000
0.000000
0.018931
0.000000
0.000000
0.000000
0.001245
0.000662
0.000000
0.000000
0.326507
0.000000
0.134834
0.428187
0.000000
0.000000
0.000000
0.929781
0.000000
0.000000
0.000000
0.796501
0.152964
0.685229
0.002431
0.000000
0.000000
0.000000
0.060622
0.000000
0.000000
0.000000
0.000000
0.000000
0.003524
0.000000
0.000000
0.000000
0.124387
0.000000
0.000000
0.000000
0.000000
0.000000
0.000000
0.000000
0.000000
0.000000
0.000000
0.000000
0.000000
0.000000
0.000000
0.000000
0.949072
0.000000
0.000000
0.000000
0.000000
0.000000
0.000000
0.000000
0.000000
0.000000
0.306724
0.127782
0.000000
0.000000
0.000000
0.000000
0.000000
0.868099
0.000000
0.000000
0.000000
0.000000
0.000000
0.000000
0.000000
0.000000
0.000001
0.000000
0.000000
0.000000
0.181369
0.000000
0.000000
0.000000
0.000000
0.000000
0.000000
0.000000
0.000000
0.000000
0.047507
0.000000
0.000000
0.000000
0.000000
0.000000
0.611348
0.000000
0.000000
0.000000
0.000000
0.000000
0.000000
0.000000
0.784478
0.000000
0.000000
0.000000
0.000000
0.000000
0.000000
0.000000
0.000000
0.000000
0.000000
0.000000
0.000000
0.000000
1.000000
0.000000
0.000000
0.000000
0.000000
0.000000
0.000048
0.000000
0.000000
0.000000
0.000000
0.000000
0.042077
0.000000
0.000000
0.000000
0.000000
0.000000
0.000000
0.000000
0.000000
0.372150
0.000000
0.432613
0.000000
0.000000
0.000000
0.377255
0.061536
0.000000
0.000000
0.000000
0.000000
0.000000
0.000000
0.000000
0.000000
0.000000
0.000000
0.000000
0.264085
0.039717
0.292428
0.000000
0.000000
0.001429
0.000000
0.000000
0.120105
0.000000
0.000000
0.000000
0.000000
0.000000
0.000000
0.000000
0.000000
0.218982
0.000000
0.000000
0.000000
0.000000
0.000000
0.000000
0.162634
0.000000
0.000000
0.000000
0.000000
0.877907
0.134125
0.000000
0.983422
0.000000
0.000000
0.961626
0.000000
0.000000
0.000000
0.000000
0.000000
0.000000
0.363080
0.000000
0.676956
0.000000
0.000000
0.000000
0.000000
0.000000
0.329085
0.028222
0.000000
0.000501
0.000000
0.000000
0.000000
0.000000
0.000000
0.000000
0.000000
0.000000
0.000000
0.145326
0.001708
0.016860
0.000000
0.000000
0.000000
0.057205
0.000000
0.000000
0.000000
0.000000
0.000000
0.000000
0.000000
0.000000
0.000000
0.000000
0.000000
0.000000
0.000000
0.000000
0.997691
0.000000
0.000000
0.000000
0.000000
0.000000
0.000000
0.000194
0.000000
0.000000
0.000000
0.000000
0.000000
0.000000
0.000000
0.000000
0.000000
0.000000
0.000000
0.037202
0.000000
0.000000
0.000000
0.000000
0.000000
0.000000
0.345189
0.000000
0.039157
0.000000
0.000000
0.000000
0.128976
0.000000
0.000000
0.000000
0.000000
0.000000
0.000000
0.000000
0.000000
0.000000
0.998839
0.000000
0.000000
0.000000
0.000000
0.000000
0.000000
0.000000
0.000000
0.000000
0.000000
0.000000
0.000000
0.000000
0.000000
0.000000
0.000000
0.000000
0.000000
0.000000
0.000000
0.000000
0.000000
0.000000
0.169733
0.000000
0.000014
0.014133
0.000000
0.000000
0.000000
0.417102
0.052157
0.000000
0.000000
0.000000
0.000000
0.000000
0.000000
0.000000
0.000000
0.000000
0.000000
0.000001
0.000000
0.000000
0.000000
0.000000
0.000000
0.000000
0.000000
0.000000
0.269271
0.475811
0.000000
0.028146
0.000000
0.000000
0.000000
0.456403
0.016392
0.000000
0.000000
0.000000
0.000000
0.003953
0.000000
0.000000
0.066818
0.059107
0.000000
0.000000
0.000000
0.000000
0.000000
0.000000
0.104483
0.000000
0.000000
0.000000
0.000000
0.000000
0.000000
0.000000
0.000000
0.000000
0.000000
0.000000
0.000000
0.000000
0.000000
0.000000
0.000000
0.000000
0.168765
0.000000
0.000000
0.000000
0.548181
0.000000
0.000000
0.000000
0.000000
0.000000
0.000000
0.000000
0.000000
0.000000
0.338067
0.000000
0.000000
0.000000
0.000000
0.000000
0.000000
0.000000
0.000000
0.000000
0.430651
0.000000
0.000000
0.603858
0.000000
0.000000
0.000000
0.000000
0.000000
0.195839
0.704253
0.000000
0.000000
0.000000
0.000000
0.000000
0.000000
0.000000
0.288387
0.000000
0.000000
0.000000
0.000000
0.000000
0.000000
0.000000
0.000000
0.000000
0.125995
0.999999
0.588808
0.000000
0.016199
0.000000
0.000000
0.246688
0.000000
0.000000
0.000000
0.000000
0.000000
0.000000
0.000000
0.000000
0.062456
0.015149
0.265842
0.000000
0.000000
0.000000
0.918175
0.000000
0.000000
0.000000
0.000292
0.000000
0.001093
0.000000
0.063374
0.000000
0.000000
0.000000
0.000000
0.000000
0.000000
0.000000
0.000000
0.000000
0.000000
0.000000
0.000000
0.000000
0.000000
0.000000
0.000000
0.000000
0.000000
0.000000
0.000000
0.000000
0.000000
0.000000
0.000000
0.000000
0.000000
0.000000
0.000000
0.000000
0.000000
0.000000
0.000000
0.000000
0.000000
0.000000
0.000000
0.411739
0.093505
0.000005
0.132205
0.533765
0.000000
0.538887
0.000000
0.000000
0.000000
0.000000
0.000000
0.000000
0.000000
0.000000
0.000000
0.000000
0.000000
0.000000
0.000000
0.000000
0.000000
0.000000
0.927652
0.000000
0.000000
0.000000
0.311786
0.000000
0.000000
0.000000
0.000000
0.312313
0.000000
0.000000
0.000000
0.000000
0.000000
0.000000
0.000000
0.000000
0.000000
0.000000
0.000000
0.000000
0.000000
0.000000
0.000000
0.618734
0.000000
0.000000
0.000000
0.000000
1.000000
0.000000
0.000000
0.000000
0.000000
0.000000
0.027236
0.000000
0.000003
0.000000
0.000000
0.000000
0.000000
0.000000
0.000000
0.007270
0.249959
0.000000
0.000000
0.000000
0.196844
0.000000
0.000000
0.000000
0.000000
0.000000
0.000000
0.000000
0.000000
0.000000
0.000000
0.000000
0.000000
0.111062
0.000000
0.000000
0.000000
0.000000
0.000000
0.000000
0.119997
0.000000
0.000000
0.000000
0.000000
0.000000
0.000000
0.000000
0.483588
0.000000
0.000000
0.000000
0.000000
0.000000
0.000000
0.000000
0.000000
0.000111
0.383666
0.000000
0.000000
0.000000
0.000000
0.000000
0.000000
0.388256
0.000000
0.000000
0.000000
0.000000
0.000000
0.000000
0.000000
0.000000
0.033700
0.000000
0.075911
0.024295
0.000000
0.000000
0.000000
0.000000
1.000000
0.000000
0.424009
0.000000
0.072325
0.000000
0.000000
0.000000
0.000000
0.713324
0.000217
0.000000
0.129109
0.000000
0.000000
0.000000
0.000000
0.000000
0.000000
0.000000
0.000000
0.000117
0.000346
0.057522
0.000000
0.000000
0.000000
0.000000
0.000000
0.000000
0.000000
0.000000
0.000000
0.000000
0.000000
0.000000
0.000000
0.000000
0.000000
0.000000
0.000000
0.064913
0.000000
0.000000
0.000000
0.041837
0.000000
0.000000
0.000000
0.000000
0.000000
0.000000
0.000000
0.000000
0.059648
0.996893
0.000000
0.000000
0.000000
0.000000
0.000000
0.000000
0.000000
0.063378
0.000000
0.000000
0.000000
0.000000
0.000000
0.000000
0.000000
0.000000
0.000000
0.000000
0.000000
0.219376
0.000000
0.000000
0.000000
0.000000
0.066894
0.000000
0.000000
1.000000
0.000000
0.000000
0.006598
0.075513
0.000000
0.030284
0.000000
0.000000
0.000000
0.000000
0.000000
0.000000
0.000000
0.000000
0.000000
0.003854
0.000000
0.395761
0.000000
0.000000
0.000000
0.000000
0.000000
0.000000
0.000000
0.000000
0.000000
0.000000
0.000000
0.000000
0.000000
0.000000
0.032566
0.000000
0.433914
0.157899
0.000000
0.000000
0.000000
0.000000
0.000000
0.000000
0.000000
0.000000
0.000000
0.141010
0.744383
0.000000
0.024291
0.526149
0.000000
0.076365
0.000000
0.000000
0.000000
0.000000
0.000000
0.000000
0.000000
0.347375
0.000000
0.066659
0.000000
0.000000
0.000000
0.000000
0.000000
0.000000
0.000000
0.000000
0.000000
0.000000
0.000000
0.000000
0.000000
0.603419
0.000000
0.000000
0.000000
0.000000
0.000000
0.000000
0.798481
0.000000
0.000000
0.670115
0.000000
0.000000
0.000000
0.000000
0.000000
0.000000
0.321202
0.000000
0.000000
0.000000
0.000000
0.000000
0.000000
0.000000
0.000000
0.000000
0.000000
0.000000
0.000000
0.000000
0.000000
0.058037
0.000000
0.000000
0.000000
0.000000
0.097836
0.000000
0.000000
0.000000
0.000000
0.000000
0.000000
0.000000
0.000000
0.952329
0.000000
0.000000
0.054375
0.000000
0.265651
0.000000
0.000000
0.000000
0.103019
0.000000
0.000000
0.891603
0.001307
0.000000
0.000000
0.000000
0.000000
0.266782
0.000000
0.000000
0.000000
0.000000
0.000000
0.000000
0.000000
0.000000
0.000000
0.000000
0.000000
0.000000
0.000000
0.000000
0.000000
0.000000
0.000000
0.000000
0.000000
0.000000
0.000000
0.000000
0.643166
0.000000
0.000000
0.000000
0.066118
0.000000
0.000000
0.000000
0.000000
0.000000
0.447894
0.000000
0.000000
0.009739
0.000000
0.000000
0.049057
0.176733
0.000000
0.000000
0.000000
0.000000
0.259809
0.000000
0.000000
0.000000
0.000000
0.000000
0.000000
0.000000
0.000000
0.746024
0.079231
0.000000
0.000000
0.000000
0.000000
0.000000
0.000000
0.000000
0.000000
0.000000
0.000000
0.000000
0.000000
0.000000
0.144223
0.000000
0.000000
0.000000
0.000000
0.000000
0.000000
0.000000
0.000000
0.000000
0.000000
0.000000
0.000000
0.000000
0.000440
0.000000
0.068964
0.000000
0.000000
0.002816
0.056186
0.654348
0.000000
0.000000
0.000000
0.000000
0.000000
0.000000
0.000000
0.000000
0.060748
0.079845
0.000000
0.000000
0.000000
0.000000
0.234074
0.000000
0.000002
0.000000
0.000000
0.000000
0.000000
0.000000
0.000000
0.000000
0.000000
0.000000
0.000000
0.000000
0.000000
0.000000
0.000000
0.000000
0.000000
0.000000
0.003601
0.000000
0.029356
0.000000
0.000000
0.000000
0.000000
0.000000
0.023802
0.000000
0.564560
0.000000
0.000000
0.000000
0.000000
0.000000
0.000000
0.000000
0.000000
0.000000
0.000000
0.000000
0.000000
0.000000
0.000007
0.009172
0.000000
0.000000
0.000000
0.000000
0.000000
0.000000
0.007349
0.000000
0.085700
0.000000
0.000000
0.000000
0.000000
0.000000
0.000000
0.000000
0.000000
0.737725
0.000000
0.184990
0.000000
0.000000
0.049237
0.000000
0.000000
0.000000
0.966274
0.000000
0.000000
0.000000
0.000000
0.000000
0.000000
0.000000
0.239646
0.000000
0.012823
0.000000
0.000000
0.000000
0.000000
0.000000
0.000000
0.000000
0.000000
0.000000
0.000000
0.000000
0.000000
0.000000
0.005072
0.000000
0.000000
0.000000
0.830877
0.000000
0.000000
0.000000
0.000000
0.000000
0.000000
0.000000
0.000000
0.000000
0.000000
0.000000
0.000000
0.000000
0.000000
0.000000
0.000000
0.000000
0.000000
0.000000
0.000000
0.000000
0.000000
0.022818
0.000000
0.000000
0.001827
0.000000
0.000000
0.000000
0.996816
0.000000
0.000000
0.000000
0.000000
0.207635
0.000000
0.000000
0.000000
0.000000
0.000000
0.000000
0.000000
0.000000
0.007294
0.000000
0.000000
0.000000
0.000000
0.984466
0.000000
0.000000
0.070016
0.000000
0.000000
0.000000
0.000000
0.000000
0.000000
0.000000
0.000000
0.000000
0.000000
0.000000
0.000000
0.000000
0.000000
0.000000
0.000000
0.000000
0.000000
0.000000
0.000051
0.000000
0.000537
0.000001
0.000000
0.954588
0.000000
0.000000
0.000000
0.323721
0.000000
0.000000
0.000000
0.039995
0.000000
0.000000
0.000000
0.921513
0.000000
0.000000
0.000000
0.000000
0.000000
0.000000
0.000000
0.000000
0.291043
0.000000
0.000000
0.000000
0.000000
0.000000
0.000000
0.000000
0.000000
0.000000
0.000000
0.000000
0.000000
0.000000
0.000000
0.000000
0.000000
0.000000
0.000000
0.000000
0.013509
0.307124
0.000000
0.000000
0.000000
0.000000
0.000000
0.000000
0.000000
0.000000
0.000000
0.000000
0.195475
0.000000
0.001907
0.000000
0.000000
0.000000
0.000000
0.000000
0.000000
0.173364
0.000000
0.000000
0.000000
0.000000
0.000000
0.000000
0.000000
0.000000
0.000000
0.331527
0.000000
0.000000
0.000000
0.000000
0.000000
0.000000
0.000000
0.000000
0.000000
0.000000
0.000000
0.000000
0.000000
0.000000
0.000000
0.000000
0.011612
0.517445
0.000000
0.000000
0.008249
0.000000
0.000000
0.071050
0.000000
0.000000
0.020337
0.000000
0.000000
0.000000
0.000113
0.266094
0.000000
0.000000
0.000000
0.000000
0.000000
0.308536
0.000000
0.000000
0.549089
0.000000
0.000000
0.000000
0.000000
0.000000
0.000000
0.000000
0.472160
0.002280
0.000000
0.000000
0.323109
0.203644
0.000000
0.000000
0.986351
0.000000
0.000000
0.000000
0.000000
0.000000
0.000000
0.000000
0.000000
0.000000
0.000000
0.000000
0.000000
0.000000
0.000000
0.000000
0.000000
0.000000
0.000000
0.000000
0.000000
0.000000
0.000000
0.000000
0.000000
0.000000
0.000000
0.000000
0.000000
0.000000
0.000000
0.000000
0.000000
0.000000
0.077377
0.000000
0.000000
0.000000
0.000000
0.000000
0.000000
0.000000
0.000000
0.229612
0.000000
0.000000
0.000000
0.009432
0.000000
0.000000
0.000000
0.000000
0.000000
0.000000
0.000000
0.000000
0.000000
0.000000
0.000000
0.548638
0.000000
0.000000
0.045031
0.000000
0.000000
0.000000
0.000000
0.000000
0.000000
0.000000
0.000000
0.000000
0.000000
0.375115
0.000000
0.000000
0.000000
0.000000
0.000000
0.000000
0.000000
0.000000
0.000000
0.000000
0.794543
0.000000
0.000000
0.000000
0.000000
0.000000
0.000000
0.000000
0.000000
0.000000
0.000000
0.000000
0.000000
0.000000
0.030642
0.000000
0.000000
0.000000
0.005939
0.021046
0.376463
0.000000
0.316821
0.008295
0.000000
0.000000
0.000000
0.000000
0.000000
1.000000
0.000000
0.000000
0.000000
0.000000
0.000000
0.000000
0.000000
0.000000
0.000000
0.000000
0.000000
0.000000
0.000000
0.300189
0.000000
0.000000
0.000000
0.000000
0.000000
0.000000
0.000000
0.000000
0.000000
0.000000
0.000000
0.000000
0.000000
0.000000
0.000000
0.000000
0.000000
0.158834
0.000000
0.000000
0.000000
0.000000
0.000000
0.000000
0.000000
0.000000
0.000000
0.000000
0.028431
0.000000
0.000000
0.000000
0.000000
0.000000
0.000000
0.000000
0.000000
0.000000
0.000000
0.003209
0.000000
0.000000
0.000000
0.000000
0.000000
0.000000
0.000000
0.007034
0.000000
0.000000
0.000000
0.160202
0.000000
0.000000
0.019171
0.000000
0.000000
0.000000
0.000000
0.000000
0.000000
0.078921
0.030778
0.000000
0.000000
0.000000
0.000000
0.000000
0.000000
0.000000
0.000000
0.000000
0.000000
0.000000
1.000000
0.000000
0.000000
0.000000
0.000000
0.000000
0.000000
0.000000
0.000070
0.000000
0.025709
0.000000
0.007591
0.000000
0.708042
0.000000
0.000000
0.000000
0.056262
0.000000
0.000000
0.589091
0.000000
0.000000
0.000000
0.000000
0.000000
0.288971
0.000000
0.000000
0.000000
0.000000
0.000000
0.072999
0.000000
0.000000
0.000000
0.000000
0.000000
0.000000
0.000000
0.000000
0.000000
0.000000
0.000000
0.000000
0.000000
0.000000
0.000000
0.000000
0.000000
1.000000
0.000000
0.000000
0.000000
0.000000
0.001294
0.000000
0.000000
0.000000
0.002505
0.000000
0.000000
0.000000
1.000000
0.000000
0.000000
0.125976
0.000000
0.071788
0.000000
0.036125
0.000000
0.000000
0.000000
0.000000
0.000000
0.000000
0.000000
0.000000
0.000000
0.016303
0.000000
0.000000
0.000000
0.000000
0.000000
0.983529
0.000000
0.014522
0.000000
0.000000
0.004259
0.000000
0.000000
0.000000
0.000000
0.770157
0.000000
0.000000
0.000000
0.000000
0.000000
0.000000
0.000000
0.000000
0.000000
0.000000
0.000000
0.000000
0.000000
0.000000
0.000000
0.000000
0.000000
1.000000
0.000000
0.000000
0.000000
0.000000
0.797880
0.000000
0.000000
0.000000
0.000000
0.000000
0.000000
0.000000
0.000000
0.000000
0.151227
0.000000
0.367037
0.066202
0.000000
0.000000
0.000000
0.000000
0.000000
0.000000
0.000000
0.000000
0.000000
0.000000
0.000000
0.000000
0.008515
0.000077
0.000000
0.000000
0.000000
0.000003
0.000000
0.000000
0.000000
0.000000
0.000000
0.001116
0.000000
0.000000
0.000000
0.000000
0.990806
0.000000
0.497733
0.075227
0.000000
0.000000
0.203643
0.000000
0.000000
0.069926
0.000000
0.000000
0.000000
0.000000
0.000000
0.000000
0.744032
0.000000
0.122047
0.000000
0.000000
0.000000
0.000000
0.000000
0.000000
0.000000
0.003548
0.071555
0.000000
0.000000
0.367759
0.000000
0.000000
0.000000
0.034497
0.043555
0.000000
0.000000
0.418646
0.000000
0.000000
0.000000
0.000000
0.000000
0.000000
0.000000
0.000000
0.000000
0.000000
0.000000
0.243798
0.000000
0.000000
0.000000
0.000000
0.000000
0.656726
0.000000
0.000000
0.000000
0.021719
0.000000
0.000000
0.000000
0.999997
0.000000
0.000000
0.000000
0.000000
0.000000
0.000000
0.000000
0.000013
0.010133
0.000000
0.000000
0.000000
0.000000
0.000000
0.000000
0.000000
0.000000
0.000000
0.000000
0.000000
0.000000
0.000000
0.000770
0.000000
0.000000
0.000000
0.375868
0.000000
0.000250
0.000000
0.000000
0.000000
0.000000
0.000000
0.000000
0.000000
0.000000
0.165375
0.000000
0.000000
0.000000
0.197659
0.000000
0.000000
0.000000
0.000000
0.000000
0.000000
0.000000
0.000000
0.000000
0.057059
0.000000
0.000000
0.211793
0.000000
0.000000
0.000000
0.000000
0.000000
0.000000
0.000000
0.000000
0.362317
0.000000
0.000000
0.000000
0.257124
0.000000
0.000000
0.000000
0.000000
0.000000
0.000000
0.000000
0.000000
0.000000
0.000000
0.092915
0.790026
0.024585
0.000000
0.000000
0.000000
0.000000
0.000000
0.000000
0.000000
0.000000
0.000000
0.000000
0.000000
0.002522
0.000000
0.000000
0.000000
0.000000
0.000000
0.000000
0.000000
0.000000
0.000000
0.000000
0.000000
0.000000
0.000000
0.000000
0.000000
0.000000
0.000000
0.000000
0.000000
0.000000
0.000000
0.000000
0.000000
0.000000
0.000000
0.000000
0.000000
0.000000
0.000000
0.000000
0.000000
0.000000
0.000000
0.916698
0.000000
0.035486
0.000000
0.000000
0.000000
0.000000
0.000000
0.565335
0.000000
0.071866
0.000000
0.000000
0.000000
0.000000
0.000000
0.000000
0.000000
0.107183
0.000000
0.973034
0.000000
0.000000
0.000000
0.000000
0.000000
0.000000
0.000000
0.000000
0.000000
0.000000
0.000000
1.000000
0.000000
0.000000
0.000000
0.000000
0.000000
0.000000
0.000000
0.000000
0.000000
0.000000
0.000000
0.000000
0.000000
0.000000
0.000000
0.000000
0.000000
0.078371
0.000000
0.000000
0.000000
0.912395
1.000000
0.000000
0.000000
0.000000
0.000000
0.000000
0.000000
0.000000
0.000000
0.000000
0.000000
0.000000
0.007334
0.000000
0.000000
0.000000
0.000000
0.000000
0.000000
0.041334
0.000000
0.000000
0.000000
0.000000
0.000000
0.000000
0.000000
0.000000
0.000000
0.000000
0.000000
0.000000
0.000000
0.004713
0.000000
0.000000
0.000000
0.000000
0.000000
0.000000
0.428944
0.000000
0.000000
0.000000
0.000000
0.000000
0.000000
0.000000
0.129257
0.046938
0.000000
0.000000
0.000000
0.000000
0.960989
0.665816
0.410853
0.000000
0.000000
0.000000
0.000000
0.354778
0.000000
0.000000
0.000000
0.000000
0.000000
0.000000
0.000000
0.000000
0.000000
0.000000
0.000000
0.000000
0.000000
0.000000
0.000000
0.000000
0.000000
0.000000
0.000000
0.000000
0.000000
0.000000
0.046661
0.000000
0.000004
0.000000
0.000000
0.000000
0.000000
0.000000
0.001916
0.000000
0.000000
0.297836
0.325630
0.999997
0.000000
0.000000
0.000000
0.000000
0.000000
0.356858
0.000000
0.000000
0.000000
0.000000
0.000000
0.000000
0.000000
0.142961
0.000000
0.040098
0.217751
0.000000
0.000000
0.195987
0.000000
0.000000
0.000000
0.000000
0.000000
0.013160
0.000000
0.000000
0.000000
0.292916
0.000000
0.000000
0.000000
0.033170
0.000286
0.000000
0.000000
0.000000
0.000000
0.000000
0.000000
0.000000
0.000000
0.000000
0.000006
0.000000
0.000000
0.000000
0.000000
0.000000
0.000000
0.011513
0.001456
0.000000
0.000000
0.000000
0.000411
0.000000
0.205947
0.009469
0.000000
0.000000
1.000000
0.000000
0.000000
0.000000
0.000000
0.000000
0.000000
0.000000
0.000000
0.000000
0.000000
0.083493
0.288430
0.000000
0.000000
0.000000
0.000000
0.000000
0.070325
0.000000
0.000000
0.000000
0.000090
0.000000
0.000000
0.000000
0.002068
0.000000
0.004273
0.117221
0.000000
0.000000
0.000000
0.000000
0.000000
0.000000
0.000000
0.000000
0.000000
0.000000
0.000000
0.000000
0.000000
0.000000
0.000000
0.000000
0.000000
0.000000
0.000000
0.000000
0.662924
0.000000
0.000000
1.000000
0.046985
0.000000
0.000000
0.000000
0.000000
0.034656
0.029276
0.000000
0.000000
0.000000
0.000000
0.000000
0.000000
0.000000
0.925441
0.000000
0.000000
0.000000
0.000000
0.000000
0.000000
0.000000
0.000000
0.000000
0.000000
0.000000
0.000000
0.000000
0.000000
0.000000
0.000000
0.003308
0.000000
0.000000
0.123621
0.000000
0.045554
0.000000
0.000000
0.000000
0.205706
0.000000
0.000000
0.000000
0.000000
1.000000
0.000000
0.000000
0.224081
0.000000
0.000000
0.000000
0.109669
0.000000
0.000000
0.000000
0.132622
0.148891
0.000000
1.000000
0.000000
0.000000
0.000000
0.000000
0.000000
0.000000
0.000000
0.000000
0.000000
0.000000
0.000000
0.977632
0.000000
0.000000
0.000000
0.000000
0.000000
0.000000
0.000000
0.008380
0.000000
0.000000
0.000000
0.073230
0.000000
0.000000
0.000000
0.000000
0.000000
0.000000
0.000000
0.840548
0.000000
0.000000
0.000000
0.000000
0.000000
0.000000
0.000000
0.000000
0.001217
0.000000
0.247733
0.000000
0.000000
0.000000
0.000000
0.000000
0.000000
0.000000
0.000000
0.000000
0.000000
0.000000
0.000000
0.000000
0.000000
0.000000
0.000000
0.000000
0.000000
0.000000
0.000000
0.000000
0.000000
0.000000
0.000000
0.000000
0.082475
0.000000
0.000000
0.000000
0.453050
0.087836
0.000000
0.000000
0.000000
0.000000
0.000000
0.000000
0.009620
0.109955
0.349553
0.000000
0.000000
0.000000
0.000000
0.000000
0.000000
0.000000
0.000000
0.000000
0.000000
0.000000
0.000000
0.188985
0.000000
0.000000
0.000000
0.000000
0.000000
0.000000
0.000000
0.000000
0.000000
0.000000
0.000000
0.032208
0.000000
0.505640
0.000000
0.000000
0.000000
0.000000
0.000000
0.000000
0.000000
0.000000
0.000000
0.000000
0.000000
0.000000
0.000000
0.000000
0.000500
0.000000
0.000000
0.000000
0.000000
0.000000
0.000000
0.000000
0.000000
0.000000
0.870010
0.000000
0.000000
0.000000
0.000000
0.139944
0.000000
0.000000
0.000000
0.000000
0.997397
0.000000
0.084265
0.000000
0.549402
0.000000
0.966489
0.000000
0.783355
0.000000
0.000000
0.039401
0.000000
0.000000
0.000000
0.000000
0.000000
0.000000
0.000000
0.000000
0.000000
0.000000
0.000000
0.000000
0.195282
0.000000
0.000000
0.000000
0.000000
0.000000
0.000000
0.000000
0.000000
0.000000
0.000000
0.000000
0.000000
0.000000
0.000000
0.394162
0.000000
0.919040
0.000000
0.000000
0.000000
0.000000
0.000000
0.000000
0.000000
0.024064
0.019951
0.000000
0.000000
0.147123
0.000000
0.000000
0.000000
0.000000
0.000000
0.000000
0.000000
0.000000
0.000000
0.000000
0.071075
0.000000
0.000000
0.000000
0.000000
0.026597
0.000000
0.000000
0.000000
0.000000
0.000000
0.000000
0.000000
0.074342
0.000000
0.000000
0.000000
0.043636
0.000000
0.000000
0.000000
0.000078
0.090834
0.000000
0.000000
0.045744
0.000000
0.000000
0.000000
0.000000
0.000000
0.000000
0.000000
0.000000
0.056078
0.000000
0.000000
0.000005
0.000000
0.000000
0.000000
0.238314
0.000000
0.000007
0.000000
0.000000
0.000000
0.000000
0.000000
0.467804
0.000000
0.000000
0.000000
0.000000
0.000000
0.000000
0.000000
0.000000
0.000000
0.992815
0.000000
0.000000
0.411853
0.005954
0.014653
0.000000
0.000000
0.000000
0.000000
0.000000
0.000000
0.000000
0.139854
0.500958
0.000000
0.000000
0.000000
0.000000
0.000000
0.000000
0.000000
0.000000
0.000000
0.142028
0.000000
0.000000
0.000652
1.000000
0.433475
0.891858
0.000000
0.000000
0.000000
0.000000
0.820058
0.000000
0.000000
0.000000
0.000000
0.000000
0.057401
0.000000
0.018312
0.000000
0.000000
0.000000
0.000000
0.000000
0.536407
0.000000
0.991162
0.000000
0.105098
0.000000
0.000000
0.000000
0.000000
0.000336
0.489072
0.000000
0.149994
0.000000
0.000000
0.000000
0.000000
0.000000
0.000000
0.037100
0.000000
0.000000
0.000000
0.594015
0.000000
0.000000
0.000000
0.000000
0.000000
0.000000
0.000000
0.000000
0.000000
0.000000
0.000000
0.000000
0.000000
0.996506
0.000000
0.000000
0.000000
0.000000
0.000000
0.000000
0.000000
0.000000
0.000000
0.000000
0.000000
0.000000
0.000000
0.000000
0.000000
0.000000
0.000000
0.333494
0.000000
0.000000
0.000000
0.000000
0.226930
0.000000
0.000000
0.000000
0.000000
0.000000
0.000000
0.017970
0.096194
0.000000
0.000000
0.000000
0.000000
0.000000
0.000000
0.037061
0.000000
0.000000
0.000000
0.000000
0.000000
0.465258
0.000000
0.000000
0.000000
0.023443
0.000000
0.000000
0.000000
0.000000
0.000000
0.025757
0.000000
0.000000
0.000000
0.000000
0.000000
0.000000
0.000000
0.000000
0.000000
0.000000
0.000000
0.048402
0.000000
0.000000
0.000000
0.000000
0.000000
0.000000
0.000000
0.000000
0.655917
0.000000
0.000000
0.000000
0.000000
0.000000
0.000000
0.000000
0.000000
0.000000
0.000000
0.000000
0.000000
0.000000
0.000000
0.000000
0.172723
0.000000
0.017261
0.529081
0.000000
0.000000
0.000000
0.000000
0.000669
0.000000
0.117179
0.000000
0.000000
0.000000
0.000000
0.000000
0.000000
0.000000
0.000000
0.000000
0.087060
0.000000
0.000000
0.000000
0.000000
0.000000
0.000000
0.000000
0.000000
0.000000
0.000000
0.000000
0.000000
0.000000
0.000000
0.000000
0.000000
0.000000
0.000000
0.011088
0.000000
0.269834
0.525746
0.000000
0.000000
0.000000
0.000000
0.000458
0.000000
0.000000
0.093612
0.000327
0.000000
0.999849
0.005149
0.000000
0.000000
0.000000
0.000000
0.012225
0.000000
0.000000
0.000000
0.000000
0.000000
0.000000
0.000000
0.077517
0.999998
0.000000
0.000000
0.000000
0.000000
0.963204
0.000000
0.000000
0.000000
0.000000
0.000000
0.000000
0.001258
0.000000
0.000000
0.000000
0.000000
0.000000
0.000000
0.000000
0.000000
0.000000
0.000000
0.000000
0.000000
0.000000
0.000000
0.000000
0.000000
0.000000
0.719408
0.000000
0.000000
0.000000
0.000000
0.000000
0.000000
0.000000
0.000000
0.000000
0.000000
0.000000
0.000000
0.000000
0.000000
0.000000
0.013620
1.000000
0.069692
0.000000
0.000000
0.000000
0.000000
0.000000
0.334460
0.000000
0.000000
0.000000
0.124191
0.000000
0.000000
0.000000
0.000000
0.000000
0.000000
0.000000
0.272618
0.000000
0.000000
0.000000
0.000000
0.000000
0.000000
0.000000
0.000000
0.000000
0.000000
0.000000
0.000000
0.980281
0.000000
0.000000
0.023122
0.000000
0.000000
0.066870
0.000000
0.000000
0.000000
0.000000
0.000000
0.000000
0.328395
0.000000
0.000000
0.000000
0.166501
0.000000
0.000000
0.000000
0.103236
0.000000
0.000000
0.000000
0.000000
0.000000
0.000000
0.000000
0.000000
0.000000
0.000000
0.000000
0.000000
0.003509
0.000000
0.000000
0.000000
0.015927
0.000000
0.000000
0.000000
0.000000
0.099086
0.000000
0.000000
0.000000
0.000000
0.000000
0.000000
0.000000
0.000000
0.000000
0.000000
0.000000
0.000000
0.000000
0.000000
0.000000
0.771138
0.903725
0.000000
0.000000
0.000000
0.000000
0.119352
0.178596
0.000000
0.396960
0.000000
0.000000
0.000000
0.000000
0.000000
0.000000
0.000000
0.000000
0.000000
0.019032
0.000000
0.000000
0.000000
0.113752
0.000000
0.000000
0.073380
1.000000
0.000000
0.000000
0.000000
0.000000
0.000000
0.000000
0.000000
0.112551
0.000000
0.000000
0.000000
0.000000
0.000000
0.000000
0.000000
0.000000
0.000000
0.000000
0.000000
0.000000
0.000000
0.000000
0.000000
0.016861
0.000000
0.443259
0.000000
0.000000
0.630697
0.000000
0.112863
0.000000
0.000000
0.000000
0.000000
0.000000
0.000000
0.000000
0.000000
0.000000
0.000000
0.000000
0.000000
0.000000
0.000000
0.000000
0.000000
0.000000
0.302828
0.000000
0.000000
0.000000
0.000000
0.000000
0.000000
0.822451
0.000000
0.000000
0.000000
0.000000
0.000000
0.000000
0.000000
0.000000
0.000000
0.000918
0.000000
0.000000
0.000000
0.000000
0.006160
0.000000
0.000000
0.000000
0.000000
0.000000
0.011313
0.000000
0.000000
0.000000
0.000000
0.971480
0.000000
0.000000
0.000000
0.000000
0.000009
0.000000
0.000000
0.440795
0.000000
0.000000
0.000000
0.000000
0.000000
0.000000
0.000000
0.000000
0.000000
0.000000
0.000000
0.000000
0.000000
0.000000
0.000000
0.000000
0.000000
0.024451
0.000000
0.000000
0.000000
0.000000
0.000000
0.000000
0.000000
0.000000
0.000000
0.000000
0.000000
0.000000
0.000000
0.000000
0.000000
0.000000
0.000000
0.000000
0.000000
0.000000
0.000000
0.000000
0.126066
0.000000
0.000000
0.000000
0.003028
0.000000
0.000000
0.000000
0.000000
0.000000
0.000000
0.000000
0.000000
0.000000
0.000000
0.000000
0.000000
0.000000
0.000000
0.000000
0.142977
0.097345
0.000000
0.000000
0.000000
0.000000
0.000000
0.000000
0.000000
0.000000
0.035126
0.483203
0.000000
0.000000
0.000000
0.000000
0.000000
0.003905
0.000000
0.000000
0.000000
0.020464
0.000000
0.616403
0.000000
0.000000
0.000000
0.000000
0.000000
0.000000
0.000000
0.000000
0.000000
0.314564
0.066076
0.000000
0.000013
0.000000
0.113737
0.000000
0.000000
0.000000
0.000000
0.096254
0.000000
0.151237
0.000000
0.000000
0.000000
0.000000
0.000000
0.000000
0.000000
0.000000
0.000000
0.000000
0.000000
0.000000
0.000000
0.000000
0.000000
0.000000
0.000000
0.000000
0.000000
0.000000
0.000000
0.000000
0.309898
0.000000
0.000000
0.000000
0.000000
1.000000
0.000000
0.000000
0.000000
0.828055
0.124646
0.000000
0.603054
0.000000
0.102959
0.000000
0.000000
0.000000
0.000000
0.000000
0.000000
0.000000
0.451288
0.000000
0.000000
0.000000
0.790417
0.000000
0.000000
0.000000
0.000000
0.000000
0.000000
0.000000
0.000000
0.002437
0.227078
0.000000
0.003483
0.000000
0.000000
0.000000
0.999582
0.000000
0.000000
0.000000
0.000000
0.000000
0.000000
0.000000
0.000000
0.000000
0.000000
0.000000
0.000000
0.000000
0.000000
0.000000
0.000000
0.000095
0.000000
0.110315
0.887997
0.000117
0.000000
0.000000
0.000000
0.282420
0.000000
0.000000
0.000000
0.000000
0.000000
0.000000
0.000000
0.000167
0.995425
0.000000
0.000000
0.114067
0.000000
0.000000
0.000000
0.056659
0.000000
0.000000
0.000000
0.000000
1.000000
0.000114
0.000000
0.000000
0.000000
0.000000
0.000000
0.000000
0.000000
0.564939
0.000000
0.000000
0.000000
0.000000
0.000000
0.000000
0.000000
0.000000
0.336115
0.000000
0.000000
0.000000
0.000000
0.000000
0.000000
0.024987
0.000000
0.000000
0.000000
0.000000
0.000000
0.000000
0.029546
0.000000
0.000000
0.000000
0.000000
0.000000
0.000000
0.000000
0.000000
0.000000
0.000000
0.000000
0.000000
0.000000
0.000000
0.000000
0.000000
0.000000
0.000000
0.000000
0.000000
0.000000
0.001192
0.000000
0.000000
0.000000
0.000000
0.000000
0.000000
0.000000
0.000000
0.000000
0.000000
0.013043
0.000000
0.000000
0.913494
0.077085
0.000000
0.000000
0.000000
0.098646
0.000000
0.000000
0.000000
0.000000
0.105962
0.000000
0.000000
0.999434
0.000000
0.000000
0.000000
0.000000
0.000000
0.000000
0.000000
0.217877
0.000000
0.000000
0.000000
0.083143
0.000000
0.000000
0.000000
0.001541
0.000000
0.000000
0.000000
0.000000
0.000000
0.000000
0.000000
0.000000
0.274345
0.000000
0.020498
0.000000
0.000000
0.000000
0.000000
0.000000
0.000000
0.000000
0.000000
0.000000
0.000000
0.000000
0.000000
0.000000
0.000000
0.000000
0.000000
0.000000
0.091991
0.000000
0.000000
0.900190
0.000000
0.000000
0.000000
0.000000
0.000000
0.000000
0.042937
0.000000
0.000000
0.000000
0.000000
0.582301
0.000000
0.000000
0.000000
0.000000
0.000000
0.000000
0.372146
0.000000
0.000000
0.000000
0.000000
0.000000
0.000000
0.000000
0.268226
0.000000
0.000000
0.000000
0.000000
0.000000
0.000000
0.000000
0.000000
0.000000
0.000000
0.000000
0.000000
0.000000
0.000000
0.000000
0.000000
0.000000
0.000000
0.000000
0.000000
0.000000
0.000000
0.003327
0.000000
0.000000
0.000000
0.000000
0.000000
0.300041
0.000000
0.945912
0.000000
0.389082
0.000000
0.067444
0.000000
0.000000
0.000000
0.000000
0.000058
0.000000
0.000000
0.000000
0.000000
0.000000
0.359154
0.000000
0.000000
0.004893
0.000000
0.000000
0.000000
0.000000
0.000000
0.000000
0.908221
0.000000
0.000000
0.000000
0.000000
0.000000
0.000000
0.000000
0.000000
0.000000
0.000000
0.531092
0.000000
0.000000
0.000000
0.000000
0.000000
0.000000
0.000000
0.000000
0.000000
0.000000
0.000000
0.000000
0.033195
0.000000
0.000000
0.000000
0.000000
0.000000
0.000000
0.000000
0.000000
0.000000
0.000000
0.006188
0.000000
0.000000
0.000000
0.000000
0.000000
0.000000
0.000000
0.000000
0.230280
0.000000
0.000000
0.000000
0.000000
0.000000
0.000000
0.000000
0.000000
0.000000
0.000000
0.000000
0.000000
0.000000
0.000000
0.000000
0.000000
0.000000
0.259554
0.000000
0.000000
0.106409
0.000000
0.000000
0.000000
0.000000
0.000000
0.000000
0.000000
0.000000
0.000000
0.000000
0.000000
0.652054
0.000000
0.000000
0.000000
0.000000
0.000000
0.000000
0.000000
0.000000
0.000000
0.000000
0.000000
0.000000
0.000000
0.000000
0.000000
0.000000
0.000000
0.000000
0.000000
0.000000
0.011598
0.537186
0.000000
0.000000
0.000000
0.000000
0.000000
0.000000
0.000000
0.000000
0.000000
0.000000
0.000000
0.000000
0.000000
0.000000
0.000000
0.158055
0.000000
0.000000
0.000000
0.000000
0.000000
0.349096
0.367252
0.266388
0.000000
0.000000
0.000000
0.000000
0.000000
0.000000
0.000000
0.000000
0.000000
0.000000
0.000000
0.000000
0.443483
0.000000
0.000000
0.037889
0.000000
0.000000
0.000000
0.000000
0.000000
0.000000
0.000000
0.000000
0.000000
0.000000
0.000000
0.000000
0.000000
0.000000
0.000000
0.346599
0.170966
0.000000
0.000000
0.000000
0.000000
0.000000
0.000005
0.228420
0.000000
0.000000
0.178058
0.000000
0.016600
0.000000
0.020467
0.000000
0.000000
0.000000
0.000000
0.000000
0.000000
0.000000
0.004939
0.000000
0.000000
0.000000
0.000000
0.000000
0.000000
0.000000
0.000000
0.000000
0.000000
0.693054
0.000000
0.000000
0.057014
0.000000
0.000000
0.000000
0.000000
0.000000
0.000000
0.000000
0.000000
0.000000
0.000000
0.000000
0.000000
0.000000
0.000000
0.000000
0.000000
0.000000
0.000000
0.000000
0.000000
0.000000
0.000000
0.000000
0.000000
0.000000
0.000000
0.000000
0.000000
0.000000
0.000000
0.036796
0.000000
0.005316
0.000000
0.000000
0.000000
0.000000
0.000000
0.000000
0.000000
0.000000
0.000000
0.000000
0.000000
0.000000
0.000000
0.000000
0.000000
0.000000
0.000000
0.000000
0.123790
0.000000
0.000000
0.000000
0.000000
0.026543
0.142929
0.000000
0.000000
0.000000
0.000000
0.000000
0.000000
0.999547
0.000000
0.000000
