0.989389
0.079972
0.686420
1.000000
0.761919
0.861061
0.999881
0.000000
0.000000
0.426415
0.000000
0.881622
0.528039
0.972966
0.999994
0.999116
0.547400
0.980832
0.999975
0.982204
0.997083
0.000000
0.802981
0.000000
0.854445
0.992043
0.888656
0.476325
0.999993
0.362329
0.522809
0.658444
0.780101
0.105974
0.089746
0.985096
0.999999
0.000000
0.954319
0.149942
0.927062
0.961704
0.968130
0.509170
0.465507
0.211640
0.000000
0.816235
0.661613
0.053689
0.792830
0.651348
0.748212
0.026963
0.040978
0.000000
0.834592
0.658373
0.825944
0.002015
0.917304
0.999221
0.906395
0.999709
0.945838
0.770346
0.148911
0.932047
0.988524
0.935589
0.851100
0.418877
0.940237
0.964831
1.000000
0.995844
0.000000
0.765558
0.147023
0.992546
0.979655
0.938519
0.987567
0.068074
0.877898
0.999802
0.000000
0.942945
0.922943
0.000000
0.994578
0.991464
0.568170
0.999223
0.368958
0.976990
0.654701
0.399425
0.999507
0.000000
0.999980
0.216830
0.271722
0.000000
0.000000
0.180676
0.376783
0.384886
0.409221
0.999978
0.000000
0.979226
0.024580
0.000000
0.000000
0.755155
0.999767
0.703503
0.896714
0.994820
0.968701
0.792498
0.961060
0.897017
0.117437
0.933091
0.643159
0.063700
0.526825
0.415306
0.999876
0.760861
0.000000
0.000000
0.953085
0.751051
0.988944
0.763417
0.702819
0.309922
0.999999
0.303073
0.959531
0.978602
0.000000
0.000000
0.765205
0.000000
0.987853
1.000000
0.065704
0.699856
0.806849
0.382740
0.930199
0.991095
0.968630
0.373993
0.913127
0.988078
0.865442
0.988896
0.190620
0.905237
0.999812
0.324925
0.040476
0.986178
0.000000
0.937499
0.467968
0.999417
0.275015
0.355950
0.615296
0.785111
0.577136
0.999709
0.434233
0.346545
0.000000
0.305445
0.976535
0.221568
0.000000
0.094688
0.000000
0.545448
0.766737
0.754158
0.360929
0.263903
0.999986
0.000000
0.927262
0.297182
0.997243
0.971178
0.999908
0.173348
0.872293
0.000000
0.999999
0.975253
0.999964
0.995611
0.989921
0.921347
0.762319
0.712391
0.000000
0.146346
0.976780
0.352270
0.999991
0.365534
0.962696
0.759487
0.000000
0.847862
0.710653
0.428519
0.909322
0.970965
0.962176
0.944870
0.999987
0.315986
0.973329
0.828227
0.985007
0.958080
0.947396
1.000000
0.356763
0.000000
0.916312
0.934416
0.428954
0.920586
0.660808
0.943134
0.489100
0.310419
0.981941
0.024974
0.586503
0.295000
0.765048
0.679925
0.852257
0.219602
0.257974
0.986729
0.999955
0.983029
0.911512
0.961967
0.999972
0.846000
0.999770
0.998616
0.658715
0.889555
0.992123
0.000000
0.349308
0.998675
0.834539
0.830634
0.000000
0.000000
0.982059
0.368883
0.507641
0.627866
0.000000
0.955409
0.981445
1.000000
0.836641
0.569726
0.993934
0.454987
0.279257
0.945318
0.761426
0.320723
0.999860
0.000000
0.835370
0.788018
0.311131
0.000000
0.906723
0.000000
0.395571
0.983106
0.222221
0.985041
0.974897
0.862682
0.905790
0.998750
0.912168
0.227896
0.000000
0.989369
0.573205
0.403555
0.959836
0.688239
0.958989
0.994203
0.000000
0.974245
0.000000
0.999872
0.341186
0.796475
0.996175
0.721111
0.947777
0.905332
0.999548
0.109631
0.968900
0.000000
0.124199
0.000000
0.954628
0.907442
0.150878
0.998633
0.000000
0.989407
0.827195
0.565450
0.430885
0.779007
0.036472
0.993562
0.778897
0.000000
0.641010
0.552109
0.000000
0.981040
0.000000
0.442106
0.785314
0.998080
0.404184
0.997166
0.987835
0.822220
0.996747
0.982871
0.941214
0.999263
0.970996
1.000000
0.952227
0.912076
0.000000
0.991899
0.903921
0.416978
0.999962
0.174728
0.975839
0.986370
0.436299
0.251175
0.128255
0.000000
0.999938
0.240709
1.000000
0.000000
0.694419
0.988242
0.757629
0.998316
0.991869
0.713393
0.997491
0.302033
0.000000
0.258640
0.407757
0.744974
0.975519
0.772040
0.402479
0.644251
0.361390
0.420903
0.431476
0.098909
1.000000
0.000000
1.000000
0.000000
0.452743
0.740279
0.999302
0.667549
0.764893
0.284610
0.999362
0.837395
0.651923
0.516413
0.000000
1.000000
1.000000
0.808230
0.785278
0.236335
0.000000
0.342306
0.000000
0.000000
0.363022
0.000000
0.965914
0.544670
0.000000
0.590343
0.387245
0.814295
0.776685
0.943768
0.110067
0.896107
0.979493
0.576304
0.195201
0.940867
0.425240
0.477364
0.158331
0.004035
0.999447
0.990907
0.987103
0.994579
0.297761
0.924710
0.982057
0.923144
0.870890
0.145156
0.956322
0.972046
1.000000
0.000000
0.000000
0.816588
0.981986
0.702465
0.370729
0.272129
0.917041
0.854113
0.978938
0.617964
0.698130
0.530902
0.689078
0.999982
0.898262
0.912152
0.999439
0.916260
0.396735
0.000000
0.948647
0.098531
0.623340
1.000000
0.517864
0.990578
0.997671
0.694855
0.763841
0.999647
0.996000
0.994101
0.527858
0.326854
0.520485
0.944378
0.580453
0.167535
0.726978
0.224186
0.950853
0.533709
0.483572
0.993523
0.229765
0.264921
0.824455
0.999890
0.781949
0.366213
0.983226
0.911622
0.923706
0.169170
0.902610
0.000000
0.124036
0.622069
0.989813
0.493474
0.550574
0.974983
0.999999
0.097477
0.000000
0.981540
0.121280
0.980724
0.066190
0.000000
0.998285
0.976911
0.524324
0.642322
0.544551
0.000000
0.941574
0.407619
0.863982
0.999621
0.967548
0.996984
0.926876
0.987051
0.999110
0.711418
0.845380
0.951181
0.217748
0.000000
0.000000
0.976066
0.000000
0.839447
0.972004
0.992653
0.930432
0.000000
0.998639
0.983196
0.398661
0.698313
0.999986
0.058400
0.453328
0.850350
0.979974
0.460740
0.999369
0.073031
0.513715
0.986243
0.996502
0.720260
0.000000
0.667307
0.143040
0.954688
0.997184
0.997938
0.000000
0.941317
0.535958
0.999887
0.175602
0.256167
0.986851
0.252908
0.999894
0.484003
0.000000
0.417052
0.979195
0.999782
0.998794
0.983179
0.730929
0.159257
0.929083
0.939296
0.072393
0.351482
0.999900
1.000000
0.507029
0.906042
0.983544
0.635708
0.999999
0.980407
0.979759
0.000000
0.583779
0.988145
0.886594
0.000000
0.788478
0.712737
0.999276
0.992556
0.000000
0.579968
0.892081
0.000000
0.660684
0.662234
0.743433
0.358443
0.664686
0.973567
0.998288
0.989788
0.526386
0.758278
0.000000
0.341717
0.747089
0.843162
0.995027
0.081284
0.301228
0.212717
0.999999
0.964333
0.000000
0.925758
0.727822
0.999997
0.000000
0.158335
0.202766
0.161722
0.962940
0.885463
0.998802
0.986376
0.138824
0.365712
0.540760
0.099001
0.989000
0.435197
0.699030
0.481697
0.309438
0.771529
0.952727
0.980720
0.454044
0.120520
0.000000
0.905310
0.000000
0.999996
0.995408
0.469611
0.218661
0.964144
0.871257
0.990810
0.583272
0.932626
0.875300
0.967702
0.000000
0.470310
0.762317
0.560327
0.976461
0.983820
0.000000
0.933053
0.502809
1.000000
0.947551
0.100472
0.000000
0.937835
0.413519
0.062663
0.999434
0.468577
1.000000
0.937742
0.158976
0.000000
0.943442
0.000000
0.989011
0.964908
0.000000
0.790038
0.000000
0.679846
0.000000
0.973160
0.214266
0.999989
0.982089
0.000000
0.170248
0.998545
0.943763
0.981578
0.545742
0.329193
0.979365
0.606198
0.999932
0.967282
0.770190
0.922555
0.996251
0.941366
0.974477
0.995036
0.349079
0.657694
0.835702
0.000000
0.999814
0.198108
0.467407
0.000000
1.000000
0.023302
0.997674
0.399389
0.927295
0.979937
0.475643
0.344727
0.999998
0.994161
0.473888
0.999998
0.370526
0.583846
0.999643
0.760804
0.859081
1.000000
0.186689
0.598866
0.947253
0.930186
0.478769
0.000000
0.000000
0.000000
0.858511
0.153038
0.526478
0.986936
0.400711
0.966677
0.974309
0.292422
0.502552
0.392668
0.998420
0.590213
0.999999
0.012191
0.538006
0.288213
0.090571
0.860916
0.000000
0.996783
0.378758
0.936784
0.963329
0.762921
0.000000
0.336180
1.000000
0.035064
0.020580
0.736261
0.710750
0.909926
0.704336
0.997651
0.219204
0.606255
0.064648
0.995524
0.000000
0.512898
0.097556
0.172358
0.999999
0.899143
0.000000
0.000000
0.000000
0.000000
0.095420
0.915445
0.622104
0.903700
0.861331
0.903821
0.000000
0.490965
0.902605
0.955909
0.997731
0.930260
0.531028
0.981189
0.000000
1.000000
0.824898
0.999840
0.085259
0.777734
0.857760
0.870731
0.930942
0.968357
0.736464
0.827162
0.615913
0.994574
0.000000
0.099756
0.896737
0.599541
0.195363
0.000000
0.000000
0.538177
0.996960
0.997525
0.000000
0.797735
0.637216
0.873072
0.392658
0.308094
0.994679
0.952991
0.995662
0.999988
0.998325
0.837039
0.985776
0.133439
0.655159
0.999879
0.000000
0.997571
0.984767
0.999986
0.155459
0.963974
0.000000
1.000000
0.972740
0.494364
0.496527
0.904750
0.249184
0.658271
0.972435
1.000000
0.327732
0.144741
0.075236
0.687539
0.959974
0.192073
0.999995
0.999999
0.709169
0.183653
0.000000
0.483744
0.984254
0.985847
0.373203
0.585516
0.752725
0.767894
0.834926
0.870081
0.781314
0.472063
0.944111
0.497422
0.766141
0.782445
0.932409
0.000000
0.080685
0.895974
0.619089
0.978409
0.024659
0.444924
0.000000
0.984205
0.709453
0.971653
0.154726
0.999532
0.636605
0.402291
0.749869
0.000000
0.999772
0.932946
0.000000
0.999928
0.000000
0.000000
0.997668
0.901340
0.506107
0.899382
0.914876
0.069156
0.939111
0.524237
0.550887
0.974753
0.999341
0.993982
0.205647
0.739655
0.963085
0.000000
0.651336
0.000000
0.482702
0.987458
0.973041
0.999742
0.981994
0.998336
0.379090
0.602295
0.776054
0.000000
0.554123
0.998176
0.401103
0.000000
0.997219
0.902678
0.000000
0.081536
0.728177
0.957164
0.980448
0.912414
0.969813
0.591012
0.961182
0.000000
1.000000
0.813676
0.429030
0.828151
0.121935
1.000000
0.999857
0.882563
0.858468
0.998539
0.399591
0.000000
0.995449
0.092343
0.498048
0.691543
0.034023
0.156070
0.000000
0.417975
0.784312
0.987556
0.986592
0.767571
0.216119
0.999994
0.969469
0.996954
0.999991
0.000000
0.254476
0.999998
0.140026
0.990112
0.782422
0.952432
0.549074
0.278990
0.250259
0.995938
0.309388
0.890924
0.574906
0.360797
0.000000
0.592026
0.906479
0.728719
0.947049
0.481212
0.047404
0.968316
0.613743
0.999494
0.344530
0.992145
0.992994
0.969690
0.906132
0.995667
0.743857
0.186273
0.572782
0.918078
0.938404
0.370676
0.974093
0.815466
0.744900
0.999237
0.310113
0.000000
0.999999
0.384512
0.863391
0.594344
0.956759
0.922217
0.000000
0.819831
0.999977
0.998798
0.340238
0.131618
0.223597
0.262238
0.990181
0.000000
0.000000
0.890788
0.754549
0.198540
0.000000
0.977072
0.000000
0.588353
0.945699
1.000000
0.000000
0.997897
0.330200
0.999857
0.934691
0.999954
0.000000
0.000000
0.798832
0.998618
0.000000
0.999994
0.901023
0.999124
0.686492
0.452680
0.660445
0.977086
0.874102
0.986179
0.562555
0.582053
0.620939
0.689188
0.905459
0.579698
0.996271
0.821623
0.997432
0.536286
0.981319
0.842505
0.000000
0.735639
0.076732
0.721139
0.878975
0.949446
0.265827
0.966418
0.000000
0.329007
0.979916
0.815937
0.632412
0.000000
0.694558
0.505014
0.000000
0.000000
0.991446
0.678808
0.999612
0.589115
0.000000
0.885036
0.251723
0.945361
0.584976
0.861884
0.999982
0.000000
0.912663
0.253222
1.000000
0.999909
0.962943
0.998981
0.973491
1.000000
0.999792
0.188216
0.985627
0.397860
0.982714
0.997065
0.008426
0.000000
0.995732
0.862705
0.663182
1.000000
0.802874
0.000000
0.000000
0.063981
0.967731
0.995450
0.967386
0.000000
0.218069
0.998738
0.796541
0.379737
0.000000
0.841524
0.000000
0.683231
0.831118
0.751483
0.993458
0.010249
0.965310
0.000000
0.021428
0.000000
0.000000
0.999849
1.000000
0.049129
0.749902
0.000000
0.730276
0.999940
1.000000
1.000000
0.999993
0.782512
1.000000
0.636290
0.821256
0.319119
0.000000
0.195936
0.947453
1.000000
0.730020
0.000000
0.254483
0.000000
1.000000
0.951918
0.902095
0.443872
0.988410
1.000000
0.999545
0.440783
0.500825
0.125215
0.000000
0.146031
0.000000
0.000000
0.879615
0.540879
0.999977
0.956799
0.952655
0.997429
0.419215
1.000000
0.536478
0.128537
0.897568
0.156545
0.383404
0.990267
0.564906
0.967292
0.000000
0.913060
0.521506
0.401340
0.975679
1.000000
0.775465
1.000000
0.991430
0.864300
0.720377
0.956177
1.000000
0.367567
0.482711
0.973687
0.977353
0.000000
0.826954
0.383020
0.141238
0.999408
0.000000
0.789853
0.577625
0.000000
0.782858
0.807230
1.000000
0.624567
0.999916
0.000000
0.949489
0.949976
0.799687
0.000000
0.764300
0.000000
0.000000
0.566899
0.993416
0.502451
0.999999
0.992936
0.978541
0.819568
0.905802
0.955090
0.794238
0.999166
0.000000
0.406174
0.000000
0.908650
0.766572
0.588700
0.976804
0.586024
0.676698
0.999213
0.890612
0.915202
0.991964
0.000000
0.993485
0.108015
0.588324
0.967885
0.437957
0.047979
0.000000
0.111088
0.525138
0.995436
1.000000
0.326404
0.285076
0.923814
0.000000
0.376546
0.235933
0.778349
0.257868
0.822739
0.000000
0.999819
1.000000
0.070765
0.924165
0.000000
0.911331
0.433520
0.626777
0.999982
0.000000
0.957972
0.999211
0.815881
0.994878
1.000000
0.855974
0.254183
0.779747
0.947599
0.782688
0.999521
0.905270
0.782706
0.300848
0.731404
0.000000
0.000000
0.971917
0.101885
0.904133
0.000000
0.798706
0.996654
0.990677
0.994976
0.000000
0.991785
0.999965
0.754018
0.269314
0.976020
0.000000
0.079354
0.997317
0.166122
1.000000
0.000000
0.111235
0.642198
0.159540
0.631843
0.689169
0.998573
0.998354
0.512179
0.995286
1.000000
0.472814
0.038796
0.999423
0.082321
0.977947
0.580486
0.687312
0.999855
0.000000
0.323148
0.995379
0.431713
0.934786
0.897542
1.000000
0.961355
0.523156
0.000000
1.000000
0.996878
0.988139
0.986289
0.999862
0.276235
0.000000
0.966826
0.931462
0.705748
0.926288
0.945500
0.952071
0.681091
0.561978
0.176868
0.566372
0.082235
0.699144
0.112616
0.913976
0.993348
0.955798
0.191773
0.992953
0.550935
0.901539
0.946401
0.221071
0.559062
0.982063
0.983588
0.223827
0.963026
0.949697
0.934276
0.993029
0.000000
0.981761
0.058432
0.660198
0.999472
0.541214
0.357258
0.305197
0.957462
0.871981
0.510236
1.000000
0.000000
0.953831
0.999999
0.999999
0.999039
0.344997
0.172008
0.920249
0.999868
0.095775
1.000000
0.873005
0.000000
0.999148
0.850069
0.274472
0.998607
0.997166
0.000000
0.999976
0.410792
0.596931
0.938867
0.998693
0.165902
0.654611
0.564018
0.967853
0.286307
0.843036
0.000000
0.697744
0.888649
0.997425
0.000000
0.884194
0.968282
0.128271
0.661352
0.516644
0.627223
0.000000
0.429049
0.185972
0.907161
0.531103
0.000000
0.960261
0.834090
0.997019
0.994551
0.000000
0.955821
0.619569
0.188732
0.993303
0.992276
0.989350
1.000000
0.000000
0.588988
0.146815
0.679850
0.769041
0.253081
1.000000
0.209467
0.421477
0.419345
0.966740
0.999926
0.221450
0.999476
0.999997
0.147284
0.825122
0.666958
0.663245
0.597554
0.973348
0.649215
0.935081
0.000000
0.183231
0.300598
0.974569
0.308890
0.311422
0.899173
0.413990
0.883206
0.435580
0.281422
0.840150
0.999856
0.961315
0.616003
0.442742
0.740224
0.475480
0.928686
0.823333
0.678762
0.693736
0.389339
0.591567
0.999838
0.994763
0.986040
0.201883
0.292530
0.962096
0.230363
0.187536
0.998140
0.912242
0.763432
0.000000
0.999180
0.998882
0.987642
0.992280
0.070561
0.749401
1.000000
0.169940
0.522561
0.944076
0.940891
0.569798
0.717110
0.968927
0.996557
0.842749
0.883730
0.999977
0.517495
0.957581
0.341530
0.974279
1.000000
0.998893
0.287321
0.572735
0.999798
0.998565
1.000000
0.447180
0.979109
0.980453
0.737137
0.306654
0.971436
0.330489
0.823284
0.970433
0.999227
0.747155
0.228482
0.937331
1.000000
0.415054
0.276914
0.999987
0.992523
0.000000
0.924975
0.979680
0.921700
0.960240
0.000000
0.762010
0.864377
0.603804
0.063697
0.973888
0.000000
0.211183
0.999867
0.844778
0.836799
0.000000
0.999969
0.384546
0.980922
0.977566
0.000000
0.940501
0.279925
0.000000
0.664383
0.890516
0.998690
0.486790
0.523509
1.000000
0.883332
0.269597
0.206155
0.000000
0.000000
0.000000
0.000000
0.042882
0.323303
0.983953
0.803053
0.705914
0.432588
0.938205
0.193927
0.000000
0.999877
0.892729
0.670256
0.956602
0.876818
0.986898
0.469666
0.993058
0.468925
0.479148
0.997650
0.859524
0.000000
0.764825
0.631441
0.486408
0.482934
0.000000
0.469988
0.994565
0.733380
0.521756
0.999305
0.992419
0.802072
0.705138
0.000000
0.000000
0.181162
0.681032
0.220789
0.999967
0.998338
0.891688
0.334537
0.998413
0.885827
0.000000
0.170310
0.282910
0.857703
0.811660
0.557837
0.366130
0.976227
0.538908
0.996510
0.723878
0.063761
0.987164
0.931019
0.271212
0.981049
0.975422
0.713411
0.929928
0.816690
0.101191
0.902162
0.955892
0.000000
0.912535
0.000000
0.804373
0.483314
0.579698
0.600682
0.777480
0.999923
0.935317
0.635782
0.067295
0.956949
0.215121
0.464474
0.999522
0.067460
0.984020
0.000000
0.997746
0.000000
0.607556
0.825341
0.556084
0.988613
0.943310
0.000000
0.813674
0.000000
0.852716
0.907390
1.000000
0.000000
0.335582
0.818269
0.632663
0.935396
0.998113
0.244482
0.000000
0.000000
0.291787
0.869971
0.211645
0.902285
0.859581
0.846307
0.000000
0.161987
0.134641
0.955959
0.999953
0.990821
0.000000
0.999994
0.841926
0.796082
0.783198
0.984754
0.588652
0.974814
0.999694
0.544266
0.000000
0.000000
0.368019
0.765965
0.604822
0.910344
0.878350
0.450202
0.999432
0.512827
0.911239
0.096601
0.303454
0.614199
0.799195
0.982822
0.068945
0.956564
0.476849
0.168178
0.999947
0.162830
0.735044
0.000000
0.409576
0.958385
0.736089
0.984156
0.990209
0.620356
0.000000
0.777954
0.268841
0.897169
0.000000
1.000000
0.083170
0.984891
0.703823
0.401536
0.268356
0.424968
0.000000
0.843845
0.996248
0.000000
0.999995
0.082083
0.734197
0.670916
1.000000
0.992396
0.488657
0.999942
0.227542
0.392928
0.674403
0.997365
0.999798
0.175111
0.000000
0.678480
0.814260
0.192242
0.979340
0.989905
0.642600
0.311215
0.644020
0.230405
0.959810
0.812152
0.556103
0.836528
0.000000
0.000000
0.899248
0.329818
0.749287
0.116104
0.955724
0.967929
0.989109
0.196313
0.733934
0.566712
0.599544
0.955093
0.130532
0.994192
0.449732
0.939424
0.985408
0.943318
0.163975
0.000000
0.999104
0.913585
0.627694
0.000000
0.996914
0.296355
0.881615
0.106392
0.735616
0.999930
0.842803
0.831544
0.991392
0.999404
0.886279
0.955551
1.000000
0.999727
0.000000
0.982433
0.511557
0.054491
0.828062
0.940433
0.695298
0.932839
0.985757
0.000000
0.989573
0.385416
0.997918
0.426420
0.971966
0.060000
1.000000
0.867782
0.634145
0.988109
0.532717
0.294864
0.999973
0.977361
0.737727
0.925081
0.991509
1.000000
0.000000
0.874048
0.881532
0.718652
0.861436
0.150162
0.999895
0.000000
0.650372
0.719459
0.328341
0.977063
0.190656
0.999531
0.000000
0.448396
0.069510
0.000000
0.962091
0.992489
0.387657
0.939584
0.000000
0.968798
0.997245
0.694128
0.999503
0.563367
0.221143
0.135391
0.999997
0.229187
0.993246
0.917499
0.280652
0.995916
0.133304
0.516629
0.993206
0.232097
0.632134
0.226142
0.997928
0.754503
0.070229
0.998409
0.914629
0.828272
0.000000
0.999858
0.000000
1.000000
0.760724
0.991218
0.861872
0.240034
0.777935
0.000000
0.000000
0.238635
0.000000
0.779865
0.137270
0.999691
0.430250
0.288637
0.980860
0.947553
0.331047
0.000000
0.601942
0.940425
1.000000
0.186111
0.254895
0.913713
0.678536
0.000000
0.995541
0.819832
0.999436
0.000000
0.726164
0.000000
0.762721
0.411090
0.684499
0.999946
0.932932
0.859399
0.988819
0.999820
0.940122
0.992074
0.906514
0.860894
0.000000
0.000000
0.719630
0.138368
0.279780
0.998827
0.999465
0.565242
0.096354
0.300818
0.000000
0.957750
0.000000
0.000000
0.942715
0.244479
0.667056
0.413715
0.000000
0.997453
0.489126
0.375751
0.094113
0.799963
0.995555
0.451214
0.866751
0.949464
0.998697
0.815044
0.998128
0.792338
0.974377
0.066352
0.121738
0.638514
1.000000
0.866411
0.496337
0.814075
0.000000
0.373562
0.000000
0.424182
0.832609
0.974373
0.999987
0.978113
0.713475
0.543660
0.780992
0.593486
0.545609
0.125467
0.000000
0.265150
0.944032
0.907570
0.144565
0.976227
0.794552
0.280515
0.986867
0.745605
0.999956
0.000000
0.663425
0.000000
0.720271
0.805115
0.233247
0.000000
0.111165
0.994319
0.000000
0.854042
1.000000
0.999958
0.805048
0.999572
0.974487
0.971730
0.999462
0.271224
0.989505
0.832804
0.065910
0.707021
0.325409
0.739592
0.634772
0.915185
0.997824
0.763121
0.771410
0.000000
0.914988
0.977586
0.950295
0.997674
0.484067
0.973486
0.853140
0.927405
0.850788
0.000000
0.823017
0.985853
0.629615
0.940818
0.953767
0.263145
0.686850
1.000000
0.998902
0.376188
0.536104
0.000000
0.990282
0.000000
0.964693
0.211622
1.000000
0.273413
0.148320
0.000000
0.419014
0.540526
0.191615
0.712936
0.919419
0.997107
0.295061
0.977997
0.000000
0.416531
0.343803
0.992759
0.942002
0.226652
0.564987
0.000000
0.941102
0.990204
0.154614
0.980177
0.089526
0.897935
0.250072
0.943771
0.174109
0.988634
0.999887
0.875185
0.013878
0.663689
0.835266
0.997757
0.857857
0.226590
0.000000
0.976990
0.000000
0.855992
0.989328
0.000000
0.824705
0.608204
0.967088
0.073636
0.990533
0.974572
0.131258
0.988373
0.129777
0.800792
0.000000
0.907970
1.000000
0.793289
0.999993
0.756695
0.000000
0.056061
0.392329
0.165818
0.931600
0.000000
0.999926
0.900721
0.484064
0.780863
0.943846
0.994718
0.948584
0.999124
0.973831
0.744761
0.990847
0.998349
0.881699
0.997258
0.945326
0.689139
0.687901
0.000000
0.224083
0.000000
0.997599
0.864013
0.540490
0.000000
0.997024
0.971076
0.199151
0.882411
0.987948
0.146064
0.522748
0.102552
0.923219
0.988722
0.999761
0.519560
0.944800
0.999999
0.288263
0.985319
0.000000
0.425514
0.295049
1.000000
0.936201
0.494117
0.198764
0.741760
0.895156
0.971502
0.999998
1.000000
0.000000
0.015315
0.340502
0.455066
0.783359
0.313286
0.529750
0.659216
0.417305
0.559932
0.999774
0.169660
0.820059
0.076915
0.790407
0.709852
1.000000
0.934449
0.404916
0.000000
0.000000
0.499207
0.723887
0.528484
0.105316
0.629896
0.984011
0.876970
0.246372
0.994854
0.478033
0.940636
0.356579
0.670667
0.653538
0.999656
0.630798
0.108776
0.994571
0.711115
0.971703
0.999348
0.325797
0.930754
0.902264
0.999181
0.725842
0.622512
0.293365
1.000000
0.956714
0.999617
0.365745
0.000000
0.920556
0.000000
0.742794
0.534024
0.000000
0.985948
0.954542
0.065556
0.755564
0.820229
0.000000
0.981086
0.691484
0.700502
0.892592
0.000000
0.335520
0.659946
0.000000
0.998232
0.000000
1.000000
0.999997
0.821860
0.983561
1.000000
0.996956
0.962403
0.620975
1.000000
0.999725
0.000000
0.999988
0.999998
0.889600
0.999579
0.206602
0.326488
0.958753
0.000000
0.891043
0.979353
1.000000
0.511229
0.999874
1.000000
0.822598
0.000000
0.894305
0.971570
0.000000
0.969699
0.602902
1.000000
0.507671
0.878296
0.558817
0.089602
0.000000
0.101462
0.999983
0.788113
0.000000
0.245760
0.999797
0.272962
0.152943
0.139998
0.951317
0.325235
0.056014
0.924499
0.999857
0.976066
0.474190
0.897716
0.979316
0.999930
0.732475
0.839270
0.977910
0.323989
0.789621
0.944562
0.000000
1.000000
0.671753
0.979171
0.220016
0.712657
0.000000
0.948672
0.000000
0.000000
1.000000
0.000000
0.990415
0.943215
0.999340
0.627385
0.799766
0.445630
0.395613
0.630730
0.950959
0.999149
0.192305
0.000000
0.938370
0.103290
0.889612
0.000000
0.007896
0.920230
0.871901
0.000000
0.000000
0.999983
0.966024
0.933865
0.954806
0.323909
0.258226
0.969883
0.510187
0.982511
0.337030
0.000000
1.000000
0.000000
0.983683
0.818916
0.601608
0.000000
0.174129
0.000000
0.989323
0.998445
0.988803
0.981663
0.979705
0.959096
0.052162
0.999613
0.551109
0.940236
0.999064
0.973455
0.907803
0.842054
0.960579
0.951688
0.591705
0.736707
0.999962
0.774148
0.993866
0.501052
0.714710
0.642322
0.194311
0.985131
0.358390
0.470803
0.960883
0.128558
0.341241
0.000000
0.999836
0.929514
0.359786
0.900650
0.472869
0.220586
0.594026
0.638720
0.103930
0.213739
0.799921
0.991574
0.000000
0.999985
0.454503
0.000000
0.453733
0.897440
0.999042
0.816310
0.168209
0.734372
0.770617
0.994500
0.609950
0.000000
0.000000
0.000000
0.995852
0.751820
0.106122
0.949858
0.999985
0.915893
0.139656
0.818819
0.820103
0.000000
0.493409
0.000000
0.960846
0.000000
0.000000
0.966876
0.235346
0.433648
0.997525
0.932409
0.000000
0.956381
0.686997
0.855181
0.991391
0.537521
0.985939
0.922364
0.903643
0.970746
0.000000
0.046885
0.686264
0.675857
0.999884
0.804506
0.461199
0.908600
0.937806
0.565415
0.164933
0.503376
0.556413
0.746846
0.116897
0.887396
0.120373
0.602554
0.166452
0.624822
0.861352
0.000000
0.975149
0.971555
0.988811
0.999999
0.620918
0.999390
0.000000
0.952671
0.035810
0.941103
0.994852
0.328217
0.940313
0.653075
0.932170
0.991575
0.227746
0.028531
0.226259
0.000000
0.998318
0.666851
1.000000
0.000000
0.868624
0.825863
0.992710
0.000000
0.000000
0.380919
0.992571
0.150529
0.235740
0.976740
0.309879
0.864067
0.888003
0.273229
0.999504
0.985296
0.095850
0.471392
1.000000
0.000000
0.883675
0.000000
0.744606
0.531830
0.828167
0.000000
0.684209
0.318857
0.727106
0.965721
0.532378
0.948668
0.995099
0.705496
0.000000
0.962004
0.768696
0.993479
0.851536
0.404225
0.533186
0.065162
0.000000
0.982880
0.966382
1.000000
0.899250
0.818494
0.617958
0.000000
0.572956
0.984638
0.262868
0.526344
0.660325
0.996178
0.825259
0.123174
0.179763
0.000000
0.977365
0.628408
0.000000
0.888656
1.000000
0.991646
0.740495
0.000000
0.999998
0.520549
0.311615
0.997427
0.163534
0.000000
0.740303
0.161062
0.446981
0.000000
0.372611
0.999996
0.740945
0.998861
0.561687
0.999984
0.999834
0.687600
0.997810
0.991215
0.000000
0.000000
0.560553
0.000000
0.000000
0.960942
0.696664
0.162533
0.998266
0.137058
0.999960
0.317659
0.996050
0.066137
0.344626
0.999101
0.214456
0.991106
0.185157
0.050829
0.999721
0.989517
0.000000
0.727287
0.121833
0.530655
0.590382
0.611993
0.589830
0.942199
0.508598
0.973055
0.943274
0.996434
0.984373
0.384247
0.758643
0.877556
0.000000
0.996950
0.958219
1.000000
0.982607
0.105622
0.987382
0.998238
0.999999
0.976266
1.000000
0.790692
0.250311
0.370086
0.737850
0.881559
0.985852
0.900294
0.996130
0.993630
0.999995
0.997977
0.984608
0.100412
0.736018
0.738815
0.747831
0.155760
0.999901
0.310274
0.000000
0.000000
0.000000
0.253576
0.887120
0.221423
0.484002
0.578319
0.536822
0.999853
0.999568
0.783496
0.853993
1.000000
0.999754
0.000000
0.669899
0.347856
0.384149
0.999261
0.839554
0.681554
0.210294
1.000000
0.950188
0.422161
0.466732
0.767796
1.000000
0.000000
0.999723
0.071415
0.188500
0.372019
0.923039
0.544486
0.930031
0.668974
0.998638
0.852505
0.714961
0.000000
0.325103
1.000000
0.884644
0.204038
0.986110
0.986691
0.922412
0.906207
0.000000
0.807275
0.000000
0.155630
0.743074
0.000000
0.374873
0.837054
0.131149
0.977627
0.998718
0.000000
0.919390
0.000000
0.911850
0.944334
0.005020
0.674294
0.000000
1.000000
0.000000
0.427959
0.952474
0.557802
0.999994
0.000000
0.451053
0.982614
0.999613
0.594619
0.757958
0.867337
0.999706
0.481796
0.000000
0.154609
0.566598
0.383998
0.754850
0.513418
0.000000
0.873833
0.981882
0.747719
0.170315
0.268852
0.300979
0.152275
0.746450
0.959542
0.135953
0.914804
0.440596
0.884228
0.510246
0.977900
0.795176
0.913663
0.999260
0.101244
0.999883
0.893626
0.143619
0.980479
0.983927
0.991572
0.444952
0.667610
0.837512
0.062420
0.883749
0.863304
0.082167
0.999436
0.000000
0.827907
0.999615
0.000000
0.267167
0.000000
0.000000
0.000000
1.000000
0.000000
0.999999
0.382904
0.999991
0.872325
0.711405
0.000000
0.000000
0.999041
0.893134
0.407126
0.783635
0.000000
0.120407
0.829858
0.999722
0.147317
0.993231
0.000000
0.983579
0.000000
0.947510
0.997034
0.000000
0.305892
0.590836
0.000000
0.000000
0.814865
0.978579
0.000000
0.257958
0.280111
0.358738
0.999924
0.000000
0.835300
0.910453
0.970505
0.000000
0.999833
0.000000
1.000000
0.891116
0.895876
0.000000
0.106273
0.610218
0.365619
0.094748
0.000000
0.975168
0.672001
0.000000
0.996626
0.000000
0.710242
0.999594
0.379495
0.978864
1.000000
0.892243
0.972821
0.855809
0.000000
0.000000
0.409675
0.904152
0.993275
0.701040
0.000000
0.637643
0.213271
0.000000
0.000000
0.879268
0.339915
0.713085
0.987865
0.495893
0.851634
0.104361
0.021567
0.000000
0.470704
0.685843
0.659205
0.937720
0.464588
0.618799
0.982247
0.240350
0.000000
1.000000
1.000000
0.104397
1.000000
0.570233
0.992498
0.940268
0.000000
0.000000
0.999988
0.618045
0.993891
0.000000
0.000000
0.000000
0.999321
0.196622
0.979635
0.660760
0.983579
0.115083
0.762743
0.985988
0.726704
0.344387
0.802111
0.000000
0.999788
0.824298
0.000000
0.405766
0.000000
0.999969
0.448428
0.999873
0.000000
0.000000
0.125438
0.974737
0.934230
0.890231
0.688840
1.000000
0.437332
0.831964
0.580311
0.999443
0.982767
0.103274
0.854981
0.571003
0.244271
0.065582
0.998945
0.923017
0.000000
0.453389
0.086320
0.571409
0.619955
0.000000
0.997763
0.168301
1.000000
0.870410
0.325965
0.906861
0.390302
0.987619
0.871894
0.990633
1.000000
0.079293
0.000000
0.370264
0.054416
0.653821
0.738012
0.700484
0.999380
0.000000
0.958217
0.690980
0.978031
0.000000
0.953183
1.000000
0.624265
0.864687
0.939661
0.928410
0.690284
0.993482
0.000000
0.586543
0.990783
0.000000
0.949355
0.696278
0.836654
0.497606
0.526376
0.983180
0.569525
0.461726
0.946356
0.828308
0.570814
0.000000
0.688473
0.182380
0.941937
0.201836
0.713042
0.640321
0.256197
0.211736
0.000000
0.597743
0.998906
0.553827
0.584822
0.761993
0.573741
0.000000
0.719733
0.950749
0.999724
0.924509
0.314964
0.240798
0.999810
0.829315
0.527070
0.000000
0.876909
0.892359
0.747035
0.901135
0.970953
0.848609
0.955559
0.999664
0.999148
0.541925
0.999160
0.184735
0.940386
0.983264
0.973123
0.448662
0.366034
0.987764
0.999985
0.000000
0.000000
0.000000
0.985844
1.000000
0.000000
0.966420
0.061990
0.977539
0.495446
0.110868
0.920909
0.999520
0.392315
0.669765
0.205813
0.346789
0.000000
1.000000
0.426820
0.000000
0.238446
0.841342
0.072650
0.999474
0.000000
0.978419
0.160019
0.217859
0.624417
0.980845
0.000000
0.504156
0.990398
0.623148
0.999636
0.994732
0.960733
0.710459
0.999495
0.780596
0.000000
1.000000
0.443166
0.974080
0.915481
0.659857
0.981366
0.529071
0.294882
0.917226
1.000000
0.187816
0.999819
0.626423
0.999978
0.297675
0.176240
0.991882
0.535198
0.243156
0.968792
0.000000
0.000000
0.886188
0.812357
0.000000
0.639077
0.211657
0.868676
0.999112
0.302082
0.947219
0.999416
0.000000
0.978758
0.843755
0.260079
0.000000
0.998554
0.264331
0.166065
0.489370
0.672095
0.950756
0.965732
0.307923
0.000000
0.498620
0.991828
0.688404
0.850791
0.476425
0.837110
0.000000
0.049610
0.417271
0.531187
0.999080
0.741939
0.426536
0.522473
0.999922
0.779262
0.636196
0.920171
0.631286
0.690680
0.870830
0.977621
0.549179
0.418807
0.869972
1.000000
0.726164
0.971956
0.993168
0.160469
0.995711
0.884512
0.000000
0.812703
0.991843
0.589654
0.432445
0.979852
0.999791
0.999991
0.993668
0.998057
0.892665
0.808084
0.497118
0.982480
0.693249
0.642855
0.388476
0.994934
0.545578
0.999061
0.956435
0.548346
0.864548
0.000000
0.854002
0.993411
0.673041
0.289319
0.000000
0.180022
0.949928
1.000000
0.944420
0.303577
0.831625
0.997362
0.966390
0.937333
0.999993
0.815328
0.485867
0.996868
0.999948
0.982620
0.592520
0.000000
0.672856
0.999924
0.944723
1.000000
0.943528
0.825255
0.311383
0.109326
0.972944
0.435891
0.150720
0.905234
0.209505
0.847171
1.000000
0.997130
0.000000
0.359365
0.907466
0.000000
0.662640
0.999485
0.604136
0.492513
0.492846
0.827241
0.813042
0.985561
0.000000
0.624119
0.000000
0.959892
0.999716
0.000000
0.998515
0.997050
0.334024
0.076630
0.399843
0.953468
0.065317
0.975412
0.953526
0.999144
1.000000
0.999675
0.877307
0.133493
0.987763
0.999625
0.991201
0.974762
0.142787
0.018591
0.945593
0.490591
0.804456
0.801808
0.162768
0.944921
0.000000
0.165988
0.303963
0.649847
0.891356
0.959752
0.059944
0.000000
0.929855
0.000000
0.824251
0.000000
0.494747
0.050875
0.921856
0.988775
0.075227
0.328664
0.567157
0.000000
0.616469
0.998778
0.447573
0.657527
0.899185
0.759627
0.000000
0.000000
0.972776
0.648788
0.970635
0.793245
0.274959
0.000000
0.000000
0.227458
0.064754
0.515045
0.913172
0.000000
0.560705
0.703352
0.442036
0.536300
0.264217
0.572230
0.452812
0.000000
0.976569
0.956523
0.105720
0.773524
0.862805
0.989033
0.970007
0.000000
0.999810
0.999976
0.999989
0.000000
0.273946
0.879481
0.993576
0.973712
0.000000
0.935902
0.377655
0.470711
0.498255
0.000000
0.999703
0.911028
0.976246
0.867673
0.985585
0.000000
0.924202
0.932837
0.984243
0.000000
0.000000
0.370858
0.923408
0.999443
0.999888
0.130925
0.979864
0.994583
0.000000
0.844781
0.999736
0.335295
0.934735
0.461603
0.000000
0.971500
0.000000
0.852710
0.323120
0.000000
0.062302
0.370994
0.410522
0.999999
0.221134
0.000000
0.998971
1.000000
1.000000
0.955084
0.688454
0.999994
0.988600
0.295542
0.999999
0.678005
0.201158
0.391016
0.244207
0.000000
0.820852
0.000000
0.996386
0.997908
0.876329
0.977377
0.000000
