0.000000
0.000000
0.000978
0.000000
0.000000
0.000000
0.000000
0.000000
0.000000
0.000000
0.000000
0.000000
0.000000
0.043660
0.000000
0.000895
0.007482
0.000000
0.000000
0.000633
0.002941
0.000000
0.000000
0.000000
0.000000
0.002818
0.000000
0.000000
0.000000
0.000000
0.000000
0.000000
0.000000
0.351160
0.000000
0.000000
0.438961
0.000000
0.945734
0.014231
0.000000
0.000000
0.000000
0.000000
0.000000
0.000000
0.000000
0.000000
0.000000
0.000000
0.000000
0.000000
0.000000
0.000000
0.023916
0.000000
0.000000
0.000000
0.209001
0.000000
0.490385
0.000000
0.000000
0.000000
0.012818
0.000000
0.000000
0.259338
0.000000
0.029914
0.000000
0.083472
0.000000
0.000000
0.000000
0.000000
0.001954
0.000000
0.000000
0.000000
0.000000
0.000000
0.000000
0.000000
0.000000
0.000000
0.000000
0.000000
0.000000
0.000000
0.000000
0.000000
0.000000
0.000000
0.000000
0.000000
0.000000
0.000000
0.000000
0.000000
0.145851
0.000000
0.000000
0.000000
0.000000
0.000000
0.000000
0.000000
0.006228
0.000000
0.000000
0.001578
0.000000
0.022553
0.000000
0.000000
0.236826
0.000028
0.000000
0.000000
0.002157
0.000007
0.000000
0.000000
0.000000
0.000082
0.000000
0.000000
0.005327
0.581008
0.000000
0.000000
0.000000
0.000000
0.000000
0.000000
0.000000
0.000000
0.000000
0.000000
0.000000
0.000000
0.000000
0.000000
0.000005
0.001330
0.009422
0.003041
0.000000
0.000000
0.000000
0.000000
0.000000
0.000000
0.000000
0.000000
0.000000
0.000000
0.000000
0.000000
0.007586
0.000000
0.000000
0.014174
0.030241
0.011907
0.000000
0.008661
0.000000
0.000000
0.462031
0.000000
0.000000
0.000000
0.000000
0.000000
0.000000
0.000000
0.000000
0.000000
0.000000
0.000000
0.000000
0.005519
0.000000
0.000000
0.000000
0.000000
0.000000
0.000000
0.000000
0.010111
0.000000
0.000000
0.000401
0.000000
0.000000
0.000000
0.000000
0.301665
0.000000
0.000000
0.000000
0.287330
0.155453
0.000000
0.000000
0.000000
0.000000
0.000000
0.000000
0.000000
0.000000
0.000000
0.053938
0.000915
0.000000
0.000000
0.000000
0.000093
0.000000
0.000000
0.000000
0.000000
0.000000
0.000000
0.000000
0.000000
0.000000
0.000000
0.000000
0.000000
0.000000
0.228832
0.378753
0.000000
0.000000
0.000000
0.000000
0.000000
0.000000
0.000000
0.000000
0.000000
0.000000
0.000000
0.000000
0.000000
0.000000
0.000000
0.000000
0.000000
0.000000
0.000000
0.000590
0.000000
0.369723
0.000000
0.000000
0.000000
0.000193
0.000000
0.000536
0.000270
0.000000
0.000000
0.391675
0.000000
0.000000
0.000000
0.000000
0.008252
0.000000
0.000000
0.309424
0.000000
0.000000
0.000000
0.091015
0.000000
0.000000
0.258774
0.000000
0.000000
0.128333
0.000000
0.000173
0.000000
0.000000
0.000000
0.000000
0.000000
0.000000
0.000000
0.000000
0.000000
0.000000
0.000000
0.000000
0.000000
0.000000
0.000000
0.000000
0.169452
0.000173
0.000000
0.191774
0.000000
0.000000
0.000000
0.000000
0.108236
0.000000
0.050813
0.000000
0.000000
0.000717
0.000334
0.006552
0.000000
0.006434
0.000000
0.000000
0.000000
0.000000
0.472569
0.000000
0.000000
0.000000
0.021157
0.000000
0.000000
0.000000
0.095659
0.004865
0.000000
0.001266
0.000000
0.000000
0.000000
0.000000
0.000000
0.000000
0.000000
0.011916
0.000000
0.000000
0.000434
0.000000
0.000000
0.000000
0.000087
0.000000
0.029181
0.000000
0.224626
0.000000
0.000000
0.000000
0.000000
0.000000
0.000000
0.123632
0.000000
0.000000
0.000000
0.000007
0.000000
0.000000
0.000000
0.000003
0.000000
0.216398
0.000000
0.000653
0.000000
0.000389
0.000000
0.000000
0.000000
0.000000
0.007217
0.325785
0.006206
0.000000
0.000000
0.008779
0.000000
0.000000
0.000000
0.000000
0.000000
0.000000
0.000000
0.000101
0.000019
0.000000
0.000000
0.000000
0.000000
0.000000
0.000000
0.070748
0.000000
0.000000
0.000000
0.000000
0.000000
0.000000
0.010612
0.000000
0.000000
0.000000
0.026179
0.000000
0.156244
0.000000
0.000000
0.000000
0.000000
0.000000
0.000000
0.000000
0.000000
0.000000
0.000000
0.000000
0.000000
0.000000
0.000012
0.149768
0.000000
0.000000
0.000000
0.000000
0.048710
0.000000
0.000000
0.000000
0.011461
0.000000
0.000000
0.000000
0.000000
0.000000
0.000000
0.000000
0.000000
0.000000
0.000000
0.000000
0.000000
0.012224
0.000000
0.000000
0.000000
0.000000
0.000000
0.000000
0.000000
0.000000
0.000000
0.000119
0.152592
0.000000
0.000045
0.005181
0.000000
0.000000
0.000027
0.000000
0.000000
0.000000
0.000000
0.000000
0.017441
0.000000
0.000000
0.000000
0.000000
0.000000
0.000000
0.184751
0.000000
0.000000
0.000000
0.000019
0.000000
0.000000
0.014777
0.000000
0.000000
0.000000
0.002305
0.000000
0.000000
0.000031
0.593834
0.000000
0.000000
0.000000
0.000000
0.000000
0.054530
0.000000
0.009384
0.000000
0.000000
0.000000
0.000000
0.000009
0.000000
0.002246
0.000000
0.000000
0.011441
0.000000
0.000000
0.000000
0.514394
0.000000
0.000000
0.000000
0.000000
0.000000
0.000000
0.000000
0.000000
0.000000
0.000000
0.000000
0.000000
0.000000
0.000000
0.000000
0.000000
0.000000
0.000000
0.000000
0.000000
0.000000
0.000000
0.000000
0.142984
0.000000
0.000000
0.000000
0.000000
0.000000
0.000000
0.000000
0.016096
0.000000
0.000000
0.000000
0.000000
0.000000
0.000000
0.000000
0.000000
0.000367
0.000000
0.000000
0.000000
0.000000
0.000000
0.000000
0.000000
0.000000
0.000000
0.309920
0.000000
0.011148
0.232101
0.000000
0.000000
0.042054
0.000000
0.000000
0.000000
0.000000
0.539023
0.000000
0.000000
0.000000
0.000000
0.000164
0.000000
0.000000
0.000000
0.039106
0.000000
0.000000
0.000002
0.000000
0.005928
0.000050
0.000000
0.000000
0.000065
0.000000
0.000000
0.000000
0.000000
0.001348
0.000000
0.000000
0.000000
0.000000
0.026726
0.000000
0.000089
0.000000
0.000000
0.000000
0.042567
0.000000
0.000000
0.000000
0.000000
0.000000
0.001760
0.000000
0.020573
0.000000
0.000000
0.000000
0.008108
0.000000
0.792811
0.000000
0.001931
0.000005
0.000534
0.000000
0.000000
0.000000
0.000000
0.000000
0.000718
0.000000
0.000000
0.000000
0.046071
0.000000
0.000000
0.000040
0.000000
0.000000
0.011900
0.000000
0.000000
0.000000
0.000000
0.000000
0.000000
0.000000
0.000000
0.000000
0.000000
0.000562
0.000000
0.000000
0.000013
0.000000
0.000000
0.000000
0.107102
0.000000
0.000000
0.232727
0.000000
0.000000
0.000000
0.000000
0.000000
0.025363
0.000000
0.000000
0.165150
0.000000
0.000000
0.000000
0.000000
0.000251
0.000000
0.000000
0.000000
0.002557
0.000000
0.000000
0.519331
0.000000
0.000000
0.055499
0.000000
0.000000
0.000000
0.000000
0.000000
0.000000
0.000013
0.000000
0.000000
0.000000
0.000000
0.000000
0.000000
0.000000
0.000000
0.000000
0.208500
0.000000
0.000000
0.000000
0.004308
0.424233
0.000133
0.000000
0.045411
0.000000
0.000000
0.000000
0.000000
0.216001
0.000000
0.000000
0.000000
0.000000
0.000000
0.002573
0.000000
0.000000
0.000000
0.000000
0.017142
0.000000
0.000000
0.035301
0.000000
0.000000
0.045191
0.025954
0.000000
0.000000
0.000000
0.000000
0.251805
0.000000
0.000000
0.000000
0.000000
0.000000
0.036423
0.000000
0.000038
0.000000
0.000000
0.061346
0.000000
0.000000
0.000000
0.000000
0.000000
0.000000
0.000000
0.116070
0.000000
0.000039
0.000160
0.000000
0.012498
0.000000
0.000000
0.000000
0.000000
0.000000
0.000000
0.067479
0.000000
0.000000
0.000000
0.000000
0.000008
0.000000
0.000000
0.000000
0.000000
0.047547
0.000000
0.000000
0.000000
0.000000
0.000000
0.000000
0.000000
0.008680
0.000000
0.000357
0.000000
0.000000
0.017186
0.000000
0.000000
0.000000
0.000000
0.000000
0.000000
0.000000
0.000000
0.000000
0.000000
0.000000
0.000000
0.000000
0.000000
0.000000
0.000000
0.000000
0.000000
0.000000
0.000000
0.000000
0.000000
0.000000
0.000000
0.000000
0.000000
0.649614
0.000000
0.000000
0.000000
0.000000
0.000000
0.000000
0.000000
0.014266
0.000000
0.000000
0.000000
0.000000
0.004095
0.000000
0.000000
0.000000
0.000000
0.002461
0.000000
0.000000
0.000000
0.000000
0.000000
0.000857
0.000000
0.000000
0.000000
0.000000
0.000000
0.000000
0.005875
0.000053
0.006059
0.000000
0.000590
0.000000
0.000000
0.000000
0.000000
0.001485
0.000000
0.000000
0.000000
0.000000
0.000000
0.000000
0.000000
0.000000
0.000000
0.000079
0.000000
0.004677
0.000288
0.083025
0.000000
0.000000
0.000000
0.000000
0.000000
0.000000
0.000000
0.000000
0.000006
0.000000
0.000560
0.000000
0.000000
0.065902
0.049576
0.000000
0.000000
0.000000
0.000000
0.000000
0.000000
0.000000
0.000054
0.000000
0.000000
0.000000
0.000000
0.000000
0.000000
0.000000
0.000000
0.000000
0.389679
0.000888
0.003233
0.000000
0.455161
0.000000
0.000000
0.000000
0.003169
0.000000
0.000000
0.000000
0.000000
0.273680
0.128324
0.007957
0.024332
0.000000
0.000000
0.001547
0.000066
0.000000
0.009095
0.000000
0.000000
0.000002
0.000000
0.000000
0.000000
0.000000
0.000000
0.000000
0.000000
0.000367
0.000000
0.000000
0.000000
0.017215
0.000005
0.000000
0.000000
0.000000
0.000000
0.000000
0.000000
0.000000
0.000000
0.000000
0.000000
0.000000
0.000000
0.000000
0.000000
0.759058
0.000000
0.000000
0.000000
0.000000
0.000000
0.000000
0.000000
0.000000
0.000000
0.031822
0.077123
0.897980
0.000000
0.046607
0.154819
0.000000
0.000000
0.000000
0.000000
0.000000
0.000000
0.000000
0.000000
0.000000
0.000000
0.000000
0.000000
0.074957
0.000000
0.000000
0.000000
0.000000
0.000000
0.000000
0.001585
0.000000
0.000000
0.000000
0.000000
0.000000
0.000000
0.000000
0.019104
0.373981
0.010776
0.000000
0.000305
0.000000
0.000000
0.000000
0.000000
0.000000
0.000429
0.000000
0.003777
0.000000
0.000919
0.000000
0.004126
0.000000
0.008560
0.000000
0.030603
0.085128
0.000000
0.000000
0.955569
0.000000
0.000000
0.000000
0.000000
0.010816
0.000000
0.000000
0.000000
0.000000
0.000000
0.000000
0.000000
0.000000
0.011039
0.000000
0.000000
0.000000
0.000000
0.000000
0.000000
0.000000
0.021540
0.000000
0.000000
0.024012
0.000049
0.000000
0.000000
0.000000
0.000000
0.000000
0.000000
0.000005
0.000000
0.000000
0.000745
0.000183
0.000000
0.000000
0.000000
0.001516
0.000000
0.000000
0.000000
0.059384
0.000000
0.000000
0.030631
0.000000
0.000000
0.000000
0.000000
0.000000
0.000000
0.003251
0.015878
0.000000
0.000000
0.000000
0.000000
0.000000
0.000000
0.052647
0.000000
0.000000
0.000000
0.000000
0.000000
0.000000
0.000000
0.000000
0.000000
0.000000
0.000000
0.000000
0.000000
0.000000
0.000000
0.000000
0.000281
0.000000
0.259573
0.000000
0.000000
0.000000
0.000000
0.107049
0.000000
0.000000
0.000895
0.000000
0.000000
0.000000
0.000000
0.003596
0.000000
0.000000
0.000000
0.471813
0.006143
0.000000
0.000000
0.000000
0.000261
0.514335
0.000000
0.000000
0.000000
0.000000
0.000094
0.000000
0.000000
0.000000
0.000000
0.000000
0.000000
0.000000
0.000000
0.000000
0.000000
0.000000
0.000000
0.000000
0.000000
0.000000
0.000000
0.000000
0.000000
0.000000
0.000000
0.000000
0.000000
0.000000
0.000000
0.000000
0.000000
0.000000
0.000000
0.000000
0.021442
0.000000
0.000000
0.000000
0.000000
0.000000
0.000000
0.000000
0.000012
0.317650
0.041848
0.000000
0.000000
0.000000
0.000000
0.039697
0.000000
0.001297
0.000000
0.000000
0.000000
0.005541
0.000000
0.000000
0.000000
0.015388
0.000000
0.000000
0.000000
0.000000
0.000000
0.233639
0.000000
0.000000
0.059204
0.000000
0.000000
0.000000
0.011097
0.000000
0.000000
0.000000
0.349083
0.000000
0.000000
0.000000
0.788617
0.000000
0.004102
0.000000
0.000047
0.000034
0.000000
0.000000
0.000000
0.091852
0.000000
0.000000
0.000000
0.000000
0.000000
0.000000
0.000000
0.015573
0.003240
0.000000
0.933670
0.000000
0.000000
0.000000
0.000000
0.000000
0.000000
0.003744
0.000000
0.000000
0.000000
0.000000
0.000000
0.000000
0.000000
0.066744
0.000898
0.000000
0.000000
0.000000
0.000000
0.000000
0.000000
0.000000
0.000000
0.000000
0.009641
0.000000
0.000008
0.000043
0.000000
0.236587
0.000000
0.000000
0.031466
0.000000
0.000000
0.000403
0.000000
0.000000
0.000000
0.000000
0.000000
0.000000
0.043712
0.013229
0.000000
0.026272
0.000000
0.008826
0.000000
0.012986
0.000000
0.000000
0.000000
0.000000
0.000000
0.000000
0.000000
0.000000
0.000000
0.000000
0.000000
0.000000
0.000000
0.001628
0.411309
0.000000
0.000000
0.000000
0.000000
0.000000
0.000000
0.013168
0.000000
0.000000
0.000000
0.000000
0.000016
0.000032
0.032477
0.000000
0.000000
0.000000
0.000000
0.000000
0.000000
0.174449
0.000000
0.000000
0.000000
0.000000
0.000000
0.000000
0.018696
0.000000
0.000000
0.000000
0.000000
0.000000
0.189872
0.002906
0.000000
0.000000
0.000000
0.000000
0.081123
0.000000
0.000000
0.000000
0.000000
0.000000
0.000000
0.069109
0.000000
0.000000
0.000000
0.000000
0.000000
0.002117
0.000000
0.000000
0.000000
0.000000
0.000000
0.000000
0.000000
0.000000
0.000000
0.000000
0.000000
0.000000
0.000000
0.000000
0.000000
0.001021
0.000000
0.000000
0.018808
0.000000
0.000199
0.000000
0.000000
0.000000
0.630118
0.003230
0.110267
0.000000
0.000000
0.000000
0.000000
0.000000
0.000000
0.000000
0.000000
0.000000
0.000000
0.791999
0.000000
0.000000
0.000000
0.000000
0.000000
0.000000
0.000000
0.255795
0.000000
0.000000
0.122449
0.000000
0.000000
0.000000
0.000000
0.000000
0.000000
0.000000
0.000000
0.000000
0.000000
0.000000
0.000000
0.000000
0.000000
0.000000
0.000000
0.000000
0.000000
0.000000
0.001085
0.000000
0.000000
0.000000
0.000000
0.000000
0.000000
0.000000
0.041819
0.000000
0.000000
0.000000
0.005166
0.000000
0.000000
0.000000
0.000000
0.000000
0.010978
0.000000
0.000000
0.000000
0.000000
0.000000
0.000000
0.000000
0.060728
0.000000
0.000301
0.000000
0.000000
0.000000
0.120696
0.000000
0.000000
0.000000
0.000000
0.110909
0.000000
0.000000
0.000000
0.000000
0.000000
0.000004
0.000000
0.000000
0.000519
0.000000
0.000000
0.017252
0.000000
0.000000
0.018142
0.000000
0.000000
0.000000
0.000000
0.000000
0.000000
0.000000
0.000073
0.000000
0.013273
0.000679
0.000000
0.000000
0.000000
0.000000
0.000000
0.000000
0.004837
0.000000
0.000000
0.002000
0.000000
0.000000
0.000000
0.000000
0.000000
0.009514
0.000000
0.000000
0.000000
0.855449
0.000000
0.000000
0.196120
0.000000
0.000000
0.039388
0.000000
0.000000
0.000000
0.000000
0.000004
0.000000
0.000000
0.000000
0.000000
0.000000
0.020149
0.000000
0.000000
0.000000
0.000000
0.000000
0.000000
0.000000
0.001103
0.000000
0.009984
0.000000
0.000000
0.000000
0.000000
0.000000
0.067315
0.047512
0.000000
0.000000
0.000000
0.000000
0.000056
0.000000
0.000000
0.000000
0.000000
0.000000
0.000000
0.000000
0.000000
0.165082
0.000000
0.000000
0.000000
0.000000
0.000000
0.000000
0.475379
0.000000
0.000000
0.000000
0.132129
0.077197
0.000000
0.000000
0.000000
0.000000
0.000000
0.000000
0.000000
0.522730
0.000000
0.297295
0.000000
0.000000
0.000000
0.001736
0.000000
0.000000
0.006669
0.932262
0.000000
0.000000
0.000000
0.000068
0.000000
0.000000
0.000000
0.000000
0.004593
0.143010
0.000000
0.000000
0.000346
0.000000
0.000000
0.000000
0.000000
0.000000
0.000000
0.000000
0.029463
0.000000
0.008472
0.000000
0.000000
0.000000
0.000000
0.037770
0.000000
0.000000
0.000000
0.000000
0.134617
0.000000
0.000000
0.003502
0.000000
0.000000
0.000000
0.109185
0.000000
0.000000
0.000000
0.000000
0.000000
0.000000
0.000000
0.000000
0.000000
0.001822
0.000000
0.000000
0.006934
0.000000
0.000000
0.000000
0.000000
0.000000
0.000000
0.000000
0.004554
0.000000
0.027642
0.000000
0.000000
0.000000
0.000000
0.000000
0.000000
0.000732
0.132621
0.000000
0.000000
0.000000
0.000000
0.000000
0.000000
0.000000
0.000000
0.000000
0.000000
0.000000
0.000000
0.000000
0.000000
0.000016
0.000000
0.000000
0.000000
0.000000
0.000000
0.000000
0.000000
0.000000
0.000000
0.001668
0.049719
0.000000
0.000000
0.000000
0.000000
0.000000
0.000000
0.000000
0.000000
0.000000
0.000000
0.770064
0.000000
0.000000
0.031611
0.000000
0.005275
0.000142
0.019960
0.000000
0.028474
0.000000
0.000000
0.000000
0.000000
0.000000
0.000000
0.000000
0.000000
0.000000
0.597141
0.000000
0.000000
0.000000
0.000000
0.000000
0.000000
0.000000
0.000000
0.000000
0.000000
0.000000
0.008775
0.000000
0.000000
0.000000
0.000000
0.000000
0.000000
0.000000
0.000000
0.000000
0.000000
0.039390
0.000000
0.000441
0.000000
0.000000
0.000000
0.000000
0.000000
0.012949
0.000000
0.008968
0.143580
0.000000
0.000000
0.041302
0.000000
0.000000
0.000000
0.000000
0.000000
0.000000
0.000000
0.000000
0.000000
0.000000
0.000000
0.000000
0.000000
0.000000
0.000000
0.000000
0.000000
0.000000
0.000000
0.000000
0.000000
0.000000
0.000000
0.000000
0.000000
0.000000
0.001406
0.000000
0.000000
0.000000
0.000000
0.076041
0.000000
0.000000
0.165424
0.000000
0.136656
0.000000
0.000000
0.000000
0.000000
0.014645
0.000000
0.005404
0.000000
0.000000
0.009582
0.000000
0.000000
0.000000
0.000000
0.000733
0.000000
0.000000
0.000000
0.000000
0.000000
0.018739
0.000000
0.000000
0.000000
0.000000
0.000000
0.000000
0.000000
0.000000
0.000000
0.000000
0.000000
0.000000
0.000000
0.000000
0.000000
0.000000
0.000000
0.000000
0.006236
0.000000
0.000000
0.000117
0.000000
0.000003
0.003626
0.000000
0.000000
0.000000
0.000000
0.000000
0.000000
0.000000
0.003311
0.000000
0.000000
0.555400
0.000000
0.000000
0.000610
0.047687
0.156821
0.000000
0.000000
0.000076
0.011856
0.000167
0.028521
0.000000
0.000000
0.000000
0.015780
0.000032
0.035175
0.006879
0.197336
0.000000
0.000000
0.000000
0.004503
0.000048
0.000000
0.000000
0.000000
0.000000
0.000000
0.000000
0.000000
0.006242
0.000000
0.000000
0.012019
0.000002
0.000000
0.000000
0.000000
0.000000
0.000000
0.000000
0.000000
0.000000
0.000000
0.000000
0.000000
0.027395
0.092260
0.018565
0.015627
0.000000
0.000000
0.000000
0.000000
0.000000
0.000000
0.000000
0.000000
0.000000
0.000204
0.000000
0.000000
0.187492
0.001222
0.000029
0.000000
0.000000
0.000000
0.004665
0.006946
0.001337
0.000562
0.000000
0.000000
0.000000
0.000000
0.051744
0.050022
0.000000
0.000000
0.000000
0.000000
0.015166
0.000000
0.903416
0.000000
0.000000
0.000000
0.000000
0.000000
0.000000
0.000543
0.000000
0.000988
0.000000
0.000000
0.000000
0.201923
0.000000
0.000000
0.000000
0.000000
0.000000
0.411363
0.005839
0.000000
0.000000
0.000000
0.001329
0.000000
0.000000
0.000000
0.000000
0.000000
0.000000
0.006454
0.000000
0.000000
0.048907
0.001052
0.000000
0.026138
0.000000
0.283774
0.000000
0.002831
0.000000
0.105323
0.000000
0.001134
0.054396
0.000000
0.000000
0.001339
0.000000
0.000000
0.000000
0.000000
0.000000
0.000000
0.000000
0.038527
0.000000
0.000000
0.000000
0.000000
0.001482
0.000059
0.000000
0.000000
0.000000
0.000000
0.048358
0.000000
0.000000
0.000000
0.000854
0.000000
0.000000
0.000000
0.000000
0.009202
0.000970
0.000000
0.000000
0.000000
0.000000
0.453655
0.000000
0.000000
0.000000
0.000000
0.017131
0.000000
0.000000
0.000000
0.000712
0.000000
0.000000
0.001488
0.000000
0.002640
0.000000
0.000000
0.000070
0.000000
0.000000
0.000000
0.000000
0.000000
0.207133
0.000000
0.850960
0.000000
0.000000
0.000000
0.000000
0.000000
0.000000
0.000000
0.014133
0.000000
0.000000
0.000000
0.000099
0.132140
0.000000
0.000000
0.000000
0.203358
0.000000
0.000000
0.000000
0.000000
0.000000
0.000000
0.000000
0.002776
0.000000
0.000000
0.149549
0.000000
0.000000
0.000000
0.000000
0.000000
0.000000
0.000000
0.000000
0.000000
0.000000
0.000000
0.000000
0.000000
0.000000
0.000000
0.658568
0.000000
0.000000
0.000000
0.022674
0.000003
0.000000
0.000000
0.000000
0.000000
0.151357
0.000000
0.000000
0.000000
0.000000
0.000000
0.000000
0.000000
0.000000
0.000000
0.000000
0.000000
0.000000
0.000000
0.000000
0.000087
0.000000
0.000000
0.000000
0.000000
0.722204
0.000000
0.000000
0.000000
0.000000
0.005665
0.000000
0.012128
0.106463
0.000000
0.000000
0.000000
0.252244
0.000000
0.810020
0.000000
0.000000
0.000000
0.000000
0.066846
0.158541
0.211029
0.000000
0.000000
0.000000
0.000000
0.000000
0.246770
0.003456
0.000000
0.000000
0.028606
0.000000
0.000000
0.000000
0.039342
0.032980
0.000034
0.000000
0.000000
0.000000
0.000000
0.000000
0.220998
0.000000
0.000000
0.000663
0.000000
0.000000
0.000000
0.000000
0.000504
0.000000
0.000000
0.000000
0.000000
0.000000
0.000000
0.000000
0.000000
0.000000
0.000000
0.000000
0.000000
0.526314
0.000000
0.000140
0.000000
0.000000
0.000000
0.000000
0.000000
0.000000
0.000000
0.000000
0.000000
0.013274
0.000000
0.000000
0.000000
0.018239
0.066911
0.000000
0.000000
0.000000
0.000000
0.000000
0.000000
0.008868
0.000000
0.000000
0.086656
0.000000
0.000000
0.002270
0.000000
0.199654
0.000000
0.000000
0.000560
0.000473
0.070543
0.000000
0.000000
0.000000
0.000000
0.172091
0.002095
0.000000
0.000000
0.000000
0.039198
0.000000
0.000000
0.002394
0.000000
0.000000
0.006826
0.000000
0.002182
0.200985
0.000000
0.000000
0.000000
0.646666
0.000000
0.000000
0.000000
0.008947
0.000000
0.000000
0.000000
0.108893
0.000000
0.000000
0.000000
0.000000
0.000000
0.150457
0.000000
0.000000
0.000000
0.111467
0.000000
0.000000
0.000000
0.000000
0.000000
0.000000
0.000000
0.000000
0.000000
0.000000
0.002474
0.000000
0.000000
0.000000
0.000000
0.000000
0.000000
0.000000
0.000000
0.027256
0.000000
0.000026
0.000000
0.000000
0.000000
0.000000
0.000000
0.066727
0.000000
0.168295
0.033836
0.000000
0.000000
0.000000
0.000000
0.000000
0.000000
0.090289
0.000000
0.000000
0.000000
0.000000
0.000000
0.000000
0.078872
0.000000
0.000000
0.000000
0.000000
0.000000
0.000152
0.000000
0.000000
0.000000
0.000000
0.000000
0.000000
0.000000
0.000000
0.000000
0.000000
0.000000
0.000000
0.000000
0.000000
0.000000
0.000000
0.000000
0.000000
0.000000
0.000000
0.000000
0.000000
0.000000
0.000000
0.000000
0.000000
0.000000
0.000000
0.000000
0.000000
0.000000
0.000000
0.012062
0.000000
0.000000
0.000000
0.000000
0.000000
0.000000
0.238607
0.000000
0.000000
0.000000
0.000000
0.000000
0.000000
0.000000
0.000000
0.000000
0.000000
0.000000
0.000000
0.000000
0.000000
0.000000
0.000000
0.000000
0.000000
0.000000
0.000000
0.000000
0.000000
0.000000
0.103211
0.000000
0.000000
0.000000
0.000000
0.000000
0.000000
0.000000
0.000000
0.000000
0.000000
0.000000
0.000000
0.000000
0.000000
0.062144
0.000000
0.000000
0.000000
0.000000
0.051130
0.000006
0.000000
0.000000
0.000000
0.000000
0.064521
0.000000
0.000000
0.030960
0.019135
0.891882
0.000000
0.000000
0.065567
0.000000
0.000000
0.000000
0.000000
0.000012
0.000000
0.000000
0.147555
0.000000
0.000000
0.000000
0.473664
0.000000
0.000000
0.000000
0.024489
0.000000
0.000000
0.000000
0.000000
0.165925
0.000000
0.000000
0.000000
0.415071
0.004686
0.000000
0.000000
0.000000
0.000000
0.000000
0.000000
0.000000
0.000000
0.000000
0.000000
0.000000
0.000000
0.042765
0.000000
0.000000
0.000000
0.000000
0.000000
0.000000
0.000000
0.000000
0.000282
0.000000
0.000000
0.000000
0.000000
0.000000
0.000000
0.162781
0.127945
0.001191
0.000000
0.000000
0.000000
0.000000
0.000000
0.001926
0.033961
0.000000
0.000141
0.000000
0.000000
0.000000
0.000000
0.004017
0.133428
0.000000
0.000000
0.000000
0.000000
0.000000
0.000000
0.145933
0.000000
0.000202
0.000000
0.000000
0.000000
0.026500
0.026270
0.000000
0.000000
0.009603
0.000000
0.000000
0.000000
0.016745
0.031435
0.000000
0.000000
0.000000
0.025239
0.000000
0.000000
0.000000
0.000000
0.005689
0.029733
0.000000
0.000082
0.000000
0.000000
0.000000
0.000000
0.000000
0.001281
0.000000
0.000000
0.000000
0.000150
0.000000
0.000000
0.000000
0.000000
0.000000
0.000000
0.000000
0.890910
0.009015
0.013662
0.000000
0.000000
0.000000
0.187679
0.000000
0.013640
0.000121
0.000000
0.000000
0.000000
0.000000
0.000341
0.000000
0.000633
0.000000
0.000000
0.000000
0.000000
0.067993
0.000000
0.000000
0.000000
0.000000
0.000000
0.000000
0.000000
0.000000
0.000000
0.004055
0.000000
0.000000
0.000000
0.000000
0.000014
0.000000
0.038298
0.000000
0.000000
0.000000
0.000000
0.000000
0.000000
0.000000
0.000000
0.000000
0.000000
0.000000
0.000000
0.001433
0.000000
0.000162
0.000000
0.000000
0.001446
0.000000
0.000000
0.003069
0.000000
0.000000
0.000000
0.000000
0.000000
0.000000
0.025809
0.000000
0.000000
0.000000
0.000000
0.023497
0.000000
0.000000
0.000000
0.000000
0.000000
0.000000
0.004267
0.000000
0.001896
0.000000
0.000000
0.000358
0.000000
0.000000
0.016559
0.000000
0.000000
0.000000
0.000000
0.000000
0.000000
0.000000
0.000000
0.000000
0.000000
0.000000
0.000000
0.000000
0.072606
0.000000
0.000000
0.046835
0.000000
0.000000
0.000000
0.000000
0.000000
0.000000
0.003463
0.000000
0.049171
0.000000
0.000770
0.000000
0.000000
0.067156
0.000012
0.000000
0.000001
0.000000
0.000000
0.000000
0.000000
0.000000
0.000326
0.020962
0.000000
0.948473
0.000000
0.000000
0.000000
0.000000
0.000000
0.000000
0.000000
0.000000
0.036708
0.006912
0.000000
0.002539
0.000000
0.000000
0.000000
0.000000
0.000000
0.000023
0.000000
0.000000
0.000000
0.007329
0.000000
0.000000
0.727698
0.000000
0.000000
0.000000
0.000000
0.000000
0.000000
0.000000
0.001615
0.020153
0.000000
0.057030
0.000000
0.000000
0.000881
0.000000
0.000000
0.000000
0.000000
0.000000
0.000000
0.000000
0.000000
0.014685
0.000000
0.000000
0.164058
0.000000
0.000000
0.000000
0.000000
0.000000
0.000000
0.000393
0.000000
0.000000
0.000000
0.000000
0.000000
0.000000
0.000000
0.131398
0.044129
0.000000
0.057939
0.471494
0.000000
0.003596
0.000000
0.013764
0.000000
0.000000
0.000000
0.000000
0.059523
0.000000
0.278140
0.000000
0.000000
0.000000
0.000000
0.000162
0.000000
0.000000
0.001482
0.000000
0.000000
0.000000
0.000000
0.000000
0.014106
0.000000
0.000000
0.000000
0.000000
0.000000
0.000000
0.000000
0.000000
0.000247
0.000000
0.021316
0.000000
0.000000
0.547063
0.000055
0.000000
0.344313
0.000000
0.000022
0.000000
0.000000
0.000000
0.000000
0.030894
0.000000
0.000006
0.000000
0.000000
0.000000
0.000000
0.000000
0.000000
0.000000
0.000000
0.000000
0.080392
0.000000
0.000000
0.000000
0.000000
0.000000
0.000000
0.008369
0.073574
0.000000
0.000000
0.021116
0.013258
0.017365
0.000000
0.220146
0.000000
0.000000
0.000000
0.033585
0.000000
0.000670
0.000000
0.000000
0.000000
0.000000
0.000000
0.000459
0.000000
0.000000
0.000000
0.000000
0.000000
0.000000
0.172703
0.000000
0.000000
0.000000
0.000000
0.000000
0.000000
0.000000
0.000000
0.056380
0.000000
0.000000
0.005476
0.000000
0.000000
0.000000
0.000000
0.000000
0.000000
0.000126
0.000000
0.000000
0.000000
0.000000
0.037941
0.012620
0.000000
0.000000
0.000000
0.000000
0.000256
0.000000
0.000000
0.000000
0.000000
0.000000
0.008140
0.000000
0.000000
0.029634
0.000000
0.000000
0.000000
0.000000
0.024737
0.000000
0.000000
0.000000
0.000000
0.000000
0.000000
0.256760
0.000000
0.000000
0.000000
0.000000
0.000000
0.000000
0.005451
0.000000
0.000000
0.000000
0.000000
0.000000
0.000000
0.000000
0.000000
0.000357
0.000000
0.000000
0.000000
0.000000
0.131464
0.000000
0.000000
0.000000
0.000000
0.000018
0.000000
0.000000
0.000000
0.000000
0.000000
0.000000
0.000000
0.000000
0.000000
0.000000
0.000000
0.000000
0.000000
0.000000
0.000058
0.000000
0.212455
0.000000
0.000000
0.000855
0.000000
0.000362
0.000000
0.000000
0.000000
0.000000
0.000000
0.000000
0.000000
0.000000
0.000000
0.035854
0.034070
0.005692
0.000000
0.000000
0.000321
0.000000
0.000000
0.018583
0.042178
0.000000
0.000000
0.000000
0.000000
0.000000
0.000000
0.000000
0.024293
0.000000
0.000000
0.060449
0.000000
0.009246
0.000000
0.000000
0.000000
0.000000
0.000000
0.000778
0.000000
0.000000
0.000000
0.000000
0.000000
0.000000
0.000000
0.000000
0.000000
0.000000
0.000000
0.000000
0.834946
0.000000
0.000000
0.000000
0.000000
0.000000
0.000000
0.000000
0.000000
0.000000
0.000000
0.000000
0.000000
0.000000
0.000000
0.005568
0.000000
0.000000
0.050782
0.000000
0.000012
0.000000
0.000000
0.000000
0.000000
0.000000
0.010746
0.000000
0.000000
0.000000
0.000000
0.000146
0.000000
0.000000
0.001510
0.004641
0.013771
0.004258
0.000000
0.000000
0.000000
0.000176
0.000000
0.000000
0.062748
0.000000
0.000000
0.000000
0.000000
0.000000
0.000000
0.000000
0.044903
0.000000
0.000000
0.000000
0.000000
0.000000
0.000000
0.000000
0.000000
0.001510
0.000000
0.000000
0.000000
0.073222
0.000000
0.000000
0.000000
0.000000
0.000000
0.000000
0.000000
0.000000
0.000000
0.000000
0.000000
0.000000
0.000000
0.000000
0.220634
0.000489
0.000000
0.000000
0.000000
0.000000
0.000000
0.000000
0.000562
0.000000
0.000000
0.000000
0.000000
0.000000
0.000000
0.000000
0.000000
0.000000
0.000000
0.000000
0.000000
0.000000
0.000000
0.000434
0.240024
0.000000
0.000000
0.000000
0.000000
0.000000
0.000019
0.000000
0.000000
0.000000
0.000000
0.000000
0.000000
0.000000
0.000000
0.001074
0.000000
0.000000
0.000000
0.000000
0.000000
0.000000
0.000000
0.000000
0.000000
0.000000
0.000000
0.000001
0.047274
0.000000
0.000000
0.000000
0.000000
0.000000
0.000000
0.000000
0.000000
0.000000
0.000000
0.000000
0.000000
0.000000
0.241146
0.007582
0.000020
0.010937
0.042620
0.000000
0.000000
0.000000
0.000000
0.000015
0.001244
0.000000
0.000000
0.205092
0.000000
0.000000
0.000000
0.000000
0.891580
0.078624
0.000000
0.000000
0.000000
0.000000
0.000000
0.000000
0.000000
0.000000
0.000000
0.000000
0.000000
0.000000
0.000000
0.000000
0.000000
0.008766
0.000000
0.000000
0.000000
0.189840
0.000000
0.000000
0.000000
0.000000
0.000000
0.000000
0.000000
0.000000
0.000000
0.000000
0.000000
0.000000
0.000000
0.000000
0.000000
0.000000
0.000000
0.000000
0.000000
0.000000
0.007469
0.220607
0.040495
0.000000
0.000000
0.000000
0.000000
0.000000
0.000000
0.000000
0.000000
0.000000
0.000000
0.000000
0.008703
0.000000
0.002859
0.000000
0.000000
0.000000
0.036357
0.000000
0.000000
0.000000
0.000000
0.000000
0.000000
0.000000
0.000000
0.061042
0.000000
0.000000
0.000000
0.000000
0.000000
0.000000
0.000000
0.000000
0.000000
0.001074
0.000000
0.000000
0.001671
0.014658
0.000000
0.000000
0.000000
0.000000
0.013269
0.143864
0.000000
0.000000
0.000000
0.000000
0.000817
0.089177
0.000000
0.000000
0.000000
0.000000
0.000032
0.000000
0.005638
0.000000
0.000000
0.000000
0.000104
0.000000
0.000000
0.000000
0.006769
0.000000
0.000000
0.000000
0.085666
0.000000
0.000000
0.000000
0.000000
0.000000
0.000000
0.000000
0.000000
0.000000
0.000000
0.000289
0.000000
0.000000
0.002180
0.000000
0.000000
0.000000
0.000000
0.000000
0.000000
0.015019
0.000000
0.000000
0.000000
0.000000
0.000000
0.000000
0.000000
0.000000
0.006900
0.000000
0.000000
0.000000
0.000000
0.000000
0.096486
0.000000
0.000000
0.000000
0.000000
0.000000
0.001534
0.000000
0.000000
0.000000
0.000076
0.000000
0.058423
0.000000
0.000031
0.000000
0.000000
0.000000
0.000685
0.000028
0.000000
0.000000
0.024102
0.000000
0.000000
0.197598
0.000000
0.000000
0.000000
0.944901
0.008231
0.001607
0.000659
0.000000
0.000000
0.000000
0.000000
0.000000
0.000000
0.000000
0.000000
0.000000
0.004335
0.000000
0.000000
0.000000
0.000000
0.000000
0.049738
0.000000
0.000000
0.000000
0.000000
0.230300
0.008274
0.000000
0.000000
0.000000
0.347829
0.000000
0.000000
0.000000
0.000000
0.000114
0.000000
0.429516
0.000363
0.000000
0.203099
0.000000
0.000000
0.000014
0.000000
0.002068
0.000000
0.000000
0.000307
0.000000
0.009210
0.000000
0.000000
0.000000
0.000000
0.000000
0.000000
0.012894
0.000000
0.024416
0.000000
0.000000
0.000000
0.000000
0.002323
0.000000
0.000000
0.000000
0.000000
0.004096
0.000000
0.000000
0.000000
0.000000
0.000000
0.000000
0.002156
0.000000
0.000000
0.000000
0.000000
0.000000
0.000000
0.041600
0.036027
0.000000
0.000000
0.000000
0.009048
0.000000
0.000000
0.000000
0.000000
0.000000
0.000000
0.000000
0.000000
0.000000
0.119733
0.000000
0.000000
0.000000
0.000000
0.000000
0.000000
0.000000
0.004427
0.000000
0.000000
0.024581
0.018945
0.001630
0.000000
0.114086
0.000000
0.095818
0.000000
0.000000
0.000000
0.000000
0.000000
0.009586
0.000408
0.000000
0.000000
0.000000
0.002787
0.000000
0.003475
0.410036
0.000000
0.000000
0.000000
0.000000
0.493211
0.000000
0.742046
0.000000
0.000000
0.000000
0.000000
0.056930
0.000000
0.000000
0.000000
0.000000
0.998065
0.000000
0.000000
0.000000
0.000000
0.000000
0.070255
0.000000
0.000000
0.000000
