0.000000
0.000000
0.000000
0.000000
0.000000
0.161420
0.000000
0.000000
0.000000
0.000000
0.000000
1.000000
0.000000
0.000000
0.000000
0.000000
0.000000
0.000000
0.000000
0.000000
0.000000
0.000000
0.000001
0.000000
0.000458
0.000000
0.000000
0.000000
0.000000
0.000000
0.563496
0.000000
0.132932
0.000000
0.000000
0.000000
0.052510
0.000000
0.000000
0.000000
0.000000
0.000000
0.000000
0.000000
0.000000
0.000000
0.000000
0.000000
0.000000
0.000000
0.000000
0.000000
0.000000
0.000000
0.000000
0.000000
0.000000
0.000000
0.000000
0.000000
0.000000
0.000000
0.000000
0.000006
0.000000
0.000007
0.000000
0.000000
0.000000
0.000000
0.000000
0.000000
0.000000
0.000000
0.000000
0.172893
0.000000
0.000000
0.000000
0.000000
0.000000
0.000000
0.000000
0.000000
0.000000
0.000000
0.000000
0.712517
0.000000
0.000000
0.000000
0.000000
0.000000
0.000000
0.000571
0.000000
0.000001
0.000000
0.000000
0.253479
0.000000
1.000000
0.000000
0.000000
0.000000
0.000068
0.000000
0.000000
0.000000
0.053953
0.000000
0.999998
0.000000
0.000000
0.000000
0.000000
0.000000
0.000000
0.000000
0.000000
0.000000
0.000000
0.000000
0.000000
0.000000
0.000000
0.000000
0.000000
0.000000
0.000000
0.000000
0.000000
0.000001
0.000000
0.000000
0.000000
0.000000
0.000411
0.000000
0.000000
0.000010
0.000000
0.000000
0.000000
0.000000
0.000000
0.909565
0.000000
0.000000
0.000000
0.000000
0.000000
0.000000
0.000000
0.000000
0.000000
0.000000
0.000000
0.000000
0.000000
0.000000
0.000000
0.000000
0.000000
0.000000
0.000000
0.000000
0.000000
0.000000
0.000000
0.000000
0.000000
0.000011
0.000000
0.000000
0.000000
0.000000
0.000000
0.000000
0.034244
0.000000
0.001213
0.000000
0.000000
0.000000
0.000000
0.000000
0.000000
0.000000
0.000000
0.000000
0.000000
0.000000
0.030636
0.000000
0.000000
0.000000
0.000000
0.000000
0.000000
0.000000
0.000000
0.000000
0.000000
0.000001
0.000000
0.000000
0.000000
0.000000
0.000000
0.000000
0.000000
0.000000
0.000000
0.000000
0.000000
0.000000
0.000000
0.000000
0.000000
0.000011
0.000000
0.000000
0.000000
0.000156
0.000000
0.000000
0.000000
0.747854
0.000000
0.000000
0.000000
0.000000
0.025573
0.000000
0.000000
0.000000
0.000000
0.000000
0.000000
0.000000
0.016144
0.000000
0.000000
0.000000
0.000000
0.000000
0.000000
0.000555
0.000000
0.000000
0.000000
0.000000
0.000000
0.000000
0.000000
0.000000
0.000000
0.000000
0.000000
0.000000
0.000000
0.000000
0.000000
0.000000
0.000000
0.000000
0.000024
0.000000
0.000000
0.000000
0.000000
0.000000
0.000000
0.000000
0.000000
0.000000
0.000000
0.000000
0.000000
0.000000
0.000000
0.000000
0.000000
0.000000
0.000000
0.146943
0.000000
0.000000
0.000000
0.000000
0.000000
0.000000
0.000000
0.000000
0.000000
0.000000
0.000000
0.000000
0.000000
0.985977
0.000021
0.406047
0.000000
0.000000
0.000000
0.000000
0.000000
1.000000
0.000000
0.000000
0.000000
0.000000
0.000000
0.000000
0.000000
0.000000
0.000000
0.000000
0.000083
0.000000
0.000000
0.000000
0.000000
0.000000
0.000000
0.000000
0.203971
0.000000
0.000000
0.000000
0.000000
0.000000
0.000000
0.000000
0.961076
0.000000
0.000000
0.000000
0.079618
0.000000
0.000000
0.983299
0.000000
0.000000
0.000000
0.000000
0.000000
0.000000
0.000000
0.000000
0.000000
0.000000
0.000000
0.000000
0.002294
0.000000
0.000000
0.000000
0.001755
0.009765
0.000000
0.000000
0.000000
0.000000
0.000000
0.000000
0.000000
0.000000
0.000000
0.000000
0.000000
0.024245
0.000000
0.000000
0.000000
0.000000
0.000000
0.000000
0.000000
0.000000
0.000000
0.000000
0.347540
0.000000
0.000606
0.527093
0.000000
0.000000
0.000000
0.000000
0.000000
0.000000
0.000000
1.000000
0.000000
0.000000
0.000000
0.000000
0.000000
0.000000
0.375554
0.000000
0.000000
0.000000
0.000000
0.000000
0.000000
0.000000
0.000000
0.000000
0.000000
0.000000
0.000000
0.000000
0.000000
0.000000
0.111634
0.000000
0.000000
0.013980
0.042115
0.000000
0.000000
0.000000
0.000000
0.000000
0.000000
0.003124
0.000000
0.000000
0.000000
0.000000
0.000000
0.004201
0.985233
0.000000
0.000000
0.000000
0.000003
0.000037
0.000000
0.000000
0.017482
0.000000
0.000000
0.000000
0.000000
0.000000
0.000000
0.000000
0.000000
0.000000
0.019794
0.000000
0.000000
0.000000
0.000000
0.000073
0.000000
0.000082
0.000000
0.000000
0.000000
0.000000
0.000000
0.000000
0.000000
0.000000
0.004857
0.000000
0.000000
0.000000
0.000000
0.000000
0.000000
0.000000
0.000013
0.000000
0.000000
0.000000
0.000000
0.000000
0.000000
0.000001
0.000000
0.000000
0.001505
0.000696
0.000000
0.000000
0.000000
0.000000
0.000000
0.000000
0.000000
0.000000
0.000000
0.000000
0.000014
0.000000
0.006601
0.000000
0.000000
0.000000
0.000000
0.637571
0.000099
0.000000
0.000000
0.000000
0.000000
0.008797
0.000000
0.000000
0.000000
0.000000
0.000000
0.080975
0.000000
0.000000
0.000174
0.000000
0.000000
0.000000
0.000000
0.000000
0.000000
0.000000
0.000006
0.000000
0.000000
0.000000
0.000183
0.000000
0.000000
0.000020
0.004007
0.000000
0.000000
0.000000
0.000000
0.000000
0.000000
0.000000
0.000000
0.000000
0.000000
0.000000
0.177110
0.000000
0.000000
0.000000
0.000150
0.000115
0.000000
0.220619
0.000000
0.000000
0.000001
0.000000
0.000000
0.000000
0.000000
0.000000
0.001812
0.000000
0.000000
0.000000
0.000000
0.001129
0.000000
0.000000
0.000000
0.000000
0.000000
0.000000
0.000000
0.000000
0.000000
0.000000
0.000000
0.000000
0.000000
0.000000
0.000001
0.000000
0.000000
0.000000
0.000000
0.000000
0.000000
0.000000
0.000000
0.000000
0.000000
0.000000
0.000335
0.000000
0.135527
0.968762
0.000000
0.000000
0.000000
0.000000
0.000000
0.256834
0.000000
0.000000
0.361447
0.000000
0.000000
0.090398
0.000000
0.000000
0.000000
0.000000
0.000000
0.000000
0.000000
0.000000
0.000000
0.003482
0.000000
0.000000
0.000000
0.000000
0.000000
0.028045
0.000003
0.000000
0.000000
0.000000
0.000000
0.000000
0.843661
0.000000
0.000000
0.000000
0.000000
0.000000
0.002196
0.000000
1.000000
0.000000
0.000000
0.000000
0.000000
0.000000
0.001954
0.000000
0.000000
0.000000
0.000000
0.000000
0.000000
0.000000
0.000000
0.000593
0.000000
0.000000
0.000000
0.000000
0.000000
0.000000
0.018970
0.000000
0.000000
0.000000
0.000000
0.000147
0.000000
1.000000
0.000000
0.000138
0.000000
0.000000
0.000000
0.000000
0.000000
0.035855
0.000000
0.000000
0.000000
0.000000
0.000020
0.000000
0.000000
0.000000
0.000000
0.000000
0.000000
0.000000
0.000000
0.000000
0.000018
0.000000
0.000000
0.000000
0.000000
0.000095
0.000000
0.000000
0.000000
0.000000
0.000000
0.000000
0.005659
0.000000
0.000000
0.000000
0.000000
0.000000
0.000000
0.000000
0.000000
0.000000
0.000000
0.000004
0.000000
0.000000
0.000000
0.000000
0.000000
0.000000
0.000000
0.056391
0.000000
0.146252
0.000000
0.000000
0.000000
0.000000
0.000000
0.000000
0.000000
0.000000
0.000917
0.000000
0.000000
0.999999
0.000000
0.000000
0.000000
0.000000
0.000000
0.310852
0.000000
0.000000
0.004206
0.000000
0.000000
0.000000
0.136765
0.000000
0.000000
0.000481
0.000000
0.000000
0.211840
0.000000
0.000000
0.000000
0.000000
0.000000
0.000000
0.000000
0.000018
0.000000
0.000000
0.000000
0.000000
0.200492
0.082260
0.000000
0.000000
0.000000
0.000000
0.064325
0.000000
0.000000
0.000000
0.000000
0.000000
0.000004
0.000000
0.000000
0.000000
0.999999
0.000000
0.000000
0.000000
0.000000
0.000000
0.000000
0.000000
0.357915
0.000000
0.000001
0.000000
0.000000
0.000000
0.000000
0.000000
0.000000
0.000000
0.000000
0.000000
0.012401
0.000000
0.000006
0.000000
0.000000
0.000000
0.000000
0.000000
0.000000
0.000000
0.000000
0.000000
0.000000
0.000000
0.000000
0.000000
0.000000
0.000000
0.000000
0.000000
0.000000
0.000000
0.000000
0.000000
0.000000
0.000000
0.000000
0.013913
0.000000
0.000000
0.000000
0.000000
0.000000
0.000000
0.008196
0.000000
0.000000
0.000000
0.000082
0.000000
0.000001
0.000000
0.000000
0.000000
0.000379
0.000024
0.000000
0.000000
0.000000
0.000000
0.000000
0.000000
0.000000
0.000000
0.000000
0.000000
0.000000
0.000000
0.000000
0.000000
0.000000
0.000000
0.000000
0.000000
0.000000
0.000000
0.000000
0.000000
0.000000
0.000000
0.000000
0.000000
0.000003
0.999959
0.000000
0.000000
0.039671
0.000000
0.000000
0.000000
0.000000
0.000000
0.000000
0.000000
0.000000
0.000000
0.000001
0.000000
0.000000
0.000000
0.000005
0.000000
0.000000
0.000000
0.000000
0.000000
0.000000
0.000000
0.000000
0.000000
0.000000
0.000000
0.000000
0.027076
0.000000
0.001009
0.000000
0.004856
0.000019
0.065924
0.000000
0.026972
0.000000
0.999124
0.000000
0.000000
0.000000
0.000000
0.000000
0.000000
0.000000
0.000000
0.000000
0.000000
0.000000
0.000000
0.000000
0.000000
0.050298
0.000000
0.000000
0.000000
0.000000
0.000000
0.000000
0.000000
0.000000
0.000000
0.000000
0.000000
0.000000
0.000020
0.000000
0.000000
0.000004
0.000000
0.000075
0.000000
0.000122
0.000000
0.000000
0.000000
0.000000
0.000474
0.000003
0.000000
0.000000
0.000000
0.000000
0.000000
0.000000
0.064052
0.000000
0.000000
0.000000
0.004316
0.000005
0.000000
0.000000
0.000000
0.000000
0.000000
0.000000
0.595393
0.000000
0.000000
0.001805
0.000000
0.000000
0.000000
0.000000
0.000542
0.000000
0.000000
0.000000
0.000000
0.000005
0.845468
0.000008
0.000000
0.000000
0.000556
0.000000
0.000000
0.001331
0.000384
0.000000
0.000000
0.000000
1.000000
0.794154
0.000433
0.000000
1.000000
0.000000
0.000000
0.000000
0.000000
0.000066
0.000000
0.000000
0.381172
0.000000
0.000000
0.000000
0.000000
0.000000
0.998710
0.000000
0.000000
0.000000
0.011134
0.000000
0.000000
0.000000
0.000000
0.000000
0.000000
0.000000
0.000000
0.000000
0.000000
0.056434
0.003147
0.000000
0.000000
0.013403
0.000000
0.000000
0.006608
0.000000
0.000000
0.000000
0.000000
0.000000
0.001982
0.000000
0.000000
0.000000
0.000000
0.000000
0.000000
0.090353
0.000000
0.005078
0.000000
0.000000
0.000835
0.000000
0.000000
0.000000
0.000000
0.000000
0.000000
0.003805
0.000000
0.000000
0.000000
0.000000
0.525976
0.000000
0.000000
0.000000
0.000000
0.000000
0.000000
0.000000
0.000000
0.000000
0.000000
0.000000
0.000000
0.000000
0.000609
0.000000
0.000000
0.000000
0.000000
0.000000
0.998962
0.000000
0.000000
0.000000
0.000000
0.000000
0.000000
0.000000
0.000000
0.003943
0.000000
0.000000
0.000000
0.000000
0.000000
0.000000
0.000000
0.102994
0.000000
0.000000
0.000000
0.000000
0.000000
0.000000
0.000207
0.000000
0.000000
0.000000
0.000000
0.000000
0.000000
0.000176
0.000000
0.000000
0.000000
0.000000
0.000000
0.000039
0.000000
0.000000
0.000000
0.000000
0.000000
0.000000
0.000000
0.000000
0.000000
0.000000
0.489870
0.000000
0.000000
0.000000
0.000000
0.000000
0.000000
0.000027
0.000000
0.000000
0.000000
0.000000
0.131337
0.000000
0.000000
0.000000
0.000000
0.000000
0.000000
0.000000
0.000000
0.000000
1.000000
0.000000
0.000000
0.000000
0.000000
0.000000
0.000956
0.000000
0.000000
0.000000
0.000000
0.000000
0.000002
0.000000
0.000000
0.000000
0.000000
0.000000
0.000000
0.000000
0.000000
0.000000
0.000000
0.000000
0.000000
0.000000
0.088460
0.000000
0.025744
0.000000
0.000000
0.000000
0.000000
0.000000
0.000000
0.000000
0.000884
0.000000
0.000000
0.000000
0.000000
0.000000
0.000000
0.000000
0.000000
0.000000
0.000000
0.000000
0.596003
0.000000
0.000000
0.000000
0.000000
0.000000
0.000000
0.000000
0.000000
0.000000
0.000000
0.000000
0.000000
0.000000
0.000000
0.000000
0.000037
0.000000
0.000000
0.000000
0.000000
0.000000
0.000000
0.000000
0.031560
0.000000
0.000000
0.000000
0.000000
0.000000
0.000000
0.000000
0.000000
0.000000
0.000000
0.131020
0.000000
0.066285
0.000000
0.000000
0.009285
0.000000
0.000000
0.000000
0.000000
0.000000
0.000000
0.000000
0.000000
0.000000
0.000000
0.699207
0.000000
0.000000
0.000003
0.000000
0.000000
0.000000
0.980922
0.000001
0.000000
0.000000
0.000000
0.000000
0.546395
0.000000
0.000000
0.000000
0.004166
0.000000
0.000000
0.000000
0.000000
0.000000
0.000000
0.000000
0.000000
0.000000
0.000000
0.000000
0.000000
0.000000
0.000000
1.000000
0.000000
0.170680
0.000000
0.000000
0.000000
0.000000
0.000000
0.000000
0.000000
0.000000
0.000000
0.000000
0.000000
0.000000
0.000000
0.000000
0.000000
0.000000
0.000000
0.000000
0.000000
0.003334
0.000000
0.000000
0.999984
0.000000
0.000000
0.000000
0.000000
0.000000
0.000000
0.000000
0.029072
0.015149
0.010075
0.000000
0.000347
0.000000
1.000000
0.000000
0.000000
0.000000
0.000000
0.000000
0.000000
0.000000
0.008704
0.000000
0.000000
0.000000
0.000000
0.000000
0.000000
0.000000
0.000000
0.077648
0.002913
0.000000
0.000000
0.000000
0.000000
0.000000
0.000000
0.000000
0.000000
0.000000
0.000000
0.000000
0.000000
0.000000
0.000000
0.000000
0.000000
0.000000
0.000000
0.999377
0.000000
0.000000
0.000000
0.000000
0.000000
0.000000
0.000000
0.000000
0.000000
0.000000
0.000000
0.000000
0.000000
0.012055
0.000001
0.000000
0.000000
0.000062
0.000000
0.000000
0.000000
0.000000
0.000000
0.000000
0.000000
0.000000
0.000000
0.000000
0.445334
0.000000
0.000000
0.000000
0.000000
0.000000
0.000000
0.000000
0.011812
0.172178
0.000000
0.000000
0.000000
0.000000
0.000000
0.000000
0.000000
0.000000
0.000000
0.000000
0.003152
0.000000
0.008781
0.000000
0.000000
0.000000
0.000077
0.000000
0.000000
0.288941
0.000000
0.000000
0.000166
0.000000
0.000000
0.000000
0.000000
0.000000
0.000000
0.003262
0.000000
0.000000
0.000000
0.151068
0.000000
0.000000
0.977006
0.000000
0.000000
0.000000
0.000000
0.020557
0.000751
0.000000
0.000008
0.000000
0.000000
0.240331
0.000000
0.000000
0.000000
0.000000
0.000000
0.000000
0.000000
0.000000
0.000000
0.000000
0.000000
0.000000
0.000000
0.000000
0.000000
0.000000
0.000000
0.000000
0.000000
0.000000
0.000000
0.000000
0.000000
0.000000
0.000000
0.000000
0.000000
0.000000
0.000000
0.000290
0.000000
0.000000
0.000000
0.000000
0.000000
0.000000
0.000000
0.000000
0.000000
0.000000
0.000000
0.019596
0.000000
0.000000
0.000000
0.000000
0.000000
0.000000
0.000231
0.000000
0.000000
0.061730
0.000039
0.000000
0.000000
0.000000
0.000000
0.000000
0.000000
0.000000
0.000000
0.000000
0.000000
0.001157
0.000000
0.000005
0.000000
0.000000
0.000000
0.000000
0.665246
0.000000
0.000000
0.000000
0.000000
0.000000
0.000000
0.000000
0.000000
0.000000
0.000000
0.000000
0.000000
0.000000
0.000000
0.000000
0.000011
0.000000
0.000000
0.000000
0.000000
0.377393
0.000000
0.000000
0.000000
0.000000
0.000000
0.000000
0.000000
0.000000
0.000000
0.000000
0.000000
0.061642
0.000000
0.266728
0.000000
0.000000
0.002855
0.000237
0.000000
0.000000
0.000000
0.000000
0.000000
0.000000
0.000000
0.000000
0.000000
0.000326
0.000000
0.000000
0.000000
0.000000
0.000000
0.000000
0.000000
0.000000
0.000000
0.000000
0.000000
0.000000
0.003233
0.000000
0.000000
0.000000
0.000000
0.000000
0.000000
0.000000
0.000000
0.000000
0.000000
0.000000
0.000000
0.000000
0.000000
0.000000
0.000000
0.000000
0.332358
0.000000
0.000000
0.000000
0.000000
0.000000
0.000000
0.000000
0.000000
0.001437
0.000000
0.000000
0.000000
0.000000
0.000000
0.000000
0.000000
0.000000
0.000000
0.000000
0.000000
0.000000
0.000000
0.000000
0.000117
0.000000
0.000000
0.000000
0.000000
0.000065
0.000000
0.000000
0.000000
0.000000
0.000000
0.996369
0.000000
0.000000
0.000000
0.000956
0.000000
0.000728
0.044988
0.000000
0.000000
0.000000
0.000000
0.000385
0.000000
0.035986
0.000000
0.926914
0.000000
0.000000
0.000000
0.000000
0.000000
0.000000
0.000000
0.000000
0.000000
0.000000
0.000000
0.000000
0.000000
0.000000
0.000000
0.000000
0.019195
0.000000
0.000000
0.000000
0.000000
0.000000
0.024066
0.014005
0.000000
0.000000
0.002613
0.000000
0.000000
0.000000
0.000000
0.000000
0.000000
0.000000
0.000000
0.000000
0.000000
0.002427
0.000000
0.042929
0.000000
0.000000
0.000000
0.000000
0.000000
0.000000
0.000000
0.000046
0.000000
0.000841
0.000002
0.000000
0.000000
0.000000
0.000000
0.000000
0.000000
0.000000
0.000000
0.000000
0.002500
0.000019
0.000000
0.012834
0.000000
0.166917
0.000000
0.000000
0.000000
0.000000
0.000000
0.000000
0.000000
0.000000
0.000000
0.000000
0.000000
0.000000
0.000000
0.000000
0.016014
0.000000
0.000000
0.000000
0.000000
0.000018
0.000000
0.000000
0.000000
0.000000
0.000000
0.000000
0.000000
0.000000
0.000000
0.000000
0.000000
0.000000
0.522684
0.000000
0.000000
0.000000
0.000000
0.000000
0.000000
0.000000
0.000000
0.000000
0.000000
0.000000
0.087962
0.000000
0.000021
0.000000
0.003860
0.000000
0.000000
0.000000
0.000000
0.000000
0.000000
0.000000
0.000000
0.690709
0.000000
0.000000
0.000000
0.000000
0.000000
0.000000
0.000000
0.000000
0.000000
0.000000
0.000000
0.001594
0.071610
0.000000
0.000000
0.000000
0.002790
0.000000
0.000000
0.000000
0.000000
0.000000
0.000000
0.000000
0.000000
0.032941
0.000000
0.000000
0.000000
0.000000
0.000000
0.000000
0.000000
0.000000
0.000000
0.000000
0.000000
0.000000
0.000000
0.000000
0.000000
0.000000
0.000000
0.000000
0.044045
0.000000
0.000000
0.000000
0.000000
0.000000
0.000000
0.000003
0.000225
0.000000
0.000000
0.000000
0.000000
0.374610
0.000000
0.000000
0.000000
0.000000
0.000000
0.000000
0.000000
0.000000
0.000000
0.000000
0.000000
0.000000
0.000000
0.000000
0.000000
0.000055
0.000000
0.000000
0.000000
0.000000
0.000000
0.000052
0.000000
0.000000
0.000000
0.000000
0.000000
0.000000
0.000000
0.000000
0.000000
0.000000
0.000000
0.000027
0.000000
0.054271
0.000000
0.000000
0.000000
0.000000
0.000000
0.000000
0.000000
0.000000
0.000000
0.015490
0.000000
0.000000
0.000000
0.000000
0.000000
0.000000
0.000000
0.000000
0.000000
0.000000
0.000000
0.108685
0.000000
0.000000
0.189912
0.009485
0.000000
0.000000
0.000000
0.002762
0.000000
0.000000
0.000000
0.000000
0.000000
0.000000
0.000000
0.000000
0.000000
0.000000
0.000000
0.000000
0.000000
0.000000
0.000000
0.000000
0.000000
0.000000
0.000000
0.000000
0.000000
0.000000
0.000000
0.000000
0.000000
0.000000
0.000000
0.000000
0.000776
0.000000
0.000000
0.000000
0.000000
0.000000
0.000000
0.000000
0.000000
0.000000
0.000000
0.000316
0.000000
0.000000
0.000000
0.000000
0.001500
0.000000
0.000000
0.005615
0.000000
0.000000
0.000000
0.000000
0.000000
0.000000
0.000020
0.000000
0.000000
0.000000
0.093716
0.000000
0.000000
0.000000
0.000000
0.000000
0.957780
0.000000
0.001785
0.000000
0.000000
0.000001
0.000000
0.000000
0.000000
0.000000
0.000000
0.000000
0.000000
0.000000
0.000000
0.011172
0.000000
0.000000
0.000000
0.003731
0.000000
0.000000
0.000000
0.000000
0.000000
0.000000
0.000000
0.000000
0.000000
0.000000
0.000000
0.000000
0.000000
0.000000
0.000000
0.000000
0.000000
0.000000
0.000000
0.000000
0.000000
0.000000
0.000000
0.000000
0.000000
0.565059
0.000000
0.000000
0.000000
0.000000
0.000000
0.000000
0.000000
0.000000
0.000000
0.000000
0.002631
0.000006
0.000000
0.521880
0.000000
0.000000
0.000000
0.000000
0.000000
0.000000
0.000000
0.000000
0.000000
0.000000
0.000000
0.000000
0.000000
0.000000
0.000000
0.000000
0.525005
0.000000
0.000000
0.000000
0.000000
0.000000
0.995798
0.000000
1.000000
0.000000
0.000000
0.268775
0.000000
0.000000
0.000000
0.000000
0.000000
0.655357
0.000000
0.000000
0.000000
0.025322
0.000000
0.055231
0.000000
0.075475
0.000000
0.000000
0.658981
0.000000
0.000000
0.000069
0.000000
0.000000
0.000000
0.000000
0.000000
0.000000
0.000000
0.000000
0.000000
0.000000
0.000000
0.506212
0.000000
0.000000
0.028560
0.000000
0.001680
0.000000
0.000000
0.000000
0.000000
0.000000
0.000000
0.000000
0.000000
0.007924
0.000000
0.000000
0.000000
0.080108
0.000000
0.000000
0.000000
0.000000
0.000030
0.000000
0.000000
0.000000
0.000000
0.000001
0.000000
0.000000
0.000000
0.000000
0.011012
0.000000
0.000000
0.000000
0.000000
0.000000
0.000000
0.000000
0.000000
0.000000
0.000000
0.000000
0.000000
0.000000
0.000044
0.000000
0.000000
0.000000
0.000000
0.000000
0.000000
0.000000
0.000000
0.000000
0.000000
1.000000
0.000000
0.000000
0.000000
0.000000
0.000000
0.000000
0.000000
0.000000
0.000000
0.000000
0.000000
0.000000
0.000000
0.001496
1.000000
0.000000
0.000000
0.000000
0.000000
0.000000
0.000000
0.000000
0.000000
0.000051
0.000000
0.000000
0.000000
0.000000
0.000000
0.000000
0.000000
0.000000
0.000000
0.000000
0.000003
0.000000
0.000000
0.000000
0.000000
0.000000
0.000000
0.000000
0.345948
0.000000
0.000000
0.000000
0.000000
0.000000
0.000510
0.000000
0.000000
0.000020
0.000000
0.000000
0.000410
0.000000
0.000003
0.000000
0.000000
0.000000
0.000000
0.000000
0.004244
0.000000
0.000000
0.000000
0.000000
0.000000
0.000000
0.000000
0.000000
0.000021
0.002808
0.000002
0.000000
0.000000
0.000000
0.000000
0.000000
0.000000
0.048849
0.000000
0.000000
0.000000
0.000000
0.000000
0.000000
0.001499
0.006172
0.000000
0.000000
0.000000
0.000000
0.000000
0.000000
0.000000
0.000000
0.000001
0.001281
0.000000
0.000000
0.000000
0.000000
0.000000
0.881840
0.000000
0.000000
0.000000
0.170066
0.000000
0.000000
0.000000
1.000000
0.000000
0.000000
0.042147
0.000000
0.999996
0.000000
0.000000
0.000000
0.000000
0.000000
0.005873
0.000000
0.000000
0.000000
0.000000
0.000000
0.000000
0.000000
0.000000
0.000000
0.000000
0.000000
0.000000
0.000000
0.000000
0.000000
0.000000
0.000000
0.000000
0.073420
0.000000
0.000000
0.000000
0.000000
0.000000
0.000000
0.000000
0.000000
0.000000
0.000000
0.000000
0.000035
0.002042
0.000000
0.000128
0.000000
0.015456
0.000000
0.000000
0.015941
0.000000
0.000000
0.000000
0.000000
0.000000
0.000000
0.000000
0.000000
0.000000
0.000000
0.000000
0.000000
0.073848
0.000000
0.000000
0.000000
0.000000
0.000000
0.000000
0.000000
0.000000
0.017953
0.000000
0.000000
0.000000
0.000000
0.002902
0.000000
0.000000
0.000008
0.000000
0.000005
0.000002
0.000000
0.000000
0.000000
0.000000
0.000000
0.000000
0.000000
0.000000
1.000000
0.000000
0.000000
0.000000
0.000000
0.000000
0.000000
0.000000
0.000000
0.000000
0.000000
0.000000
0.000000
0.000000
0.000000
0.000000
0.000000
0.000000
0.000000
0.000000
0.999939
0.000000
0.000000
0.000000
0.000000
0.000000
0.000000
0.000000
0.000000
0.000000
0.000000
0.999983
0.066525
0.000000
0.000000
0.000000
0.000000
0.000000
0.000000
0.000000
0.000000
0.000000
0.000000
0.000000
0.000000
0.000000
0.000000
0.000000
1.000000
0.000000
0.000000
0.000000
0.000000
0.000039
0.000000
0.000000
0.000000
0.000000
0.187263
0.000000
0.000000
0.581700
0.000000
0.000000
0.000000
0.000000
0.000000
0.000000
0.000000
0.000000
0.000000
0.000000
0.000000
0.000000
0.000000
0.000000
0.000000
0.955727
0.000000
0.000000
0.000001
0.000000
0.000000
0.000002
1.000000
0.000000
0.000006
0.000000
0.000000
0.000010
0.000000
0.000000
0.000000
0.000000
0.000000
0.000000
0.000000
0.000000
0.000000
0.000000
0.000000
0.000000
0.000000
0.000000
0.003295
0.000000
0.000000
0.000000
0.000000
0.000000
0.000000
0.000000
0.000000
0.000000
0.000000
0.000000
0.000000
0.000000
0.000000
0.000000
0.000000
1.000000
0.000000
0.000000
0.000000
0.999558
0.000000
0.000007
0.000000
0.000000
0.000000
0.000000
0.000000
0.000000
0.000000
0.000000
0.001080
0.000000
0.000000
0.000000
0.000052
0.000000
0.000000
0.000000
0.030163
0.000000
0.089505
0.000000
0.000000
0.022488
0.001519
0.718849
0.000000
0.000000
0.000012
0.000000
0.850402
0.000000
0.000000
0.000000
0.000000
0.000000
0.000000
0.000000
0.000000
0.022225
0.000000
0.000000
0.000000
0.000095
0.000000
0.000000
0.000000
0.000000
0.000000
0.000000
0.000000
0.000000
0.000000
0.000000
0.000031
0.000279
0.000000
0.000000
0.069474
0.000000
0.000000
0.000000
0.000299
0.000000
0.000000
0.000000
0.369528
0.000000
0.000000
0.000000
0.000021
0.000000
0.000000
0.000000
0.000000
0.000000
0.000000
0.000000
0.000000
0.000000
0.000000
0.000000
0.000734
0.000000
0.000000
0.000000
0.000000
0.000000
0.000000
0.000000
0.000000
0.000000
0.000000
0.000095
0.000000
1.000000
0.000000
0.000000
0.062000
0.000000
0.000000
0.000000
0.000000
0.000000
0.000000
0.000000
0.000001
0.000000
0.000000
0.000000
0.000000
0.000000
0.000000
0.000000
0.000000
0.000000
0.000000
0.000000
0.000000
0.000000
0.000000
0.000000
0.000000
0.000000
0.000000
0.000000
0.000000
0.000000
0.000000
0.000000
0.000000
0.000000
0.000000
0.000000
0.000000
0.000000
0.000000
0.000000
0.000000
0.000000
0.000000
0.000000
0.087139
0.000000
0.000000
0.000000
0.000522
0.000000
0.000000
0.006908
0.000000
0.000000
0.000000
0.000000
0.000000
0.099903
0.000000
0.000000
0.000001
0.000000
0.000000
0.000000
0.000000
0.000000
0.000000
0.000000
0.000000
0.000000
0.000000
0.000004
0.000000
0.000000
0.000000
0.000000
0.000000
0.000007
0.000000
0.000000
0.000000
0.000000
0.000000
0.000000
0.000000
0.336072
0.000000
0.007232
0.000000
0.000000
0.000000
0.000000
0.000084
0.000000
0.000000
0.000000
0.000478
0.000000
0.000000
0.000000
0.000000
0.000000
0.875301
0.000000
0.000000
0.000000
0.000000
0.000000
0.000000
0.000000
0.000000
0.000000
0.001270
0.000000
0.000000
0.000003
0.000000
0.000000
0.000000
0.000000
0.000000
0.000002
0.051734
0.000000
0.000000
0.299868
0.119409
0.000000
0.000000
0.000000
0.000000
0.000000
0.000000
0.000000
0.000000
0.000000
0.000000
0.000000
0.000000
0.732884
0.000000
0.000000
0.000000
0.002134
0.000000
0.000000
0.000000
0.000000
0.000000
0.000000
0.000000
0.000000
0.000000
0.000000
0.000000
0.003212
0.000000
0.000003
0.000000
0.000000
0.000000
0.000000
0.000879
0.000000
0.000000
0.000000
0.000000
0.000000
0.000000
0.000000
0.000000
0.000000
0.000000
0.000000
0.000000
0.000000
0.000000
0.000000
0.000000
0.000000
0.000000
0.000000
0.000000
0.000000
0.000000
0.000000
0.000000
0.000000
0.000000
0.000000
0.000000
0.000000
0.000000
0.000000
0.000000
0.000000
0.000000
0.000000
0.000000
0.000000
0.000000
0.000000
0.000000
0.000000
0.000000
0.000000
0.000000
0.000000
0.000000
0.000000
0.000000
0.000000
0.000000
0.000000
0.000000
0.000000
0.000000
0.000000
0.000000
0.000000
0.201819
0.000000
0.000000
0.000000
0.000000
0.000000
0.002516
0.000000
0.000000
0.000000
0.000000
0.000000
0.000000
0.000000
0.000000
0.000000
0.000000
0.000048
0.004272
0.441085
0.000000
0.000000
0.121061
0.000000
1.000000
0.000000
0.000000
0.000000
0.000000
0.000000
0.000000
0.000000
0.000000
0.000000
0.000000
0.000000
0.000000
0.000000
0.000000
0.000000
0.000000
0.000000
0.033674
0.000000
0.000000
0.000000
0.000000
0.000000
0.000000
0.001099
0.000000
0.000000
0.000000
0.000000
0.000000
0.000000
0.000000
0.000000
0.000000
0.000000
0.004467
0.000000
0.000000
0.000000
0.000000
0.000000
0.000000
0.000000
0.000000
0.000000
0.538254
0.000000
0.000000
0.000000
0.000000
0.000000
0.001765
0.000000
0.000000
0.000000
0.000000
0.000000
0.000000
0.000041
0.000000
0.000000
0.000000
0.000000
0.000000
0.008827
0.253568
0.000000
0.000000
0.000000
0.000000
0.000000
0.000000
0.000000
0.008256
0.000000
0.830954
0.005999
0.000000
0.000000
0.000000
0.000000
0.000000
0.000000
0.000000
0.000000
0.000000
0.000000
0.000000
1.000000
0.000000
0.000000
0.000000
0.000000
0.000000
0.000000
0.061731
0.000000
0.000000
0.000000
0.000000
0.000000
1.000000
0.000000
0.000000
0.000000
0.000000
0.000000
0.000000
0.010427
0.000000
0.000000
0.000000
0.000000
0.000000
0.000000
0.000000
0.002473
0.000000
0.000000
0.990472
0.000000
0.000000
0.000000
0.000000
0.000000
0.000402
0.000000
0.000000
0.303741
0.000000
0.000589
0.000000
0.000000
0.000000
0.000000
0.000000
0.000000
0.000000
0.000000
0.000000
0.000000
0.000000
0.930360
0.000000
0.000000
0.000000
0.000000
0.726446
0.000000
0.000000
0.000000
0.000000
0.000000
0.000000
1.000000
0.000000
0.000000
0.000000
0.000000
0.000000
0.000000
0.000000
0.000000
0.000000
0.000000
0.083629
0.000010
0.000000
0.000000
0.000000
0.000000
0.000000
0.000000
0.000000
0.802508
0.000000
0.001593
0.000000
0.000000
0.000412
0.000000
0.000000
0.000000
0.000000
0.004198
0.000000
0.004617
0.000000
0.000000
0.000000
0.000000
0.000000
0.000000
0.000000
0.000000
0.000000
0.000000
0.000005
0.000000
0.000000
0.000000
0.000000
0.996687
0.000000
0.000000
0.000000
0.002048
0.000000
1.000000
0.000000
0.000000
0.000000
0.000000
0.000000
0.000000
0.000000
0.000000
0.000000
0.000000
0.000000
0.000000
0.000000
0.000000
0.000000
0.301723
1.000000
0.000053
0.000216
0.000000
0.000000
0.000000
0.000000
0.000000
0.021610
0.000000
0.000000
0.000000
0.000000
0.000000
0.000000
0.000000
0.000000
0.000000
0.000000
0.000000
0.000543
1.000000
0.000000
0.000000
0.000000
0.000002
0.995392
0.865438
0.000000
0.000000
0.000000
0.000000
0.000000
0.000000
0.000000
0.000000
1.000000
0.000000
0.000000
0.000000
0.000000
0.000000
0.006112
0.000000
0.000000
0.000000
0.999341
0.000000
0.000000
0.000000
0.170039
0.000000
0.003095
0.000000
0.000000
0.000000
0.000051
1.000000
0.000000
0.000000
0.002714
0.000000
0.000000
0.000000
0.000000
0.000000
0.000000
0.000000
0.000000
0.000007
0.021354
0.000000
0.000000
0.000000
0.000000
0.000000
0.983823
0.000000
0.999980
0.000000
0.000000
0.000000
0.000000
0.000000
0.000000
0.000000
0.000000
0.000000
0.000000
0.000000
0.000000
0.003269
0.000001
0.000000
0.000000
0.000000
0.000000
0.002634
0.000000
0.000000
0.000000
0.000000
0.000000
0.000000
0.000000
0.000000
0.000000
0.000033
0.000686
0.000000
0.000000
0.000000
0.000000
0.000000
0.000000
0.000000
0.000000
0.000000
0.857948
0.000000
0.000127
0.000000
0.000000
0.000000
0.000000
0.000000
0.000000
0.000027
0.000000
0.000000
0.000000
0.000000
0.000000
0.000000
0.000000
0.000000
0.000000
0.000000
0.000000
0.000000
0.001837
0.000000
0.000000
0.000000
0.000000
0.000000
0.000000
0.000000
0.000000
0.000000
0.000000
0.000000
0.000000
0.000047
0.000000
0.000000
0.000000
0.000000
0.000000
0.000000
0.000000
0.000000
0.000000
0.000000
0.000000
0.000000
0.000000
0.000000
0.000000
0.000000
0.000000
0.000000
0.000000
0.000000
0.000000
0.000000
0.000000
0.000000
0.437357
0.000000
0.000000
0.000000
0.000000
0.000000
0.000000
0.009933
0.000000
0.000000
0.000000
0.000000
0.000000
0.000009
0.000000
0.000000
0.000000
0.000000
0.000374
0.000000
0.000000
0.000000
0.000000
0.000000
0.000000
0.000000
0.000000
0.000000
0.000000
0.000000
0.000000
0.000000
0.000000
0.000157
0.000000
0.000000
0.000000
0.000000
0.000088
0.000000
0.000000
0.000000
0.000000
0.000000
0.000000
0.000000
0.063533
0.000000
0.000415
0.000000
0.000000
0.999474
0.000000
0.000000
0.000003
0.000000
0.000000
0.000000
0.980348
0.000265
0.000000
0.373685
0.000000
0.000000
0.000000
0.000000
0.000000
0.000000
0.034677
0.000346
0.000000
0.000000
0.000000
0.000000
0.000000
0.000000
0.000000
0.000000
0.000000
0.000000
0.000000
0.004317
0.000000
0.000000
0.029081
0.000000
0.000000
0.023217
0.000000
0.000000
0.000000
0.000000
0.000000
0.000000
0.000000
0.000000
0.000000
0.000092
0.000000
0.000000
0.000000
0.000000
0.000000
0.000000
0.000000
0.000000
0.000000
0.000000
0.000650
0.000000
0.319004
0.000000
0.000000
0.000000
0.000000
0.028774
0.000000
0.000000
0.000000
0.000000
0.000000
0.000000
0.000000
0.000000
0.000000
0.000000
0.000000
0.000000
0.006626
0.002069
0.000027
0.000000
0.000000
0.000000
0.000000
0.000000
0.000000
0.012219
0.000000
0.000000
0.000139
0.000000
0.000000
0.000000
0.000056
0.000000
0.000000
0.000000
0.000000
0.000000
0.000000
0.000000
0.000000
0.001562
0.013344
0.000000
0.000000
0.000000
0.000000
0.000000
0.000000
0.000000
0.000000
0.000000
0.000000
0.000000
0.000000
0.000000
0.000000
0.000000
0.012895
0.000000
0.000000
0.000000
0.000000
0.000000
0.000000
0.000000
0.000000
0.000000
0.000000
0.000000
0.000000
0.000000
0.000000
0.000000
0.000000
0.000000
0.000000
0.000008
0.000000
0.000000
0.000000
0.000000
0.000000
0.000000
0.000000
0.000000
0.000000
0.000000
0.013907
0.000000
0.000054
0.000000
0.000011
0.000000
0.000000
0.000000
0.000003
0.000000
0.000000
0.000000
0.000000
0.002612
0.000000
0.000000
0.045848
0.000000
0.000000
0.000000
0.000000
0.000146
0.000000
0.200906
0.000000
0.000000
0.000000
0.000000
0.000000
0.000000
0.000000
0.000000
0.000000
0.000000
0.000000
0.000000
0.001080
0.000000
0.000240
0.000000
0.000000
0.000000
0.574946
0.000000
0.245693
0.000000
0.013252
0.000000
0.000000
0.472388
0.000000
0.000000
0.000000
0.000000
0.000000
0.000000
0.000000
0.000000
0.000022
0.000000
0.000000
0.009046
0.000000
0.000000
0.000000
0.000000
0.000000
0.000006
0.000000
0.000000
0.000000
0.000000
0.000000
0.000000
0.111925
0.000000
0.000000
0.000001
0.000000
0.000000
0.000000
0.000000
0.000000
0.000000
0.000000
0.000000
0.000000
0.000000
0.000000
0.000000
0.000000
0.000000
0.000000
0.000000
0.000000
0.000000
0.000000
0.000000
0.000000
0.000000
0.000000
0.000000
0.000000
0.000009
0.000000
0.000000
0.000000
0.000000
0.000000
0.000000
0.000000
0.391236
0.000005
0.000106
0.000000
0.000000
0.000122
0.010550
0.999651
0.000000
0.000000
0.000000
0.100541
0.000012
0.000000
0.000000
0.000000
0.000000
0.000000
0.000000
0.000000
0.000478
0.000000
0.000000
0.011567
0.000000
0.000000
0.000000
0.000000
0.000000
0.000000
0.000000
0.000000
0.000000
0.000000
0.000000
0.000000
0.000000
0.000000
0.000000
0.000000
0.000000
0.000000
0.000000
0.000000
0.000000
0.000000
0.000000
0.000000
0.000000
0.000000
0.000000
0.000000
0.000000
0.000000
0.000000
0.000000
0.000000
0.000000
0.000000
0.000000
0.000000
0.000000
0.000000
0.000000
0.000000
0.000000
0.000000
0.000000
0.000000
0.000000
0.000000
0.000000
0.000000
0.005951
0.000000
0.000000
0.531824
0.000035
0.000000
0.000000
0.000000
0.000000
0.000000
0.000000
0.000000
0.000000
0.000000
0.000000
0.378220
0.021726
0.000000
0.000000
0.000000
0.000000
0.000000
0.000000
0.000000
0.000000
0.000138
0.000000
0.000000
0.000027
0.000000
0.000000
0.991796
0.000000
0.000000
0.000000
0.000000
0.000000
0.000000
0.000000
0.001427
0.000000
0.000000
0.000000
0.023411
0.000000
0.000000
0.000000
0.000000
0.000000
0.000000
0.000000
0.000000
0.000000
0.000000
0.000000
0.000000
0.000000
0.000000
0.000000
0.000000
0.000000
0.000000
0.000000
0.000000
0.000000
0.000000
0.000000
0.000000
0.000000
0.004339
0.000000
0.000000
0.000000
0.000000
0.000000
0.105584
0.000000
0.000000
0.000000
0.000000
0.000000
0.000040
0.000001
0.000000
0.000000
0.000000
0.000000
0.000000
0.000000
0.000000
0.009856
0.000000
0.777793
0.000000
0.000000
0.000000
0.000000
0.000000
0.000000
0.000000
0.385688
0.000000
0.043811
0.000000
0.000000
0.001132
0.000000
0.000000
0.000000
0.000114
0.000000
0.000000
0.000000
0.000000
0.000000
0.000000
0.005149
0.000000
0.000001
0.000000
0.000000
0.000000
0.000000
0.000000
0.000000
0.000000
0.000000
0.000000
0.000000
0.000000
0.000676
0.000000
0.000000
0.020130
0.000000
0.000000
0.000000
0.000000
0.000000
0.000000
0.000006
0.016029
0.000000
0.000000
0.000000
0.000000
0.000000
0.000000
0.000000
0.007807
0.000000
0.000000
0.000000
0.000000
0.000000
0.000000
0.000000
0.000000
0.000000
0.000000
0.000000
0.000000
0.000000
0.000000
0.000000
0.000000
0.000000
0.000000
0.000000
0.000000
0.000000
0.000000
0.000000
0.000000
0.003168
1.000000
0.000000
0.000000
0.000000
0.000000
0.000000
0.000000
0.000000
0.000000
0.000000
0.000000
0.000000
0.000000
0.000000
0.000000
0.000000
0.000000
0.000000
0.000000
0.000000
0.000000
0.000000
0.000000
0.000000
0.000040
0.000000
0.000000
0.000000
0.000000
0.000000
0.000000
0.000000
0.002066
0.000000
0.000079
0.000000
0.000000
0.000000
0.000000
0.000000
0.000000
0.000000
0.000000
0.000000
0.000000
0.000000
0.000000
0.000000
0.000000
0.000000
0.000032
0.000576
0.000000
0.000000
0.001166
0.000000
0.000000
0.000000
0.000000
0.000000
0.000000
0.172836
0.000000
0.000000
0.000000
0.000000
0.142809
0.000000
0.000358
0.000000
0.000002
0.000000
0.000000
0.000000
0.000000
0.000000
0.000000
0.000000
0.000083
0.000000
0.000000
0.000000
0.000000
0.000000
0.000000
0.000041
0.000000
0.000000
0.000000
0.000000
0.000000
0.000000
0.011771
0.000000
0.000000
0.000000
0.000000
0.000000
0.000000
0.000000
1.000000
0.000000
0.000000
0.000000
0.000000
0.000023
0.000000
0.000000
0.003707
0.000000
0.000000
0.000003
0.000000
0.000000
0.000000
0.000000
0.000000
0.000001
0.016738
0.000000
0.000000
0.000007
0.833643
0.000000
0.976822
0.000000
0.000000
0.000000
0.000000
0.000000
0.002862
0.000000
0.000000
0.003515
0.000000
0.000000
0.000000
0.000487
0.000000
0.000000
0.000000
0.000000
0.000000
0.000000
0.000000
0.000000
0.000000
0.000000
0.000000
0.000000
0.000000
0.000000
0.000000
0.000000
0.000000
0.000000
0.000000
0.000000
0.000009
0.000000
0.000000
0.000000
0.000000
0.000000
0.000000
0.000000
0.000000
0.000000
0.000000
0.000000
0.000000
0.000000
0.000000
0.000000
0.000000
0.000000
0.000000
0.000000
0.000121
0.000000
0.000000
0.000000
0.000000
0.000000
0.000000
0.000000
0.000056
0.000000
0.000000
0.000000
0.000000
0.000000
0.000000
0.000000
0.000000
0.000000
0.000000
0.000002
0.000000
0.000000
0.094994
0.000000
0.000000
0.000000
0.000000
0.000000
0.290944
0.000000
0.000000
0.000000
0.000112
0.000004
0.000000
0.000000
0.000000
0.000000
0.000000
0.000000
0.011456
0.000000
0.000003
0.000047
0.000000
0.000000
0.000000
0.000000
0.000000
0.000000
0.000188
0.046683
0.000000
0.000036
0.000000
0.000000
0.003675
0.001412
0.000000
0.000000
0.000000
0.000000
0.000000
0.000000
0.000000
0.000000
0.000000
0.000000
0.000000
0.000000
0.000000
0.000000
0.000000
0.000000
0.000000
0.000000
0.000000
0.000000
0.035951
0.000172
0.000000
0.000043
0.000000
0.000000
0.000000
0.000071
0.000000
0.000477
0.000000
0.000000
0.000000
0.000000
0.000000
0.000000
0.000099
0.000000
0.000277
0.000000
0.000000
0.000000
0.039536
0.000000
0.000000
0.000000
0.000000
0.000022
0.000000
0.000000
0.000000
0.192420
0.000000
0.000000
0.000000
0.041023
0.000000
0.000000
0.000000
0.000206
0.000000
0.000000
0.000000
0.012215
0.000000
0.000000
0.000000
0.000000
0.000000
0.000000
0.000000
0.000000
0.000000
0.000000
0.000000
0.000000
0.000000
0.000000
0.000000
0.000000
0.000000
0.000000
0.000000
0.000000
0.000000
0.000000
0.000000
0.000000
0.000000
0.000000
0.000000
0.000000
0.000000
0.000000
0.000000
0.000000
0.000000
0.000000
0.000000
0.000000
0.000000
0.000000
0.000000
0.000000
0.000000
0.001033
0.000000
0.000000
0.000000
0.000004
0.000000
0.000068
0.000000
0.000000
0.000198
0.000000
0.000000
0.000000
0.000000
0.000000
0.000000
0.000000
0.000000
0.000000
0.000000
0.000000
0.000000
0.000000
0.000000
0.000001
0.079762
0.999997
0.000000
0.000000
0.000000
0.000000
0.000000
0.000000
0.000000
0.000000
0.000000
0.997534
0.000000
0.000000
0.000000
0.000000
0.000000
0.000000
0.000000
1.000000
0.000000
0.000000
0.000000
0.000000
0.000002
1.000000
0.000000
0.000000
0.000000
0.000000
0.000000
0.000000
0.000000
0.000000
0.000000
0.999983
0.000000
0.000000
0.002732
0.000000
0.000000
0.000000
0.000000
0.000000
0.000000
0.000461
0.000000
0.000000
0.000000
0.000000
0.000000
0.000000
0.000000
0.000000
0.000000
0.000000
0.777202
0.061757
0.000057
0.000000
0.000000
0.000000
0.000000
0.000000
0.000000
0.000000
0.000000
0.000000
0.000000
0.000000
0.000000
0.000000
0.000000
0.000000
0.000000
0.000187
0.000000
0.000000
0.000000
0.000000
0.000003
0.000000
0.000000
0.000000
0.000000
0.000000
0.000000
0.000000
0.000000
0.000000
0.548010
0.000000
0.500152
0.000000
0.088499
0.000000
0.000000
0.000000
0.000000
0.000000
0.000000
0.000000
0.000000
0.000000
0.000000
0.000000
0.004064
0.000000
0.000012
0.000000
0.000000
0.000000
0.000000
0.000000
0.000000
0.000000
0.000000
0.000000
0.000000
0.000000
0.000000
0.000000
0.000000
0.000000
0.000000
0.000000
0.000000
0.000000
0.007320
0.000000
0.000000
0.000000
0.000000
0.000000
0.000000
0.000000
0.000000
0.000184
0.000000
0.000000
1.000000
0.000000
0.000000
0.000000
0.000000
0.000000
0.000000
0.000000
0.000000
0.000000
0.000000
0.000000
0.000000
0.031234
0.000024
0.000000
0.000000
0.000000
0.000000
0.000000
0.000000
0.026044
0.000000
0.000000
0.000000
0.000000
0.000000
0.000000
0.000000
0.000000
0.074916
0.000460
0.000000
0.631342
0.000000
0.000000
0.000000
0.000000
0.000020
0.000000
0.000000
0.000000
0.000000
0.000000
0.000000
0.000000
0.000000
0.016655
0.128792
0.000000
1.000000
0.000393
0.000000
0.739061
0.000000
0.000000
0.000000
0.000000
0.000000
0.000000
0.002231
0.000000
0.000000
0.000000
