1.000000
0.177945
0.000000
1.000000
0.983969
1.000000
0.281408
0.872055
1.000000
0.437356
1.000000
0.000000
0.000000
0.948637
0.074464
1.000000
0.051724
0.767458
0.914284
0.999969
0.947121
1.000000
0.975892
0.997076
0.980743
0.980724
1.000000
1.000000
0.980349
0.053339
1.000000
1.000000
0.000000
0.003178
1.000000
1.000000
0.918085
1.000000
0.000000
1.000000
0.000000
0.974329
0.000000
1.000000
1.000000
1.000000
0.561231
1.000000
1.000000
1.000000
0.997566
1.000000
1.000000
0.999994
0.804382
0.000000
1.000000
0.999924
0.999993
0.999999
0.954328
0.997579
1.000000
0.998813
1.000000
0.064272
0.000000
1.000000
0.000000
0.000505
1.000000
0.988465
0.836452
0.981471
0.000000
1.000000
0.996274
1.000000
0.877675
0.998627
0.881355
0.960030
0.976115
0.000000
0.008059
1.000000
0.000000
1.000000
1.000000
0.847928
1.000000
0.001969
0.000000
0.969065
1.000000
0.360670
0.999667
1.000000
1.000000
0.984306
1.000000
0.999952
1.000000
1.000000
1.000000
1.000000
0.998581
1.000000
1.000000
0.996156
1.000000
1.000000
1.000000
1.000000
0.928474
1.000000
0.000031
1.000000
0.999408
0.338159
0.999998
0.050493
1.000000
1.000000
0.990939
1.000000
0.000000
0.000734
0.000000
1.000000
0.000000
0.000000
0.000000
1.000000
1.000000
0.999999
0.999863
0.000000
1.000000
1.000000
0.908696
0.999748
0.960472
0.999999
1.000000
1.000000
1.000000
0.991554
1.000000
0.000000
0.000850
0.000000
0.307726
0.000118
0.999776
1.000000
0.000000
0.746265
0.488169
0.789011
0.986609
1.000000
0.999963
1.000000
0.996378
0.973430
1.000000
0.738574
1.000000
0.000844
0.004410
0.172161
0.292380
0.000000
1.000000
1.000000
1.000000
0.999999
0.982667
0.992773
0.952807
0.997732
0.975407
1.000000
0.999989
0.996872
0.999879
0.977998
1.000000
0.999993
0.660890
1.000000
1.000000
1.000000
1.000000
0.466462
0.994839
0.674375
0.000000
0.998967
1.000000
0.000109
0.996156
0.999554
0.999941
0.970875
0.992560
0.014686
1.000000
0.000000
1.000000
0.999974
0.999996
0.953840
0.435229
1.000000
0.999123
0.971444
0.000000
0.994338
1.000000
1.000000
0.989506
0.899065
0.993594
1.000000
1.000000
0.018346
0.847118
1.000000
0.970717
0.999921
0.000000
0.922618
0.999780
0.998773
1.000000
1.000000
1.000000
1.000000
0.000000
0.999899
0.000006
1.000000
0.000000
0.000000
0.000000
1.000000
1.000000
1.000000
1.000000
0.956708
0.977142
0.000000
1.000000
0.971455
1.000000
0.999999
0.000000
1.000000
0.999053
0.999873
0.071185
0.999999
0.994261
0.000000
0.960175
0.999985
1.000000
1.000000
0.999496
0.000000
1.000000
0.000000
1.000000
0.999059
0.007999
0.983144
0.984183
1.000000
0.869349
0.984839
0.880665
0.263952
0.999987
0.968045
0.999525
0.968280
0.131588
0.000000
0.999991
0.917298
0.992534
0.989336
1.000000
0.734192
0.281252
1.000000
1.000000
0.999999
0.532468
0.111631
0.003752
1.000000
0.323166
0.999157
1.000000
0.000000
1.000000
1.000000
0.000007
0.979280
1.000000
0.324249
0.553014
1.000000
0.221104
0.999935
1.000000
0.024431
0.999354
1.000000
0.996945
0.000000
0.999833
1.000000
1.000000
0.998389
0.000000
1.000000
0.828552
1.000000
0.000000
0.935101
0.970413
0.000000
0.639806
0.997839
0.000000
0.549222
0.999943
0.000000
0.996063
0.000023
0.999998
0.988146
1.000000
0.748232
0.999984
0.999793
0.969755
0.000008
0.999449
1.000000
0.993447
0.998478
0.990937
1.000000
1.000000
0.999976
1.000000
0.988093
0.992740
0.996005
1.000000
1.000000
1.000000
0.997045
0.058132
1.000000
1.000000
1.000000
0.997803
0.999514
1.000000
1.000000
0.999874
0.954373
0.636356
0.010120
0.000000
0.973118
1.000000
1.000000
0.139389
0.861085
1.000000
0.340296
1.000000
0.993895
0.999964
0.000000
1.000000
1.000000
0.000000
0.999776
0.999740
0.993552
1.000000
1.000000
0.937802
0.999073
1.000000
0.074418
1.000000
1.000000
1.000000
0.000000
1.000000
0.168664
0.992765
0.984872
1.000000
0.981038
0.988853
0.999727
0.939812
1.000000
1.000000
0.018175
0.132469
0.993185
0.983200
1.000000
0.895661
0.992876
1.000000
0.000000
0.998651
0.799076
1.000000
1.000000
1.000000
0.871396
0.000000
1.000000
0.999999
1.000000
0.999931
1.000000
0.996199
1.000000
1.000000
1.000000
0.979695
1.000000
0.999916
0.933833
0.801382
1.000000
0.979357
0.085641
0.996905
1.000000
0.000101
1.000000
0.411416
0.998032
0.852391
0.155975
0.861109
0.624704
0.028693
0.000000
0.999974
1.000000
0.999973
0.980359
1.000000
1.000000
1.000000
1.000000
0.000000
0.999879
0.998279
1.000000
1.000000
0.015406
0.908516
1.000000
0.000000
0.999999
1.000000
1.000000
1.000000
0.234977
1.000000
1.000000
1.000000
0.966047
1.000000
0.000000
0.888026
0.998378
0.999960
1.000000
1.000000
0.000000
1.000000
1.000000
0.690112
1.000000
0.000000
0.999916
1.000000
1.000000
1.000000
0.985793
1.000000
0.999998
1.000000
0.000000
0.999915
0.000000
0.000000
0.999905
1.000000
0.836001
0.997345
0.999727
0.000000
0.971545
1.000000
0.996628
1.000000
1.000000
0.000000
1.000000
0.983563
0.981300
0.000000
0.999951
1.000000
0.003873
0.112207
1.000000
1.000000
1.000000
0.441589
0.938981
0.000000
0.056245
0.993759
0.999845
0.977600
0.973972
1.000000
1.000000
1.000000
0.169887
1.000000
1.000000
0.644256
0.999308
0.999992
0.999989
0.999985
1.000000
0.042849
0.999940
0.492377
1.000000
0.676001
0.957643
0.000000
0.711447
0.000000
0.956708
1.000000
0.993014
0.994985
0.301191
1.000000
1.000000
1.000000
1.000000
0.999941
1.000000
0.000000
0.976810
0.996253
1.000000
0.808665
0.969531
0.999953
0.993100
1.000000
1.000000
0.999755
1.000000
0.999943
0.941169
0.998872
1.000000
0.431373
0.000002
0.999576
0.999843
0.992578
0.970875
0.557537
1.000000
0.000000
0.020557
1.000000
0.763938
1.000000
1.000000
0.997264
0.130374
0.025457
0.999996
0.991137
0.991732
1.000000
0.987455
1.000000
0.975324
1.000000
0.994152
0.000000
0.973895
0.399161
0.999478
0.946432
0.000000
0.834282
0.290347
1.000000
0.999356
0.000000
1.000000
0.997177
0.999791
1.000000
0.986589
1.000000
0.999694
1.000000
0.999970
0.687473
0.787897
1.000000
1.000000
0.494883
0.765964
0.998404
0.999951
1.000000
0.290347
1.000000
1.000000
0.514854
0.930630
1.000000
1.000000
1.000000
1.000000
0.066154
0.004715
1.000000
1.000000
1.000000
1.000000
0.863741
1.000000
1.000000
0.999998
0.998141
0.999994
0.000000
1.000000
1.000000
0.992987
1.000000
1.000000
0.999568
1.000000
0.361087
0.999999
1.000000
1.000000
1.000000
0.000000
0.000000
0.991946
0.998046
0.593018
0.000000
1.000000
0.000000
1.000000
0.082942
0.000000
0.976496
1.000000
1.000000
0.999889
0.924980
0.986873
0.999995
0.999898
1.000000
0.999997
0.926074
0.988379
1.000000
0.844854
0.999999
1.000000
0.970066
0.000000
0.076833
0.903007
1.000000
1.000000
1.000000
1.000000
0.999951
1.000000
0.997767
1.000000
1.000000
0.996616
0.000000
0.999007
0.000000
0.000000
0.979337
0.999969
0.184504
0.999994
0.999829
0.983523
0.947247
1.000000
0.995890
0.825309
0.999828
1.000000
0.997393
0.016096
0.000000
0.950213
0.992589
1.000000
1.000000
0.999351
0.997783
0.000000
1.000000
0.000000
0.999600
1.000000
0.017761
1.000000
1.000000
1.000000
0.927319
0.000773
0.202621
1.000000
0.000000
0.996774
0.987676
1.000000
1.000000
0.880638
0.999989
1.000000
1.000000
0.999995
0.961815
1.000000
0.818691
0.161631
0.761745
0.999995
0.999700
0.000015
0.000000
0.999976
1.000000
0.999766
0.000000
0.000000
0.999967
0.999986
0.899570
0.000000
0.000079
0.954173
1.000000
0.578267
1.000000
0.972004
0.994410
0.969958
0.000000
0.919896
1.000000
1.000000
0.999519
1.000000
1.000000
0.999469
1.000000
0.999975
0.881030
0.000174
0.929786
0.999989
1.000000
1.000000
0.995248
0.994698
0.968180
0.999994
1.000000
0.343490
1.000000
1.000000
0.246825
0.999496
0.990901
0.768239
1.000000
0.991689
1.000000
1.000000
0.990188
0.998487
0.068153
1.000000
0.523229
0.994202
1.000000
0.654174
1.000000
0.000000
0.010205
1.000000
0.999749
1.000000
0.000000
1.000000
0.416303
0.000264
0.999689
1.000000
1.000000
0.000000
0.000000
1.000000
0.000000
0.999049
1.000000
1.000000
1.000000
0.999999
1.000000
1.000000
1.000000
0.000000
0.999999
0.999997
1.000000
0.708108
0.963881
0.996023
0.999758
1.000000
0.000000
1.000000
1.000000
0.999998
0.866581
0.942567
0.000000
0.000000
0.994318
0.999991
0.000000
0.998124
0.999916
1.000000
0.999069
0.000000
0.000000
0.991217
0.980617
0.978116
0.892970
0.999284
0.988428
0.999969
0.999727
0.088923
0.999829
1.000000
0.000000
0.999999
0.502711
0.866768
1.000000
1.000000
0.999991
0.070593
1.000000
1.000000
0.998874
1.000000
0.762671
0.651849
1.000000
0.999952
0.996652
0.999856
1.000000
0.977115
0.998365
0.137810
0.981300
1.000000
0.999998
1.000000
1.000000
0.561007
0.903508
0.000000
0.954665
0.999982
1.000000
0.993403
1.000000
0.942905
1.000000
0.995349
1.000000
0.437069
1.000000
1.000000
0.031099
0.000000
0.000000
0.000000
0.992405
0.999621
1.000000
1.000000
0.997404
1.000000
1.000000
0.000001
0.000000
0.957875
0.999998
0.000000
1.000000
0.822160
1.000000
1.000000
0.999651
0.999173
0.986906
0.999830
1.000000
0.999129
0.157375
1.000000
0.000000
1.000000
1.000000
1.000000
1.000000
1.000000
1.000000
0.999985
0.994986
1.000000
1.000000
0.994875
0.999986
0.850374
0.999996
0.999950
0.998283
0.000037
1.000000
0.974100
0.000000
1.000000
1.000000
1.000000
1.000000
1.000000
0.999953
1.000000
1.000000
0.997847
0.002341
0.000000
1.000000
1.000000
0.000000
0.761816
1.000000
0.000000
0.999769
0.682847
1.000000
1.000000
0.524582
0.000000
1.000000
1.000000
0.993817
0.999000
0.999951
0.013862
0.800245
0.961483
0.000000
0.998569
0.143235
0.984087
0.921891
0.000033
0.000000
0.999997
1.000000
1.000000
0.245882
0.996159
0.005116
0.999896
1.000000
0.999999
0.570244
0.888237
1.000000
0.999809
0.874063
1.000000
1.000000
1.000000
0.785670
0.000000
1.000000
1.000000
0.999550
1.000000
0.000000
1.000000
0.000000
0.080155
0.833546
0.883420
0.845084
0.983616
0.000000
1.000000
0.977573
0.980388
0.999963
0.000000
0.951791
0.762671
0.234977
0.008545
0.998423
0.772984
0.000000
0.987969
0.000000
1.000000
0.995512
0.020662
0.997376
1.000000
1.000000
1.000000
0.999934
1.000000
0.000000
1.000000
0.965358
0.988391
0.000613
0.603038
0.999703
0.634723
1.000000
0.979337
1.000000
1.000000
0.376585
0.999994
1.000000
1.000000
0.999910
0.932509
1.000000
0.000000
0.999990
0.996497
0.999995
1.000000
1.000000
1.000000
0.990264
0.999811
0.997184
0.830675
0.992072
1.000000
0.000000
1.000000
0.583735
0.994017
0.000000
0.000000
0.017080
0.021557
0.995814
0.997985
0.985670
1.000000
0.998876
0.999943
0.021113
0.995281
0.995671
0.964992
0.996577
0.999978
0.998882
1.000000
0.767619
0.336965
0.995304
0.640388
0.999997
0.000022
0.940190
0.996237
0.999971
1.000000
0.000025
0.000000
0.999997
0.622019
1.000000
0.999272
1.000000
0.000000
1.000000
0.998744
1.000000
0.996323
0.830493
0.000000
0.994744
0.999833
0.506745
0.999953
0.999862
0.998883
0.019892
0.994879
0.983391
0.313477
0.999995
0.940240
1.000000
0.999408
1.000000
0.999117
0.909891
0.997416
1.000000
0.935070
0.233824
0.999942
1.000000
0.624057
1.000000
0.999995
1.000000
0.449939
0.002183
0.000000
0.971145
0.938784
1.000000
0.999998
0.000000
1.000000
1.000000
1.000000
0.986834
0.000000
1.000000
0.000000
1.000000
1.000000
0.000000
0.999695
0.000000
0.974052
0.982865
1.000000
0.956221
0.000000
0.000000
1.000000
0.997265
0.001998
0.000000
0.974848
0.982191
0.999523
1.000000
0.989793
0.995323
1.000000
0.000000
1.000000
0.534133
1.000000
0.999008
0.546941
0.964858
0.997118
0.735413
0.000000
0.000000
0.989715
0.316320
0.944006
1.000000
0.999902
1.000000
1.000000
0.998635
0.917584
1.000000
1.000000
0.999998
0.973319
0.000000
1.000000
0.794597
0.999695
0.999637
0.000000
1.000000
1.000000
0.129948
0.994164
0.001583
0.639806
0.453102
0.898090
0.995604
0.000000
1.000000
0.001229
1.000000
0.786926
0.994279
1.000000
1.000000
1.000000
0.998562
1.000000
1.000000
0.998023
0.997526
1.000000
0.913076
0.000000
0.880726
0.000000
0.999961
0.019441
0.552931
0.999999
1.000000
1.000000
1.000000
0.992461
0.000000
0.786947
0.707065
0.763938
0.641454
0.908118
0.306644
0.911247
0.994280
0.999483
1.000000
0.999998
0.999999
0.000000
1.000000
0.000000
0.983173
1.000000
1.000000
1.000000
1.000000
1.000000
0.986900
0.988931
0.993189
0.999988
0.996647
0.990445
1.000000
1.000000
0.999998
1.000000
1.000000
0.000000
1.000000
0.908202
0.999998
0.998153
0.000000
0.000000
0.997807
0.001370
1.000000
0.314497
0.999370
0.978603
0.999995
1.000000
1.000000
0.861901
1.000000
1.000000
0.999989
1.000000
0.993636
1.000000
1.000000
1.000000
0.918574
1.000000
0.996935
1.000000
0.000000
0.000000
1.000000
0.999600
0.000000
0.999875
0.999422
0.999570
0.369678
0.999991
0.927101
1.000000
0.905749
1.000000
0.000000
0.128367
0.000306
0.930630
0.000000
0.001103
1.000000
1.000000
0.979499
1.000000
0.583735
0.000000
0.972481
0.000000
0.003489
0.999433
0.022592
0.880796
1.000000
0.999995
1.000000
1.000000
0.999839
0.012426
1.000000
1.000000
0.999998
0.999995
0.999984
0.300421
0.630383
0.937351
0.000000
0.868794
1.000000
0.000000
1.000000
0.999967
0.000000
1.000000
1.000000
0.995466
0.402833
1.000000
1.000000
0.999241
0.000000
0.997333
0.999181
1.000000
0.000000
0.999417
0.000000
1.000000
0.000000
0.000000
0.072588
1.000000
1.000000
0.017448
0.968693
0.998868
0.999959
0.446369
1.000000
0.999528
0.998711
0.762671
1.000000
1.000000
0.999624
1.000000
0.000000
1.000000
0.999962
1.000000
0.645575
0.897363
0.974921
1.000000
0.000000
1.000000
1.000000
0.999989
0.975008
1.000000
0.948429
1.000000
0.999937
1.000000
0.815257
0.379100
0.976537
0.976750
0.995964
0.840322
1.000000
1.000000
0.202341
0.000000
1.000000
0.992053
0.000000
1.000000
1.000000
0.000000
0.983209
0.000000
1.000000
0.999882
0.986855
1.000000
1.000000
1.000000
1.000000
0.985207
1.000000
0.000004
0.002170
1.000000
0.999851
0.000000
1.000000
1.000000
1.000000
1.000000
0.999995
0.999990
0.938050
1.000000
0.990704
0.999023
1.000000
0.941169
1.000000
0.004521
0.033584
0.999817
0.996952
1.000000
0.000000
1.000000
1.000000
0.998813
1.000000
0.000000
1.000000
0.000000
1.000000
0.844228
1.000000
0.973118
0.999812
0.000000
0.999957
1.000000
0.000000
0.999948
1.000000
0.175348
1.000000
0.963879
0.000000
0.992049
0.983224
0.000001
1.000000
0.997323
1.000000
0.952234
0.948429
0.000000
1.000000
1.000000
1.000000
0.999936
1.000000
1.000000
1.000000
0.000000
0.000000
0.241065
0.000000
0.967755
0.995601
0.000000
0.016882
0.000000
0.769761
1.000000
0.997265
1.000000
0.044514
1.000000
1.000000
1.000000
0.000000
1.000000
0.004539
0.980395
1.000000
1.000000
0.978469
0.993724
1.000000
0.992487
1.000000
0.991998
1.000000
1.000000
1.000000
1.000000
0.004099
0.000000
0.999965
1.000000
0.999973
1.000000
0.641064
0.995002
0.997128
1.000000
1.000000
1.000000
0.022967
0.999999
0.918139
0.996887
1.000000
0.998718
0.043163
0.959734
0.996508
0.993857
0.000093
0.000000
1.000000
0.000000
1.000000
0.000001
0.000000
0.999298
0.000000
0.995089
0.959246
0.999982
0.933753
1.000000
1.000000
1.000000
1.000000
1.000000
1.000000
0.803046
1.000000
0.992765
0.000000
0.481233
0.999879
1.000000
1.000000
0.999986
0.000000
0.000000
0.000000
0.999996
0.519489
0.999999
0.957781
0.000000
0.979439
0.573857
0.992987
0.835589
0.000000
1.000000
1.000000
0.985081
1.000000
1.000000
0.951134
0.744404
1.000000
0.001477
1.000000
0.002367
0.901579
1.000000
0.803551
0.989447
0.999999
0.688463
1.000000
0.380477
0.000000
0.008140
0.999639
0.997804
0.594466
0.000000
0.987578
1.000000
0.000000
1.000000
0.959981
1.000000
0.987709
0.000000
1.000000
1.000000
0.001420
0.000000
0.999998
0.366795
1.000000
0.000000
1.000000
1.000000
0.999595
0.612720
1.000000
0.014972
1.000000
0.105557
0.999748
1.000000
1.000000
0.999984
1.000000
0.998635
1.000000
1.000000
0.999774
0.999951
0.997456
1.000000
0.968908
0.996935
0.901991
1.000000
1.000000
0.993753
0.999991
0.999994
0.999461
1.000000
0.006830
0.000000
0.999976
1.000000
1.000000
0.999056
0.000000
0.999869
1.000000
0.200114
1.000000
0.779862
0.000000
1.000000
1.000000
1.000000
0.000000
0.000000
1.000000
0.000000
0.999988
1.000000
1.000000
0.000000
0.873270
1.000000
1.000000
1.000000
0.999766
0.986522
0.007711
0.999993
0.999967
0.165958
0.985689
0.000000
1.000000
0.000000
0.999737
0.999960
0.103512
0.990515
0.973265
1.000000
1.000000
1.000000
0.943325
0.992479
0.999959
1.000000
0.958585
1.000000
0.920931
0.106313
0.605605
0.709418
0.991004
0.999963
0.000181
0.002254
0.000000
0.000000
1.000000
0.999996
0.000000
0.944982
0.993354
1.000000
0.790786
1.000000
0.000000
0.976115
0.868787
1.000000
0.856594
1.000000
0.000001
0.000000
1.000000
0.631298
1.000000
0.254971
1.000000
0.735333
1.000000
1.000000
0.999725
1.000000
0.000000
0.999906
0.999997
0.999993
1.000000
0.881822
0.926078
0.997208
1.000000
1.000000
1.000000
1.000000
1.000000
0.997719
0.380806
0.999820
0.007770
0.755849
1.000000
0.999928
0.999647
0.999777
0.000000
1.000000
1.000000
0.999986
0.999826
1.000000
0.000000
0.975364
0.985309
0.999994
1.000000
1.000000
0.888164
1.000000
1.000000
1.000000
0.200475
1.000000
0.999966
0.967666
1.000000
0.000000
0.900061
0.000000
0.999959
0.999917
0.997081
0.000000
1.000000
0.997942
1.000000
0.991224
0.999966
1.000000
0.125999
0.999215
0.999776
1.000000
1.000000
1.000000
1.000000
1.000000
1.000000
0.778274
1.000000
0.995058
0.079874
1.000000
1.000000
1.000000
1.000000
0.000000
0.789988
0.999942
1.000000
1.000000
1.000000
1.000000
0.999998
0.991886
0.999900
1.000000
0.988625
0.955042
1.000000
1.000000
1.000000
1.000000
1.000000
0.999460
0.984988
0.000000
0.944894
1.000000
0.981300
0.022231
0.999983
0.999998
0.998971
0.999238
1.000000
0.999984
0.999999
0.912379
1.000000
0.999129
0.987763
0.999851
0.000000
1.000000
1.000000
0.999997
0.999696
0.994456
0.999002
1.000000
1.000000
1.000000
0.857144
0.830467
0.987580
1.000000
0.990162
0.820101
1.000000
0.000000
1.000000
0.853227
1.000000
1.000000
0.000000
0.995598
1.000000
0.984353
0.415121
0.617787
0.861570
0.000000
1.000000
0.998161
1.000000
1.000000
1.000000
0.991193
0.999542
0.989621
1.000000
0.999972
0.118627
0.998303
0.997494
1.000000
1.000000
0.000000
0.999664
0.999923
1.000000
0.932805
0.999955
0.999928
1.000000
1.000000
0.859072
1.000000
1.000000
0.894366
1.000000
0.999840
0.734192
0.900500
1.000000
0.000000
0.999999
0.735190
1.000000
0.946870
1.000000
0.000000
0.999998
0.994550
0.238176
1.000000
0.968841
1.000000
0.000000
0.173808
0.998800
0.637251
1.000000
0.999997
0.049066
0.992829
0.000000
1.000000
1.000000
1.000000
1.000000
1.000000
0.997872
0.999999
0.999981
1.000000
0.999821
1.000000
0.010811
1.000000
1.000000
0.870231
0.999887
1.000000
0.996665
0.999835
0.072358
1.000000
0.999970
0.987169
0.995045
1.000000
0.999993
0.000000
1.000000
0.000000
1.000000
0.000000
0.999997
0.000366
1.000000
1.000000
0.952828
0.947909
0.999828
0.990723
0.116564
0.980585
0.000000
1.000000
0.915892
1.000000
0.000000
0.196587
0.181452
1.000000
1.000000
0.000000
1.000000
0.898899
0.999853
1.000000
0.000000
1.000000
1.000000
1.000000
1.000000
0.999771
0.999570
0.966021
1.000000
0.943475
0.000000
1.000000
0.555804
0.758394
0.000000
0.783850
0.878701
0.998596
0.020831
0.997756
0.757599
1.000000
0.865769
1.000000
0.789109
0.000008
0.469411
1.000000
0.999857
0.983343
0.996133
1.000000
0.000001
1.000000
0.999759
0.779190
0.945249
1.000000
0.978570
0.990575
0.999999
0.889181
0.988083
0.999609
1.000000
0.999450
1.000000
0.820432
0.989251
0.906923
0.005313
1.000000
0.005995
1.000000
1.000000
1.000000
0.995894
0.288327
0.000000
0.998957
0.000079
0.853843
1.000000
1.000000
0.968852
0.991794
1.000000
0.999975
1.000000
0.999950
1.000000
1.000000
0.000000
0.999671
1.000000
0.999976
1.000000
1.000000
0.913739
0.552082
0.964654
1.000000
0.000000
0.981498
0.905224
1.000000
1.000000
1.000000
1.000000
0.024431
0.000000
0.999964
1.000000
0.999833
0.105175
0.000000
0.987069
1.000000
0.914184
1.000000
0.999974
0.999072
1.000000
1.000000
0.939864
1.000000
1.000000
0.997499
0.910745
1.000000
1.000000
1.000000
1.000000
1.000000
1.000000
0.999923
1.000000
0.916995
1.000000
0.999820
0.999294
0.000000
0.818925
0.988814
0.000000
0.963340
0.000000
1.000000
0.024369
0.575256
1.000000
0.995429
0.784733
0.000000
0.000113
0.979175
1.000000
0.999377
1.000000
1.000000
1.000000
1.000000
0.000000
0.894338
0.000000
1.000000
1.000000
1.000000
0.000000
0.999769
1.000000
1.000000
0.991004
0.994614
0.151087
0.947379
0.279176
0.998139
0.954313
0.000020
1.000000
1.000000
1.000000
0.999950
0.846196
1.000000
1.000000
1.000000
0.072588
0.999991
0.938834
0.994225
1.000000
1.000000
0.999996
1.000000
0.000000
0.999140
1.000000
0.053927
0.994268
0.917872
1.000000
0.000000
0.999333
0.030697
1.000000
1.000000
0.892970
0.999842
1.000000
1.000000
1.000000
0.981951
0.890619
0.097168
1.000000
0.000000
0.000000
0.269869
0.927102
0.999228
0.000000
0.953152
1.000000
1.000000
0.467755
0.997256
0.999992
0.699969
0.936764
1.000000
0.998669
0.999998
1.000000
0.000000
0.999302
1.000000
0.999993
1.000000
1.000000
0.999494
1.000000
1.000000
1.000000
0.991445
1.000000
1.000000
1.000000
0.953165
0.966922
0.486330
0.000717
1.000000
0.940671
0.999266
0.999918
1.000000
0.648379
0.999467
1.000000
1.000000
0.000000
0.000000
0.999965
1.000000
1.000000
0.909364
0.000007
1.000000
0.995957
1.000000
1.000000
0.000000
0.306644
1.000000
0.999775
0.921414
0.784393
0.980389
1.000000
0.000000
0.999987
0.236830
1.000000
0.105574
0.000000
1.000000
0.999880
1.000000
0.932464
0.999972
0.000000
0.494709
1.000000
0.690855
0.997037
1.000000
1.000000
0.990007
0.999998
0.999301
0.999997
0.978709
0.985482
1.000000
1.000000
1.000000
0.000000
1.000000
0.771690
0.000000
0.989113
1.000000
0.761747
0.402833
0.000000
0.999934
0.994067
1.000000
0.997397
0.994951
0.859723
0.976192
0.000415
0.999983
1.000000
0.934758
0.987968
1.000000
0.992144
0.062908
1.000000
1.000000
0.823840
1.000000
1.000000
1.000000
0.999925
0.000000
0.969065
0.641082
0.999999
1.000000
0.000902
1.000000
1.000000
0.901096
0.999943
1.000000
0.950054
0.000000
0.461399
0.000000
0.000502
0.481098
1.000000
0.000000
0.980350
0.999999
0.999999
0.925522
1.000000
0.320480
0.997718
0.999158
1.000000
1.000000
0.610057
1.000000
0.998486
0.621901
0.994887
0.948006
0.000000
0.286484
0.999139
0.938344
0.000000
0.999595
0.940580
0.991210
0.996725
0.398067
1.000000
0.137118
1.000000
0.994331
0.668767
1.000000
0.999938
0.003178
0.012776
1.000000
0.996766
0.939780
1.000000
0.984834
0.000000
1.000000
0.000000
0.999930
0.954861
1.000000
0.006331
0.822988
1.000000
1.000000
0.999999
0.923121
1.000000
1.000000
0.000000
0.000000
0.000060
0.845910
0.000000
0.000000
1.000000
1.000000
0.999995
1.000000
0.999998
1.000000
1.000000
0.999932
0.999860
1.000000
0.997662
0.971302
1.000000
1.000000
0.997305
1.000000
0.999811
1.000000
0.999883
1.000000
0.948261
0.000894
0.869965
0.139076
1.000000
1.000000
1.000000
0.999996
0.999970
0.995094
0.000000
1.000000
0.065624
0.965537
1.000000
0.979835
1.000000
1.000000
1.000000
0.000000
0.000000
1.000000
0.000000
1.000000
1.000000
0.999999
0.999312
0.289075
0.996154
0.988942
0.999999
1.000000
0.001650
1.000000
0.939299
0.999040
0.996819
0.009323
0.002747
0.999875
1.000000
0.999995
0.000000
0.000000
1.000000
0.937712
1.000000
1.000000
1.000000
0.999997
0.748694
0.013744
1.000000
0.997377
1.000000
1.000000
0.012619
0.000000
0.999997
1.000000
1.000000
0.938639
0.073807
1.000000
0.997743
0.000000
1.000000
0.997980
1.000000
1.000000
1.000000
1.000000
1.000000
0.999308
1.000000
1.000000
0.997537
0.000000
0.999999
0.101660
1.000000
0.000000
1.000000
1.000000
0.000000
0.000000
0.080358
0.945440
0.999836
1.000000
1.000000
1.000000
0.000000
0.000000
0.000000
0.935108
1.000000
1.000000
0.995109
0.885825
1.000000
0.779047
1.000000
0.998274
0.222725
0.005725
0.000000
0.995330
1.000000
0.999790
0.296667
0.970265
0.981633
0.976571
0.993647
0.948302
0.883632
0.999998
0.999991
0.022872
1.000000
0.975923
0.992773
0.431241
0.999038
0.999993
0.487453
0.999819
0.166815
0.947774
0.000000
0.999940
1.000000
0.045032
0.649236
0.598646
0.616823
1.000000
0.984982
1.000000
1.000000
0.999071
0.038641
0.566451
0.999967
1.000000
0.482672
0.679427
0.999711
1.000000
0.852560
1.000000
0.997714
0.959201
0.144385
1.000000
1.000000
0.876583
0.850566
0.994076
1.000000
0.000000
0.988724
1.000000
0.000000
1.000000
0.002647
1.000000
1.000000
0.999893
0.000000
0.976337
0.504310
1.000000
0.000000
0.734340
0.997263
0.958487
1.000000
0.991691
1.000000
0.944357
0.000863
1.000000
1.000000
1.000000
0.999587
1.000000
1.000000
1.000000
1.000000
0.999460
1.000000
1.000000
1.000000
0.000000
0.964738
1.000000
0.999981
0.445334
1.000000
0.967405
0.999996
1.000000
0.998592
1.000000
0.999930
0.095876
1.000000
0.991380
0.999991
0.986021
1.000000
1.000000
0.321456
0.983875
1.000000
0.000000
0.751658
0.902395
0.983827
1.000000
1.000000
0.058197
0.936634
1.000000
0.736495
1.000000
0.983559
0.000000
0.996338
1.000000
1.000000
1.000000
0.000000
0.978904
0.953694
1.000000
0.740961
0.998053
0.999994
0.785292
0.830180
0.999925
0.998164
0.243976
0.741900
1.000000
1.000000
0.967387
1.000000
0.987676
0.251465
1.000000
1.000000
1.000000
0.000000
1.000000
0.000000
0.882561
1.000000
0.938476
0.999780
0.998309
0.000000
0.867422
1.000000
0.000000
0.973430
0.999987
1.000000
0.117248
1.000000
0.000000
0.999694
0.996843
0.000000
0.000000
1.000000
0.999968
0.855321
0.000000
1.000000
0.999070
1.000000
0.000000
0.976863
0.000000
1.000000
0.999979
1.000000
0.970838
0.999995
0.967255
0.293459
1.000000
1.000000
0.000008
0.999998
0.000000
0.000000
0.982782
0.999866
1.000000
0.995588
1.000000
0.983609
0.999972
1.000000
0.999473
1.000000
0.000000
0.998584
0.970923
0.944115
1.000000
0.992405
0.088724
0.985008
1.000000
1.000000
1.000000
1.000000
1.000000
0.000000
1.000000
1.000000
1.000000
1.000000
0.233948
1.000000
1.000000
0.808473
0.198881
0.271296
0.000000
0.000000
0.999994
0.986799
1.000000
0.999830
0.999622
1.000000
0.000000
0.997442
0.884883
0.000000
1.000000
1.000000
0.000000
1.000000
1.000000
0.310477
1.000000
0.002843
0.000000
0.008207
0.992578
0.000000
0.000000
1.000000
1.000000
1.000000
0.818308
0.997532
0.996098
1.000000
1.000000
0.000000
0.923171
0.000000
0.957707
0.999998
1.000000
0.674223
0.000000
0.972801
0.000000
0.799957
0.923121
1.000000
1.000000
1.000000
1.000000
1.000000
0.000000
1.000000
0.999971
0.935483
0.993724
0.716393
0.999893
0.000000
0.959499
1.000000
1.000000
0.999964
0.000000
1.000000
0.990881
0.898673
1.000000
1.000000
0.055046
0.999993
1.000000
0.000210
0.359677
0.000000
1.000000
0.837766
1.000000
0.999166
0.999976
0.000000
1.000000
0.959039
0.915674
0.996406
0.195387
1.000000
0.999881
0.999977
0.535486
1.000000
1.000000
0.999998
0.999845
1.000000
0.998848
0.000050
1.000000
1.000000
0.932660
0.419843
0.999172
0.000000
1.000000
0.999981
0.826034
1.000000
1.000000
0.000000
0.000000
0.000000
0.000000
0.000000
0.999905
1.000000
1.000000
0.999984
0.000000
0.999166
0.984901
1.000000
0.000000
0.820938
0.000000
0.694217
1.000000
1.000000
1.000000
1.000000
0.000000
0.055979
0.992501
1.000000
0.998220
0.350865
0.632121
0.000099
1.000000
1.000000
1.000000
0.599504
1.000000
0.000000
0.999411
1.000000
0.701064
0.999812
0.999690
0.999318
0.999122
1.000000
1.000000
0.998802
0.999420
1.000000
0.999712
0.000000
0.644906
0.882098
0.999723
0.999999
1.000000
0.998113
0.999967
0.690112
1.000000
0.670978
0.526037
0.999762
0.999812
0.999995
1.000000
0.000000
0.999769
1.000000
1.000000
1.000000
0.811985
1.000000
1.000000
1.000000
0.998953
0.087248
1.000000
0.000000
1.000000
0.950213
0.999858
1.000000
0.998688
0.999482
0.918871
1.000000
0.007718
0.000000
0.000000
0.999748
1.000000
0.289075
1.000000
0.998172
0.000000
0.000000
0.744908
0.999416
0.000000
1.000000
0.000000
0.998941
1.000000
0.962575
1.000000
1.000000
0.999960
0.892177
0.920660
0.659391
0.818982
1.000000
1.000000
1.000000
0.652224
0.000000
0.188054
0.840331
0.000000
0.000000
0.902496
0.437689
0.570597
1.000000
0.000000
0.998572
0.999999
0.000000
1.000000
1.000000
0.999617
1.000000
1.000000
0.939864
0.930663
0.000000
1.000000
0.999999
0.999992
0.997659
0.899156
1.000000
1.000000
0.000000
0.786521
1.000000
0.000000
0.935070
1.000000
0.861570
0.033255
0.999968
0.823801
1.000000
1.000000
0.998378
1.000000
0.790312
1.000000
0.999496
0.999803
1.000000
0.999996
0.989302
0.998460
0.802348
1.000000
1.000000
1.000000
0.998566
0.957874
1.000000
1.000000
0.547827
1.000000
0.867512
0.716291
0.687460
0.757362
1.000000
0.983060
1.000000
1.000000
1.000000
0.000000
0.000000
0.000000
1.000000
1.000000
1.000000
1.000000
1.000000
0.000000
0.146813
0.864290
1.000000
0.999687
0.710315
0.999999
1.000000
0.999999
0.000000
1.000000
1.000000
1.000000
0.779862
0.000000
0.000000
1.000000
1.000000
0.591084
1.000000
1.000000
0.126249
0.999957
1.000000
0.000000
0.957301
0.000000
1.000000
1.000000
0.989631
1.000000
1.000000
1.000000
0.999786
1.000000
1.000000
0.939145
1.000000
1.000000
0.000000
1.000000
1.000000
0.983173
0.067462
0.988030
0.000000
1.000000
0.854268
0.999007
1.000000
1.000000
0.954861
0.975060
0.000000
0.991794
0.948429
1.000000
0.000000
0.952768
0.944083
0.583222
1.000000
0.000000
0.997752
1.000000
1.000000
0.000000
0.743988
0.000000
1.000000
0.765986
0.000000
0.042583
0.000000
0.999505
0.995501
1.000000
0.996609
0.000000
1.000000
0.999998
0.996123
0.000000
1.000000
0.945895
0.000000
0.999806
0.962702
0.143922
1.000000
0.000000
0.000000
0.999175
1.000000
0.971302
1.000000
0.998952
1.000000
0.822093
0.979709
0.572589
1.000000
0.118662
0.999993
0.376846
1.000000
1.000000
1.000000
0.997720
0.000000
1.000000
0.000000
1.000000
1.000000
0.994543
1.000000
0.907092
0.999976
1.000000
0.999831
0.999639
1.000000
1.000000
0.957420
1.000000
0.998747
0.017351
1.000000
1.000000
0.000000
1.000000
1.000000
0.985602
0.613672
0.861334
1.000000
0.000000
0.999979
0.996804
0.999961
1.000000
0.997366
1.000000
0.681700
0.000000
1.000000
0.935108
0.734340
0.999992
0.216517
0.000000
1.000000
1.000000
0.733570
0.047738
0.925097
0.000000
1.000000
1.000000
1.000000
1.000000
0.805292
0.000000
1.000000
0.999914
1.000000
0.996893
0.000000
0.002821
0.064459
1.000000
0.003068
0.128623
1.000000
0.843447
0.993190
0.999932
1.000000
0.988851
0.134394
0.999926
1.000000
1.000000
0.000000
0.233533
0.987747
1.000000
1.000000
0.000000
0.000000
0.960548
1.000000
0.996273
0.934665
1.000000
1.000000
0.993823
0.432968
0.892007
0.926757
1.000000
1.000000
1.000000
1.000000
1.000000
0.000000
1.000000
1.000000
1.000000
1.000000
1.000000
1.000000
0.999969
0.926074
0.828660
1.000000
0.756521
0.000000
0.000000
0.002468
0.956303
1.000000
1.000000
1.000000
1.000000
0.905079
0.996126
0.995858
1.000000
1.000000
0.768749
1.000000
1.000000
0.000000
1.000000
0.999884
0.934758
1.000000
0.999166
0.999970
0.015698
0.909155
1.000000
1.000000
0.000000
1.000000
0.000000
0.196730
1.000000
0.991217
1.000000
0.999719
1.000000
0.999932
0.000000
1.000000
0.000000
0.045331
0.409043
0.000000
0.844064
1.000000
1.000000
0.321487
1.000000
1.000000
1.000000
0.823379
1.000000
0.831535
0.501064
0.999934
0.999984
0.999224
0.941844
0.000171
1.000000
0.998790
1.000000
0.966544
1.000000
1.000000
1.000000
0.001229
0.999674
0.000000
0.000000
1.000000
1.000000
0.000000
0.029121
0.000000
0.997721
0.045690
1.000000
0.925291
0.980789
0.932272
1.000000
1.000000
0.999917
1.000000
0.981890
0.000000
1.000000
1.000000
0.999995
1.000000
1.000000
0.113622
0.000000
0.674455
1.000000
0.735356
0.000000
1.000000
1.000000
0.000000
0.452060
1.000000
1.000000
0.946312
1.000000
0.974217
0.972550
1.000000
1.000000
1.000000
1.000000
0.999961
1.000000
0.977907
1.000000
0.570828
0.901043
0.999993
1.000000
0.995154
0.000000
0.126603
0.999996
0.920523
0.999954
1.000000
0.678267
0.650304
0.999943
1.000000
0.999999
1.000000
1.000000
0.997265
0.000000
0.998614
0.000000
1.000000
0.360949
0.197065
0.990576
1.000000
0.996938
0.000000
1.000000
1.000000
0.131184
1.000000
0.000263
1.000000
0.000000
0.308625
0.999927
0.999768
0.978730
0.997401
1.000000
1.000000
0.299037
1.000000
1.000000
0.013387
0.000000
0.000000
0.899156
1.000000
0.996663
0.697711
0.041067
0.999926
0.999981
1.000000
1.000000
0.000000
0.000000
1.000000
0.999962
0.845341
0.967354
0.988428
0.652612
1.000000
0.000000
0.062867
0.000000
1.000000
0.999637
1.000000
0.996719
0.007037
1.000000
0.832749
0.998641
0.000000
0.991950
1.000000
0.423570
1.000000
0.999620
0.999997
1.000000
0.011253
0.999506
1.000000
1.000000
0.989189
0.966056
1.000000
1.000000
0.000000
0.999670
1.000000
0.000000
0.044765
0.999991
0.999796
1.000000
0.999938
0.000000
1.000000
1.000000
0.974131
0.776039
1.000000
1.000000
1.000000
0.061297
1.000000
1.000000
0.000000
0.988943
0.899453
1.000000
0.999884
1.000000
0.000000
0.000000
1.000000
1.000000
1.000000
1.000000
0.389703
1.000000
1.000000
0.987982
0.000000
0.893170
0.999954
0.977142
0.999727
1.000000
0.999568
0.000000
1.000000
1.000000
1.000000
0.924300
0.023112
0.086303
1.000000
1.000000
1.000000
0.999890
0.000000
0.000000
1.000000
1.000000
0.996827
0.733835
0.986900
0.000059
0.849954
0.999252
1.000000
1.000000
1.000000
0.371283
0.999994
0.008165
0.000000
0.999366
0.091894
1.000000
1.000000
1.000000
0.999944
0.502311
0.933414
0.999979
0.000000
0.758473
1.000000
1.000000
1.000000
1.000000
0.979161
0.000000
1.000000
1.000000
1.000000
1.000000
1.000000
0.997692
1.000000
1.000000
1.000000
1.000000
0.998578
0.413420
0.000000
1.000000
0.000000
0.083283
1.000000
0.000000
0.928857
0.000000
0.999993
0.999687
1.000000
1.000000
0.000000
0.950945
0.000000
0.578729
0.140750
1.000000
0.273046
1.000000
1.000000
1.000000
0.989786
1.000000
0.000000
1.000000
1.000000
0.985081
0.990941
0.998356
0.000000
1.000000
1.000000
0.000000
1.000000
0.000000
0.999702
0.000000
0.000000
0.762609
0.000000
1.000000
1.000000
1.000000
0.827588
1.000000
0.080441
0.000000
1.000000
0.144768
0.996710
1.000000
0.949421
1.000000
0.000000
0.747344
0.916022
0.024018
0.999986
1.000000
1.000000
1.000000
1.000000
0.000000
0.000203
1.000000
0.999166
0.000000
0.882110
0.957131
0.999866
0.628897
0.000000
1.000000
0.999751
0.760435
0.999999
0.999998
0.999427
1.000000
0.979247
0.999988
1.000000
0.983144
0.864061
0.999969
0.981353
0.000000
1.000000
1.000000
0.998950
0.894651
0.942813
0.473511
1.000000
0.645654
0.999999
1.000000
0.985457
0.996475
1.000000
1.000000
0.884948
0.007699
1.000000
1.000000
1.000000
0.975735
0.999975
1.000000
1.000000
1.000000
0.968919
1.000000
0.999713
0.000000
0.630664
0.236666
1.000000
1.000000
0.941119
0.406079
0.999819
0.761745
0.001014
1.000000
0.998808
1.000000
0.952147
1.000000
1.000000
1.000000
0.994175
0.999695
1.000000
1.000000
0.000000
1.000000
0.015194
1.000000
0.000000
1.000000
0.999968
0.734686
1.000000
0.000779
0.996223
0.543751
1.000000
0.995466
0.923348
1.000000
1.000000
1.000000
1.000000
0.993790
1.000000
0.998763
0.995469
0.000000
0.690112
0.904219
1.000000
1.000000
0.527800
1.000000
1.000000
0.938050
0.882722
0.023567
0.999999
0.000631
0.999992
0.912774
0.731233
0.006669
0.994606
0.999070
1.000000
0.741900
1.000000
0.000000
0.984538
0.000000
0.999963
0.999800
0.000012
0.999976
1.000000
0.999966
0.022364
1.000000
0.999996
0.984592
0.000000
1.000000
0.999973
0.694908
1.000000
0.983211
0.979388
0.999978
0.000000
0.000000
1.000000
1.000000
0.999985
0.997767
1.000000
0.000000
0.998569
0.000000
0.075400
1.000000
1.000000
1.000000
0.661573
0.942485
0.880131
1.000000
1.000000
0.000000
0.998857
1.000000
0.283599
1.000000
0.286668
1.000000
0.847734
0.000000
0.715264
0.851757
0.889105
0.000000
1.000000
1.000000
1.000000
0.467691
0.999855
0.000131
0.959791
0.000000
1.000000
0.920209
1.000000
1.000000
1.000000
1.000000
0.999999
0.124676
0.000000
0.999462
0.999999
0.835380
0.972504
0.659100
0.000000
0.999979
0.005715
1.000000
0.989302
0.000127
0.218966
0.999766
0.111631
0.955936
1.000000
1.000000
0.987791
1.000000
0.899874
1.000000
0.000000
0.037227
0.678490
1.000000
1.000000
0.000000
1.000000
0.998994
1.000000
0.476505
1.000000
0.000000
0.932744
0.999140
0.983627
1.000000
1.000000
1.000000
1.000000
0.003178
0.000000
0.000000
0.000000
1.000000
0.000000
1.000000
0.996676
1.000000
1.000000
1.000000
0.000000
0.106313
0.999517
0.996765
0.000000
1.000000
1.000000
0.895078
1.000000
0.998492
0.000077
1.000000
1.000000
0.996156
1.000000
0.791507
0.999998
0.378001
1.000000
1.000000
1.000000
1.000000
1.000000
1.000000
0.000050
0.000000
1.000000
1.000000
0.000000
0.000000
0.992893
0.000000
1.000000
0.956855
0.140200
1.000000
0.866037
1.000000
1.000000
1.000000
1.000000
1.000000
0.000000
0.994389
1.000000
0.999957
0.999997
0.915674
0.329943
0.000236
0.529685
0.999999
0.699993
0.874000
0.940580
1.000000
0.948121
1.000000
0.000000
0.999986
1.000000
1.000000
0.013375
0.004311
0.996854
1.000000
0.984127
0.000000
1.000000
0.996810
0.428256
0.000000
0.999619
0.994115
0.999772
1.000000
1.000000
1.000000
0.999998
0.000000
0.980564
0.999964
0.000238
0.997783
0.047392
0.975165
0.990879
0.000000
1.000000
1.000000
1.000000
0.999990
1.000000
1.000000
1.000000
0.961483
0.976166
0.643175
1.000000
0.999998
0.985010
0.000000
0.000000
0.979342
0.999960
0.999941
1.000000
1.000000
1.000000
0.000000
0.802355
0.929825
0.999113
1.000000
1.000000
1.000000
0.000000
0.000000
1.000000
1.000000
1.000000
0.635929
1.000000
0.765135
1.000000
1.000000
1.000000
0.999518
1.000000
1.000000
1.000000
0.828383
0.997460
0.997444
1.000000
1.000000
1.000000
0.041419
1.000000
0.000000
0.792729
1.000000
0.000000
0.033274
0.551956
0.999868
0.999664
0.992214
0.811031
0.000000
0.998421
1.000000
0.000000
0.000000
0.000000
0.000000
0.818983
1.000000
1.000000
0.000000
0.999175
0.000000
1.000000
1.000000
0.977030
1.000000
1.000000
1.000000
0.996683
0.973856
0.938215
1.000000
0.999982
0.998788
0.999976
1.000000
1.000000
0.858663
1.000000
1.000000
0.981804
0.413438
1.000000
1.000000
0.000000
0.988769
0.999192
1.000000
0.000000
0.000000
0.000000
0.998021
0.000000
1.000000
0.998487
0.993724
1.000000
0.000870
0.000000
0.998814
0.999996
0.999941
1.000000
0.996490
0.999999
0.866668
0.998010
1.000000
0.998954
1.000000
1.000000
0.000000
1.000000
0.011399
0.926214
0.999886
0.236337
0.000000
0.000000
0.012809
1.000000
0.999999
1.000000
0.028698
0.999637
0.386225
0.913006
1.000000
0.124320
1.000000
0.000000
0.004357
1.000000
0.996893
0.000000
0.000000
0.526172
0.996511
0.000000
0.987095
0.972787
1.000000
0.679761
0.977483
1.000000
0.000948
0.501045
0.928395
0.999514
1.000000
0.999973
1.000000
0.000000
0.000000
0.961110
0.996634
0.999064
0.999054
0.974217
1.000000
1.000000
0.000000
1.000000
0.999618
0.944789
0.998435
1.000000
1.000000
1.000000
1.000000
0.000000
0.632121
0.000000
0.999933
0.999972
0.994083
0.999999
1.000000
1.000000
0.997172
0.000000
1.000000
1.000000
0.999958
1.000000
0.000000
0.992714
0.000000
1.000000
0.643383
1.000000
0.781245
0.154101
0.000000
0.996136
1.000000
0.984902
1.000000
0.992281
0.999032
1.000000
1.000000
1.000000
0.999997
0.676677
0.967998
1.000000
0.000000
0.999994
0.000000
0.995109
1.000000
0.999830
0.619084
1.000000
0.866768
1.000000
1.000000
0.994610
0.699491
0.000000
1.000000
1.000000
1.000000
1.000000
0.946432
0.980448
0.922652
0.999938
0.497960
0.005725
0.593183
1.000000
1.000000
0.999674
1.000000
0.000000
0.999953
0.999884
1.000000
1.000000
0.941445
1.000000
0.999989
1.000000
0.287672
0.169690
0.999771
1.000000
0.315224
1.000000
1.000000
0.067422
0.999929
0.999853
0.967881
0.000000
0.814579
0.318654
0.000000
0.999890
0.000000
0.000000
1.000000
0.956789
0.016848
0.972266
0.000000
0.922321
0.000000
0.008046
1.000000
0.980241
0.999884
0.999999
0.999824
0.982536
1.000000
0.999910
0.999898
0.000000
1.000000
0.469045
1.000000
0.000000
0.994215
1.000000
1.000000
0.858259
0.994610
0.999873
0.975674
0.592058
0.000000
0.989631
1.000000
1.000000
0.897289
0.999981
0.178085
1.000000
0.904068
0.303920
1.000000
1.000000
0.000000
0.928771
0.999869
0.990721
0.000000
1.000000
0.937436
0.689536
0.411982
1.000000
1.000000
1.000000
1.000000
1.000000
1.000000
1.000000
0.680204
1.000000
1.000000
1.000000
0.000000
