0.930186
0.998668
1.000000
0.000000
0.000000
0.003365
1.000000
1.000000
1.000000
0.000000
0.000000
1.000000
1.000000
0.846462
0.000000
0.000000
1.000000
0.978932
1.000000
1.000000
0.999992
0.000000
0.000000
1.000000
1.000000
0.000000
1.000000
0.000000
1.000000
1.000000
0.910452
1.000000
0.000000
1.000000
0.999995
0.999704
1.000000
1.000000
0.000000
0.000000
1.000000
0.998275
0.000000
0.000000
0.000000
1.000000
0.935414
1.000000
0.000000
0.868565
1.000000
0.000000
1.000000
0.000000
1.000000
1.000000
0.000000
1.000000
1.000000
1.000000
0.000000
0.000000
1.000000
1.000000
0.000000
0.000000
1.000000
0.772789
0.000000
0.000000
1.000000
0.000000
1.000000
1.000000
1.000000
0.000000
0.000000
0.000000
0.000000
1.000000
0.999845
1.000000
1.000000
0.999910
0.000000
0.000000
0.000000
1.000000
0.000000
0.000000
0.000000
1.000000
1.000000
0.000000
0.000000
1.000000
1.000000
1.000000
1.000000
0.000000
0.000000
1.000000
1.000000
0.000000
1.000000
0.997972
1.000000
0.000000
1.000000
1.000000
1.000000
1.000000
1.000000
1.000000
0.999991
0.000000
1.000000
0.000000
0.000000
0.000000
1.000000
1.000000
0.000000
1.000000
0.941847
0.000000
0.000000
0.000000
1.000000
0.000000
0.000000
0.000000
0.000000
0.003458
0.000000
0.991494
0.999845
0.000000
1.000000
1.000000
0.000000
0.999961
1.000000
0.000000
1.000000
0.934634
0.000000
0.051105
1.000000
0.000000
1.000000
0.995443
0.000000
1.000000
0.000000
1.000000
0.999860
1.000000
1.000000
0.000000
0.000000
0.000000
1.000000
1.000000
0.000000
0.000000
0.995797
0.999977
0.000000
1.000000
1.000000
0.000000
0.000000
0.000000
0.000000
1.000000
0.000000
1.000000
0.000000
1.000000
0.000000
0.811770
1.000000
0.000000
0.000000
0.000000
0.000138
0.999964
0.999903
1.000000
1.000000
0.998562
1.000000
1.000000
0.000000
0.000000
0.000000
0.000000
0.999999
1.000000
0.000000
1.000000
1.000000
0.000000
0.998743
0.000000
0.000000
1.000000
1.000000
0.000000
0.999999
0.000000
1.000000
0.000000
1.000000
1.000000
1.000000
1.000000
0.000000
0.000000
1.000000
0.000000
1.000000
1.000000
0.991813
0.999999
0.000000
1.000000
1.000000
1.000000
1.000000
0.000000
1.000000
0.000000
1.000000
1.000000
1.000000
0.000000
1.000000
0.947420
1.000000
0.993112
1.000000
0.973850
0.000000
0.000000
1.000000
0.000000
1.000000
0.000000
1.000000
1.000000
0.000000
1.000000
0.000000
1.000000
0.000000
0.000000
1.000000
0.000000
0.000000
0.000000
1.000000
0.999968
1.000000
1.000000
1.000000
1.000000
1.000000
1.000000
1.000000
1.000000
0.000000
0.000000
0.999999
1.000000
1.000000
1.000000
0.000000
0.000000
0.996290
0.000001
1.000000
1.000000
0.000000
0.000000
1.000000
1.000000
1.000000
1.000000
1.000000
0.999924
1.000000
0.000000
0.000000
1.000000
0.000000
0.999732
1.000000
1.000000
0.000000
0.000000
0.000000
1.000000
0.000000
0.000000
0.503666
0.486733
0.999971
1.000000
0.999223
0.000000
1.000000
1.000000
1.000000
0.000000
1.000000
1.000000
1.000000
0.000000
0.999999
0.000000
0.000000
0.000000
0.000000
1.000000
1.000000
1.000000
0.996974
1.000000
0.000000
0.000000
0.000000
0.983819
0.046503
1.000000
1.000000
0.000000
1.000000
0.000000
0.996683
0.000000
1.000000
0.000000
1.000000
0.000000
1.000000
1.000000
1.000000
1.000000
0.000000
0.000000
1.000000
0.999991
1.000000
1.000000
1.000000
1.000000
1.000000
1.000000
1.000000
0.000000
0.000000
1.000000
0.000000
1.000000
1.000000
1.000000
1.000000
0.999939
0.000000
0.000000
0.000000
1.000000
1.000000
0.999900
1.000000
0.996303
1.000000
0.000000
0.997905
1.000000
1.000000
0.000000
1.000000
1.000000
1.000000
1.000000
0.951976
1.000000
0.000000
0.000000
1.000000
0.000000
1.000000
0.000000
1.000000
0.000018
1.000000
0.000000
0.000000
1.000000
1.000000
0.000000
1.000000
0.000000
0.000000
0.000000
1.000000
0.000000
1.000000
1.000000
0.000000
1.000000
1.000000
0.000000
1.000000
1.000000
1.000000
0.000000
1.000000
0.000000
1.000000
0.000000
0.000000
0.991284
0.914557
1.000000
1.000000
0.000000
1.000000
1.000000
1.000000
0.999939
0.999997
0.000000
1.000000
0.000000
0.691414
1.000000
1.000000
0.999996
1.000000
0.999992
0.000000
1.000000
1.000000
0.000000
0.002484
1.000000
1.000000
0.000000
1.000000
0.000000
1.000000
0.000000
1.000000
0.000000
1.000000
0.000000
0.000000
1.000000
1.000000
1.000000
0.000000
0.000000
0.000000
0.000000
0.999993
0.000000
1.000000
1.000000
0.000000
0.000000
1.000000
1.000000
0.000000
1.000000
0.000000
1.000000
0.000000
0.000000
0.000000
1.000000
0.000000
0.000000
0.000000
0.000000
0.000000
1.000000
0.000000
0.000000
1.000000
1.000000
0.000000
0.000000
1.000000
0.147709
0.000000
1.000000
0.000000
1.000000
1.000000
0.929253
1.000000
0.000000
1.000000
1.000000
0.000000
1.000000
1.000000
1.000000
0.000000
1.000000
0.000000
0.000000
1.000000
0.997725
1.000000
0.999979
1.000000
1.000000
1.000000
0.000000
1.000000
1.000000
1.000000
1.000000
0.000000
0.000000
0.000000
1.000000
0.000000
1.000000
1.000000
0.000000
1.000000
0.000000
0.000000
0.982745
1.000000
0.000000
0.999974
1.000000
1.000000
0.000000
0.000000
0.000000
0.655006
1.000000
0.000000
1.000000
0.999769
0.000000
0.979963
1.000000
1.000000
0.000000
0.000000
1.000000
0.000000
0.000000
0.000000
0.000000
1.000000
0.000000
0.000000
0.000000
0.000000
0.307166
0.000000
1.000000
0.000000
1.000000
1.000000
0.000000
1.000000
0.000000
0.000000
0.000000
1.000000
1.000000
0.000000
0.000000
0.000000
1.000000
0.000000
1.000000
1.000000
1.000000
1.000000
1.000000
1.000000
1.000000
1.000000
0.000000
1.000000
0.999963
0.000000
0.394173
0.000000
0.000000
1.000000
1.000000
0.000000
0.000000
0.000000
0.997344
0.000000
1.000000
0.000000
0.000000
0.000000
0.000000
1.000000
0.000000
0.000001
0.000000
1.000000
0.000000
1.000000
0.000000
1.000000
1.000000
1.000000
1.000000
1.000000
1.000000
1.000000
1.000000
0.275281
0.995329
1.000000
0.000000
1.000000
0.000000
1.000000
1.000000
0.000000
1.000000
1.000000
1.000000
1.000000
0.999984
1.000000
1.000000
0.000000
0.000000
0.000000
0.000000
0.000000
0.000000
0.000000
0.000000
0.649150
1.000000
1.000000
0.999998
0.000000
0.000000
0.000000
1.000000
0.000000
1.000000
1.000000
0.000000
1.000000
0.000000
0.006405
1.000000
1.000000
0.000000
0.000000
0.000000
0.000000
1.000000
0.000000
0.999998
0.000000
0.000000
1.000000
1.000000
0.000000
0.000000
0.000000
1.000000
1.000000
1.000000
1.000000
1.000000
1.000000
0.000000
0.000000
0.000000
1.000000
0.000000
0.000000
1.000000
1.000000
0.000000
1.000000
1.000000
1.000000
0.000000
0.999996
0.999895
0.953922
0.000000
0.000000
0.000000
1.000000
0.000000
0.000000
0.999998
1.000000
0.000000
0.000000
0.000000
1.000000
0.000000
0.000000
0.000000
0.000000
0.000000
1.000000
1.000000
1.000000
1.000000
0.999998
0.000000
1.000000
0.000000
0.000000
1.000000
0.000000
0.999999
0.000000
1.000000
0.000000
1.000000
0.000000
0.000000
0.000000
1.000000
1.000000
0.000000
0.000000
1.000000
1.000000
0.000000
0.000000
1.000000
0.999979
1.000000
0.000000
0.000000
1.000000
0.000000
1.000000
0.000000
0.000000
1.000000
1.000000
1.000000
0.685928
0.000000
1.000000
0.000000
0.000000
1.000000
1.000000
0.000000
0.000000
0.000000
0.999951
0.000002
0.000000
0.000000
1.000000
1.000000
1.000000
0.000000
0.999955
0.000000
1.000000
1.000000
1.000000
0.000000
0.000000
1.000000
0.000000
0.000000
1.000000
0.000000
1.000000
1.000000
1.000000
0.000000
0.000000
0.000000
0.998640
1.000000
1.000000
0.977012
0.001106
1.000000
1.000000
0.000000
1.000000
0.000000
1.000000
0.000000
1.000000
0.000000
1.000000
1.000000
1.000000
0.000000
0.000000
0.999998
0.999999
1.000000
1.000000
1.000000
0.000000
0.000000
0.000000
0.000000
1.000000
0.976550
0.000000
1.000000
1.000000
1.000000
0.000000
0.999856
1.000000
0.000000
0.000000
0.000000
1.000000
0.000000
1.000000
0.000000
0.000000
0.000000
0.000000
1.000000
1.000000
0.924493
1.000000
1.000000
0.000000
0.000000
1.000000
1.000000
1.000000
0.999960
1.000000
1.000000
0.000000
1.000000
0.000000
0.999896
1.000000
0.000000
1.000000
0.000000
1.000000
0.000000
0.000000
1.000000
1.000000
0.000000
0.000000
1.000000
0.000000
0.000000
1.000000
0.000000
0.000000
1.000000
1.000000
0.000000
1.000000
0.000000
0.000000
0.999369
1.000000
0.000000
0.000000
0.000000
0.000000
1.000000
1.000000
0.175140
0.000000
1.000000
1.000000
0.000000
0.982951
1.000000
1.000000
0.000000
1.000000
0.000000
0.999297
1.000000
0.999989
1.000000
1.000000
0.000000
1.000000
1.000000
1.000000
0.000000
1.000000
0.000000
0.000000
0.999341
1.000000
1.000000
0.000000
0.000000
0.969497
0.045478
1.000000
0.000000
1.000000
1.000000
1.000000
1.000000
0.999962
0.415149
0.999996
0.000000
1.000000
0.000000
0.000000
1.000000
1.000000
0.000000
1.000000
1.000000
0.966449
0.000000
0.000000
1.000000
1.000000
0.000000
0.000000
1.000000
0.000000
1.000000
1.000000
1.000000
1.000000
0.000000
0.000000
1.000000
0.000000
1.000000
1.000000
1.000000
1.000000
0.000000
0.000000
0.997139
1.000000
1.000000
1.000000
1.000000
0.000000
1.000000
0.996833
0.000000
0.969456
1.000000
1.000000
0.000000
1.000000
1.000000
0.000000
0.000000
0.000000
0.005791
0.999793
1.000000
0.000000
1.000000
0.999964
0.000000
0.000000
0.000000
0.000000
0.000000
0.000000
0.000000
0.000000
1.000000
0.838389
0.068739
1.000000
0.000000
0.000000
1.000000
0.000000
0.000000
0.000000
0.999213
1.000000
1.000000
1.000000
0.000000
0.000000
0.000000
1.000000
0.999580
0.000000
0.000000
0.000000
1.000000
0.000000
0.000000
1.000000
0.000000
0.000000
0.000000
1.000000
1.000000
1.000000
1.000000
0.000000
1.000000
0.998943
0.999974
1.000000
0.937506
0.000000
0.999966
1.000000
0.000000
1.000000
1.000000
1.000000
1.000000
0.000000
1.000000
0.000000
0.000000
0.000000
0.000000
0.000000
1.000000
0.947640
0.000000
0.000000
0.000000
0.000000
0.123214
0.999945
0.998907
0.000000
0.000000
1.000000
1.000000
1.000000
0.000000
1.000000
1.000000
1.000000
0.000000
0.868888
0.000000
1.000000
0.000000
0.000000
1.000000
0.526164
0.000000
0.000000
1.000000
0.000000
0.000000
1.000000
0.000000
0.000000
1.000000
0.000000
0.000000
1.000000
1.000000
1.000000
0.000000
1.000000
1.000000
0.000000
1.000000
0.000000
0.000000
1.000000
0.999979
0.000000
0.000000
1.000000
1.000000
0.000000
1.000000
1.000000
0.000000
1.000000
0.000000
1.000000
1.000000
1.000000
0.000000
1.000000
0.000000
0.000000
1.000000
0.000000
1.000000
1.000000
1.000000
1.000000
1.000000
1.000000
0.000000
0.445854
1.000000
1.000000
1.000000
1.000000
1.000000
0.000000
1.000000
1.000000
0.000000
0.000000
1.000000
1.000000
0.000000
0.000000
1.000000
1.000000
1.000000
0.000000
0.000000
0.000000
1.000000
1.000000
0.000000
0.000000
1.000000
0.000000
0.000000
1.000000
1.000000
1.000000
1.000000
1.000000
0.000000
0.000000
0.000000
0.000000
0.000000
0.000000
0.000000
0.000000
0.000000
0.000000
1.000000
0.000000
1.000000
1.000000
0.000000
1.000000
1.000000
0.000000
0.999999
0.999856
0.977272
0.999902
0.000000
1.000000
0.000000
1.000000
1.000000
0.000000
1.000000
0.969365
1.000000
1.000000
1.000000
1.000000
1.000000
0.999740
0.000000
0.000000
0.000000
0.737612
0.000000
0.000000
0.000000
0.999828
0.000000
1.000000
0.978094
1.000000
1.000000
0.000000
0.000000
0.000000
1.000000
1.000000
0.563329
0.000000
1.000000
0.000000
0.992671
1.000000
1.000000
0.000000
1.000000
0.000000
0.000000
0.999933
0.000000
0.000000
1.000000
0.999917
0.000000
1.000000
1.000000
1.000000
1.000000
0.000161
1.000000
1.000000
0.000000
0.000000
0.999349
1.000000
0.000000
0.000000
0.000000
0.000000
0.998347
0.000000
1.000000
0.000000
0.000000
0.000000
0.136182
1.000000
0.000000
0.999999
1.000000
0.000006
1.000000
1.000000
1.000000
0.000000
0.000000
1.000000
0.000000
0.000000
1.000000
1.000000
0.999975
1.000000
0.000000
1.000000
1.000000
1.000000
0.000000
0.000000
1.000000
1.000000
0.000000
0.998957
0.999722
1.000000
0.998109
0.000000
0.991488
0.000000
1.000000
0.000000
0.000000
0.000000
0.000000
1.000000
0.000000
1.000000
1.000000
1.000000
1.000000
1.000000
1.000000
0.000000
0.000000
1.000000
0.000000
1.000000
1.000000
1.000000
0.000000
0.000000
0.000000
0.000000
0.000000
0.999726
0.000000
0.000000
0.000000
0.000000
0.000000
0.000000
0.000000
1.000000
0.999981
0.000000
0.995620
0.997149
1.000000
0.000000
1.000000
0.000000
0.000000
0.999818
0.998071
1.000000
1.000000
0.000000
0.999999
1.000000
1.000000
0.000000
1.000000
0.000000
0.000000
0.000000
1.000000
1.000000
0.000000
0.000000
0.000000
1.000000
0.999985
0.000000
0.000013
1.000000
1.000000
0.000000
0.000000
1.000000
0.999623
0.000000
1.000000
1.000000
1.000000
0.000000
0.000000
0.000000
0.000000
0.000000
1.000000
0.000000
1.000000
1.000000
1.000000
0.000000
0.000000
0.000000
1.000000
0.999984
0.000000
1.000000
0.999976
1.000000
0.000000
1.000000
0.000000
0.000000
0.000000
0.000000
0.000000
1.000000
0.000000
0.000000
0.000000
1.000000
1.000000
1.000000
0.000000
0.000000
0.999763
0.999990
0.999999
1.000000
0.000000
1.000000
0.000000
1.000000
1.000000
0.000000
1.000000
0.000000
1.000000
1.000000
0.999926
1.000000
0.981458
0.000000
1.000000
0.000000
1.000000
0.000000
0.000000
0.000000
0.000000
1.000000
0.000000
1.000000
0.000000
0.000000
1.000000
0.000000
0.000000
0.000000
0.000000
1.000000
1.000000
1.000000
0.000000
1.000000
1.000000
0.000000
1.000000
1.000000
1.000000
1.000000
1.000000
0.999992
0.000000
0.000000
0.000000
0.000000
1.000000
0.000000
1.000000
0.000000
1.000000
0.999960
0.000000
0.000000
0.000000
1.000000
0.000000
0.000000
1.000000
0.000000
0.000000
0.000000
1.000000
0.999955
0.000000
0.999982
0.658302
0.999997
1.000000
0.000000
0.000000
1.000000
0.000000
0.000000
1.000000
0.000000
0.949081
0.000000
1.000000
0.000000
0.809864
0.000000
0.000000
1.000000
0.000000
1.000000
0.999866
0.780611
1.000000
0.000000
0.000000
0.000000
0.000000
0.999947
0.972524
1.000000
0.000000
0.000000
0.999473
1.000000
1.000000
0.000000
1.000000
0.999816
1.000000
0.000000
1.000000
1.000000
1.000000
0.999559
0.999997
0.000000
0.605728
1.000000
1.000000
0.999999
0.000000
1.000000
1.000000
0.000000
1.000000
0.000000
0.000000
1.000000
1.000000
0.000000
1.000000
0.000000
1.000000
0.000000
0.000000
0.000000
1.000000
0.000000
0.000000
0.999997
1.000000
0.000000
0.000000
1.000000
0.000000
0.000000
1.000000
1.000000
0.998308
1.000000
1.000000
0.000000
0.000000
0.999997
0.999998
0.997215
0.000000
0.000000
1.000000
0.000000
0.000000
0.000000
1.000000
0.000000
0.000000
1.000000
0.000000
0.999972
1.000000
1.000000
1.000000
0.000011
1.000000
1.000000
1.000000
0.000000
1.000000
1.000000
1.000000
1.000000
1.000000
0.000000
1.000000
0.000000
1.000000
0.023785
0.000000
1.000000
0.000000
0.999999
0.000000
0.000000
0.999964
1.000000
0.000000
0.000000
1.000000
0.000000
1.000000
0.000000
0.000000
0.000000
0.000000
1.000000
1.000000
0.000000
1.000000
0.000000
0.999991
0.000000
0.000000
0.987095
1.000000
1.000000
1.000000
1.000000
1.000000
0.000000
0.000000
0.997034
0.999563
1.000000
0.000000
1.000000
0.997821
1.000000
1.000000
0.999953
0.000000
0.954182
0.000000
1.000000
0.000000
1.000000
1.000000
0.000000
0.999624
0.000000
1.000000
0.000000
0.000000
0.000000
0.999956
0.000000
1.000000
0.576061
0.999952
0.000000
0.000000
1.000000
1.000000
0.000000
0.000000
0.999972
0.000000
1.000000
0.000000
1.000000
1.000000
0.750264
1.000000
1.000000
0.764081
1.000000
0.386901
1.000000
0.000000
1.000000
1.000000
1.000000
0.998983
0.000000
0.000000
0.000000
1.000000
0.991343
0.999980
1.000000
0.000000
0.000000
0.000000
1.000000
0.765038
1.000000
1.000000
0.998558
0.999600
0.000000
0.000000
0.000000
0.000000
1.000000
0.000000
1.000000
0.000000
0.000000
0.000000
0.000000
1.000000
0.000000
0.000000
1.000000
1.000000
1.000000
0.000000
1.000000
1.000000
0.999999
0.000000
0.000000
1.000000
0.000000
0.000000
0.999697
1.000000
0.000000
1.000000
1.000000
1.000000
0.000000
0.000000
0.999930
1.000000
1.000000
1.000000
0.000000
1.000000
1.000000
0.000000
0.000000
0.996338
0.000000
1.000000
0.000000
0.999919
0.997639
0.000000
0.000000
0.000000
0.994515
1.000000
0.988639
0.000000
1.000000
1.000000
0.000001
1.000000
0.000000
1.000000
1.000000
0.000000
1.000000
1.000000
0.000000
0.000000
0.997831
1.000000
1.000000
0.000000
0.000000
1.000000
1.000000
0.999994
1.000000
1.000000
0.000000
1.000000
0.000000
1.000000
1.000000
0.000000
0.000000
1.000000
0.000000
1.000000
0.000000
1.000000
0.000000
0.000000
0.000000
0.000000
0.000000
1.000000
1.000000
1.000000
1.000000
1.000000
1.000000
1.000000
1.000000
0.000000
0.998941
0.000000
1.000000
1.000000
0.516816
0.975184
1.000000
1.000000
1.000000
0.999550
0.000000
1.000000
0.000000
0.000000
0.000000
0.000000
0.000000
0.000000
1.000000
1.000000
0.000000
1.000000
0.000000
0.000000
0.000000
0.000000
0.000000
0.000000
0.999814
0.000000
0.000000
0.999703
1.000000
1.000000
0.000000
0.000000
1.000000
0.000000
0.000000
0.000000
0.000000
0.000000
1.000000
1.000000
0.000000
0.117750
1.000000
0.000000
0.000000
1.000000
0.999986
0.000000
1.000000
0.000000
1.000000
0.000000
1.000000
1.000000
1.000000
0.000000
0.000000
1.000000
0.000000
0.000000
0.000000
0.000000
0.000000
1.000000
1.000000
1.000000
1.000000
0.000000
1.000000
1.000000
1.000000
1.000000
0.000000
1.000000
0.000000
1.000000
1.000000
0.000000
0.000000
1.000000
0.000000
0.000000
0.000000
1.000000
1.000000
1.000000
0.998782
0.000000
0.000000
0.000000
1.000000
1.000000
0.998504
0.000000
1.000000
1.000000
0.000000
0.000000
0.000000
0.000000
0.957992
1.000000
0.000000
1.000000
0.000000
1.000000
1.000000
0.000000
1.000000
0.000000
1.000000
0.000000
1.000000
0.000000
0.000000
0.000000
0.000000
0.999987
0.998389
0.000000
0.999522
0.000000
0.000000
0.000000
0.999738
0.000000
1.000000
0.000000
0.999878
0.999995
0.000000
0.999999
1.000000
0.000000
1.000000
1.000000
0.000000
0.257810
1.000000
0.000000
1.000000
0.000000
0.000000
1.000000
1.000000
1.000000
0.000000
0.000000
1.000000
0.000000
1.000000
0.302503
0.000000
0.000000
1.000000
0.000000
0.000000
1.000000
0.000000
0.000000
0.000000
1.000000
1.000000
0.000000
0.000000
0.000000
1.000000
1.000000
1.000000
1.000000
0.992728
0.000000
0.000000
0.997296
1.000000
0.997217
0.000000
1.000000
1.000000
0.000000
1.000000
0.000000
1.000000
0.979743
1.000000
1.000000
0.998413
1.000000
1.000000
1.000000
1.000000
0.000000
0.999991
0.000000
1.000000
1.000000
1.000000
1.000000
1.000000
1.000000
1.000000
1.000000
0.000000
0.000000
1.000000
1.000000
1.000000
0.000000
0.997897
0.000000
1.000000
0.000000
1.000000
1.000000
1.000000
0.000000
1.000000
0.000000
1.000000
0.000000
1.000000
0.000000
1.000000
0.000000
1.000000
0.000000
0.000000
1.000000
1.000000
1.000000
0.000000
1.000000
0.000000
1.000000
1.000000
1.000000
0.000000
0.000000
1.000000
0.000000
0.000000
0.000000
1.000000
0.999582
1.000000
0.000000
0.000000
0.000000
0.999993
1.000000
1.000000
0.983437
1.000000
1.000000
0.000000
0.999999
0.000000
0.000000
0.000000
0.992395
0.999997
1.000000
1.000000
0.000000
0.000000
0.999994
0.000000
0.000000
1.000000
0.000000
1.000000
0.000000
1.000000
1.000000
0.999889
0.000000
0.000000
1.000000
0.000000
0.721048
1.000000
0.000000
1.000000
1.000000
1.000000
0.997709
1.000000
0.000000
0.000000
0.000000
0.000000
0.000000
1.000000
1.000000
0.999798
1.000000
1.000000
0.000000
1.000000
0.000000
0.336849
0.000000
0.000000
1.000000
0.000001
0.999605
0.000000
0.000000
0.000000
0.000000
0.000000
1.000000
1.000000
0.951824
0.000000
1.000000
0.000000
1.000000
1.000000
0.000000
0.000000
0.999895
0.000000
0.000000
0.767589
0.999987
0.000000
0.000000
1.000000
1.000000
1.000000
1.000000
1.000000
1.000000
0.000000
0.000000
1.000000
0.000000
1.000000
0.000000
0.000000
0.000000
1.000000
1.000000
1.000000
0.000000
1.000000
0.000000
1.000000
1.000000
0.000000
0.000000
1.000000
0.000000
0.000000
1.000000
0.860358
0.000000
1.000000
0.000000
0.000000
1.000000
1.000000
1.000000
1.000000
0.000000
1.000000
1.000000
0.000000
1.000000
0.000000
1.000000
0.999869
1.000000
1.000000
1.000000
1.000000
0.000000
0.000000
1.000000
0.000000
0.000000
1.000000
0.081832
0.999929
1.000000
1.000000
0.999998
0.999993
1.000000
0.000000
0.999990
0.000000
1.000000
1.000000
1.000000
0.000000
1.000000
1.000000
0.000000
0.000000
1.000000
1.000000
0.000000
0.000000
1.000000
0.000000
1.000000
0.000000
1.000000
0.000000
0.000000
0.000000
0.997707
1.000000
1.000000
1.000000
1.000000
1.000000
1.000000
1.000000
0.000000
1.000000
0.000000
0.999998
0.000000
1.000000
0.000000
1.000000
0.000000
1.000000
1.000000
0.000000
0.000000
1.000000
0.000000
0.000000
1.000000
1.000000
1.000000
1.000000
0.000000
0.000000
0.000000
1.000000
1.000000
0.999448
1.000000
0.975973
1.000000
0.999998
0.000000
0.000000
1.000000
0.000000
1.000000
1.000000
1.000000
0.000000
1.000000
1.000000
0.000000
1.000000
1.000000
0.000000
0.000000
0.000000
0.000000
0.000000
0.000000
0.000000
0.000000
1.000000
0.000000
1.000000
0.000000
1.000000
0.000000
0.000000
0.000000
0.000000
0.000000
1.000000
1.000000
0.000000
0.000000
0.721795
0.000000
0.000000
1.000000
0.000000
1.000000
1.000000
0.000000
1.000000
0.000000
1.000000
1.000000
1.000000
0.000000
1.000000
0.985233
0.000000
0.000000
1.000000
1.000000
0.000000
1.000000
1.000000
1.000000
1.000000
1.000000
0.000000
1.000000
1.000000
1.000000
1.000000
1.000000
0.971777
0.952050
0.000000
0.000000
0.000000
1.000000
1.000000
0.000000
1.000000
0.999998
0.845030
0.000000
1.000000
0.000000
1.000000
0.999999
0.000000
0.000000
1.000000
1.000000
1.000000
1.000000
0.000000
0.000000
1.000000
1.000000
0.000000
1.000000
0.000000
0.000000
1.000000
1.000000
0.000000
1.000000
1.000000
1.000000
0.000000
0.000000
1.000000
1.000000
0.000000
0.990453
0.999988
1.000000
0.000000
0.000000
0.000000
1.000000
0.000737
0.000000
0.000000
1.000000
1.000000
1.000000
1.000000
0.000000
0.999655
0.000000
0.000000
0.000000
0.999693
1.000000
0.990971
1.000000
1.000000
0.000000
1.000000
0.000000
0.000000
1.000000
1.000000
0.000000
1.000000
1.000000
1.000000
1.000000
0.000000
1.000000
0.000000
0.999907
0.000000
0.000000
1.000000
0.000000
1.000000
0.000000
1.000000
0.000000
0.000000
0.999998
1.000000
0.000000
0.000000
0.000000
0.999999
0.000000
0.000000
1.000000
0.995663
1.000000
0.000000
1.000000
0.981664
1.000000
1.000000
0.000000
1.000000
0.000000
1.000000
1.000000
1.000000
0.000000
0.000000
0.000000
1.000000
0.000000
0.000000
0.000000
0.999422
1.000000
0.999792
1.000000
0.000000
0.000017
0.958695
1.000000
1.000000
1.000000
0.285146
1.000000
1.000000
1.000000
1.000000
1.000000
1.000000
0.000000
1.000000
0.000000
1.000000
0.000000
1.000000
0.000000
0.855997
0.000000
0.000000
1.000000
0.000000
0.000000
1.000000
0.000000
0.000000
1.000000
1.000000
0.000000
0.000000
1.000000
0.999993
0.000000
0.000000
1.000000
1.000000
1.000000
1.000000
1.000000
0.433125
0.000000
1.000000
1.000000
1.000000
1.000000
1.000000
0.000000
1.000000
0.000000
1.000000
0.999206
0.000000
0.000000
0.000000
0.000000
1.000000
0.000000
0.000000
0.000000
1.000000
1.000000
0.993251
0.000000
1.000000
0.986347
0.000000
1.000000
1.000000
1.000000
0.000000
0.000000
0.000000
1.000000
1.000000
1.000000
1.000000
0.000000
0.000000
1.000000
1.000000
0.000000
0.999999
1.000000
0.000000
0.839138
1.000000
1.000000
0.000000
0.000000
0.000000
1.000000
0.989682
0.000000
0.000000
0.000000
0.000000
1.000000
0.000000
1.000000
0.000000
1.000000
1.000000
1.000000
1.000000
1.000000
1.000000
1.000000
1.000000
0.000000
0.000000
0.000000
0.000000
1.000000
1.000000
1.000000
0.000000
1.000000
0.000000
0.000000
1.000000
1.000000
0.000000
0.000000
1.000000
1.000000
0.000000
0.000000
0.000000
1.000000
0.000000
0.984486
0.000000
0.000000
0.004612
0.000000
1.000000
0.000000
1.000000
1.000000
0.000000
1.000000
1.000000
0.000000
1.000000
1.000000
1.000000
0.000000
0.000000
0.000000
1.000000
0.000000
0.000000
1.000000
1.000000
1.000000
1.000000
0.999929
1.000000
0.000000
0.999996
1.000000
0.999823
0.999993
0.000000
1.000000
1.000000
1.000000
0.000000
0.000000
1.000000
1.000000
1.000000
0.999614
1.000000
1.000000
0.999917
1.000000
0.975485
1.000000
1.000000
0.000000
0.000000
1.000000
0.000000
0.000000
0.000000
1.000000
0.000000
1.000000
0.000000
0.000000
1.000000
0.000000
0.984817
0.000000
1.000000
1.000000
0.000000
0.999939
0.000000
1.000000
0.000000
0.999992
0.999592
0.000000
0.000000
0.000000
1.000000
0.999978
1.000000
0.000000
1.000000
0.000000
1.000000
0.999783
1.000000
1.000000
0.000000
1.000000
1.000000
1.000000
1.000000
1.000000
0.000000
1.000000
0.000000
0.000000
0.000000
1.000000
0.000000
1.000000
0.999997
1.000000
0.000000
0.000000
0.000000
0.000000
0.994564
0.000000
1.000000
0.000000
0.000000
1.000000
1.000000
0.000000
0.000000
1.000000
0.000000
0.000000
0.000000
1.000000
1.000000
0.999970
0.000000
0.601877
0.999126
0.000000
0.000000
0.000000
0.999965
1.000000
1.000000
1.000000
1.000000
1.000000
0.000000
1.000000
0.985686
0.999941
0.000000
1.000000
1.000000
1.000000
0.000000
0.000000
0.000000
1.000000
0.935053
1.000000
0.000000
0.999984
1.000000
0.000000
0.000000
1.000000
1.000000
1.000000
0.000000
0.000000
0.999998
0.990332
1.000000
1.000000
1.000000
1.000000
0.000000
1.000000
0.000000
0.000000
0.976884
1.000000
1.000000
0.999921
1.000000
0.855449
0.000000
1.000000
0.999923
0.912588
0.000000
0.546012
0.000000
1.000000
0.000000
0.000000
0.000000
0.999775
0.000000
0.000000
0.000000
1.000000
0.000000
1.000000
1.000000
0.000000
1.000000
0.977624
1.000000
1.000000
0.000000
1.000000
1.000000
0.000000
1.000000
1.000000
1.000000
0.000000
0.000000
0.000000
1.000000
1.000000
0.999925
1.000000
0.999809
0.996055
0.000000
0.000000
0.000000
1.000000
1.000000
0.999995
1.000000
1.000000
0.000000
0.000000
0.000000
0.000000
1.000000
0.000000
0.000000
0.999913
1.000000
0.000000
1.000000
0.999998
0.000000
0.999732
0.999958
1.000000
0.000000
0.000000
0.000000
1.000000
0.772005
1.000000
0.000000
1.000000
0.000000
0.000000
0.000000
1.000000
0.000000
0.000000
0.000000
0.000000
1.000000
1.000000
0.000000
0.000000
0.000000
0.951959
1.000000
1.000000
0.000000
1.000000
1.000000
1.000000
1.000000
0.999990
0.000000
1.000000
1.000000
1.000000
0.000000
0.000000
0.000000
0.000000
1.000000
0.000000
1.000000
0.000000
1.000000
0.000000
0.000000
1.000000
0.000000
0.000000
0.949889
0.000000
0.000000
0.000000
1.000000
0.000000
0.000000
1.000000
1.000000
1.000000
0.000000
1.000000
1.000000
0.998083
1.000000
0.985089
0.000000
0.000000
0.000000
0.000000
1.000000
1.000000
1.000000
0.000000
1.000000
0.000000
1.000000
0.000000
0.000000
0.008004
0.000000
1.000000
1.000000
1.000000
1.000000
0.999990
0.000000
1.000000
1.000000
1.000000
0.000000
0.000000
0.000000
0.000000
0.998804
1.000000
0.000000
1.000000
1.000000
0.000000
0.000000
1.000000
1.000000
1.000000
0.000000
0.000000
1.000000
1.000000
0.999969
1.000000
1.000000
0.000000
1.000000
1.000000
0.999880
0.000000
0.000000
0.000000
0.999885
0.005272
0.000000
1.000000
1.000000
0.000000
1.000000
1.000000
1.000000
1.000000
0.725497
0.000000
0.996482
1.000000
1.000000
1.000000
0.000000
1.000000
0.999999
0.000000
0.991601
1.000000
1.000000
0.000000
1.000000
0.000000
0.000000
0.000000
0.940289
0.963485
1.000000
1.000000
0.000000
1.000000
0.000000
1.000000
1.000000
1.000000
1.000000
1.000000
1.000000
0.000000
0.000000
1.000000
0.970762
1.000000
1.000000
0.999929
0.000000
0.999998
1.000000
1.000000
1.000000
0.000000
0.000000
1.000000
0.000000
0.000000
1.000000
0.000000
1.000000
0.000000
1.000000
1.000000
0.000000
0.000000
1.000000
1.000000
1.000000
0.999819
0.000000
1.000000
0.000000
0.000000
0.000000
1.000000
0.999995
0.000000
0.000000
0.000000
0.000000
0.000000
0.999993
0.982001
0.000000
1.000000
1.000000
1.000000
0.000000
1.000000
0.000000
0.992822
0.000000
0.999898
0.000000
0.000000
0.000000
1.000000
0.000000
0.981648
1.000000
1.000000
1.000000
1.000000
0.000000
0.984297
0.000000
0.000000
1.000000
0.989940
0.000000
1.000000
1.000000
0.000000
0.999744
0.666791
0.000000
1.000000
1.000000
1.000000
0.000000
0.000000
0.000000
1.000000
0.000000
0.747586
0.000000
0.990636
0.000000
1.000000
1.000000
1.000000
0.000000
1.000000
0.998490
0.000000
1.000000
0.999975
0.000000
1.000000
0.000000
0.000000
0.000000
0.000000
1.000000
0.000000
0.000000
1.000000
0.000000
0.999998
0.998619
0.999912
1.000000
0.000000
1.000000
0.000000
0.999967
1.000000
0.000000
1.000000
1.000000
0.000000
0.000000
0.000000
1.000000
1.000000
0.000000
0.000000
0.999812
1.000000
0.000000
1.000000
1.000000
0.000000
1.000000
1.000000
0.999960
1.000000
1.000000
0.000000
0.000000
1.000000
1.000000
0.000000
0.000000
1.000000
1.000000
1.000000
0.000000
0.000000
0.999930
0.999986
0.998146
1.000000
1.000000
1.000000
1.000000
0.000000
1.000000
0.000000
1.000000
0.998811
0.999210
0.000000
0.000000
1.000000
0.000000
0.999936
1.000000
0.999889
1.000000
1.000000
0.000000
0.954179
0.000000
1.000000
0.000000
1.000000
0.000000
1.000000
0.000000
0.000000
0.000000
1.000000
0.000000
0.000000
0.000000
1.000000
0.000000
0.000000
1.000000
0.000000
1.000000
1.000000
0.000000
0.000000
0.115479
0.999998
0.000000
1.000000
0.000000
0.000000
0.047244
0.000000
1.000000
0.000000
0.000000
0.000000
1.000000
1.000000
1.000000
0.000000
1.000000
1.000000
0.000000
0.000000
0.000000
1.000000
1.000000
1.000000
1.000000
0.999960
0.000000
0.000000
0.000000
1.000000
0.999993
1.000000
0.000000
1.000000
0.000000
0.000000
0.000000
1.000000
1.000000
0.999994
1.000000
0.000011
0.000000
0.779543
1.000000
0.999737
1.000000
1.000000
0.000000
0.000000
0.000000
0.000000
1.000000
1.000000
1.000000
0.000000
0.000000
1.000000
0.000000
1.000000
0.000000
1.000000
1.000000
0.999913
0.980810
0.975671
0.000000
1.000000
1.000000
1.000000
1.000000
0.000000
0.935912
1.000000
0.000000
1.000000
0.000000
1.000000
0.000000
0.996335
1.000000
0.000000
0.000000
0.000000
1.000000
1.000000
1.000000
0.000000
0.000000
1.000000
0.000000
0.000000
0.000000
0.921303
1.000000
0.996448
0.000000
0.000000
1.000000
0.000000
0.000000
0.000000
1.000000
0.000000
0.999529
1.000000
1.000000
0.000000
1.000000
0.000000
1.000000
1.000000
0.000000
0.000000
0.000000
0.000000
1.000000
0.000000
1.000000
0.000000
0.000000
0.000000
1.000000
1.000000
0.000000
0.000000
0.000000
0.000000
1.000000
0.994464
0.000000
0.000000
0.000000
1.000000
0.000028
1.000000
0.946162
0.000000
1.000000
0.000000
0.995369
0.000000
0.000000
1.000000
0.000000
0.000000
1.000000
0.000000
0.000000
0.000000
0.000000
1.000000
0.000000
1.000000
0.000000
0.000000
0.000000
0.000000
0.000000
0.000000
1.000000
0.000000
1.000000
1.000000
1.000000
1.000000
0.999981
1.000000
0.999974
1.000000
1.000000
1.000000
1.000000
1.000000
0.000000
1.000000
0.000000
1.000000
0.000000
0.999983
0.000000
0.999997
1.000000
0.000000
1.000000
0.000000
1.000000
0.000000
1.000000
0.000000
1.000000
0.954745
0.000000
0.000000
1.000000
1.000000
0.000000
1.000000
1.000000
0.000000
1.000000
1.000000
1.000000
0.000000
1.000000
0.000000
1.000000
0.000000
0.894428
0.000000
0.999997
0.999923
0.000000
0.000000
0.000000
0.000000
1.000000
0.561262
1.000000
1.000000
0.000000
1.000000
1.000000
1.000000
0.000000
1.000000
0.000000
1.000000
0.000000
0.000000
1.000000
0.000000
1.000000
0.000000
0.999907
0.000000
1.000000
1.000000
0.000000
1.000000
0.991165
0.000000
0.000000
1.000000
1.000000
0.000000
1.000000
1.000000
0.000000
0.000000
0.997846
0.000000
1.000000
0.000000
0.000000
0.000000
0.000000
0.000000
1.000000
0.000000
0.000000
1.000000
1.000000
0.000000
0.981312
0.000000
1.000000
0.000000
1.000000
0.987218
0.000000
1.000000
0.000000
1.000000
0.994585
0.000000
1.000000
0.939575
1.000000
0.997633
0.000000
0.000000
1.000000
1.000000
1.000000
1.000000
0.979686
0.000000
1.000000
0.000000
0.000000
1.000000
0.999972
0.000000
0.999951
1.000000
0.000000
1.000000
0.000000
0.000000
1.000000
1.000000
0.000000
1.000000
1.000000
1.000000
1.000000
0.941723
1.000000
0.000000
1.000000
0.000000
0.000000
1.000000
0.000000
1.000000
1.000000
1.000000
0.000000
1.000000
0.000000
1.000000
1.000000
1.000000
0.000000
0.000000
1.000000
0.000000
0.000000
0.000000
1.000000
0.000000
0.000000
0.999997
0.000000
0.999987
0.000000
1.000000
0.000000
0.000000
0.999985
1.000000
0.000000
0.999997
1.000000
0.000000
0.000000
0.000000
0.977743
0.000000
0.000000
0.000000
1.000000
1.000000
0.000000
1.000000
1.000000
0.000000
1.000000
1.000000
1.000000
1.000000
1.000000
0.000000
0.000000
1.000000
0.000000
0.000000
0.000000
0.000000
0.000000
1.000000
1.000000
1.000000
0.551452
0.999708
0.000001
1.000000
0.000000
0.000000
1.000000
0.000000
1.000000
0.000000
1.000000
1.000000
0.000000
0.997363
0.660741
0.000000
0.000000
1.000000
1.000000
0.000000
1.000000
0.000000
0.999976
0.000000
0.000000
1.000000
0.000000
1.000000
1.000000
0.000000
0.000000
0.000000
0.000000
0.000000
1.000000
1.000000
1.000000
1.000000
0.000000
0.000000
0.000000
0.000000
0.000000
1.000000
1.000000
1.000000
1.000000
1.000000
1.000000
1.000000
1.000000
0.000000
1.000000
1.000000
0.000000
1.000000
0.958695
0.999837
0.995485
0.000000
1.000000
1.000000
0.000000
0.131084
0.000000
1.000000
0.999994
1.000000
1.000000
0.699175
1.000000
1.000000
0.000000
0.999362
0.000000
0.000000
1.000000
0.000000
1.000000
1.000000
1.000000
0.000000
1.000000
1.000000
1.000000
1.000000
1.000000
0.999999
0.000000
0.000000
0.000000
0.000000
0.000000
1.000000
1.000000
0.980101
0.000000
1.000000
0.000000
1.000000
1.000000
0.000000
1.000000
0.000000
1.000000
0.000000
0.000000
0.000000
1.000000
1.000000
1.000000
0.000000
0.000000
0.000000
0.000000
0.000043
0.000000
0.000000
1.000000
1.000000
0.000000
1.000000
0.000000
0.000000
0.000000
0.000000
0.000000
0.000000
1.000000
0.000000
1.000000
0.000000
1.000000
1.000000
0.000000
0.000000
0.000000
1.000000
0.000000
0.000000
0.000000
0.000000
0.860939
0.999914
1.000000
0.000000
1.000000
1.000000
0.998767
1.000000
0.965310
0.000000
0.997234
0.000000
0.000000
0.000000
1.000000
1.000000
1.000000
1.000000
1.000000
0.000000
1.000000
0.999997
0.000000
1.000000
0.999976
1.000000
1.000000
0.000000
0.000000
1.000000
1.000000
1.000000
1.000000
0.000000
1.000000
1.000000
1.000000
0.000000
1.000000
0.975329
1.000000
0.000000
1.000000
1.000000
1.000000
0.000000
1.000000
0.000000
1.000000
1.000000
1.000000
0.000000
0.000000
0.000000
1.000000
1.000000
1.000000
0.000000
1.000000
0.000000
0.999835
0.000000
1.000000
1.000000
0.999678
1.000000
0.000000
1.000000
0.000000
1.000000
1.000000
0.000000
1.000000
0.996722
0.981678
0.995939
0.999972
1.000000
0.999976
0.000000
1.000000
0.000000
1.000000
1.000000
1.000000
0.000000
0.960954
0.000000
1.000000
0.000000
0.999998
0.982518
0.999907
0.000000
1.000000
1.000000
0.000000
1.000000
0.000000
1.000000
1.000000
0.000000
0.000000
0.000000
0.000000
0.000000
0.000000
0.000000
0.000000
0.999396
1.000000
0.000000
1.000000
0.000000
1.000000
1.000000
0.990529
0.000000
1.000000
1.000000
0.878892
0.000000
1.000000
0.000000
0.000000
0.000000
1.000000
0.999986
0.000000
0.000000
0.999961
1.000000
1.000000
0.000000
0.000000
0.000000
0.000000
0.000000
0.999994
1.000000
1.000000
0.000000
1.000000
0.000000
0.834434
0.000000
0.000000
0.000000
0.000000
0.000000
1.000000
1.000000
0.000000
1.000000
1.000000
0.000000
1.000000
1.000000
0.000000
0.000000
0.000000
0.999995
0.000000
1.000000
0.000000
0.000000
1.000000
0.000000
0.899369
0.000000
1.000000
1.000000
0.000000
0.000000
0.000000
0.999984
1.000000
1.000000
0.000000
1.000000
0.000000
1.000000
1.000000
1.000000
1.000000
1.000000
1.000000
0.907474
0.000000
1.000000
1.000000
0.999994
0.000000
1.000000
0.000000
1.000000
1.000000
1.000000
0.000000
0.000000
0.000000
0.000000
0.983946
1.000000
1.000000
0.994090
1.000000
0.000000
0.000000
0.000000
0.999981
1.000000
1.000000
0.000000
0.999988
1.000000
1.000000
1.000000
0.000000
0.983382
1.000000
0.000000
0.000000
1.000000
1.000000
1.000000
0.000000
0.000000
1.000000
1.000000
0.000000
1.000000
1.000000
0.000000
0.000000
1.000000
0.000000
1.000000
1.000000
1.000000
0.000000
1.000000
1.000000
1.000000
0.000000
0.000000
1.000000
0.999831
1.000000
0.000000
1.000000
1.000000
0.000000
1.000000
1.000000
1.000000
0.000000
0.998941
1.000000
0.998851
0.999999
0.999993
0.000000
0.000000
1.000000
1.000000
1.000000
0.000000
1.000000
1.000000
1.000000
0.000000
0.787691
0.999997
0.000000
1.000000
0.999811
1.000000
0.000000
1.000000
0.000000
1.000000
0.000000
1.000000
1.000000
1.000000
1.000000
0.904129
0.000000
1.000000
0.000000
0.000000
1.000000
0.000000
1.000000
0.000000
0.543201
0.000000
1.000000
1.000000
1.000000
0.996347
1.000000
1.000000
1.000000
0.998512
1.000000
0.000000
1.000000
0.000000
0.438904
1.000000
1.000000
0.944277
0.999998
0.000000
0.000000
0.000000
0.000000
1.000000
1.000000
0.000000
1.000000
0.000000
0.993523
0.000000
0.000000
0.889238
0.000000
1.000000
0.000000
0.000000
0.000000
1.000000
0.998640
1.000000
0.000000
0.999951
1.000000
0.958614
1.000000
0.000000
0.999983
0.000000
0.999910
0.000000
0.000000
1.000000
0.000000
0.763552
0.999990
1.000000
1.000000
0.000000
0.000000
1.000000
1.000000
0.000000
1.000000
0.000000
0.000027
1.000000
0.000000
1.000000
0.000000
0.000000
1.000000
0.000000
1.000000
0.000000
0.000000
0.000000
1.000000
0.999957
1.000000
1.000000
1.000000
0.000000
1.000000
0.000000
1.000000
0.000000
0.000000
0.000000
1.000000
0.999995
0.000000
1.000000
1.000000
0.000000
0.000000
0.940173
0.000000
0.993915
1.000000
0.995351
1.000000
0.983665
0.000000
0.000000
1.000000
1.000000
1.000000
0.000000
0.000000
0.000000
1.000000
1.000000
0.000000
0.000000
1.000000
0.998349
0.000000
0.000000
0.000000
1.000000
1.000000
0.000000
1.000000
0.000000
0.000000
1.000000
0.999921
0.000000
0.000000
0.000000
0.000000
0.000000
1.000000
0.999884
0.000000
0.000000
0.000000
0.000000
1.000000
0.000000
0.000000
1.000000
0.000000
0.000000
1.000000
0.000000
1.000000
1.000000
0.000000
0.000000
0.000000
0.917991
0.000000
0.999975
0.000000
1.000000
0.000000
0.000000
0.000000
1.000000
0.000000
0.013549
1.000000
0.000000
0.000000
0.999994
0.000000
0.000000
0.000000
0.000000
0.000000
1.000000
0.000000
1.000000
1.000000
1.000000
0.000000
1.000000
1.000000
1.000000
0.000000
1.000000
0.000000
1.000000
1.000000
0.000000
0.000000
0.999999
0.000000
0.629198
0.000000
1.000000
0.000000
1.000000
0.000000
0.000000
0.000000
0.997118
1.000000
0.000000
1.000000
0.000000
0.821293
1.000000
0.000000
1.000000
0.000000
0.000000
1.000000
1.000000
1.000000
1.000000
0.000000
0.930406
0.000000
0.998586
0.000000
0.000000
0.000000
1.000000
1.000000
1.000000
0.000000
0.999786
0.999974
1.000000
0.000000
1.000000
1.000000
1.000000
1.000000
1.000000
1.000000
0.999822
0.999770
0.999976
0.000000
0.000000
1.000000
1.000000
1.000000
1.000000
0.994493
1.000000
0.999974
1.000000
0.000000
1.000000
1.000000
1.000000
0.000000
0.999999
0.000000
0.999981
1.000000
1.000000
1.000000
1.000000
1.000000
1.000000
0.000000
0.000000
1.000000
1.000000
1.000000
1.000000
0.000000
0.000000
1.000000
1.000000
1.000000
0.000000
1.000000
0.000000
0.774331
0.999478
0.000000
0.990878
0.000000
0.000000
1.000000
1.000000
1.000000
0.000000
0.000000
0.000000
0.000000
1.000000
0.000000
1.000000
1.000000
0.000000
0.000000
0.000000
0.000000
0.999999
1.000000
1.000000
0.000000
1.000000
0.000000
1.000000
1.000000
0.000000
1.000000
0.999914
1.000000
0.998504
1.000000
1.000000
0.000000
1.000000
0.000000
1.000000
1.000000
0.000000
0.000000
1.000000
0.964284
1.000000
1.000000
0.000000
1.000000
0.000000
0.000000
1.000000
0.999624
1.000000
0.986128
0.000000
1.000000
1.000000
0.000000
0.000000
0.999999
0.000000
0.000000
0.000000
0.000000
0.000000
0.575175
0.000000
1.000000
0.000000
0.000000
1.000000
0.000000
1.000000
0.990589
1.000000
1.000000
0.000000
1.000000
1.000000
1.000000
0.000000
0.000001
0.000000
0.999998
1.000000
1.000000
1.000000
0.000000
0.000000
0.000000
0.999881
1.000000
0.000000
1.000000
0.999639
1.000000
0.999992
0.974910
1.000000
1.000000
0.000000
0.000000
0.000000
1.000000
0.000000
1.000000
1.000000
0.000000
1.000000
1.000000
1.000000
0.000000
0.000000
