0.000000
0.819738
1.000000
0.017657
0.010458
0.177185
0.748645
0.000000
0.183876
0.992176
0.912799
1.000000
0.603799
0.000000
0.009947
0.017521
0.003906
0.121776
0.889790
0.979244
0.142572
0.998282
0.233456
0.010976
0.105769
0.073117
0.030538
0.009856
0.293780
0.938135
0.054507
0.076887
0.028984
0.099371
0.969758
1.000000
1.000000
0.211010
1.000000
0.083620
0.000000
0.825286
0.301363
0.166843
0.066821
0.999046
0.750770
0.007067
0.002031
0.520361
0.004199
0.922741
0.455221
0.101170
0.097913
0.036786
0.182734
0.490944
0.146973
0.212170
0.023273
0.109601
0.051807
0.002114
0.004663
0.011880
0.000000
0.034006
0.008568
1.000000
0.000000
0.186101
0.015602
0.063649
0.181693
0.069372
0.571894
0.011111
0.023880
0.018295
0.021094
0.069754
0.020100
0.055568
0.022512
0.003770
0.461428
0.914948
0.047620
0.008849
0.071985
0.110884
0.015368
0.394740
0.014000
0.035650
0.097819
0.014672
0.214031
0.024322
0.000000
0.615830
0.118731
1.000000
0.007611
0.359939
0.970508
0.996710
0.017020
0.116826
0.188613
0.212453
0.084344
0.129867
0.878733
0.040652
0.097509
0.368403
0.377636
0.102152
1.000000
0.077932
0.999543
0.653169
0.000000
0.038057
0.986254
0.088926
0.033166
0.068603
0.144409
0.025075
0.000000
0.486638
0.961214
0.010109
1.000000
0.058419
0.994389
0.958090
0.428101
0.471652
0.024956
0.379829
0.010084
0.090192
0.284136
0.000000
0.029125
0.008227
0.230692
0.090398
0.016032
0.703438
0.008444
0.935808
0.020426
1.000000
0.066033
0.999171
0.049519
0.466422
0.261571
0.155001
0.032444
0.999999
0.198659
0.049307
0.067081
0.523955
0.049356
0.090714
0.038622
0.025152
0.999996
0.000000
0.051462
0.040489
0.032916
0.970650
0.025320
0.062363
0.059864
0.113946
1.000000
0.573342
0.022394
0.266901
0.016526
0.003617
0.010962
0.023210
0.000000
0.022176
0.676090
0.013507
0.031044
0.380708
0.010143
0.911328
0.181022
0.156390
0.219165
0.053460
0.019714
0.036554
0.118485
0.227236
0.083762
0.208384
0.001900
0.278106
0.045267
0.414220
0.276013
0.291855
0.039081
0.031524
0.035104
0.013432
0.167272
1.000000
0.011074
0.002972
0.026854
0.130508
0.053691
0.017568
0.085135
0.003838
0.412187
0.331977
0.004662
0.181189
0.932260
0.391115
0.260819
0.104774
0.681612
0.776080
0.014354
0.589176
0.906980
0.591467
0.017990
0.530698
0.971806
0.250063
0.000000
0.038531
0.000000
0.051326
0.936424
0.658157
0.033774
0.003279
0.441588
0.003661
0.025845
0.970010
0.000000
0.530859
0.006231
0.980660
1.000000
0.053206
0.216446
0.008517
0.393565
0.008771
0.134593
0.091220
0.316650
0.116194
0.985313
0.051597
0.019553
0.083572
1.000000
0.379898
0.191983
0.097640
0.344239
0.745099
0.076738
0.000000
0.999986
0.065145
0.056375
0.026390
0.048909
0.533828
0.999574
0.174519
0.053165
0.485668
0.098181
0.263167
0.038008
0.006736
1.000000
0.069557
0.004855
0.013988
0.048054
0.236574
0.841084
0.123922
0.048573
0.999565
0.413250
0.608159
0.172657
0.082942
0.622231
0.002804
0.033846
0.119901
0.692113
0.063254
0.999785
0.057347
0.095249
0.329047
0.022838
0.259387
0.911912
0.915851
0.002217
1.000000
0.708820
0.102523
0.000000
0.649238
0.037514
0.033572
0.003921
0.013522
0.036891
0.000000
0.639432
0.392718
0.020434
1.000000
0.745803
0.022006
0.000000
0.721100
0.064085
1.000000
0.124979
0.118799
0.048066
0.653617
0.536604
0.000000
0.455326
0.999504
0.033638
0.013398
1.000000
0.397119
0.903517
0.062403
0.056941
0.024542
0.100527
0.014230
0.000000
0.011806
0.050123
0.059498
0.045789
0.975943
0.114453
0.033754
0.278820
0.030772
0.023729
0.073752
0.736596
0.082171
0.673559
0.265492
0.323013
0.891331
0.011672
0.518087
0.097965
0.054160
0.030341
0.024608
0.085735
0.039075
0.250005
0.113876
0.014738
0.185037
0.003961
0.594586
0.035336
0.024360
0.063290
0.399453
0.999999
0.574797
0.363657
0.634363
0.484731
0.244184
0.135014
0.094022
0.157299
0.015943
0.117964
0.020272
0.054601
0.015306
0.000000
0.008209
0.034083
0.222795
0.000000
0.197658
0.019853
0.615090
0.016313
0.968294
0.098296
0.024883
0.237011
0.015361
1.000000
0.198058
0.000000
0.013118
1.000000
0.136577
0.086661
0.057530
0.055637
0.236514
0.014537
0.198462
0.756386
0.458184
0.106951
0.799304
0.014964
0.031638
0.036941
0.084758
0.020735
0.001612
0.009667
0.253330
0.065477
0.197863
0.114420
0.093535
0.007171
0.015552
0.995007
0.013040
0.020741
0.990734
0.330867
0.204712
0.227360
0.000000
0.985503
0.370469
0.556829
0.248241
0.780133
0.345025
0.102223
0.412058
0.048715
0.106863
0.012121
0.070531
0.119841
0.023547
0.241926
0.207932
0.024507
0.939892
0.014503
0.025312
1.000000
0.056141
0.009764
0.010914
0.048186
0.007950
0.473795
0.942611
0.068237
0.050040
0.015467
0.000000
0.011498
0.005926
0.012422
0.074214
0.705353
0.030735
0.184948
0.447040
0.009010
0.999980
0.021685
0.031324
0.068661
0.049386
0.414113
0.334060
0.595384
0.084994
0.999542
0.073447
0.028549
0.458627
0.039904
0.089004
0.515672
0.851500
0.270939
0.996544
0.000000
0.000000
0.226523
0.997928
0.017246
0.002825
1.000000
0.740867
0.162288
0.442579
0.329768
0.476231
0.058106
0.015467
0.110068
0.033772
0.083464
0.014166
0.055748
1.000000
0.024628
0.986927
0.003115
0.132991
0.224916
0.032630
0.078845
0.199261
0.051689
0.120889
0.013956
0.198465
0.047460
0.999631
0.029214
0.069665
0.173980
0.111710
0.523016
0.479856
0.112655
0.023182
0.068859
0.110224
0.000000
0.000016
0.142482
0.999001
0.992084
0.107802
0.012078
0.032442
0.063226
0.993767
0.000000
0.188060
1.000000
0.004744
0.215141
0.170883
0.069853
0.295246
0.083452
0.124393
0.008401
0.008727
0.035975
0.999991
0.000000
0.161269
0.029239
0.000000
0.019668
0.005074
0.061933
0.092502
0.321251
0.802221
0.030985
0.716342
0.095126
0.026756
0.030758
0.017029
0.042103
0.103579
0.005996
0.141942
0.229933
0.032369
0.030402
0.057523
0.001187
0.054607
0.121101
0.187842
0.377980
0.026476
0.397752
0.523551
0.117311
0.132844
0.624305
0.969189
0.989954
0.097246
0.134323
0.109693
0.002447
0.819534
0.057281
0.000000
0.086768
0.820707
0.019010
0.144191
0.226470
0.025038
0.022339
0.009218
0.971049
1.000000
0.061932
0.320541
0.075873
0.974843
0.093080
0.134884
0.009654
1.000000
0.105409
0.062050
0.135317
0.009320
0.368502
0.458812
0.260995
0.035140
0.078536
0.192382
0.051677
0.065650
0.071467
0.068464
0.687465
0.156017
0.062191
0.040342
0.018210
0.000000
0.020640
0.000000
0.062093
0.040629
0.169072
0.962773
0.009652
0.030852
0.069769
0.983262
0.002941
0.068835
0.020945
0.714897
0.494580
0.987177
0.837569
0.011586
0.081586
0.246055
0.022276
0.000000
0.016479
0.936822
0.811324
0.970659
0.904898
0.077952
0.000000
0.014503
0.416988
0.000000
0.605803
0.216317
0.056650
0.272860
0.009819
0.989073
0.037337
0.027572
0.020977
0.072673
0.332203
0.145617
0.016809
0.005057
0.047521
0.060280
0.016772
0.064517
0.162673
0.029861
0.999661
0.002660
0.000000
0.959816
0.030102
0.010276
0.602592
0.000000
0.038631
0.156378
0.036601
0.164046
0.182683
0.597059
0.010151
0.129754
0.255838
0.076271
0.643635
0.045034
0.000000
0.000000
0.204157
0.594657
0.033983
0.284790
0.029927
0.252551
0.012375
0.008171
0.992729
0.051540
0.001344
0.163975
0.069736
0.070602
0.000000
0.029721
0.280057
0.095482
0.019718
0.003289
0.036315
0.008891
0.000000
0.729008
0.026891
0.049554
0.008413
1.000000
0.218110
0.005585
0.019178
0.104630
0.032366
0.009373
0.131459
0.389875
0.009731
0.009882
0.058901
0.012030
0.365902
0.064857
0.007477
0.001988
0.086947
0.054550
0.288449
0.689847
0.999991
0.009839
0.063126
0.023772
0.177552
0.876207
0.000000
0.845244
0.030427
0.112380
0.027212
0.125956
0.007323
0.050228
0.264782
0.022021
0.046134
0.012790
0.997487
0.009555
0.951541
0.515547
0.071891
0.020814
0.063489
1.000000
0.348463
1.000000
0.012786
0.090168
0.526511
0.043454
0.031958
0.002098
0.942953
0.161295
0.320025
0.092082
1.000000
0.026767
0.997682
0.033879
0.062462
0.000000
0.547862
0.000000
0.420848
0.000000
0.041815
0.994516
0.012378
0.014384
0.000000
0.001886
0.011183
0.047769
0.019598
0.258251
0.016828
0.048860
0.035375
0.076708
1.000000
0.023784
0.005293
0.253787
0.750846
0.802084
0.053467
0.018258
0.036340
0.063422
0.021592
0.022335
0.012175
0.056008
0.583538
0.001590
0.328949
0.300278
0.098547
0.709598
0.312502
0.000000
0.019410
0.065567
0.006975
0.031063
0.518794
0.000000
0.027657
0.054564
0.998953
0.999708
0.017830
0.618419
0.000965
0.195815
0.029517
1.000000
0.005726
0.269798
0.999811
0.996894
0.999836
0.018274
0.594465
0.054950
0.017986
1.000000
0.905623
0.348700
0.070548
0.944017
0.412193
0.020556
0.142102
0.000000
0.043854
0.025159
0.052539
0.018194
0.047171
0.206057
0.949203
0.981793
0.098795
0.831588
0.747813
0.090130
0.053754
0.137085
0.016376
0.999930
0.232881
0.259071
0.014085
0.042393
0.005026
0.023669
0.009287
0.038082
0.104128
0.048610
0.106041
0.010185
0.026707
0.984921
0.041420
0.068129
0.152289
0.029630
0.468536
0.016170
0.065891
0.049536
0.244977
0.009885
0.971425
0.129515
0.387784
0.120178
0.157170
0.015987
0.060250
1.000000
0.089493
0.195225
0.012234
0.055425
0.047521
0.034757
0.411960
0.088208
0.089233
0.101764
0.999995
0.014081
0.058329
0.112644
1.000000
0.008067
0.010505
0.059882
0.055317
0.063741
0.043775
0.074151
0.346373
0.952597
0.421124
0.082941
1.000000
0.015763
0.143605
0.946367
0.038951
0.032376
0.026147
0.017523
0.006924
0.020314
0.699625
0.669768
1.000000
0.015349
0.003030
0.118779
0.322829
0.149182
0.023355
0.025245
0.044361
0.318428
0.999608
0.037182
0.249955
0.042779
0.007154
0.060760
0.020413
0.973655
0.954323
0.134042
0.442815
0.567533
0.013702
0.208095
0.089698
0.850474
0.101256
0.000000
0.000000
0.699870
0.002259
0.867829
0.064409
0.070863
0.011221
0.124387
0.174029
0.200652
0.647236
0.000000
0.150816
0.000000
0.080315
0.000000
0.007371
0.009677
0.374441
0.085871
0.000000
0.073905
0.993704
0.029666
0.164740
0.995321
0.019989
0.998733
0.039687
0.996514
0.001011
0.007399
0.028582
0.073198
0.064626
0.341504
0.152090
0.016694
0.096181
0.988325
0.040990
0.175243
0.765467
0.039052
0.219304
0.709019
0.059612
0.006395
0.096968
0.000000
0.007012
0.096995
0.965107
0.212599
0.048584
0.015089
0.110645
0.047793
0.640070
0.700467
0.072112
0.360764
0.037307
0.425624
0.038820
0.999909
0.000000
0.016151
0.066937
0.039416
0.015884
0.093869
0.057711
0.852415
0.114019
0.147999
0.081967
0.000000
0.268229
0.004046
1.000000
0.000000
0.033855
0.129278
0.014418
0.026334
0.123812
0.011344
0.098697
0.370222
0.110169
0.000000
0.011726
0.042029
0.018423
0.000000
0.340544
0.300525
0.082994
0.095051
0.023791
0.017000
0.047625
0.003639
0.109242
0.347032
0.035658
0.155265
0.889370
0.055457
0.045218
0.292886
0.043293
0.984365
0.990719
1.000000
0.033427
0.999410
0.040544
0.030007
0.249065
0.023153
0.536135
0.058404
0.119655
0.958657
0.047988
0.000000
0.133229
0.098300
0.022547
0.000000
0.028666
0.950801
0.078038
0.027114
0.030868
0.973661
0.008140
0.382279
0.024805
0.999499
0.213133
0.246622
0.013943
0.101387
0.263997
0.734729
0.191475
0.020268
0.094877
0.066125
0.679205
0.088297
0.042614
0.540016
0.997280
0.005226
0.833884
0.035974
0.000000
0.005980
0.997579
0.657143
0.058336
0.970624
0.050813
0.999898
0.063450
0.000000
0.300313
0.009967
0.889046
0.074376
0.037350
0.000000
0.272705
0.000000
0.005232
0.010520
0.076326
1.000000
0.087104
0.166008
0.147448
0.302330
0.010106
0.999649
0.002466
0.281857
0.072966
0.046147
0.715458
0.051774
0.426970
0.149853
0.784559
0.023386
1.000000
0.047223
0.592753
0.040060
0.033286
0.011409
0.007006
0.588303
0.085295
0.062296
0.999949
0.998784
0.042304
0.000000
0.939420
0.006504
0.142155
0.046053
0.557591
0.144962
0.026199
0.066672
0.594451
0.012767
0.954191
0.917511
0.074854
0.022612
0.017123
1.000000
0.089621
0.000000
0.344474
0.011125
0.207094
0.010829
0.561169
1.000000
0.055315
0.018484
0.435910
1.000000
0.017118
0.997915
0.067864
0.736435
0.000000
0.349553
0.006503
0.980116
0.181289
0.958882
0.619542
0.384462
0.017391
0.414110
0.389399
0.000000
0.338139
1.000000
0.004610
0.016009
0.396977
0.994197
0.074157
0.246502
0.999156
0.011957
0.152670
0.413146
0.030018
0.040561
0.284360
0.534710
0.039356
0.017725
0.021052
0.150220
0.087541
0.012990
0.011300
0.060416
0.044522
0.122728
0.015565
0.935687
0.040862
0.867870
0.010979
0.883863
1.000000
0.633962
0.953604
0.045082
0.000000
0.813916
0.036247
0.009590
0.280399
0.056934
0.006427
0.768468
0.035903
0.111463
0.055477
0.012989
0.610382
0.018363
0.010157
0.014271
0.004482
0.057787
0.066489
0.027507
0.435204
1.000000
0.997561
0.978744
0.021546
0.103888
0.013532
0.000000
0.000000
0.423195
0.022972
0.175714
0.000000
0.046406
0.029833
0.009859
0.021261
0.152870
0.013083
0.019530
0.026725
0.000835
0.254293
0.999072
0.034408
0.299253
0.001954
0.073699
0.505755
0.000000
0.266157
0.100333
0.000000
0.027752
0.005091
0.110508
0.109824
0.021340
0.146028
0.048273
0.003715
0.567123
0.041055
1.000000
0.012662
0.002231
0.005646
0.058636
0.056008
0.008548
0.283235
0.284991
0.078454
0.038474
0.915129
0.006470
0.040661
0.987636
0.038973
0.026864
0.030807
0.023464
0.256567
0.261252
0.031676
0.278138
0.013728
0.000000
0.117809
0.011848
0.032661
1.000000
0.350574
0.053910
0.000000
0.050620
0.080894
0.082244
0.015120
0.503890
0.035429
0.098932
0.000000
0.875908
0.633362
0.028778
0.000000
0.120659
0.065379
0.798357
0.003456
0.043139
0.000000
0.065621
0.035560
0.999999
0.023572
0.036656
0.026162
0.040270
0.256997
0.009297
0.103846
0.563050
0.040277
0.063557
0.693083
0.000000
0.170815
0.049839
0.206315
0.000000
0.487558
0.000000
0.051998
0.337494
0.066647
0.016101
0.038912
0.147658
0.570414
0.113358
0.122490
0.106177
0.027696
0.078192
0.218580
0.001489
0.011291
0.268635
0.420382
0.076900
0.038858
0.036514
0.010938
0.039913
0.006408
0.000000
0.551201
0.972494
0.017312
0.765096
0.010304
0.014409
0.033822
0.083033
0.042416
0.381500
0.347291
0.051921
0.051455
0.009046
0.086759
0.178639
0.999997
0.096114
0.063080
0.208778
0.024178
0.000000
0.068064
0.034053
0.000000
0.090247
0.003922
0.999093
0.999775
0.106611
0.767415
0.101665
0.147382
0.088342
0.000000
0.000000
0.093703
0.114004
0.018971
0.064564
0.016152
1.000000
0.004283
0.090658
0.018278
0.064277
0.483397
1.000000
0.254574
0.110533
0.114555
0.091725
0.013702
0.675727
0.210981
0.000000
0.316654
0.082250
0.144746
0.009383
0.846778
0.813911
0.142416
0.007158
0.147998
0.991506
0.049176
0.996131
0.002509
0.169298
0.021535
0.056007
0.140601
0.308528
0.627651
0.028014
0.031195
0.009156
0.841325
0.093141
0.060822
0.178249
0.000000
0.810902
0.043204
0.051483
0.029636
0.111616
0.336564
0.144074
0.115389
0.002270
0.050389
0.066150
0.012802
0.166125
0.999968
0.502861
0.011103
0.949659
0.000000
0.067243
0.383017
0.074750
0.253608
0.202607
0.957903
0.006880
0.039520
0.551540
0.058355
0.000000
0.077756
0.024664
0.043665
0.000000
0.037006
0.069133
0.053051
0.409694
0.153767
0.084861
0.208602
0.922824
0.011966
0.178580
0.049572
0.081902
0.998437
0.055437
0.002389
0.000000
0.998884
0.007988
0.000000
0.967196
0.185924
0.000000
0.014424
0.007370
0.729292
0.133541
0.018492
0.608433
0.644809
0.051304
0.002681
0.198139
0.998053
0.045406
0.093253
0.454258
0.008136
0.139851
0.010942
0.000000
0.000000
0.100305
0.035918
0.968996
0.999896
0.008028
0.015605
0.049786
0.004220
0.082380
0.007314
0.015300
0.250482
0.074679
0.040207
0.153371
0.000000
0.004584
0.029298
0.090150
0.994333
0.007555
0.964182
0.736692
0.077062
0.957620
0.541342
0.637300
0.343026
0.000000
0.122586
0.055348
0.099076
0.618962
0.081940
1.000000
0.089943
0.000000
0.063042
0.248783
0.042320
1.000000
0.269133
1.000000
0.997433
0.021358
0.000000
0.303397
0.001469
0.057499
0.000000
0.035439
0.654794
0.665230
0.067523
0.032953
0.063205
0.953560
0.023717
0.974752
0.737628
0.181543
0.050585
0.066054
0.861152
0.011025
0.037683
0.046578
0.025387
0.443790
0.062715
0.602281
0.023710
0.087342
0.172025
0.156557
0.011762
0.023664
0.049870
0.957621
0.000000
0.038224
0.982283
0.118196
0.002451
0.148627
0.102906
0.004458
0.128906
0.046663
0.087572
0.032516
0.999605
0.029117
0.036280
0.000000
0.133673
0.211945
0.102060
0.014086
0.017943
0.059133
0.268662
0.021729
0.132996
0.068929
0.051371
0.070612
0.328067
0.023775
0.266938
0.010351
0.000000
0.000000
0.294529
0.049112
0.756911
0.002086
0.052020
0.014767
0.077812
0.016875
0.433117
0.120756
0.075373
0.259033
0.000000
0.999996
0.090868
0.017285
0.030661
0.985978
0.072821
0.978445
0.055700
0.007861
0.057846
0.468623
0.024511
0.044308
0.082287
0.069744
0.863654
0.934992
0.925837
0.023038
0.017029
0.034641
0.999993
0.000000
0.910662
0.154352
0.026957
0.000000
0.011356
0.019728
0.007115
0.067113
0.000000
0.004053
0.051606
0.010165
0.000000
0.027753
0.999973
0.059498
0.011964
0.141743
0.000000
0.048753
1.000000
0.974756
0.000061
0.041050
0.002570
0.036242
0.006438
0.061830
0.050513
0.543448
0.774888
0.016898
0.629217
1.000000
0.607759
0.032371
0.063521
0.060091
0.713283
0.031577
0.051974
0.099150
0.000651
0.998358
0.096741
0.011612
0.101910
0.021360
1.000000
0.061733
0.303563
0.012055
0.007592
1.000000
0.158333
0.044862
0.039649
0.008937
0.354318
0.525326
0.269071
0.044104
0.083128
0.280733
0.355189
0.000000
0.089558
0.016370
0.000000
0.999971
0.817174
0.996292
0.062870
0.347858
0.115936
0.046997
0.014086
0.678538
0.063056
0.000000
0.391889
0.130570
0.999997
0.147837
0.000000
0.018900
0.147880
0.065354
0.011876
0.690426
0.007517
0.462989
0.003840
0.016930
0.977140
0.588566
0.999970
0.041668
0.000000
0.021964
0.000000
0.914412
0.096713
0.041486
0.013705
0.081488
0.074383
0.999975
0.018639
1.000000
0.028954
0.999979
0.170634
0.053220
0.012348
0.066962
0.000000
0.958147
0.999927
0.007184
0.075965
0.391632
0.067530
0.016727
0.033451
0.073653
0.047622
0.017594
0.748523
0.616294
0.048529
0.011395
0.051423
0.072297
0.436233
0.999981
0.530642
0.587470
0.375919
0.120234
0.002726
0.004999
0.033382
0.024826
0.054809
0.108058
0.999998
0.006412
0.097463
0.614058
0.069662
0.056697
0.062673
0.008809
0.034574
0.203652
0.295911
0.047273
0.937170
0.000000
0.523817
0.378586
0.610815
0.039736
0.154069
0.992585
0.087680
0.928425
0.084561
0.422939
0.156146
0.007677
0.258445
0.046795
0.031333
0.275613
0.603666
0.000000
0.021867
0.000000
0.076555
1.000000
0.027701
0.005998
0.623219
0.071919
0.021454
0.179200
0.007716
0.061502
0.012051
0.035904
0.071095
0.731190
0.325495
0.279252
0.688727
0.047103
0.015657
0.028883
0.306822
0.000000
0.085443
0.107152
0.011261
0.115584
0.010460
0.031526
0.081738
0.529050
0.116222
0.005442
0.020581
0.000000
0.095419
0.989343
0.010580
0.104699
0.031585
0.000000
0.151756
0.040520
0.930544
0.553860
0.985465
0.162005
0.004865
0.062856
0.003920
0.032012
0.044215
0.058897
0.020583
0.163146
0.142137
0.698094
0.024608
0.010945
0.916648
0.033927
0.065914
0.010685
0.993980
0.020331
0.508616
0.052536
0.999990
0.899494
0.567326
0.104890
0.047769
0.024028
0.656078
0.000000
0.002344
0.200147
0.022904
0.000000
0.047493
0.342700
0.075723
0.004538
0.121457
0.056467
0.000000
0.727280
0.000000
0.005444
0.000000
0.033184
0.011516
1.000000
0.301326
0.989778
0.021596
0.967485
0.563421
1.000000
0.000000
0.013141
0.015294
0.039887
0.132915
0.002589
0.070822
0.610490
0.324461
0.055310
0.028023
0.499189
0.126428
0.000000
0.398159
0.045325
0.025449
0.999999
0.022248
0.627684
0.036922
0.158850
0.019834
0.047704
0.020285
0.060684
0.252569
0.756589
0.039304
0.984741
0.152657
0.010546
0.067960
0.107533
1.000000
0.171867
0.100497
0.000000
0.013574
0.046732
0.259855
0.060607
0.220132
0.013333
1.000000
0.999718
0.942404
0.165155
0.715812
0.999986
0.987734
0.866129
0.737163
0.147981
0.140899
0.060366
0.637280
0.006642
0.030906
0.031899
0.013533
0.012756
0.022150
0.998313
0.127875
0.000000
0.077419
0.098797
0.232658
0.999287
0.015672
0.632220
0.117763
0.885555
0.695326
0.089663
0.056906
0.980866
0.999998
0.204605
0.188453
0.009431
0.003479
0.000000
1.000000
0.020050
0.203953
0.003393
0.021524
0.620605
0.267730
0.999343
0.110765
0.793838
0.023447
0.055981
0.018749
0.323843
0.416461
1.000000
0.027621
0.179671
0.099099
0.002519
0.040215
0.027245
0.018149
0.000000
0.755212
0.095881
0.023786
0.073449
0.085097
0.437403
0.308822
0.079896
0.000000
0.113430
0.051870
0.413539
1.000000
0.460465
0.363758
0.070008
0.041480
0.883947
0.000000
0.626100
1.000000
0.432906
0.025490
0.079734
0.007576
0.000000
0.024168
0.110368
0.065841
0.118654
0.034169
0.131839
0.211691
0.007628
0.700163
0.280325
0.999825
0.745749
0.092063
0.023252
0.497272
0.185115
0.000000
0.585649
0.010706
0.006627
0.674765
0.015531
0.000000
0.049339
0.000000
0.064548
0.622858
0.103565
0.119351
0.621477
0.241761
0.041876
0.141717
0.251747
0.917678
0.309014
0.193629
0.142251
0.085966
0.007672
0.818654
0.000000
0.125876
0.063567
0.210378
0.003984
0.071851
0.033303
0.027265
0.100767
0.000000
0.555847
0.986964
0.114641
0.999991
0.030868
0.000000
0.020012
0.000000
0.014868
0.017944
0.028605
0.021618
0.534558
0.349857
0.002728
0.277788
1.000000
0.997072
0.071582
0.187930
0.054641
0.608583
1.000000
0.000000
0.029486
0.139758
0.512578
0.053600
0.013527
0.322688
0.094373
0.027284
0.865228
0.454017
0.047741
0.009772
0.963150
0.176425
0.659228
0.079177
0.160724
0.964816
0.014737
0.000000
0.165248
0.037929
0.103165
1.000000
0.262469
0.305989
0.448583
0.271284
0.103161
0.136610
1.000000
0.059338
1.000000
0.209932
0.019047
0.016360
1.000000
0.936604
0.024791
0.997820
0.071975
0.017121
1.000000
0.007167
0.032767
0.030371
0.118015
0.999983
0.015124
0.973655
1.000000
0.008748
0.022580
0.113833
0.910742
0.038747
0.098742
0.014940
0.017526
0.006296
0.011950
0.027089
0.284600
1.000000
0.010278
1.000000
0.926201
0.327785
0.016323
0.034707
0.025849
0.135893
0.107365
0.337223
0.049796
0.007249
0.018515
0.161958
0.327678
0.620610
0.249060
0.050908
0.067993
0.977926
0.285739
0.620795
0.126614
0.049191
0.999998
0.123959
0.026398
0.824773
0.695677
0.055897
0.031962
0.016217
0.049526
0.972209
0.120042
0.053125
0.147103
0.012783
0.170303
0.005477
0.334926
0.003981
0.009253
0.007822
0.044573
0.999522
0.008618
0.010260
0.025855
1.000000
0.027584
0.999322
0.732816
0.034857
0.129166
0.055485
0.005503
0.000000
0.108653
0.020351
0.000000
0.077166
0.098629
0.098214
0.112265
0.026630
0.181318
0.162024
0.999997
0.020741
0.754942
0.492393
0.999969
0.167906
0.012515
0.006436
0.124605
0.192557
0.000000
0.187949
0.435004
0.134088
0.008743
0.377862
0.703956
0.984038
0.022698
0.101880
0.003766
0.071666
0.999556
0.009118
0.000000
0.958552
0.554083
0.039001
0.047270
0.869185
0.572314
0.034860
0.037802
0.122286
0.147772
0.896203
0.576358
0.054037
0.007663
0.051025
0.365144
0.039591
0.017055
0.108386
0.000000
0.690348
0.037529
0.024117
0.507175
0.162915
0.259415
0.063437
0.006999
0.503901
0.198717
0.039566
0.021600
0.009471
0.064117
0.040659
0.034198
0.005487
0.050029
0.125560
0.047812
0.014961
0.110001
0.014023
0.095937
0.327272
0.084066
0.092313
0.194352
0.146450
0.632561
0.043337
0.533116
0.984084
0.998549
0.999948
0.030666
0.164250
0.033559
0.386507
0.868739
0.066502
0.025744
0.735383
0.208799
0.028636
0.049601
0.029273
0.045199
0.049011
0.105744
0.396843
0.989603
1.000000
0.338666
0.171432
0.072405
0.020635
0.009982
0.011264
0.022487
0.502965
0.000000
0.719243
0.006397
0.033999
0.101488
0.033297
0.044259
0.999842
0.015604
0.868426
0.040414
0.006021
0.035176
0.048981
0.708079
0.015858
0.030761
0.019368
0.877373
0.001993
1.000000
0.031401
0.009283
0.998495
0.927729
0.004741
0.088055
0.895445
0.040744
1.000000
0.022657
0.042740
1.000000
0.826444
0.008671
0.169919
0.033078
0.996120
0.004936
0.793197
1.000000
0.033362
0.018236
0.016875
0.139557
0.342728
0.032281
0.066177
0.014580
0.000000
0.825687
0.167431
0.000000
0.014053
0.001761
0.002334
0.010190
0.313248
0.141748
1.000000
0.334752
0.746327
0.235809
0.061470
0.037927
0.072305
0.026593
0.111426
0.053377
0.026011
0.041745
0.000000
0.000000
0.157195
0.021046
0.068151
0.033271
0.017221
0.000000
0.223404
0.086311
0.094943
0.813642
0.999790
0.016520
0.498094
0.000000
0.020262
0.240039
0.675483
0.095057
0.011699
0.315927
0.046978
0.137791
0.991744
0.241283
0.999856
1.000000
0.000000
0.553655
0.556099
0.019580
0.319290
0.012374
0.598266
0.782732
0.034886
0.050994
0.029624
0.994715
0.061993
0.000000
0.015798
0.108226
0.156363
0.219482
0.254915
0.021113
0.013389
0.170922
0.024544
0.014398
0.050714
0.059285
0.021936
0.139109
0.300210
0.146305
0.984063
0.936286
0.999821
0.095272
0.012752
0.041062
0.075355
0.014419
0.831287
0.834374
0.017302
0.076319
0.081409
0.016814
0.036679
0.254058
0.008928
0.122041
0.876778
0.015128
0.023543
1.000000
0.106946
0.406041
0.030027
0.272514
0.501306
0.204143
0.114873
0.045896
0.091096
0.040675
0.423437
0.048016
0.029587
0.999969
0.186609
0.466199
0.044958
0.001473
0.065395
0.058444
0.044429
0.080130
0.141373
0.008866
0.095948
0.862112
0.017367
0.081082
0.180159
0.271741
0.986191
0.273488
0.070067
0.025430
0.081172
0.151548
0.059170
0.016717
0.029523
0.000000
0.960211
0.017624
0.009439
0.733603
0.009690
0.127657
0.101157
0.181020
0.040667
0.082534
0.329265
0.091134
0.000000
0.281762
0.999987
0.963974
0.216107
0.959794
0.054910
0.024055
0.015386
0.001972
0.011734
0.181307
0.030958
0.021331
0.035583
0.037250
0.153844
0.000000
0.000000
0.017997
0.070212
1.000000
0.914591
0.625768
0.094537
0.115018
0.040438
0.048037
0.034534
0.206891
0.062094
0.771728
0.220857
0.172913
0.320282
0.273734
1.000000
0.000000
0.999509
1.000000
0.177511
0.059813
0.370160
0.113394
0.987014
0.061436
0.035259
0.994664
0.031741
0.073754
0.997723
0.097603
0.086192
0.049290
0.436004
0.045735
0.872164
0.101585
0.034427
0.186114
0.002322
0.288737
0.053205
0.102018
0.177260
0.786344
0.026614
0.061130
0.022337
0.360567
0.110639
0.301360
0.634710
0.439400
0.441558
0.000000
0.000000
0.039695
0.181269
0.103581
0.127755
0.187112
0.069535
0.000000
0.000000
0.270867
1.000000
0.055938
0.000000
0.035007
0.998690
0.029258
0.003424
0.067071
0.064367
0.107295
0.018491
0.145066
0.032047
0.889112
1.000000
0.015125
0.000000
0.143032
0.048035
0.235860
0.079184
0.959600
0.010640
0.069999
0.019928
0.172910
0.129242
0.104139
0.213749
0.998777
0.069426
0.014914
0.266116
0.023662
0.041083
0.997607
0.075849
0.997049
0.050384
0.125062
0.318995
0.048492
0.154069
0.021544
0.081290
0.913420
0.993086
0.006695
0.015823
0.034209
0.008613
0.152331
0.154634
0.008421
0.032230
0.849066
0.018097
0.027782
0.072051
0.078810
0.040682
0.166347
0.142259
0.891661
1.000000
0.177583
0.050153
0.978262
0.076447
0.024294
0.114075
0.033517
1.000000
0.081430
0.566353
0.111019
0.007105
0.172533
0.908429
0.972649
0.040397
0.129980
0.038248
0.039990
0.224787
0.554187
0.278317
0.048778
0.002261
1.000000
0.833325
0.034727
0.210275
0.718324
0.000000
0.094128
0.999998
0.043511
0.105591
0.159767
0.026550
0.054893
0.061943
0.374039
0.060525
0.147155
0.921920
0.015426
0.841553
0.264644
0.042620
0.016518
1.000000
0.038543
0.124307
0.014376
0.592442
0.146250
0.064923
0.041124
0.070089
0.168178
0.077012
0.000000
0.621426
0.188803
0.007812
0.032636
0.059928
0.153558
0.004415
0.000000
0.052651
0.129568
0.000000
0.991126
0.011645
0.042147
0.010468
0.012065
0.300939
0.371093
0.406161
0.224010
0.026731
0.999364
0.003676
0.098227
0.008604
0.008369
0.000000
1.000000
0.121652
0.424377
1.000000
1.000000
0.041675
0.269543
1.000000
0.995600
0.494701
0.039317
0.042803
0.074000
0.026293
0.115865
0.262203
0.504572
0.021516
0.571700
0.054452
0.012942
0.103065
0.791770
0.218845
0.005434
0.130362
0.052835
0.066943
0.008723
0.008778
0.071747
0.041355
0.015539
0.284201
0.079312
0.263796
0.906450
0.049570
0.028967
0.282429
0.083319
0.032518
0.553196
0.479105
0.554920
0.002521
0.029026
0.629773
0.845663
0.112985
0.000843
0.383529
0.012771
0.010008
0.025808
0.133058
0.066993
0.050770
0.203131
1.000000
0.045103
0.044342
0.028636
0.055709
0.999863
0.022076
0.004329
0.000000
0.315038
0.283900
0.088488
0.131823
0.999628
0.505616
0.000000
0.443804
0.028001
0.080311
0.020025
1.000000
0.016282
0.016568
0.047515
0.000000
0.088013
0.999995
0.126312
0.216425
0.013409
0.063154
0.872115
0.087878
0.411049
0.000000
0.009442
0.097089
0.032746
0.189044
0.019168
0.036388
0.018752
0.065411
0.999352
1.000000
0.000000
0.039483
0.017264
0.144485
0.000000
0.071640
0.277066
0.568225
0.029096
0.519420
0.049284
0.082698
0.952666
0.623841
0.161242
0.043363
0.743862
0.003204
0.000000
0.091815
0.047987
0.167199
0.776771
0.428201
0.372033
0.057464
0.005447
0.696153
0.036162
0.000000
0.979182
0.038323
0.719032
0.777910
0.756157
0.999982
0.151614
0.468827
1.000000
0.000000
0.000000
0.028577
0.035581
0.024425
0.996626
0.903660
0.008222
0.035867
0.482433
0.000000
0.076242
0.869552
0.135326
0.176750
0.101499
0.284245
0.933515
0.006784
0.064187
0.021046
0.094095
0.198640
0.982023
0.641017
0.948321
0.199200
0.151536
0.003922
0.980391
0.000000
0.133588
0.260320
0.002684
0.319768
0.471883
0.152125
0.059517
0.004417
0.010972
0.064584
0.610866
0.872363
0.590268
0.848171
0.999806
0.990321
0.008136
0.046907
0.005846
0.066106
0.026004
0.041787
0.082773
1.000000
0.009335
0.806898
0.017077
0.164234
0.005928
0.902303
0.199628
0.066208
0.733952
0.055983
0.280652
0.911191
0.997535
0.031897
0.999963
0.028721
0.055756
0.000000
0.544946
1.000000
0.138265
0.088255
0.331792
0.164069
0.156325
0.731658
0.121913
0.003511
0.021839
0.999881
0.007405
0.359460
0.000000
0.629398
0.072592
0.128127
0.849596
0.737338
0.000000
0.051641
1.000000
0.009736
0.073375
0.107719
0.110112
0.034875
0.000000
0.064181
0.064470
0.999396
0.047216
0.000000
0.035934
0.004371
0.003586
0.503684
1.000000
0.997874
0.071360
0.000000
0.194179
0.027270
0.988901
0.030737
0.066043
0.999999
0.013765
0.040741
1.000000
0.006775
0.980821
1.000000
0.051858
0.563790
0.046525
0.870927
0.065914
0.643075
0.025776
0.046725
0.085270
0.024611
0.063718
0.045978
0.054208
0.064359
0.023824
0.061800
0.504945
0.895603
0.052954
0.547971
0.027526
0.060536
0.005810
0.047820
0.006401
0.806312
0.017693
0.605700
0.161156
0.128878
0.113744
0.077722
0.539019
0.009752
0.034817
0.365659
0.267288
1.000000
0.050283
0.406866
1.000000
0.026225
0.021429
0.041591
1.000000
0.008962
0.032779
0.057886
0.000000
0.699764
0.010451
0.000000
0.026834
0.966344
1.000000
0.096946
0.000000
0.029569
0.901531
0.905063
0.428917
0.998635
0.066552
0.016546
0.999997
0.501139
1.000000
0.191624
0.207601
0.012227
0.029875
0.300772
0.007988
0.008812
0.365650
0.000335
0.006818
1.000000
0.029314
0.999977
0.054946
0.021181
0.038100
0.000000
0.054439
0.083680
0.032306
0.101215
0.005448
0.041127
0.099325
0.961739
0.457052
0.060496
0.984066
0.060410
0.002475
0.380189
0.999390
0.033225
0.018693
0.282879
0.145461
0.134150
0.061045
0.056859
0.028138
0.996215
0.917232
0.000000
0.056491
0.011232
0.245371
1.000000
0.000000
0.999998
0.355351
0.035168
0.006354
0.031023
0.506685
0.002069
0.725587
0.427996
0.000000
0.145539
0.000000
1.000000
0.058338
0.781676
0.121449
0.018398
0.000000
0.028053
0.237159
0.057803
0.318211
0.103142
0.012189
0.060869
0.031268
0.060130
0.490647
0.331352
0.007397
0.997254
0.017570
0.142375
0.025668
0.031714
0.226531
0.159424
0.118450
0.015256
0.000000
0.649118
1.000000
0.351064
0.020920
0.026735
0.061809
0.023106
0.923374
0.177482
0.435535
0.005449
0.142089
0.031040
0.046048
0.163729
0.066533
0.999098
0.008180
0.002966
0.000000
0.060416
0.110631
0.589770
0.094096
0.999332
0.635624
0.008395
0.966411
0.137098
0.107623
1.000000
0.016366
0.134613
0.793939
0.057230
0.031004
0.098975
0.005118
0.654557
0.131109
0.999984
0.000000
0.024692
0.036231
0.000000
0.080617
0.077362
0.271562
0.995178
0.999999
0.934703
0.014820
0.012932
0.000000
0.055694
0.428764
0.999618
0.705566
0.000000
0.070742
0.046099
0.008184
0.390569
0.327979
0.302745
0.035937
0.186791
0.000000
0.874593
0.011262
0.022193
0.934033
0.000000
0.070050
0.988063
0.999978
0.325909
0.042664
0.678104
0.006802
0.134335
1.000000
0.242106
0.028242
0.000000
0.218447
0.176216
0.013852
0.017507
0.574706
0.046615
0.000000
0.996893
0.994373
0.849668
0.012048
0.991926
0.043501
0.588355
0.047413
0.038014
0.054295
0.120587
0.068349
0.222283
0.012535
0.610922
0.236977
0.253088
0.009238
0.992411
0.021391
0.308528
0.288603
0.022640
0.028530
0.022080
0.561509
0.377094
0.954775
0.060918
0.595224
0.738375
1.000000
0.008926
0.719616
0.413077
0.152730
0.007174
0.994276
0.015596
0.049401
0.014143
0.994494
0.020498
0.145880
0.076709
0.081943
0.169803
0.096164
0.345871
0.061719
0.074347
0.871745
0.000000
0.127849
0.998650
0.056008
0.173133
0.025354
1.000000
0.062271
0.256182
0.042006
0.382085
0.268463
0.999952
0.590572
0.046648
0.020181
0.082678
1.000000
0.021272
0.108042
0.183431
0.000000
0.102892
1.000000
0.064352
0.000000
0.038830
0.297652
0.111185
0.011420
0.152514
0.019401
0.067591
0.135177
0.015914
0.020490
0.015706
0.571311
0.009690
0.111937
0.093267
1.000000
0.224755
0.010251
0.025604
0.037427
0.024494
0.084575
1.000000
0.777985
0.004960
0.033627
0.027013
0.155543
0.584562
0.999453
0.000000
0.398386
1.000000
0.040627
0.999999
0.840801
0.999983
0.024617
0.024057
0.000000
0.000000
0.004380
0.024173
0.999454
0.018776
0.080794
1.000000
0.059020
0.999992
0.931189
0.000000
0.000000
0.392787
0.044625
0.933975
1.000000
0.005237
0.632899
0.073689
0.516739
0.014443
0.999998
0.058831
0.429386
0.000000
0.045158
0.111431
0.856874
0.999337
0.000000
0.985742
0.000000
0.042114
0.377996
0.150241
0.612640
0.007272
0.000000
0.006511
0.041410
0.185183
0.857927
0.999880
0.451067
0.076626
0.000000
0.332530
0.000000
0.120859
0.000000
0.045624
0.000000
0.015466
0.040198
0.018179
1.000000
0.016396
0.322676
0.469352
0.722507
0.421068
0.000000
0.008351
0.987036
0.930801
0.035450
0.998363
0.997331
0.965054
0.048355
0.996992
0.014651
0.062492
0.039849
0.034995
0.000701
0.004727
0.987232
0.752009
0.046633
0.050333
0.028576
0.017021
0.022958
0.341734
0.022772
0.146334
0.939429
0.006590
0.013172
0.009931
0.065121
0.375227
0.022433
0.139349
0.000000
0.001452
0.008291
0.050367
0.078413
0.077361
0.006614
0.000000
0.009714
0.839501
0.072517
0.007244
0.204332
0.425876
0.000000
0.064574
0.042696
0.897212
0.015509
0.025362
0.968486
0.999995
0.067335
0.005668
0.161941
0.102243
0.070353
0.038112
0.550747
0.024191
0.014882
0.999950
0.010611
0.044894
0.010627
0.056255
0.079896
0.059307
0.140699
0.048547
0.108481
0.000000
0.999999
0.000000
0.034464
0.000000
0.826654
0.999832
0.007346
0.786415
0.281900
0.030922
0.000000
0.009107
0.138865
0.076845
0.011056
0.642561
0.346076
0.013006
0.409910
0.061307
0.055468
0.010422
0.634940
0.006033
0.992417
0.050044
0.014061
0.418802
0.003443
0.025788
0.020175
0.999504
0.000000
0.096169
0.083770
0.056961
0.021191
0.005956
0.018706
0.114760
0.986904
0.997193
0.009504
0.061219
0.051861
0.999817
0.184862
0.121879
0.002744
0.192276
0.039135
0.033560
0.254785
0.999591
0.070552
0.013693
0.100600
0.011021
0.033631
0.009639
0.986610
0.014466
0.013105
1.000000
0.102401
0.217646
0.028085
0.406032
0.998792
0.892882
0.007720
0.066004
0.012184
0.917500
0.144520
0.458327
0.572817
0.019331
0.036400
0.082582
0.003522
0.303856
0.293188
0.102738
0.000000
0.077242
0.999869
0.983607
0.018844
0.691903
0.948584
0.667238
0.061721
0.038028
0.245528
0.064929
0.169576
0.001046
0.047783
0.357199
0.076907
0.008548
0.039386
0.275352
0.168027
0.023628
0.037358
0.880976
1.000000
0.010077
0.872393
0.013069
0.001839
0.003456
0.013791
0.998156
0.056253
0.000000
0.012612
0.065395
0.244063
0.041287
0.012214
0.231407
0.149578
0.150014
0.021099
0.097140
0.051059
1.000000
0.012124
0.274899
1.000000
1.000000
0.703301
0.034271
0.081790
0.000000
0.000000
1.000000
0.058461
0.000000
0.065226
0.988073
0.022538
1.000000
0.999827
0.032699
0.004325
0.127591
0.081965
0.193294
0.116698
0.024877
0.072378
0.023352
0.589774
0.170203
0.013887
0.086113
0.107039
0.807250
0.009046
0.999672
0.934831
0.295103
0.105136
0.000000
0.945805
0.019351
0.016065
0.073354
0.310874
0.998771
0.217308
0.824291
0.999967
0.088532
0.086157
0.092095
0.187194
0.145159
0.866120
0.997373
0.000000
0.064470
0.352191
0.048557
0.288126
0.155797
0.039737
0.012943
1.000000
0.373559
0.037315
1.000000
0.179328
0.012399
0.012506
0.015402
0.117174
0.038343
0.393900
0.644657
0.794577
0.051302
0.046166
0.038325
0.629060
0.061031
0.073965
0.156697
0.016783
0.041108
0.402981
0.000000
0.498079
0.379721
0.026952
0.062503
0.947941
0.000000
0.949967
0.198344
0.158152
0.051348
0.972006
0.302134
0.067341
0.030095
0.100016
0.000000
0.016440
0.010369
0.840095
0.012773
0.006225
0.002976
0.000000
0.503481
0.035478
0.051795
0.065194
0.447165
0.038546
0.023602
0.038594
0.206732
0.881042
0.083718
0.203620
0.005036
0.489457
0.196649
0.047595
0.032602
0.048815
0.989848
0.003879
0.093962
0.157126
0.041680
0.990414
0.991116
0.840452
0.947155
0.049792
0.106543
0.882642
0.063169
0.999993
0.010225
0.087709
0.595310
0.063421
0.054788
0.264685
0.175926
0.763099
0.000000
0.786237
0.836816
0.000000
0.002960
0.000000
0.119372
0.015992
0.024848
0.086088
0.096711
0.063788
0.029120
0.998437
0.935446
0.048726
0.387003
0.545389
0.715998
0.015174
0.212360
0.999018
1.000000
0.023717
0.339778
0.041603
0.303466
0.864972
0.424778
0.324606
0.000000
0.058169
0.002872
0.006288
0.021617
0.013776
0.999998
0.000000
0.279635
0.991506
1.000000
0.030647
0.994950
0.252267
0.671057
0.068420
0.588371
0.112648
0.048541
0.019111
0.000000
0.474938
0.084764
0.129675
0.004496
0.055836
0.750647
0.022928
0.890544
0.000000
0.028913
0.004877
0.020554
0.015304
0.049890
0.011049
0.015899
0.000000
0.012275
0.108151
0.000000
0.000000
0.006016
0.019420
0.949524
0.606320
0.000000
0.025145
0.017297
0.000000
1.000000
0.745412
0.213583
0.981562
0.977663
0.018657
0.999978
0.502285
0.016105
0.994166
0.018370
0.866954
0.028609
0.044463
0.052249
0.072460
0.103946
0.099939
0.917965
0.812383
0.015621
0.000000
0.103074
0.151957
0.067062
0.916060
0.121152
0.059573
0.954677
1.000000
1.000000
0.545560
0.008744
0.391483
0.017558
0.072860
0.007020
0.081963
0.028102
0.623114
0.068417
0.090057
0.048859
0.236907
0.029286
0.517518
0.021809
0.025738
0.000000
0.993431
0.996910
0.008582
0.803186
0.151255
0.913775
0.963208
0.000000
0.021096
0.133993
0.050180
0.013054
0.024412
0.000000
0.004080
0.971283
0.089833
0.050599
0.064914
0.335520
0.995495
0.386173
0.046273
0.972853
0.388635
0.024417
0.031490
0.973913
0.021154
0.191200
0.198546
0.065090
0.000000
0.022250
0.008365
0.018529
0.022268
0.018164
0.050900
0.000000
0.032426
0.347788
0.015219
0.015992
0.346590
0.546621
0.003081
0.928184
0.117082
0.052078
0.128817
0.598149
0.145893
0.850637
0.043740
0.000000
0.067710
1.000000
0.107082
0.000000
0.092696
0.093026
0.049305
0.058950
0.999906
0.154819
0.064214
0.000000
0.034853
0.655546
0.246890
1.000000
0.009677
0.963010
0.152390
0.011926
0.204388
0.150357
0.037512
0.000000
0.000000
0.018469
0.020520
0.904394
0.126124
0.121711
0.314553
0.004108
0.714387
0.065667
0.984844
0.265667
0.127536
0.103557
1.000000
0.433660
0.993471
0.051130
0.999999
0.962832
0.000000
0.677543
0.068118
0.007864
0.093361
0.254394
0.035432
1.000000
0.013418
0.004870
0.352924
0.046016
0.012840
0.000000
0.004241
0.328297
0.002802
0.045012
0.849522
0.358756
0.061215
0.216233
0.004108
0.036712
0.024280
0.315280
0.000000
0.012734
0.094065
0.000000
0.930291
0.723457
0.043471
0.030547
0.168420
0.999990
0.987737
0.000000
0.023554
0.042095
1.000000
0.117182
0.072076
0.009522
0.011672
0.024327
0.010852
0.054684
0.178575
0.095345
0.044726
0.313326
0.048758
0.940804
0.054104
0.065784
0.000000
0.172021
0.036875
0.070161
0.236703
0.091584
1.000000
0.003976
0.014964
0.057547
0.216265
0.069022
0.959175
0.398878
0.003647
0.007387
0.006321
0.989703
0.150022
0.014660
0.984085
0.095474
0.063868
0.000000
0.005963
0.031512
0.049529
0.852328
0.934648
0.017733
0.984728
0.051430
0.051178
0.999992
0.031119
0.168134
1.000000
0.855390
0.337107
0.914204
0.065292
0.815815
0.999074
0.030567
1.000000
0.000000
0.049852
0.053990
0.674454
0.313767
0.597136
0.024192
0.642285
0.998677
0.953056
0.099236
0.027541
0.159520
1.000000
0.000000
0.994354
0.035235
0.000000
0.936270
0.008519
0.011963
0.023894
