0.433880
0.962183
0.011663
1.000000
0.630026
0.445730
0.966589
0.868560
0.468868
0.023829
0.976129
0.884408
0.016845
0.000000
0.999881
0.246184
0.520297
0.093527
0.999525
0.844091
0.980803
0.000000
0.745860
0.832814
0.979892
0.937722
0.013568
0.226641
0.048372
0.057084
0.000000
0.000000
0.000000
0.999985
0.000000
0.000000
0.000000
0.477085
0.014748
0.850906
0.969292
0.999957
0.000000
0.949964
0.801814
0.976783
0.953155
0.058375
0.975024
0.172025
0.742559
0.010028
0.956331
0.858914
0.000000
0.458978
0.999987
0.490259
0.965962
0.912473
0.000000
0.903187
0.872100
0.000000
0.591716
0.206807
0.599563
0.000000
0.901268
0.814686
0.912854
0.803120
0.901313
0.994790
0.716784
0.462975
0.980806
0.786294
0.744948
0.988368
0.344471
0.942740
0.918373
0.752464
0.424499
0.826383
0.896741
0.689137
0.953964
0.173474
0.651357
0.777302
0.867459
1.000000
1.000000
0.926793
1.000000
0.013677
0.000000
1.000000
0.850391
0.675090
1.000000
0.803470
0.916063
1.000000
0.995799
0.758237
0.972247
0.998472
0.691557
0.083107
0.999707
0.000000
0.221784
1.000000
0.000000
0.340246
0.999987
0.977752
0.224920
0.967402
0.997982
0.165001
0.999955
0.000000
0.000000
0.995896
0.021648
0.999648
0.996940
0.207954
0.965826
1.000000
0.539232
0.926273
0.000000
0.994606
0.000000
0.004656
1.000000
1.000000
0.998774
0.000000
0.934531
0.000000
0.000000
0.935506
0.745170
0.937948
0.999934
0.016086
0.886382
0.273120
0.086322
0.945194
0.019472
0.000000
0.884917
0.999877
0.985255
0.770267
0.000000
0.996772
0.999569
0.427831
0.446085
0.000000
0.000000
0.998293
0.010880
0.231364
0.933373
0.979935
0.826383
0.094641
0.442216
0.076056
0.669504
0.613825
0.000000
1.000000
0.758225
1.000000
0.980340
0.999998
0.000922
0.786499
0.077934
0.984518
0.732900
0.927973
0.181896
0.963228
0.771580
0.977044
0.891512
0.363534
0.000000
0.991272
0.866500
0.606186
0.000000
0.952896
0.999958
0.171098
0.390923
0.972409
0.999955
0.000000
0.000000
0.886560
0.000000
0.943866
0.660823
0.153785
0.991058
0.961920
0.998225
0.019571
0.999996
0.865842
1.000000
0.999851
0.732846
0.233593
0.000000
0.687142
0.099901
0.970025
0.278525
1.000000
0.946784
0.974853
0.956246
0.006884
0.393742
0.817493
0.955260
0.943879
1.000000
0.000000
0.999932
0.994223
0.132129
0.625893
0.000000
0.577489
0.987422
0.650787
0.999947
0.999931
0.174417
0.000000
0.856218
0.599190
0.976325
0.036775
0.945676
0.032110
0.810091
0.917673
0.872968
0.995726
1.000000
0.697990
0.000000
0.795625
0.537455
0.929349
0.648864
0.991360
0.000000
1.000000
0.999999
0.869309
1.000000
0.038942
0.999998
0.512664
0.000000
0.840375
0.000990
0.099954
0.469093
1.000000
0.998210
0.000000
0.470599
0.969342
0.352846
0.000000
0.998929
0.000000
0.931559
0.995593
0.929437
0.947772
0.934185
0.021839
0.910143
0.958078
0.875978
0.899707
0.975992
0.129068
0.972312
0.645356
0.024757
0.998523
0.408621
0.607828
0.999998
0.002453
0.998964
0.514771
0.733039
0.000718
0.790998
0.010221
0.998822
0.000000
0.877761
0.000000
0.088056
0.600591
0.000000
0.000000
0.999245
0.997780
0.182209
0.462330
0.718348
0.713001
0.964079
0.000000
0.821341
0.999628
0.000000
0.934952
0.000000
0.998035
1.000000
1.000000
0.626050
0.906865
0.991806
0.000000
0.000000
0.866956
1.000000
0.823439
0.374982
0.000000
0.795515
0.097497
0.745599
0.056212
0.559629
0.954984
0.056092
0.928145
0.999906
0.954368
0.830833
0.094566
0.922898
0.860020
0.000000
0.000000
0.000000
0.503494
0.392359
0.000000
0.970858
0.022751
0.111882
0.938250
0.810498
0.000000
0.008648
0.000000
0.689014
0.945530
0.000000
0.147343
0.177601
0.921185
0.776182
0.691001
0.978320
0.935205
0.998340
0.728829
0.846640
0.314459
0.996116
0.983412
0.000000
1.000000
0.999998
0.992732
0.999972
0.000000
0.904363
0.613849
0.867814
0.284893
0.969278
0.152918
0.719690
0.904667
0.859491
0.805180
0.999851
0.941093
0.737329
0.997793
1.000000
0.932296
0.000000
0.227044
0.503494
0.822674
0.995378
0.999665
0.733964
0.000000
1.000000
0.999230
0.993804
0.999986
0.977552
0.414744
0.082238
0.983455
0.825564
0.970910
0.986556
0.987143
0.745208
0.912119
0.971615
0.306013
0.378439
0.860691
0.651560
0.079124
0.998700
0.989400
0.993205
0.837471
0.773852
0.769101
0.940563
0.957268
0.447232
1.000000
0.968821
0.009201
0.972396
0.731618
0.997651
0.947559
0.000000
1.000000
0.908927
0.939479
0.879191
0.988266
0.715930
0.000000
0.999877
0.006564
0.640261
0.965486
0.999053
0.952725
0.236721
0.525971
0.699773
0.550705
0.999927
1.000000
0.987123
0.000000
0.895428
0.897752
0.821633
0.176796
0.219310
0.859940
0.988941
0.000000
0.404183
0.149233
0.753131
0.952113
0.967465
0.000000
0.879790
0.748730
0.854531
0.978295
0.958215
0.999991
0.968688
0.636052
0.926502
0.927478
0.998471
0.716647
0.719690
0.576422
0.875071
0.968261
0.777445
0.000000
0.661761
0.963261
0.567814
0.958718
0.940122
0.779677
0.390420
0.984361
0.892065
0.967676
0.786373
0.984407
0.795705
0.999989
0.489435
0.000000
0.000000
0.999585
0.848690
0.999787
0.749984
0.956136
0.000000
0.608388
1.000000
1.000000
0.000000
0.000000
0.864133
1.000000
0.000000
0.928442
0.174385
0.000000
0.999983
0.053567
0.867741
0.161996
0.737645
0.998461
0.431506
0.899689
0.760149
0.984162
0.999882
0.952963
0.000000
0.959470
0.000000
0.034800
0.945171
0.977832
0.997651
0.055720
0.980008
0.899365
0.000000
0.419768
0.765930
0.998906
0.861074
0.000000
0.000000
0.997968
0.994049
0.841293
0.570705
0.035989
0.997043
0.000000
0.947181
0.365924
0.995989
0.603345
0.000000
0.894555
0.000000
0.952513
0.994171
0.509484
1.000000
0.000000
0.330751
0.105625
0.863477
0.023945
0.999971
0.360782
0.950213
0.999967
0.770535
0.976172
0.157499
0.804413
0.832205
0.943887
0.981569
0.897381
0.837893
0.095411
0.618738
0.986941
0.681430
0.999428
0.441703
0.030213
1.000000
0.815605
0.990631
0.842424
0.083396
0.992370
0.426421
0.000000
0.682941
0.584918
0.728408
1.000000
0.728743
0.957714
0.000000
0.876019
1.000000
0.710570
0.590776
0.524269
0.000000
0.894903
1.000000
1.000000
0.000000
0.000000
0.674313
0.963177
1.000000
1.000000
0.997487
0.821085
0.998167
0.000000
0.377029
0.091751
0.882395
0.674896
0.999826
0.021521
0.000000
1.000000
0.980769
0.564781
0.993611
0.894755
0.916039
0.007570
0.796982
0.517008
0.819274
0.587904
0.889076
0.000000
0.341890
0.571053
0.000000
0.945719
0.843040
0.998872
1.000000
0.612394
0.000000
0.871337
0.147412
0.658326
0.369435
0.000000
0.000691
0.999163
1.000000
0.486485
0.864511
0.854152
0.809713
0.638510
0.092172
0.387117
0.000000
0.816302
0.995579
0.952101
1.000000
1.000000
0.898836
0.995279
0.000000
0.001039
0.002421
0.642925
0.001226
0.000042
0.523055
0.966706
0.953289
0.996161
0.837256
0.999921
0.000000
0.991996
0.000000
0.998850
0.995340
0.000658
0.377229
0.748507
0.898736
0.819009
0.444831
0.992241
0.999957
0.967577
0.003172
0.171098
0.931299
0.000000
0.936943
0.999813
0.052846
0.777345
1.000000
0.219399
0.038201
0.987612
0.896270
0.786308
0.219738
0.949766
0.980327
1.000000
0.926302
0.994242
0.381688
0.394089
1.000000
0.681061
0.940570
0.778097
0.999994
0.748614
0.403424
0.089659
0.248296
0.000000
0.000000
0.252179
0.992785
0.923482
0.000000
1.000000
0.309852
0.539350
0.146220
0.037262
0.411566
0.569540
0.007083
0.003338
0.061758
0.997651
0.995327
0.999999
0.981754
0.019779
0.923165
0.996034
0.764572
0.061002
0.431671
0.914068
0.863163
0.998440
0.948886
0.000000
1.000000
0.000083
0.949405
0.154070
0.715300
0.651498
0.999429
0.000000
0.741335
0.973384
0.310668
0.961792
0.999988
0.000086
0.826383
0.960491
0.342316
0.000000
0.938609
0.999989
0.755839
0.540133
0.073989
0.887512
0.745733
0.333712
0.810308
0.000000
0.000000
0.529941
0.000000
0.000000
0.999066
0.976541
0.812749
0.000000
0.943582
0.976095
0.978242
0.128688
0.998576
0.876911
0.000340
0.000601
0.975532
0.000000
0.980191
0.042800
0.847770
0.950213
0.999999
1.000000
0.656528
1.000000
0.965020
0.048511
0.992936
0.000000
0.995188
0.943496
0.930038
0.943889
0.000000
0.147487
0.872082
0.000000
1.000000
0.999241
0.999863
0.939958
0.882450
0.762674
0.862154
0.000000
0.072474
0.970199
0.000000
0.149609
0.023865
1.000000
0.906267
0.989542
1.000000
0.000000
0.998840
0.508605
0.000000
0.911014
1.000000
0.987118
0.139316
0.013616
0.898835
0.970536
0.919935
0.999999
0.976948
0.229388
0.993674
0.589218
0.657871
0.000000
0.664777
0.518267
0.128761
0.000000
0.912161
0.989748
0.000000
0.694982
0.995623
0.999994
0.998882
0.494179
1.000000
0.981864
0.948694
0.872025
1.000000
0.154445
0.998814
0.849695
0.005956
0.900563
0.988138
0.972543
0.695437
1.000000
0.599566
0.013975
0.000000
0.981070
0.998983
0.596370
0.000000
0.220297
0.884826
0.955847
0.000000
0.999627
0.999772
0.905592
0.598779
0.158196
0.000000
0.999877
0.051674
0.224492
0.674082
0.217724
1.000000
0.598753
0.000000
0.998935
0.015095
0.186609
0.974156
0.903246
0.000000
0.155181
0.185030
0.993860
0.999368
0.999996
0.757141
0.768578
0.232988
0.576809
0.999766
0.906293
0.492970
0.696246
1.000000
0.256695
0.597183
0.796869
0.959674
0.999992
0.038336
0.969186
0.142092
0.999957
1.000000
0.987269
0.930792
0.213712
0.985156
0.010111
0.896146
0.594655
0.806453
0.881793
0.969005
0.128880
0.000000
0.997568
0.555779
0.000000
0.444998
0.999997
0.729707
0.730351
0.523601
0.646409
0.000000
0.425605
0.178140
0.000243
0.988713
0.999977
0.913947
1.000000
0.910145
0.523078
1.000000
0.959723
0.543445
0.000000
0.000000
0.703752
0.999935
0.013531
0.946650
0.944632
1.000000
0.594088
0.967099
0.438293
0.889365
0.551006
0.763573
0.798255
0.969747
0.692113
0.999798
0.000000
0.985441
0.000000
0.982041
0.999811
0.798295
0.000000
0.997703
0.000000
0.815619
0.889055
0.902546
0.000000
0.903281
0.890611
0.999872
0.000000
0.102624
0.856823
0.862365
0.053206
1.000000
0.944152
0.994198
0.046609
0.496201
0.943207
0.755997
0.044667
0.998641
0.334875
0.836296
0.979157
0.093093
0.522627
0.000000
0.976140
0.136837
0.958067
0.861513
0.674362
0.893264
0.002329
0.305315
0.997789
0.922289
0.000619
0.999925
0.932131
0.000000
0.000015
0.532737
0.000000
1.000000
1.000000
0.000000
0.978743
0.005746
0.913826
0.866577
0.455753
0.095494
1.000000
0.643500
0.000000
0.000000
0.982096
0.000000
0.313043
0.999955
0.837647
0.904546
0.828514
0.908335
0.886554
0.997690
0.998707
0.989125
0.274596
0.997362
0.000000
0.966556
0.806620
0.887203
0.920217
0.618152
0.997608
0.998292
0.661219
0.298451
0.825939
0.483902
0.000000
0.001034
0.999578
0.993124
0.996107
0.850084
0.571206
0.027386
0.859184
0.762825
0.039060
0.826079
0.924584
0.919677
0.719139
0.999397
0.997317
0.987219
0.845226
0.991839
0.999890
0.827922
0.980796
0.474455
0.988669
0.998167
0.489061
0.285645
0.968688
0.987102
0.913816
0.612125
0.000000
0.000000
0.001108
0.002082
0.873021
0.274666
0.792979
0.560629
0.974855
1.000000
0.828479
0.956228
0.966399
0.520567
0.765899
0.670183
0.000000
0.968261
0.000000
0.916835
0.999769
0.905806
0.763239
0.000000
0.411776
0.000000
0.859033
1.000000
0.999098
0.485029
0.822704
0.000000
0.997442
0.993262
0.903537
1.000000
0.000000
0.000000
0.926895
0.999955
0.988954
0.624162
0.660480
0.887197
0.807387
0.999974
1.000000
0.995465
0.000000
0.624614
0.008957
0.978683
0.000000
0.925864
0.000036
0.102802
0.984019
0.954929
0.967046
0.000000
0.960328
0.000000
0.930560
0.004946
0.998847
0.123788
0.961872
0.745269
0.416143
0.195497
0.024572
0.000000
0.477922
0.779356
1.000000
0.000000
0.046804
0.375114
0.942548
0.864062
0.999779
0.934669
0.472886
0.975060
0.942032
0.999993
1.000000
0.992939
1.000000
0.846451
0.989577
0.680184
0.696289
0.848398
0.999996
0.000000
0.938504
0.997456
1.000000
0.006598
0.945062
0.000000
0.837816
0.785181
0.945356
0.976910
0.695078
0.986991
0.072017
0.388491
0.990398
0.974493
0.888955
0.055705
0.637529
0.000000
0.152910
0.957682
0.000000
0.998659
0.999978
0.000004
0.000000
0.484455
0.999997
0.807523
0.988613
0.180520
0.000000
1.000000
0.993297
0.999413
0.996703
0.992479
1.000000
0.011988
0.987011
0.050641
0.000000
0.490217
0.000000
0.658502
0.013184
1.000000
0.985313
0.999378
0.999996
1.000000
0.000000
0.538159
0.007855
0.000000
0.886940
1.000000
0.000000
0.978424
0.962561
0.971812
1.000000
0.962426
0.000008
0.891995
0.998552
0.696459
0.928035
0.627212
0.999801
0.638111
0.887836
0.881252
0.278215
0.959453
0.857970
0.047253
0.946457
0.724951
0.000000
1.000000
0.831929
0.670624
0.939479
0.764577
0.999985
0.000000
0.000000
0.432777
1.000000
0.999996
0.000000
0.856823
0.544417
0.579262
0.617555
0.801423
0.999813
0.972987
0.752489
0.000512
0.142653
0.999589
0.000000
0.034926
0.997876
0.870275
0.597635
0.997949
0.978277
0.817194
0.748647
0.999970
0.606989
0.116676
0.000000
0.000000
0.490026
1.000000
0.000000
0.994455
0.418849
0.954787
0.730881
0.969548
0.967777
0.895447
0.999270
0.520714
0.999999
0.084574
0.994107
0.000320
0.806446
0.227031
0.973103
0.924337
0.999932
0.999995
0.517898
0.057998
0.919708
1.000000
0.820333
0.541090
0.000000
0.996913
0.999634
0.056644
0.205945
0.000000
0.952897
0.000523
0.569739
0.950679
0.999531
0.011995
1.000000
0.134979
0.000000
0.996929
0.880057
0.000000
0.006855
0.080979
0.000000
0.999938
0.394152
0.999855
0.000000
0.738889
0.997327
0.826446
0.822404
0.452270
0.229142
0.000000
0.992956
0.911181
0.992627
0.000000
0.793889
0.020443
0.999989
0.997717
0.000000
0.000000
1.000000
0.998664
0.000000
0.089773
0.000000
1.000000
0.142631
0.491075
0.999996
0.916834
0.128836
0.952778
0.689326
0.999555
0.414108
0.999977
0.042615
0.149025
0.713245
0.929810
0.419737
0.609712
0.000000
0.999997
0.915743
0.000000
0.999957
0.000000
0.946515
1.000000
0.433609
0.986140
0.853053
0.999889
0.991862
0.724311
0.920328
0.985239
0.000000
0.929437
0.763079
0.773906
0.000000
0.989336
0.883242
0.000000
0.960286
0.999653
0.945583
0.004568
0.001531
0.000000
0.000000
0.997956
1.000000
0.649482
0.975225
0.953761
0.991781
0.997065
0.887484
0.865662
0.912349
0.088560
0.869315
0.972793
0.487698
0.866340
0.389208
0.000952
0.942654
0.548336
0.999872
0.579562
0.999892
0.000000
0.651895
0.612082
0.000000
0.811869
0.389025
0.729577
0.881544
0.976376
1.000000
0.055461
0.655669
0.000000
1.000000
0.000000
0.004357
0.007855
0.897354
0.067481
0.984424
0.978335
0.000000
0.771528
0.000287
0.996538
0.999999
0.726396
0.000000
0.000000
0.439681
0.999726
0.811054
0.956937
0.949059
0.998982
0.000000
0.940637
0.977898
0.860348
0.020882
0.000000
0.204833
0.895662
0.820343
0.000000
1.000000
0.000000
0.022067
0.000000
0.010639
0.942869
0.000000
1.000000
0.774112
0.000000
0.992337
0.996395
0.955827
0.997841
0.373089
0.837808
0.755813
0.999813
0.997829
1.000000
0.995572
1.000000
0.876181
0.925046
0.815336
0.444667
1.000000
0.992912
0.972691
1.000000
0.000004
0.000000
0.000000
0.903677
0.921508
0.897400
0.000000
0.755026
0.000000
0.845685
0.851519
0.916977
0.997181
0.365495
0.854531
0.922987
0.999677
0.058855
0.000000
0.535059
0.000000
0.718976
0.610381
0.969011
0.712245
1.000000
0.511605
0.907847
0.862801
0.887460
0.999678
0.998225
0.999850
1.000000
0.924845
0.473449
0.999596
0.964241
0.999728
0.264168
0.857952
1.000000
0.966190
0.016631
0.995792
0.996817
0.994406
0.695096
0.887836
0.700119
0.000000
0.528778
0.296531
0.000000
0.023815
0.439941
0.266400
1.000000
0.947688
0.987322
0.978316
0.987845
0.061855
0.000000
0.837408
0.998673
0.990830
0.718318
0.976903
0.777866
0.380194
0.132608
0.442611
0.977719
0.773808
0.989931
0.978562
0.000000
0.392479
0.946348
0.017627
0.937259
0.697729
0.000000
0.993588
0.045283
1.000000
0.000000
0.999960
0.698850
0.669249
0.999201
0.777988
0.989605
0.049712
0.000000
0.968660
0.000000
0.986549
0.000000
0.000000
0.967145
0.893370
0.001343
0.000000
0.939740
0.968111
0.909223
0.778099
0.788832
0.000000
0.949765
0.963226
1.000000
0.000000
0.883983
0.007698
0.999230
0.999353
0.801078
0.214365
0.831426
0.005856
0.553046
0.000000
0.969460
0.276291
0.000000
0.334827
0.987800
1.000000
0.227424
0.000000
0.843628
0.971107
1.000000
0.901132
0.004177
0.999156
0.000000
0.437390
0.006874
0.359666
0.952180
0.022713
0.937489
0.270867
0.973410
0.947274
0.846248
0.907772
0.183540
0.903587
0.000000
0.373292
0.142915
0.706064
0.016631
0.820660
0.452179
0.441510
0.049705
0.974253
0.320909
0.136392
0.000003
0.990989
0.161998
0.962972
0.556141
0.013265
0.946266
0.999198
1.000000
0.181784
0.936832
0.921412
0.922524
0.974202
0.730160
0.485282
0.704338
0.094219
0.000000
0.764592
0.204278
0.783672
0.526683
0.000000
1.000000
0.061286
0.000000
0.919222
0.087017
0.988889
0.994664
0.726668
0.880905
0.354478
0.819291
0.414511
1.000000
0.898608
0.999822
0.902463
0.372362
0.786771
0.646864
0.000000
0.999755
0.979987
0.983600
0.843755
0.986319
0.000000
0.819824
0.994406
0.687973
0.000000
0.784429
0.635043
0.042969
0.020104
0.966407
0.000000
0.959684
0.615571
0.864526
0.999687
0.024780
0.967582
0.998497
0.074592
0.827827
0.261106
0.929026
0.631768
0.998792
0.999843
0.853325
1.000000
1.000000
0.998536
0.750148
0.752471
0.999903
0.000000
0.809408
1.000000
0.014273
0.777678
0.000000
0.000000
0.845257
0.999979
0.359202
0.807284
0.043659
0.983517
0.912314
0.000000
0.999986
0.000000
0.750007
0.956240
0.898817
0.007519
0.992278
0.993950
0.000231
0.307100
0.703381
0.926488
0.015051
0.997205
0.999855
0.000000
0.002105
0.950029
0.116453
0.923071
0.678923
0.600897
0.991272
0.619946
0.981255
0.867823
0.000000
0.968280
0.860866
0.714205
1.000000
0.981358
0.626764
0.538076
0.995218
0.561274
0.000000
0.000000
0.000000
0.737189
0.951675
0.169055
0.998643
0.993693
0.832095
1.000000
0.000000
0.931476
0.999380
0.962733
0.000000
0.988993
0.516253
0.944931
0.945676
0.822593
0.049690
0.947095
0.623998
0.000000
0.788076
0.882914
0.922214
0.995278
0.999590
0.866708
0.000000
1.000000
0.000000
0.913717
0.995083
0.855682
0.004450
0.063253
0.995391
0.999994
0.970071
0.893070
0.999999
0.000000
0.600169
0.926166
0.556611
0.004499
0.000000
0.994299
0.240073
0.064377
0.321164
0.997226
0.759607
1.000000
0.904274
0.000000
0.999997
0.632048
0.149885
0.619118
0.313879
0.999166
0.967402
1.000000
0.555156
1.000000
0.905301
0.000000
0.927861
0.999991
0.000339
0.990789
0.819985
0.952535
0.686326
0.814487
0.953544
0.997476
0.955880
0.000000
0.322153
0.895333
0.000000
0.999653
0.182395
0.997253
0.999997
0.838552
0.338745
0.999998
0.973656
0.998362
0.940685
0.972848
0.165107
0.981920
0.996161
0.443882
0.000000
0.676537
0.995089
0.120170
0.000000
0.959899
0.021207
1.000000
0.242736
0.712891
0.590935
0.000000
0.000004
1.000000
0.229314
0.000000
0.000000
0.352301
0.845313
0.984607
0.729484
0.999992
0.620492
0.845828
0.000000
0.963292
0.218202
0.998423
0.006067
0.000000
0.990999
0.851098
0.000000
0.052998
1.000000
0.946396
0.814453
0.864011
0.024471
0.630926
0.997141
0.556983
0.845542
0.816874
0.993464
0.416371
0.999048
0.999474
0.000000
1.000000
0.000000
0.500667
1.000000
0.155770
0.222526
0.653898
0.029238
0.996889
0.910143
0.964915
0.984078
0.959069
0.000000
0.350336
1.000000
0.000000
0.835568
0.489172
0.000000
0.000000
0.004585
0.873465
0.645860
1.000000
0.792809
0.000068
0.821251
0.976426
0.987835
1.000000
0.999665
0.095715
0.928372
0.995397
0.997275
0.747648
0.995006
0.833007
0.927145
0.000000
0.994493
0.999801
0.000000
0.999991
0.923686
0.000000
0.000000
0.993384
0.999584
0.846945
0.797336
0.727763
0.998456
0.000852
0.567325
0.711521
0.000000
0.812645
0.851294
0.963674
0.000000
0.859501
0.000000
0.870400
0.063493
0.096882
1.000000
0.028405
0.928951
0.000000
0.853025
0.981687
0.414121
0.007517
0.801120
0.930448
0.321230
0.000000
0.574563
0.980411
1.000000
1.000000
0.866105
0.000000
0.000000
0.000000
0.000000
0.000000
0.878476
0.998345
0.000000
0.928839
0.997910
0.970646
0.534984
0.997032
0.500426
0.809035
0.991097
1.000000
0.000000
0.393634
1.000000
0.999898
0.000000
0.971750
0.980069
0.999204
1.000000
1.000000
0.866303
0.965594
0.352914
1.000000
0.079261
1.000000
1.000000
0.949129
0.910052
0.985914
0.301957
0.057802
0.818574
0.421339
0.000000
0.725825
0.400163
0.853859
0.985964
0.999683
0.995676
0.968476
0.957672
0.602310
0.061831
0.201162
0.000000
0.981582
0.110390
0.323493
1.000000
0.000000
0.930220
0.996984
0.918270
0.924763
0.764354
0.960289
0.790340
0.856665
0.000056
0.250681
0.343751
0.638023
0.000000
0.960148
0.000000
0.551272
0.999974
0.948437
0.999934
0.970654
0.642819
0.979275
0.021169
0.019435
0.004629
0.998809
0.909305
0.991744
0.000000
0.528269
0.708756
0.000000
1.000000
0.000000
0.999644
0.000000
0.999431
0.927026
0.853432
0.996148
0.000000
0.931504
0.019799
0.055030
0.858245
0.740070
0.636342
0.000273
0.950061
0.140544
0.000000
0.810155
0.730121
0.780156
0.347614
0.958013
0.000000
0.414180
0.541599
0.000000
0.845995
0.909521
0.999293
0.248757
0.999998
0.578872
0.919077
0.882914
0.397377
0.672148
0.000000
0.035553
0.047028
0.971905
0.000000
0.155520
0.996891
0.965944
0.661564
0.999820
0.141094
0.978298
0.000000
0.000000
0.532811
0.770144
0.769389
0.957087
0.308156
0.147139
0.628278
0.000000
0.014151
0.985127
1.000000
0.130282
0.759607
0.989337
0.155111
0.469144
0.946925
0.000018
0.970046
0.987101
0.000000
0.080019
0.802343
0.276876
0.729989
0.995104
0.999995
0.907964
0.988921
0.145234
0.247945
0.785199
0.521206
0.960622
0.664042
0.181623
0.947504
0.000000
0.296324
0.958149
0.826400
0.552923
0.979607
0.983775
0.881163
0.007057
0.000000
0.022713
0.841632
0.993853
0.989556
0.421135
0.090243
0.745259
0.920691
0.427545
0.493038
0.998109
0.500661
0.879348
0.000000
0.375114
0.460158
0.986942
0.999727
0.999367
0.011731
0.932565
0.368741
0.992423
0.000000
0.092460
0.894609
0.537688
1.000000
0.995104
0.018877
0.998267
0.999709
0.556330
0.000000
0.873414
0.655116
0.000000
0.950687
0.908964
0.991375
0.838161
1.000000
0.992409
1.000000
0.902196
0.000000
0.993217
0.071605
0.998705
0.035026
0.000000
0.997019
0.990960
0.935850
0.544487
0.999981
0.000000
0.660766
0.939170
0.077198
0.997900
0.999999
0.818984
0.992466
0.000000
0.857060
0.004035
0.000000
0.136943
0.463729
0.997717
0.572108
0.876785
0.769646
0.594592
0.996399
0.410461
0.999990
0.639495
0.868137
0.004565
0.000000
0.122126
0.732292
0.953663
0.750916
0.862807
0.687802
0.024924
0.998964
0.224686
0.000000
0.003240
0.269336
0.508041
0.996905
0.761041
0.057879
0.909995
0.961697
0.000000
0.432117
0.001486
0.839957
0.000000
0.000000
0.999999
0.994236
0.000000
0.721955
0.940506
0.151780
0.976291
0.000000
0.330152
0.469988
1.000000
0.669647
0.615746
0.796127
0.310846
0.987871
0.198596
0.575736
0.988825
0.952270
0.161602
0.000000
0.958578
0.521583
0.811704
0.943866
0.570528
0.998740
0.000000
0.369859
0.952428
0.966808
0.564686
0.000000
0.596370
0.839064
0.000000
0.168861
0.539440
0.000000
0.794335
0.690175
0.981682
0.711063
0.996016
0.926953
0.000000
0.919279
0.680300
0.261835
0.912710
0.001546
1.000000
0.785721
0.000000
0.937053
0.723960
0.968867
0.995396
0.376374
0.000000
0.905101
0.635247
0.070274
0.978934
0.342950
0.231336
0.923302
0.030565
0.872025
0.000000
0.000000
0.979504
0.807609
0.016627
0.953411
0.999972
0.335374
0.285527
0.000000
0.000000
0.992506
1.000000
0.104438
0.999947
0.981616
0.999287
0.610578
0.820819
0.913155
0.998875
0.598816
0.999972
0.141787
0.000000
0.985485
0.403669
0.000000
0.727488
0.985502
0.937446
0.999932
0.993046
0.999810
0.844193
0.015817
0.018862
0.000000
0.000000
0.000000
0.999835
0.000000
0.984462
0.026098
0.907032
0.000000
0.000000
0.986478
0.976776
0.007783
0.662062
0.000000
0.999693
0.019262
0.980978
0.762223
0.975250
0.896327
0.969438
0.855278
0.985858
0.999872
0.003766
0.942963
0.998510
0.307768
0.972734
0.768386
0.996212
0.000000
0.937564
0.999142
0.960626
0.485777
0.145768
0.970880
0.921317
0.999994
1.000000
0.817322
0.778760
0.999877
1.000000
0.079526
0.768330
0.293169
0.885890
0.000000
0.633096
0.999275
0.744733
0.768506
0.918616
0.300516
0.011393
0.999154
0.958822
0.813302
0.914995
0.990661
0.000000
0.999856
0.585268
0.680244
0.999961
0.225889
0.991360
0.930249
0.984401
0.802085
0.999528
0.861928
0.991126
0.426080
0.873586
0.989891
0.999902
0.997247
0.069192
0.999940
0.969604
0.673830
0.945957
0.998622
0.932259
0.987078
1.000000
0.999998
0.942548
0.945052
0.989775
0.827328
0.276587
0.357903
0.000653
0.000000
0.997231
0.977169
0.000000
0.000000
0.000000
0.997003
0.999987
0.774035
0.911690
0.966389
0.940789
0.403713
0.961891
0.810336
0.846354
0.964579
0.991479
0.418628
0.721500
0.000000
1.000000
1.000000
0.992190
0.000000
0.928567
0.856519
0.577637
0.571320
0.047156
0.000000
0.665226
0.027525
0.048947
0.008240
0.036316
0.010528
0.994915
0.000000
0.000000
0.974226
0.961449
0.000000
0.417897
0.707448
0.986423
0.239874
0.007897
0.538188
0.996942
0.999999
0.545575
0.999997
0.988849
0.987895
0.529228
0.826446
1.000000
0.834120
0.571901
0.132502
0.999994
0.823742
0.929066
0.708542
0.998468
0.221100
0.878403
0.000000
0.931938
0.980569
0.994371
0.000000
0.000000
0.061253
0.000000
1.000000
0.000000
0.586093
0.820158
0.560388
0.000000
0.000000
0.061799
0.449611
0.970880
0.704597
0.940735
0.000000
0.963380
0.954273
0.231413
0.000000
0.983609
0.000000
0.305007
0.979331
0.522021
1.000000
0.003327
0.939024
0.996565
0.993329
0.000026
0.950569
0.000000
0.572549
0.000000
0.987251
0.701234
0.897200
0.999895
0.780221
0.737665
0.975782
0.000000
0.565865
0.000000
0.000086
1.000000
0.898695
0.737351
0.478791
0.998295
0.000000
0.019850
0.501236
0.966907
0.787435
0.231486
0.999993
0.876998
0.959179
0.999983
0.019344
0.817900
0.040335
0.000000
0.623806
0.000000
0.815772
0.957940
0.456651
0.000000
0.000000
0.999502
0.956368
0.999999
0.920459
0.111336
0.928135
0.438718
0.061086
0.506130
1.000000
0.139659
0.512435
0.999362
0.800170
0.000000
0.012995
0.000000
0.618406
0.999249
0.999957
0.061186
0.314906
0.149359
0.012148
0.986975
0.765439
0.483082
0.000000
0.000000
1.000000
0.954081
0.851588
0.670677
0.983609
1.000000
0.000185
0.941845
0.456161
0.979342
0.995103
0.000000
1.000000
0.845445
0.949153
0.000000
0.348530
0.000000
0.000000
0.802718
0.000000
0.000076
0.312653
0.566534
0.003098
1.000000
0.000000
0.421027
0.853610
0.970390
0.000000
0.880925
0.963996
0.729978
0.938870
0.000000
0.894065
0.998679
0.981654
0.223943
0.965260
0.000000
0.851465
1.000000
0.838599
0.000000
0.000000
0.498550
0.996707
0.900281
0.999999
0.995564
0.962541
0.000000
0.000002
0.001807
0.435515
0.000000
0.878768
0.905581
0.792979
1.000000
0.007605
0.715122
0.000272
0.581023
0.974686
0.392209
1.000000
0.569890
0.938740
0.234221
0.370193
0.000000
0.662596
0.971626
0.004356
0.999954
0.035190
0.000000
0.852543
0.405327
0.796713
0.951806
1.000000
0.835638
1.000000
0.735843
0.997921
0.679567
0.044925
1.000000
0.826372
0.012393
0.981141
0.329864
0.871995
0.996070
0.918347
0.132218
0.821650
0.000000
0.954764
0.984970
0.996870
0.999495
0.000000
1.000000
0.992045
0.960966
0.968264
0.665553
0.904645
0.999967
0.877108
0.999612
0.978378
1.000000
0.016662
0.999695
0.644839
0.999917
0.793464
1.000000
0.004548
0.904055
0.800738
0.816812
0.801120
0.000000
0.994822
0.768819
0.000000
0.913841
0.997253
0.964183
0.000000
0.349569
0.068483
0.999996
0.516961
0.000000
0.959182
0.000000
0.555307
0.518160
0.899707
0.000000
0.000000
0.773929
0.916213
0.742190
0.699566
0.477973
0.998960
0.000000
0.952180
0.060849
0.993815
0.020564
0.000000
0.816372
0.826459
0.996170
0.999990
0.096164
0.954271
0.983798
0.999838
0.000000
0.971246
0.892154
0.957695
0.899742
0.113574
0.997637
0.999714
0.982404
0.000000
0.000000
0.612267
0.999889
0.732623
0.665308
0.175834
0.996149
0.864759
0.993400
0.000000
0.922922
0.728398
0.992730
0.822685
0.995021
0.995634
0.000000
0.937775
0.000000
0.887764
0.148212
0.937842
0.996186
0.758225
0.997944
0.380943
0.986092
0.219122
0.000000
1.000000
0.980196
0.000000
0.831002
0.836158
0.000615
0.235664
0.765823
0.699180
0.999837
0.286398
0.999449
0.348030
0.127757
0.860193
0.000000
0.000000
0.764600
0.830864
0.081684
0.960824
0.944647
0.000000
0.422849
0.000000
0.000000
0.922335
0.855358
0.986503
0.940153
1.000000
0.966353
0.706020
0.998274
0.874154
0.744704
0.893070
0.961586
0.264912
0.944490
0.599907
0.408326
0.797238
0.873414
0.441510
0.999810
0.958880
0.855946
0.701698
0.981358
0.221205
0.992170
0.959689
0.949081
0.986485
0.997614
1.000000
0.686872
0.337150
0.117935
0.000000
0.998908
0.949034
0.001761
0.972037
0.793464
0.819253
0.998362
0.917427
0.842271
0.163282
0.094770
0.792973
0.999992
1.000000
0.003787
0.809563
0.056918
0.063422
0.820769
1.000000
0.946755
0.457316
0.665360
0.000826
0.998440
0.631724
0.985356
0.000007
0.973901
0.111965
0.727616
0.730034
0.518267
0.474313
0.999946
0.620937
0.999008
1.000000
0.712954
0.993920
0.995781
0.293996
0.000000
0.117491
0.970678
0.998572
0.974247
0.553914
0.518865
1.000000
0.981508
0.845038
0.168455
0.822359
0.918372
0.994419
0.000000
0.000000
0.000000
0.150901
0.977439
1.000000
0.025661
0.686519
0.777782
0.990224
0.999469
0.998797
0.938172
0.000000
0.245422
0.399370
0.999992
0.987894
0.000000
0.000000
0.999876
0.968380
0.000000
0.668096
0.910308
0.971813
0.616414
0.332046
0.381880
0.000000
0.904455
0.000000
0.999990
0.990800
0.999998
0.999949
0.000000
0.999993
0.606091
0.930316
0.000000
0.997903
0.999414
0.771766
0.998251
0.983861
0.048206
0.929123
0.888488
0.984245
0.853056
0.296478
0.329495
0.991427
1.000000
0.999163
0.741066
0.999589
0.267263
0.132671
0.064132
0.815480
0.948350
0.946390
0.000000
0.999765
0.982370
0.054487
0.389763
0.817322
0.000000
0.962284
0.813307
1.000000
0.496897
0.370516
0.000000
0.701260
0.999112
0.689746
1.000000
0.976128
0.998793
0.000000
0.898396
0.000000
0.841245
0.000000
0.967100
0.000000
0.786571
0.999673
0.032560
1.000000
0.000000
0.000000
0.992220
0.000000
0.000000
0.852807
0.851533
0.912528
0.562863
0.811657
0.000000
0.786989
0.101803
0.809109
0.865660
0.878439
0.000000
0.355174
0.730441
0.951550
0.187020
0.066355
0.322148
1.000000
0.985835
0.918048
0.971540
0.992337
0.000000
0.399866
0.976140
0.000000
0.972921
0.387298
0.998673
0.999953
0.879964
0.846658
0.055366
1.000000
1.000000
0.925586
1.000000
0.687984
0.000000
0.326823
0.906538
0.829352
0.000000
0.777212
0.565171
0.999963
0.000000
0.000000
0.074798
0.999987
0.586303
1.000000
0.994181
0.999125
0.984945
0.879565
0.000418
0.000000
0.404960
0.452213
0.000000
0.998656
0.001423
0.999955
0.221107
0.040976
0.000000
1.000000
0.833966
0.891417
1.000000
0.055960
0.764405
0.986660
0.783150
0.337764
0.079712
0.296179
0.994526
0.932847
0.975821
0.744130
0.958975
0.986162
0.464640
0.571530
0.999936
0.975174
0.934433
0.000000
0.505954
0.999818
1.000000
0.634258
0.066120
0.000000
0.849170
0.798885
0.202531
0.430022
0.835277
0.999997
0.801413
0.607589
0.000299
0.970063
0.999610
0.931912
0.000000
0.978673
0.965586
0.000692
0.985924
0.125266
0.737189
0.725403
1.000000
0.000000
1.000000
0.984749
0.999954
0.018709
0.000000
0.000000
0.000000
0.987895
0.273853
0.814284
0.797168
0.846689
0.496415
0.842293
1.000000
0.000000
0.999405
0.966991
0.999999
0.000000
1.000000
0.890057
0.987839
0.679040
0.373631
0.832958
0.726421
0.999946
0.785367
0.000000
0.119063
0.709592
0.000000
0.914952
0.000000
0.724287
0.981686
0.341800
0.000000
0.932322
0.000000
0.851978
0.866817
0.967401
0.998213
0.873906
0.982446
0.007184
0.000000
0.999116
0.464398
0.807633
0.944604
0.008701
0.915670
0.949693
0.613378
0.993887
0.193249
0.000409
0.776755
0.650229
0.000000
0.322689
0.611496
0.000000
0.630275
0.000000
0.432193
0.600147
0.351410
0.198101
0.000000
0.757979
0.974511
0.132821
0.878003
0.723057
0.048814
0.997257
0.269864
0.317451
0.923686
0.922263
0.841266
0.000000
0.796937
0.954408
0.619775
0.925035
0.999956
0.946444
0.972806
0.802778
0.999997
0.970870
0.311510
0.965085
0.999998
0.382565
0.400915
0.769775
0.991014
0.999797
0.905420
0.000000
1.000000
0.002627
0.761008
0.999678
0.000000
0.561035
0.928141
0.000000
0.729037
0.117825
0.995279
0.899078
0.938209
0.840620
0.977461
0.131054
0.086442
0.982849
0.000000
0.405730
0.993409
0.893364
0.987578
0.000000
0.006552
0.131597
0.451205
0.234345
0.730306
0.932345
0.045790
0.843043
0.999719
0.000000
0.303779
0.898887
0.445575
0.069855
0.702552
0.994494
0.000310
0.529848
0.009329
0.000000
0.000000
0.999909
0.763075
1.000000
0.000063
0.000434
0.005724
0.950569
0.000000
0.987528
0.221172
1.000000
0.931772
0.893440
0.972797
0.595078
0.313993
1.000000
0.076055
0.000000
0.999995
0.924044
0.000000
0.986257
0.000000
0.838896
0.919517
0.442794
0.065858
0.999921
0.999780
0.258012
0.000000
0.991583
0.009809
0.000000
0.883231
0.000000
0.999996
0.300698
0.000000
0.248446
0.981331
0.999308
0.154416
0.000000
0.797101
0.000000
0.885639
0.985397
0.673826
0.000000
0.996892
1.000000
0.987926
0.989097
0.919517
1.000000
0.598287
0.039365
0.000000
0.998818
0.914591
0.904295
0.750315
0.988014
1.000000
0.212516
0.464225
0.000000
0.456715
0.948766
0.992573
0.824147
0.294304
1.000000
0.257714
0.999818
0.663366
0.695676
0.833775
0.908927
0.013413
0.998150
0.371645
0.999873
0.000000
0.241144
0.000000
0.027538
0.000000
0.981688
0.541372
0.999966
0.996886
0.308733
0.962099
0.364768
0.939239
0.153241
0.973164
0.678817
0.815493
0.989008
0.661399
0.834701
0.939007
0.063116
0.260873
0.966852
0.002721
0.013923
0.946611
0.584415
0.000000
0.069409
0.999999
0.987348
0.890707
0.791584
0.981054
0.000000
0.918381
0.982507
0.875442
0.993713
0.998842
0.828071
0.620279
0.996984
0.999877
0.000000
0.638405
0.147266
0.017610
0.875484
0.000000
0.967777
0.101566
0.998331
0.926434
0.000000
0.903323
0.706650
0.741267
0.030878
0.976712
0.336888
0.999962
0.987886
0.397977
0.973552
1.000000
0.000000
0.000000
0.846423
0.000000
0.814198
0.697374
0.000000
0.792547
0.015951
0.999321
0.082219
0.966717
0.225055
0.903899
0.006959
0.715688
0.587146
0.999962
0.972296
0.000000
0.000574
0.770447
0.841742
0.000000
0.000000
0.947227
0.999945
0.000000
1.000000
0.948414
0.164381
0.000000
0.877069
0.479502
0.955800
0.991016
0.757530
0.829352
0.856194
0.514405
0.045445
0.927559
0.233039
0.099081
0.963543
0.002350
0.998154
0.992712
0.999990
0.367024
0.000000
0.801599
0.526913
0.980820
0.459266
0.999892
0.973940
0.000174
0.941569
0.981243
0.984325
0.999998
0.550733
0.967724
0.000000
1.000000
0.862656
0.000000
0.000000
0.900490
1.000000
1.000000
0.969229
0.646054
0.299467
0.399426
0.987826
0.588271
0.000000
0.766126
0.939141
0.708390
0.993416
0.034287
0.999952
0.903161
0.999991
0.127757
0.995591
0.091731
0.992491
1.000000
0.996473
0.302265
0.688980
0.942554
0.978481
0.000000
0.291968
1.000000
0.950569
0.820974
0.920268
0.922766
0.924994
0.845002
0.950611
1.000000
0.000000
0.007215
0.983250
0.000000
0.398036
0.488917
1.000000
0.000970
0.999062
0.994914
0.000000
0.742190
0.940472
0.000080
1.000000
0.767883
0.954273
0.982247
0.787817
0.994636
0.000000
0.999990
0.640291
0.131814
0.999999
0.994618
1.000000
0.000000
0.246403
0.316470
0.455374
0.931945
0.574461
0.708733
0.251015
0.551648
0.977392
0.000000
0.997836
0.999990
0.892177
0.089729
0.012796
0.002651
0.999999
0.000000
0.999992
0.697194
0.780837
0.602638
1.000000
0.892015
0.856186
0.804362
1.000000
0.440056
0.000000
0.914208
0.996158
0.618656
0.981978
0.649464
0.430945
0.739255
0.711626
0.946181
0.000000
0.595595
0.999612
0.328748
0.300004
0.141669
1.000000
0.000000
0.051339
0.648440
0.826911
0.587986
0.195153
0.010312
0.962609
0.999626
0.005088
0.999981
0.752598
0.548020
0.279893
1.000000
0.775117
0.743717
0.184205
0.952950
0.524055
0.154520
0.999997
0.180629
0.577553
0.790097
0.036850
0.465959
0.999999
0.934336
0.978562
0.477027
0.910750
0.000000
0.006323
0.982934
0.221229
0.038874
0.000496
0.239549
0.000000
0.056432
0.725912
0.711673
0.000000
0.993314
0.782172
0.500108
0.993027
0.909598
0.961187
0.181701
0.878552
0.000000
0.922653
0.875334
0.025459
0.985300
0.879231
0.889883
0.769357
0.998217
0.712877
0.885684
0.997175
0.977943
0.777184
0.874801
0.984930
0.639871
0.940133
1.000000
0.724865
0.171682
0.995894
0.526346
0.000000
0.000000
0.932489
0.869446
0.970917
0.963378
0.891461
0.777866
0.000000
0.985497
0.737329
0.726743
0.996912
0.259286
0.000000
0.998224
0.009224
0.000000
0.030166
0.999886
0.999997
0.550073
0.999951
0.980716
0.933355
0.000000
0.337996
0.992878
0.827440
0.662745
0.007853
0.763410
0.923231
0.007642
1.000000
0.049094
0.963247
0.161376
0.000000
0.278830
0.026515
0.991745
0.000000
0.999998
0.755501
0.000000
0.955834
0.999725
0.417793
0.798881
0.816080
0.937018
0.979008
0.207941
0.716677
0.564165
0.000000
0.022183
0.902510
0.311406
0.999997
0.002889
0.423405
0.011408
0.248673
0.907751
0.934053
0.499020
0.788437
0.686349
0.539199
0.998418
0.445014
0.888339
0.970871
0.150407
0.730593
0.699729
0.998423
0.999999
0.916366
0.000000
0.976337
0.000000
0.669284
0.900533
0.999977
0.275384
0.908355
0.992858
0.914480
0.255885
0.000000
0.148422
0.001677
0.650135
0.036288
0.995802
0.999218
0.295691
0.000000
0.113952
0.999974
0.197765
0.999895
0.999568
0.407815
0.960357
0.852931
0.498356
0.928090
0.906169
0.999966
0.999995
0.979861
0.839579
0.000000
0.000000
0.999936
0.999934
0.623816
0.993842
0.973313
0.897750
0.182423
0.370413
0.999995
0.197783
0.567446
0.999981
0.249088
0.996174
0.998304
0.978857
1.000000
0.000000
0.000897
0.999998
0.000000
0.000000
0.746786
0.915157
0.216298
0.111884
0.989165
0.956785
0.261183
0.999997
0.712771
0.818364
0.970880
0.807645
0.860218
0.979726
0.952513
0.000000
0.717208
0.037340
0.997313
0.545680
0.298743
0.999873
0.628530
0.000000
0.002192
0.001849
0.000000
0.929173
0.000000
0.901314
0.468793
0.694921
0.000000
0.000000
0.662796
0.082388
0.156013
0.976236
0.380702
0.003023
0.833510
0.771734
0.853308
0.959714
0.675600
0.618583
0.968480
0.770234
0.985671
0.999369
0.999510
0.792297
1.000000
0.000000
0.000000
1.000000
0.000000
0.992374
0.914860
0.923686
0.797281
0.986537
0.519771
0.270808
0.000000
0.000000
0.000000
0.828727
0.000000
0.999996
0.999754
0.970832
0.911084
0.900832
0.653040
0.999658
0.879661
0.855478
0.000000
0.473574
0.997715
0.526328
0.971675
0.828071
0.999988
0.690332
0.331795
0.977040
0.000000
1.000000
0.969933
0.589967
0.112549
0.184917
0.829792
0.959610
0.572648
0.875261
0.000000
0.713046
0.916811
0.461629
0.998047
0.994500
0.000000
0.067039
0.992337
0.239153
0.150139
0.795042
0.672530
0.073949
1.000000
0.999665
0.941668
0.974820
0.923258
0.754272
0.000000
0.000000
0.997254
0.000000
0.997651
0.999259
0.000000
0.320909
1.000000
0.999557
0.368655
0.983348
0.991423
0.016915
0.110470
0.419180
0.000000
0.841468
0.003944
0.001353
0.939176
0.945546
0.000000
0.713003
0.999877
0.000000
0.024233
0.466583
0.887210
0.984103
1.000000
0.000000
0.882008
0.999757
0.000000
0.156343
0.098256
0.000000
0.717888
0.103928
0.402304
0.148501
1.000000
0.903885
0.993693
0.596978
0.000000
0.851240
0.000000
0.999820
0.997705
1.000000
0.472344
0.000000
0.932424
0.812163
0.506340
0.995707
0.970261
1.000000
0.110731
1.000000
0.995334
0.987569
0.992986
0.000000
0.765628
0.918029
0.513541
0.184926
0.011407
0.786594
0.414911
0.999991
0.999191
0.860348
0.952716
0.999999
0.999983
0.558550
0.768643
0.039642
0.049328
0.002143
1.000000
0.839722
0.999999
0.960303
0.453820
0.980196
0.995663
0.927132
0.854374
0.000000
1.000000
0.000000
0.901173
0.995592
0.999914
0.000000
0.998927
0.701883
0.019239
0.445197
0.000023
0.997847
0.636893
0.000000
0.999766
1.000000
0.847770
1.000000
0.213869
0.866804
0.000000
0.030166
0.000847
0.923797
0.971791
0.000000
0.730138
0.000000
0.000000
0.000000
0.999831
0.713700
0.375861
0.000000
0.510635
0.932532
0.524091
0.000000
0.000000
0.920677
0.000000
1.000000
0.957186
0.853451
0.868788
0.050625
0.898416
1.000000
0.977773
0.059541
0.864025
0.009321
0.000000
0.923376
0.002574
0.312840
0.916213
0.031135
0.053446
1.000000
0.883968
0.427221
0.999982
0.850363
0.000000
0.921482
0.792778
0.000537
0.910063
0.000000
0.998699
0.942630
0.000000
0.275398
0.550045
0.000000
0.000000
0.524269
0.763410
0.000000
0.196575
0.765912
0.912759
0.994230
0.881466
0.795312
0.919079
0.000000
0.999835
0.999995
0.897688
0.000000
0.041476
0.992645
0.677828
0.000599
0.844423
0.885635
0.584403
0.000000
0.905088
0.993230
0.287362
0.019695
0.904093
0.697880
0.613797
0.000000
0.372778
0.879910
0.695310
0.975192
0.995509
0.747283
0.919930
0.223108
0.303863
0.977610
0.999990
0.216494
0.999136
0.093666
0.974402
0.999984
0.629556
0.226889
0.252974
0.694455
0.748113
0.147543
0.996543
0.966650
0.998225
0.819409
0.965332
0.013970
0.478393
0.997681
0.715264
0.966047
0.918423
1.000000
0.000000
0.700244
0.042190
0.457544
0.999996
0.560843
0.013748
0.000000
0.998570
0.046298
0.716464
0.999904
0.964485
0.938209
1.000000
0.910262
0.811263
0.998485
0.795528
0.915122
0.740764
1.000000
0.999898
1.000000
0.872882
0.401301
0.999361
0.991579
0.999999
0.444797
0.000122
0.999206
0.841574
0.679853
0.071261
0.983999
0.577186
0.973940
0.950061
0.900794
0.829654
0.351395
0.000000
1.000000
0.857789
0.005445
0.675692
0.998779
0.420556
0.993532
0.121922
0.254941
0.959738
0.022154
0.290970
0.057773
0.000496
1.000000
1.000000
0.534507
0.992299
0.861902
0.103668
0.959729
0.000000
0.078543
0.992665
0.905525
0.749974
0.856103
0.353588
1.000000
0.000000
0.997031
0.877656
0.337808
0.465320
0.242040
0.911677
0.983541
0.976384
0.483131
0.992758
0.000000
0.004562
0.489341
0.999954
0.995964
0.990650
1.000000
0.854265
0.000000
0.630835
0.092012
0.690110
0.053203
0.000000
0.057195
0.998503
0.632121
0.344965
0.247749
0.000000
0.999998
0.655771
0.731173
0.513138
0.000000
0.952997
0.884049
0.999997
0.999334
0.563202
0.990896
0.889391
0.751316
1.000000
0.965147
0.267524
0.471158
0.777404
0.999985
0.000000
1.000000
0.060752
0.942139
0.833308
0.647478
0.996318
0.576240
0.997548
0.691658
0.000000
0.708087
0.954363
1.000000
0.986514
0.967198
0.999673
0.985497
1.000000
0.000000
0.879643
0.000000
0.834290
0.810528
0.776233
0.873923
1.000000
1.000000
0.999981
0.000000
0.975119
0.475545
0.860114
0.920698
0.000000
0.483281
0.000706
0.947405
0.989527
0.895662
0.962995
0.104259
0.000000
0.808421
0.992050
0.912411
0.000000
0.000000
0.960357
0.782906
0.939506
0.732173
0.054325
0.000000
0.997458
0.000000
0.987269
0.713132
0.741148
0.981922
0.997759
1.000000
0.845257
0.711939
0.933000
0.891334
0.321885
0.661635
0.055565
0.999998
0.948789
0.929167
0.997950
0.632248
0.829442
0.828979
0.526453
0.961994
0.895348
0.353085
0.973092
0.992544
0.937230
0.901219
0.506483
0.953418
0.997717
0.996915
0.718896
0.870559
0.143916
0.434841
0.000000
0.000000
0.818364
0.568339
0.458718
1.000000
0.980513
0.369756
0.969752
0.908680
0.914131
0.996161
0.909512
0.934528
0.757979
0.140882
0.350827
0.956837
0.000000
0.935533
1.000000
0.000000
0.896692
1.000000
0.971900
0.000000
0.458442
0.000000
0.870731
1.000000
1.000000
0.986327
0.631857
0.826152
1.000000
0.003564
0.000000
0.003721
0.999996
0.996219
0.207608
0.000000
0.999956
0.737207
0.485586
0.933122
0.928464
0.344144
0.998876
0.186557
0.912723
0.951778
0.962197
0.049368
0.999643
0.783569
0.681894
0.779389
0.209347
0.358841
0.000000
0.560505
0.374900
0.293515
0.958692
0.563900
0.739552
0.497189
0.000676
0.913878
0.998259
0.999665
0.000000
0.000000
0.984819
0.271066
0.662899
0.999656
0.972540
0.999926
0.014977
0.452455
0.919168
0.980249
0.992373
0.262552
0.004172
1.000000
0.706471
0.994030
0.605421
0.424158
0.807080
0.925972
0.000000
0.999999
0.822216
0.993400
0.884893
0.688857
0.605374
0.371642
0.997024
0.000000
0.977943
0.980091
0.171335
0.747004
0.000000
1.000000
0.137020
0.415385
0.000000
0.788953
0.000000
0.430930
0.986275
0.180687
0.472500
0.999112
0.295167
0.999337
0.999589
0.881331
0.000000
0.972473
0.000000
0.000000
0.735043
0.959604
0.613927
0.999694
0.252101
0.999805
0.161587
0.997454
0.999535
0.000000
0.000000
0.587387
0.979800
0.000000
0.939585
0.837808
0.999811
0.999899
0.675378
0.868116
0.440056
0.997509
0.143792
0.785566
0.992240
0.915570
0.927848
0.999930
0.880370
0.898176
0.862843
0.000000
0.139560
0.843171
0.961187
0.000006
0.999338
0.851256
0.982281
0.960309
0.084865
1.000000
0.000000
0.845596
0.168810
0.999970
0.963152
0.617555
0.010501
0.000000
0.124450
0.925738
0.007365
0.136395
0.995050
0.109552
0.995449
0.988368
0.226908
0.946324
0.901763
0.994104
0.454969
0.536069
0.927026
0.160643
0.634327
0.357270
0.227401
1.000000
0.980714
0.912460
0.690288
0.039330
0.999194
0.774843
0.056355
0.000000
0.994594
0.393850
0.999928
0.691167
0.000210
0.684103
0.023684
0.980057
0.247475
0.680827
0.334497
0.000000
0.000000
0.534692
0.925717
0.999665
0.998432
0.000000
0.958683
0.002286
0.000000
0.998659
0.145768
0.098938
0.999974
0.000000
0.000043
0.906415
0.999147
0.837106
1.000000
0.999318
0.999850
0.994386
0.640670
0.734950
0.973334
0.230488
0.000000
0.689552
0.837092
0.724417
0.943812
0.964324
0.999306
0.987086
0.879952
0.208313
0.689731
0.583204
0.989383
0.000000
0.831431
0.925076
0.034121
0.987269
0.991783
0.986133
0.967038
0.501658
0.933656
0.259885
0.958389
0.021217
0.999908
0.432731
0.999962
0.992757
0.616088
0.007635
0.003696
0.010834
0.931028
0.795353
0.494680
0.954192
0.868628
0.614931
0.792404
0.013567
0.339999
0.000000
0.000943
0.001266
0.976489
0.000000
0.999969
0.458851
0.719601
0.490206
0.463161
0.972398
0.908840
0.971753
0.969255
0.998584
0.999984
0.958432
0.305831
0.995653
0.962283
0.392607
0.929326
0.028824
0.000000
0.222623
0.089554
0.998243
0.000209
0.866580
0.806861
0.999856
0.602518
0.000000
0.928554
0.851354
0.008847
0.956170
0.000000
1.000000
0.934336
0.801635
0.183641
0.697766
0.999701
0.383467
0.803195
0.999026
0.952908
0.955852
0.030150
0.002056
0.894135
0.972587
0.973137
0.832819
0.993098
0.936989
0.733341
0.999986
0.999946
1.000000
0.961756
0.974539
0.936097
0.896073
0.630958
0.994462
0.999999
0.946922
0.982425
0.952583
0.000000
1.000000
0.963201
0.992817
0.851034
1.000000
0.686247
0.936124
0.994870
0.815296
0.999973
0.516247
0.870957
0.985418
0.430806
1.000000
0.768799
0.933029
0.999000
0.126790
0.676301
0.535725
0.873966
0.000000
0.999999
0.362394
0.980196
0.271546
0.335847
0.800836
0.485527
0.995995
0.411829
0.926474
0.995243
0.000000
0.738210
0.000000
0.599298
0.999995
0.971616
0.000000
0.999857
0.929058
0.008068
0.984688
0.768355
1.000000
0.000000
0.999387
0.970620
0.986730
0.523074
0.144070
1.000000
0.919272
0.679240
0.991807
0.182330
0.980811
0.836545
0.584648
0.080922
0.999970
1.000000
0.958655
0.420454
0.000004
1.000000
0.000000
0.717763
0.778691
0.979765
0.150264
0.587986
0.791318
0.999999
0.147393
0.759000
0.996505
0.847436
0.246538
0.812455
0.985887
0.763419
0.924522
1.000000
0.737941
0.979989
0.000000
0.983438
0.964358
0.998510
0.035895
0.998388
0.108107
0.604982
0.935205
0.000000
0.235601
0.874329
0.868350
0.719841
0.937782
0.992627
0.911551
0.926079
0.000000
0.000000
0.496242
0.000000
0.038835
0.042196
0.941101
0.984181
0.000000
0.349905
0.984558
0.483113
0.790991
0.999986
0.185830
0.914471
0.000000
0.999535
0.920743
0.989935
0.927026
0.993262
0.753537
0.335488
0.007683
0.014342
0.871024
0.767107
0.886554
0.999701
0.132284
0.999852
0.998703
0.453179
0.000000
0.198596
0.877118
0.391164
0.979290
0.840306
0.000000
1.000000
0.054169
0.548682
0.999653
0.826510
0.117717
0.205109
0.399789
0.229003
0.921862
0.999951
0.930495
0.952874
0.997553
0.999917
0.155272
0.984112
0.969061
0.000089
0.952377
0.158402
0.997890
0.000000
0.780984
0.009439
0.999602
0.833647
1.000000
0.973639
0.147891
0.739135
0.261576
0.019518
0.618258
0.240028
0.997177
0.883038
0.879797
0.872830
0.934474
0.931492
0.678028
0.999987
0.224658
1.000000
0.951024
0.936045
0.698061
0.821199
0.918824
0.944999
0.000000
0.965373
0.601783
0.969802
0.000000
0.580351
0.433270
0.769315
0.880251
0.982913
0.800440
0.331182
0.245288
0.000000
0.856042
0.825816
0.972196
0.627478
0.729171
0.688080
0.836725
0.662195
0.893331
0.929616
0.989400
0.294677
1.000000
0.000000
0.983514
0.996463
0.453768
0.000000
0.113489
0.945156
0.976681
0.843397
0.684705
1.000000
0.362159
0.151745
0.000000
0.246652
0.000167
0.999999
0.000000
0.995509
0.839420
0.000497
0.999697
0.875218
0.281513
0.995200
0.879126
0.930754
0.661388
0.000000
0.339484
0.999895
0.050129
0.000000
0.109017
0.276361
0.848374
0.101033
0.879919
0.974547
0.000000
0.000000
0.999377
0.989532
0.999445
0.917199
0.730779
0.936614
0.999999
0.000000
0.953052
0.155617
0.997062
0.000000
0.000000
0.999932
0.578820
0.849345
0.182473
0.105496
0.737000
0.566930
0.999998
0.000000
0.999841
0.996161
0.000000
0.961159
0.936228
0.979606
0.998395
0.998750
0.664803
1.000000
0.990999
0.926381
0.991585
0.947431
0.372044
0.226252
0.990825
0.219658
1.000000
0.971666
0.774020
0.999427
0.981260
0.100543
0.862002
0.980796
0.000722
0.300588
0.999996
0.935731
0.997039
0.456021
0.997908
0.396825
0.999933
0.388347
0.156652
0.962373
0.651924
0.536257
0.680764
0.790425
0.049053
0.884110
0.000000
0.940738
0.984937
0.999729
0.914208
0.000000
0.908617
0.817299
0.940825
0.066772
0.820428
0.000000
0.854572
0.999810
0.545131
0.000000
0.053888
0.780758
0.000000
0.093953
0.997454
0.000000
0.955874
0.000000
0.995089
0.999027
0.001085
0.097632
0.999306
0.914218
0.057766
0.000000
0.813696
0.966541
0.037131
0.002844
0.569990
0.945156
0.000000
0.808009
0.947328
0.845136
0.997376
0.401370
0.000000
0.893637
0.041073
0.567138
0.823441
0.999991
0.000000
0.715674
0.940223
0.992501
0.446354
0.869711
0.802577
0.369859
0.000943
0.471770
0.149609
1.000000
1.000000
0.815655
0.561274
0.466163
0.769814
0.997224
0.058207
0.322853
0.999947
0.997459
0.387793
0.000000
0.214365
0.853053
0.513090
0.821288
0.688772
0.974894
0.789981
0.397700
0.994143
0.974828
0.602940
0.365679
0.894533
0.950213
0.999993
0.594290
0.999216
0.997250
0.071061
0.004121
0.915711
0.939240
0.655771
0.000000
0.390488
0.701262
0.590756
0.621311
1.000000
0.483824
0.024763
0.823043
0.978342
0.939501
0.999886
0.829792
0.000434
0.793990
0.650079
0.002028
0.999985
0.042234
0.965998
0.192662
0.856103
0.972296
0.847781
0.806831
0.006934
0.000000
0.803377
0.308431
0.999794
0.876916
0.000000
0.800426
0.561274
0.900259
0.629947
1.000000
1.000000
0.000000
0.000000
0.076642
0.999538
0.672980
0.519581
0.052403
0.750361
0.000000
0.981334
0.997660
0.000000
0.403619
0.942567
0.898174
0.895335
0.453647
0.964134
0.980610
0.987871
0.994154
0.986608
0.125279
0.999920
0.856218
0.000000
0.315696
0.996452
0.000000
0.386262
0.937882
0.028563
0.000000
0.382615
0.676170
0.000000
0.997817
0.464398
0.997836
0.071574
0.993528
0.000000
0.891582
0.944372
1.000000
0.893250
0.372520
0.000313
0.937949
0.000000
0.203348
0.928843
0.842759
0.606199
0.000000
0.785776
0.046701
0.000065
0.674450
0.000000
0.967091
0.000000
0.000000
0.950266
0.994600
0.357323
0.963444
0.493285
1.000000
0.488632
0.000000
0.960982
0.757951
0.876200
0.999995
1.000000
0.993262
0.000675
0.000000
0.956136
0.749926
0.000000
0.000000
0.388067
0.003451
0.971762
0.922333
0.917837
0.998781
0.753437
0.764354
0.938583
0.000000
0.439681
0.999353
0.966190
0.418928
0.929527
1.000000
0.979201
1.000000
0.000000
1.000000
0.976418
0.541511
0.026224
0.448219
0.009147
0.263513
0.555848
0.661175
1.000000
0.135126
0.000000
0.000000
0.898536
1.000000
0.644958
0.554064
0.993821
0.770282
0.985296
0.767347
0.305121
0.000000
0.552717
0.507046
0.999384
0.116217
0.000000
0.963544
0.871286
1.000000
0.965090
0.895898
0.922961
1.000000
0.066866
0.759499
0.000000
0.000000
0.993350
0.869388
0.926216
0.000000
0.910145
0.524028
1.000000
0.982458
0.397451
0.594014
0.936676
0.996671
0.000087
0.459388
0.000000
0.065486
0.293727
0.094148
0.984607
0.046201
0.659310
0.000000
0.309396
0.419737
0.613627
0.000000
0.400793
0.897975
0.937481
0.738898
0.998424
0.000000
0.976131
1.000000
0.987783
0.939476
0.370828
0.999775
0.960118
0.783148
0.000000
0.000000
0.645551
0.997459
0.924146
0.000000
0.980098
0.241142
0.952896
0.973471
0.000000
0.203914
0.898882
0.000000
0.753085
0.130514
0.738106
0.928839
0.192969
0.416836
0.996326
0.536801
0.533434
0.945533
0.680887
0.924782
0.992310
0.000000
0.485632
0.494245
0.486732
0.595779
0.998645
0.999703
0.203362
0.000009
0.061499
0.626441
1.000000
0.952341
0.994675
0.926192
0.502143
0.904415
0.993300
0.990808
0.521564
0.867745
0.273951
0.984800
0.805498
0.999559
0.998800
0.980497
0.920273
0.401108
0.553617
1.000000
0.000000
0.617818
0.002009
0.970696
0.996250
0.000000
0.005175
0.000000
0.798021
0.591089
0.966402
0.999741
0.179430
0.000000
0.084200
0.000666
0.545131
0.000000
0.000000
1.000000
0.000000
0.981220
0.592639
0.008942
0.699216
0.011407
0.510505
0.851994
0.417274
1.000000
0.964739
0.769480
0.961545
0.999311
0.838353
0.981599
0.999705
0.956368
0.790798
0.958106
0.022191
0.175771
0.118525
0.000804
0.959039
0.997257
0.716033
1.000000
0.000000
0.485029
0.026371
0.924393
0.896521
0.000000
0.270200
0.059361
0.900122
0.990150
0.916899
0.368378
0.998494
1.000000
0.976957
0.719515
0.999372
0.894521
0.990309
0.521647
0.621834
1.000000
0.275376
0.346602
0.824076
0.988733
0.532642
0.997074
0.975707
0.525702
1.000000
0.656075
0.023703
0.994361
0.000000
0.999031
0.686961
0.270599
0.999759
0.570244
0.874338
0.449103
0.990563
0.000000
1.000000
0.000000
0.931438
0.392522
0.289725
0.954572
0.999857
0.151503
0.248199
1.000000
1.000000
0.098256
0.487108
0.000000
0.820285
0.000000
0.329188
0.802648
0.670910
0.999947
0.974757
0.861993
0.772734
0.956651
0.985187
1.000000
0.000000
0.857947
0.527803
0.926912
0.000000
1.000000
0.000000
0.561766
0.858178
0.479752
0.999877
0.697097
0.999480
0.674067
0.010316
1.000000
0.057245
0.995764
0.980379
0.258142
0.800224
0.988683
0.130671
0.000000
0.999674
0.943374
0.000000
0.440456
0.697835
0.951579
0.001888
0.666711
0.953837
0.981684
0.999973
0.983445
0.999902
0.013086
0.831850
0.731807
1.000000
0.999413
0.563523
0.125365
0.389173
0.996452
0.906547
0.223406
0.643286
0.950688
0.996604
0.942095
0.123582
0.255818
0.127672
0.005957
0.729282
0.582383
1.000000
0.941153
0.986278
0.999995
0.070193
0.679701
0.000000
0.934428
0.908306
0.999892
0.872082
0.997109
0.945441
0.996949
0.000000
0.990146
1.000000
0.998277
0.000000
0.954742
0.172912
0.972895
0.855019
0.000000
0.868350
0.976865
0.020908
0.353797
0.007537
0.999585
0.000000
0.977113
1.000000
0.000000
0.000000
1.000000
0.001026
0.828618
1.000000
0.000000
0.000000
0.891674
0.913261
0.999695
0.807761
0.000000
0.000000
0.975168
0.987571
0.039364
0.084544
0.999970
0.352956
1.000000
1.000000
0.306420
1.000000
0.961280
0.000000
0.926138
0.992272
0.000000
1.000000
0.000000
0.990153
0.950213
0.314168
0.862058
0.889982
0.965846
0.066707
0.999996
0.995215
0.024349
0.499476
1.000000
0.954379
0.987674
0.213900
0.674046
0.422767
0.625893
0.968249
0.989931
0.000000
0.765136
1.000000
0.993208
0.636507
0.750315
0.999480
0.817182
0.898208
0.762372
0.999989
0.107449
0.982245
0.995892
1.000000
0.000000
0.724363
0.995851
0.968338
0.848540
0.948414
0.000000
0.000000
0.371176
0.586203
1.000000
0.993327
0.167551
0.000000
0.690558
0.999989
0.912189
0.000000
0.997443
0.605285
0.999976
0.036306
1.000000
0.886776
0.999983
0.466178
0.862458
0.902814
0.020564
0.787422
0.756187
0.999943
0.517384
0.000373
0.926480
0.009339
0.998368
0.000000
0.318116
0.992456
0.999384
0.770275
0.179297
0.994928
0.906074
0.000642
0.000000
0.855288
0.019316
0.859226
0.900154
0.879964
0.000000
0.969460
1.000000
0.570388
0.999147
0.872198
0.955228
0.000000
0.857581
0.760690
0.539135
0.999646
0.000000
0.945851
0.000000
0.000000
0.675954
0.711837
0.000508
0.255207
0.000000
0.905350
0.998785
0.978979
0.999998
0.000000
1.000000
0.599566
0.947842
0.394565
0.000000
0.341694
0.999998
0.000000
0.000000
0.931507
0.436809
0.927926
0.931867
0.978921
0.807633
0.974724
0.999161
0.000000
0.994326
0.994944
0.564138
0.900109
0.872809
0.575750
0.969998
0.428070
0.000000
1.000000
1.000000
0.891835
0.998710
0.750168
1.000000
0.976051
0.999968
0.995811
0.995176
0.999505
0.000000
0.024081
0.093289
0.418056
0.973636
0.991678
0.820292
0.003425
0.986576
0.000000
0.296324
0.459337
1.000000
0.603592
0.338044
0.955362
0.202895
0.570860
0.791318
0.259361
0.573351
0.691406
1.000000
0.283436
0.021675
0.984623
0.428219
0.987522
0.998396
0.612061
0.947340
0.032088
1.000000
0.001530
0.419278
0.002369
0.988694
1.000000
0.999985
0.239532
0.977974
0.999999
0.772526
0.000000
0.431625
0.999981
0.990519
0.015332
0.999998
0.556433
0.958435
0.000000
0.002482
0.996954
0.991310
0.064815
0.979865
0.006795
0.277288
0.936112
0.495574
0.929396
0.000000
0.997394
0.026087
0.021381
0.950993
0.999957
0.547007
0.995089
0.999880
0.000000
0.979531
0.938967
1.000000
0.998834
0.949968
0.000000
0.941068
0.003538
0.967341
0.932522
0.555488
1.000000
0.000000
0.000000
0.000000
0.598549
0.000000
0.188573
0.332971
0.000000
0.661067
0.845685
0.143641
0.608454
0.999964
0.999356
0.999324
0.863122
0.000000
0.287306
0.743104
0.908795
0.999997
0.804281
0.131620
0.994279
0.273204
0.000000
0.539669
0.999372
0.937949
0.483824
0.999991
0.598583
0.431315
0.942726
0.096128
0.000000
0.971596
0.000000
0.999820
0.903131
0.833463
0.029536
0.000000
0.357473
0.000000
0.680341
0.753322
0.973581
0.587159
0.732909
0.980530
0.990971
0.471317
0.000000
0.482699
0.000000
0.997247
0.940733
0.968954
0.894070
0.983320
0.563734
0.545932
1.000000
0.899728
0.958550
0.000609
0.987326
0.000000
0.733298
0.052285
1.000000
0.999995
0.000000
0.704282
0.540686
0.826993
0.000000
0.849156
0.999866
0.995120
0.000000
0.000000
0.443962
0.598163
0.499563
0.993538
0.971596
0.714227
0.563302
0.029202
0.999984
0.000000
0.972307
0.000000
0.999867
0.997918
0.800919
0.913236
1.000000
0.934401
0.224426
0.984360
0.840587
0.015068
0.996336
0.000000
0.342118
0.948248
0.980231
0.000000
0.539465
0.354675
0.042860
0.849942
0.053195
0.668432
0.955866
0.565171
0.871558
0.952557
1.000000
0.000000
0.181781
0.702561
0.980000
0.735967
0.169252
0.000000
0.676064
0.971023
0.249763
1.000000
0.895565
0.985018
0.841764
0.055298
0.000000
0.000000
0.605671
1.000000
0.999710
0.928567
0.000000
0.977911
0.610354
0.719048
0.000000
0.000000
0.033830
0.766256
0.990005
0.021381
0.998957
0.998842
0.000000
0.959584
1.000000
0.752831
0.903670
0.552360
0.000000
0.680244
0.048409
0.934281
0.976010
0.741299
0.000000
0.126871
0.998814
1.000000
0.927805
0.875057
0.444291
0.862333
0.619775
0.915789
0.004790
0.953964
0.916600
0.999701
0.703606
0.655684
1.000000
0.889391
0.779348
0.987217
0.991742
0.709190
0.906014
0.041205
0.000000
0.999794
0.051182
0.144088
0.989213
0.992069
0.534823
0.934109
0.001902
0.965888
0.845263
0.999372
0.178250
0.991336
0.883056
0.089859
0.535082
0.000000
0.961929
0.488917
0.852549
0.249669
0.694982
0.933475
0.988488
0.000000
1.000000
0.959468
0.696541
0.902922
0.000000
0.999967
0.931664
0.999943
0.000000
0.948543
0.976957
0.177224
0.739490
0.000000
0.007289
0.395318
0.405638
0.907512
0.926683
0.253115
0.000000
0.815560
0.977514
0.718896
0.941931
0.999571
0.470814
0.861025
0.987278
0.684384
0.992316
0.964370
0.999629
1.000000
0.878495
0.999290
0.003267
0.013810
0.000000
0.436350
0.000000
0.998569
0.797897
0.009518
0.989917
0.000000
0.996754
0.000000
0.468000
0.164880
0.984695
0.945088
0.999217
0.958225
0.000000
0.999923
0.126374
0.540149
0.114715
0.998732
0.000000
0.963151
0.842759
0.287847
0.036866
0.303531
0.007448
0.220983
0.999956
0.998925
0.942959
1.000000
0.750261
0.984733
0.000000
0.221172
0.183358
0.417856
0.778445
0.098181
0.010271
0.103898
0.998654
0.000000
0.999985
0.999933
0.761765
0.416834
0.764577
0.999915
0.000000
0.882996
0.950587
0.854348
0.998365
0.729872
0.302307
0.991607
0.000000
0.973434
0.990224
1.000000
0.383847
0.769761
1.000000
0.117802
0.999769
0.000000
0.998794
0.984459
0.158531
0.439472
0.768954
0.005122
0.999194
0.995213
0.161050
0.989573
0.995022
0.859917
1.000000
0.170252
0.795212
0.466703
0.868012
0.963840
0.000000
0.500230
0.000000
0.332379
0.999921
0.113325
0.016752
0.992009
0.000000
0.000000
0.009392
0.000000
0.999983
0.602119
0.999048
0.027262
0.000000
0.825383
0.953908
0.884282
0.992423
1.000000
0.993307
0.006378
0.000000
0.424959
0.087740
0.101998
0.950213
0.881335
0.000000
0.015945
0.999597
0.999430
0.880930
0.407906
0.000000
0.000000
0.621606
0.834479
0.952338
0.174888
0.967946
1.000000
0.899169
0.999320
0.808988
0.717507
0.864408
0.000000
0.987838
0.513658
0.999996
0.726998
1.000000
0.751177
0.000651
0.594945
1.000000
1.000000
0.013059
0.601799
0.976193
0.998352
0.824005
0.958686
0.016255
0.806862
0.000000
0.963548
1.000000
0.000000
0.000000
0.000000
0.656633
0.917239
0.956148
0.957068
0.591088
0.519158
0.730835
0.999995
0.000000
0.000000
0.065381
0.000000
0.503522
0.112541
0.828695
1.000000
0.878709
0.000000
0.343037
0.809953
0.000000
0.761323
0.000682
0.957911
0.501723
0.797634
0.981797
0.509835
0.104527
0.001041
0.429283
0.913228
0.037139
0.672789
0.000000
0.989501
0.863579
1.000000
0.002295
0.327681
0.415334
0.000000
0.101566
0.968509
0.926097
1.000000
0.031474
0.596773
0.000000
0.984485
0.602782
0.918532
0.999999
0.888687
0.059803
0.031346
0.718743
0.448735
0.051049
0.355393
0.161376
0.780329
0.991583
0.695631
0.454605
0.976711
0.494527
0.168919
0.000000
0.874036
0.000000
0.971614
0.959262
0.879126
0.989336
0.950059
0.000000
0.127180
0.679814
0.076056
0.519339
0.985495
0.020690
0.905672
0.000000
0.999991
0.130525
0.000000
0.898268
0.401541
0.715878
0.999499
0.409095
0.995380
0.944240
0.090279
0.000000
0.006864
0.781114
0.949454
1.000000
0.954080
0.999995
0.672144
0.185842
0.999910
0.223797
0.970805
0.202744
0.000000
0.842301
0.000000
0.941233
0.864025
1.000000
0.390918
0.801850
0.029924
0.787904
1.000000
0.941624
0.753085
0.000000
1.000000
0.998588
0.921253
0.242121
0.726372
0.879605
0.629183
0.999405
0.000000
0.677878
0.862254
0.056254
0.998020
0.969993
0.771609
0.000000
0.634648
1.000000
0.949244
0.508233
0.999999
0.781086
0.730470
0.000000
0.552840
0.000000
0.995904
0.001849
0.849129
0.874552
0.724587
0.000000
0.953219
0.904313
0.577919
0.997611
0.677962
0.992785
1.000000
1.000000
0.408861
0.999665
0.999984
0.000000
0.997418
0.040507
0.849365
0.437989
0.851115
0.528552
0.900529
0.989464
0.998764
0.498044
0.000000
0.000000
0.999857
0.162677
0.872149
0.821261
0.001492
0.987845
0.999991
0.999992
0.235670
0.000000
0.000000
0.810437
0.662195
0.000000
1.000000
0.954265
1.000000
0.895668
0.637300
0.982002
0.999362
0.991912
0.000000
0.794691
1.000000
0.000000
0.973573
1.000000
0.734239
0.699697
0.958625
0.955251
0.604862
0.000000
0.000000
0.999877
0.888646
0.827518
0.042522
0.887267
0.277428
0.070274
0.000017
0.998659
0.076292
0.000000
0.263021
0.198659
0.908927
0.000000
0.900428
0.000000
0.002074
0.898837
0.954787
0.998053
0.000000
0.993257
0.984153
0.000000
0.839482
0.695799
0.851676
1.000000
0.839312
0.957440
0.923686
0.583557
0.923748
0.256551
0.994895
0.999999
0.965747
0.000000
0.999992
0.955123
0.000000
0.724387
0.795625
0.980376
0.359532
0.413366
0.645106
0.000000
0.978805
0.434156
0.764302
0.944626
0.000000
0.000000
0.999905
0.000000
0.887256
0.980223
0.070168
0.993804
0.483454
0.903175
0.053928
0.031117
0.272876
0.952156
0.775607
0.991386
0.998028
0.960161
0.113625
0.743505
0.000000
0.991742
0.439701
0.000000
0.918838
0.985490
1.000000
0.000000
0.009543
0.963377
0.582355
1.000000
0.309835
0.947246
0.722368
0.461538
0.220288
0.000000
0.016150
0.992126
0.787659
0.624947
0.679523
0.000000
0.000000
0.860062
0.936132
0.392228
0.950490
0.884552
0.040051
0.989618
0.019001
0.000000
0.000000
0.774545
0.655594
0.980384
0.117926
0.998884
0.336755
0.741775
1.000000
0.021837
0.000000
0.000000
0.994639
0.946102
0.979606
0.932531
0.708994
0.989408
0.024909
0.000000
0.844592
0.000000
0.995093
0.994720
0.000000
0.885281
0.000000
0.602288
1.000000
0.664942
0.000000
0.999800
0.957314
1.000000
0.999829
0.901439
0.000000
0.609233
0.984562
0.000000
0.998303
0.779586
0.933655
0.086971
0.999927
0.829618
0.902539
0.983483
0.000000
0.960489
0.932885
0.807577
0.857402
0.000000
0.017485
0.744974
0.634223
0.999992
0.000000
0.994286
0.873272
0.934732
0.015565
0.000000
0.996322
0.118607
0.638529
0.422767
0.996266
1.000000
0.999665
0.000000
0.840770
0.466178
0.999867
0.977595
0.273951
0.829551
0.511601
0.972458
0.968535
0.979625
0.968249
0.880834
0.859631
0.999999
0.137962
0.982337
0.111310
0.916246
0.997497
0.967023
0.298385
0.984360
0.000000
0.849717
0.000323
0.904940
0.025389
0.283958
0.000000
0.852470
0.000000
1.000000
0.998406
0.573857
0.868350
0.000000
0.980424
0.478760
0.000000
0.000000
0.180982
0.982280
0.743445
0.743112
0.778276
0.527661
0.289880
0.871451
0.000000
0.078593
0.000000
0.760072
0.009518
0.905764
0.823974
0.999977
0.951675
0.008184
0.249584
0.009076
0.521133
0.005445
0.997438
0.117536
1.000000
0.889112
0.802063
0.000000
0.955258
0.993525
0.999228
0.999828
0.967489
0.969936
0.263997
1.000000
0.994163
0.768499
0.869258
0.999968
0.997347
0.953793
0.000000
0.999983
0.962360
0.000000
0.859445
0.954418
0.974178
1.000000
0.446703
0.000000
0.918573
0.364857
0.999999
0.832144
0.000000
0.000000
0.997052
0.629989
0.889692
0.999188
0.994959
0.000000
0.995877
0.989901
0.856730
0.000000
0.484894
0.000000
0.926728
0.500426
0.798021
0.586713
0.967489
0.997472
0.047953
0.946525
0.000000
0.011570
0.709906
0.043035
0.559245
0.902774
0.997074
0.856533
0.957971
0.809904
0.000000
1.000000
0.720616
0.000000
0.370884
1.000000
0.392816
0.999933
0.943531
0.000000
0.999893
0.998274
0.369096
0.890631
0.474605
0.996230
0.671021
0.319785
1.000000
0.000000
0.999186
0.947820
0.185652
0.607887
0.402924
0.999995
0.997804
0.623288
0.548499
0.983660
0.579599
0.999976
0.980195
0.995738
0.851102
0.000000
0.793718
0.894178
0.595728
0.102249
0.080037
0.000016
0.186895
0.895333
0.094948
0.967534
0.634929
0.990482
0.797061
0.814232
0.952970
0.810340
0.872114
1.000000
0.996353
0.010043
1.000000
0.999957
0.999829
0.637424
0.000000
0.944788
0.905754
0.916312
0.822780
0.169954
0.000000
0.994151
0.995732
0.671073
0.847163
0.905456
0.405604
0.954273
1.000000
0.516247
0.441954
0.999589
0.892132
0.649217
0.964684
0.032340
0.718327
0.000000
0.823265
0.460666
0.883806
0.864446
0.000000
0.000000
0.999679
0.471278
0.929082
0.262834
0.918490
1.000000
0.452426
0.998010
0.206943
0.000000
0.230910
0.881285
0.035446
0.561392
0.000000
0.951709
0.676198
0.922877
0.910878
1.000000
0.000000
0.997771
0.310282
0.840400
0.051305
0.521780
0.588792
0.850960
0.861994
0.636758
0.840521
0.997684
0.768506
1.000000
0.764635
0.101934
0.000000
0.000000
0.000073
0.769376
0.999894
0.349795
0.207341
0.843498
0.669405
0.780759
0.041186
0.994561
0.854491
0.988384
0.999999
0.000000
0.993594
0.999489
0.396265
0.993380
0.986011
0.891650
0.000000
0.009210
0.918836
0.997117
1.000000
1.000000
0.000000
0.832927
0.018045
0.000000
0.898107
0.009426
0.255306
0.000000
0.070821
0.540099
0.000000
0.999203
0.895348
0.430060
0.838615
0.922019
0.830661
0.871434
0.611490
0.000000
0.561091
0.000000
0.985506
0.952334
0.327660
0.162570
0.012403
0.966989
0.000000
1.000000
0.456446
0.774341
0.680726
0.994176
0.675269
0.138881
0.617555
0.000000
0.995107
0.813932
0.000012
0.490162
0.878535
0.921472
0.000000
0.001372
0.199864
0.999754
0.719601
0.994548
0.030477
0.150033
0.000000
0.974778
0.863044
1.000000
0.003902
0.738791
0.463729
0.522556
0.982562
0.000000
0.674290
0.000000
0.891134
0.000000
0.031373
0.386744
0.988683
0.000000
0.995051
0.539275
0.660022
0.000000
0.574939
0.754529
0.012811
0.036824
0.977156
0.999004
0.862078
0.000488
0.000000
0.000000
0.020130
0.999915
0.985770
0.755752
0.619118
0.995792
0.944379
0.998961
0.552710
0.051793
0.922080
0.989884
0.578869
0.034425
0.539736
0.000000
0.880416
0.000041
0.896120
0.000000
0.979775
0.224562
0.974279
0.562043
0.795914
0.951533
0.984629
0.000000
0.677814
0.993583
0.978978
0.006764
0.929093
0.972565
0.981741
0.908899
1.000000
0.995907
0.831246
0.998962
0.798736
0.680421
0.737096
0.969186
0.375808
0.091918
0.000000
0.896605
0.792529
0.997002
0.607570
0.998395
0.999929
0.998695
0.537406
0.960662
0.369547
0.035190
0.803146
0.558996
0.587705
0.986140
0.461595
0.010506
0.917412
0.967253
0.948729
0.680341
0.860805
0.902395
0.970843
0.987637
1.000000
0.286884
0.994860
0.995463
0.525385
0.989931
0.984039
0.999616
0.000000
0.969985
0.000000
0.000000
0.773703
0.000000
0.986347
0.000000
0.000000
0.999295
0.964680
0.919969
0.999931
0.457070
0.954000
0.808745
0.786540
0.000665
0.971024
0.978248
0.452120
0.538076
0.998770
0.000000
0.929612
0.968988
0.005694
0.000000
0.988331
0.952919
0.400163
0.648839
0.615571
0.879092
0.812469
0.962042
0.631786
0.079860
0.559106
0.817260
0.904007
0.228506
0.884224
0.276665
0.889243
0.999131
0.540099
1.000000
0.478342
0.904782
1.000000
0.902657
0.917210
0.195022
0.677277
0.999372
0.244967
0.851614
0.000000
0.223936
0.992281
1.000000
0.021060
0.999902
0.719450
1.000000
0.000000
0.001103
0.490334
0.000000
0.000000
0.000000
0.971496
0.999998
0.000180
0.318206
0.010639
0.851749
0.871014
0.917742
0.566200
0.012148
0.995217
0.169767
1.000000
0.961545
0.411401
0.732592
0.461454
0.721447
0.663979
0.950569
0.398921
0.000000
0.000003
0.000000
0.947244
0.999999
0.187921
0.000000
0.845911
0.208568
0.705174
0.998604
0.966947
0.909770
0.000000
0.000000
0.253429
0.933927
0.309562
0.972424
0.983847
0.068502
0.943825
0.781288
0.999924
0.729146
1.000000
0.000000
0.716774
0.047482
0.999986
0.000000
0.000000
0.893252
0.924528
0.683804
0.142230
0.997318
0.635705
0.909903
0.134756
0.932424
0.104923
0.401409
0.810934
0.855328
0.887307
0.973667
0.002518
0.548468
0.026999
0.999766
0.968477
0.999877
0.922050
0.842315
0.459660
1.000000
0.835144
0.479094
0.981260
1.000000
0.849064
0.002375
0.005566
0.973202
0.759058
0.987843
0.711196
0.847784
0.870473
0.000000
0.337556
0.923679
0.969884
0.952180
0.803677
0.985239
0.931428
0.236161
0.799159
1.000000
0.821261
0.000000
0.570044
1.000000
0.093843
0.978050
1.000000
0.992394
0.999708
0.554386
0.000000
0.578868
0.971578
0.999996
0.684526
0.968875
0.995627
0.297514
0.000000
0.910205
0.999999
0.026682
0.305248
0.839477
0.999998
0.286970
1.000000
0.055547
0.954789
0.182584
0.999017
0.999540
0.967381
0.973792
0.003988
0.999992
0.816565
0.128707
0.000000
0.999974
0.999996
0.635768
0.000000
0.999672
0.635875
0.102699
0.999999
0.028812
0.327891
0.000000
0.000000
0.000000
0.597107
0.000000
0.991095
0.000000
0.715306
0.571856
0.897416
0.989896
0.000000
0.016114
0.806394
1.000000
1.000000
0.512356
0.778930
0.000000
0.999959
0.012638
0.828057
0.889042
0.952644
0.000000
0.000000
0.622795
0.940055
0.957541
0.114009
1.000000
0.643462
0.000000
0.975609
0.931169
0.436920
0.830738
0.957771
0.999974
0.000000
0.000000
0.000713
0.934433
0.729037
0.999157
0.990308
0.939628
0.429402
0.290467
0.973171
0.751161
0.293169
0.988783
0.999641
0.774020
0.000000
0.000000
0.756079
0.829044
0.664715
0.135762
0.369644
0.995230
0.994943
0.905764
0.663009
0.456036
0.270961
0.999993
0.956982
0.698061
0.824702
0.999998
0.002104
0.997219
0.199864
0.351680
0.000000
0.689852
0.848738
0.949293
0.988062
0.178621
0.620495
0.311367
0.999999
0.133631
0.383090
0.464614
0.000000
0.000000
0.799974
0.782574
0.999996
0.000000
0.244702
0.859403
0.871906
0.000000
0.126660
0.999955
0.000000
0.706209
0.754404
0.982865
0.929426
0.224207
0.998719
0.000000
0.972138
0.157737
0.014642
0.999238
0.559991
0.018697
0.542226
0.979472
0.679747
0.998238
0.046088
0.994669
0.000000
0.019707
0.225406
0.664990
0.885178
0.877719
0.630275
0.987019
0.763426
0.478004
0.986695
0.728669
0.952373
0.382375
0.989654
0.915898
0.000000
0.415423
0.820067
0.147556
0.000000
0.342142
0.999775
0.888769
0.999998
0.862878
0.998850
0.662651
0.965353
0.998063
0.999985
0.534219
0.933472
0.000000
0.994688
0.680815
0.885297
0.017832
0.924077
0.914376
0.986549
0.000000
0.006874
0.000000
0.000000
0.823348
0.913432
0.000000
1.000000
0.363702
0.059969
0.999912
0.000000
0.000000
0.039320
0.000000
0.999998
0.051498
0.919930
0.998327
0.000000
0.542893
1.000000
0.844703
0.000000
0.731661
0.886680
0.001179
0.877840
0.419574
0.999633
0.000000
0.992955
0.374383
0.995433
0.957725
0.000000
1.000000
0.902651
0.738890
0.000000
0.998736
0.000000
0.993127
0.268852
1.000000
0.000000
0.067229
0.727458
0.000000
0.992046
0.923433
0.588766
0.457153
0.317642
0.260873
0.000000
0.011370
0.997246
0.927928
0.000000
0.915395
0.944403
0.000000
0.000071
0.929970
0.000000
0.994168
0.994786
0.958394
0.056475
1.000000
0.603018
0.999356
1.000000
0.911161
0.046168
1.000000
0.998371
0.918994
0.000000
0.000000
0.417298
0.000335
0.365329
1.000000
0.790509
0.077618
0.692139
1.000000
0.998080
0.000000
0.384330
0.863122
0.000666
0.000000
0.918994
0.000000
0.011824
0.073961
0.071960
0.000000
0.857002
0.992134
1.000000
0.000000
0.762185
0.969994
0.738712
0.992526
0.800430
0.345167
0.974995
0.882606
0.906323
0.000000
0.992779
0.999974
0.003022
0.999980
0.999986
0.204339
0.941579
1.000000
0.280668
0.703243
0.344595
0.742318
0.093072
0.691624
0.821991
0.666323
0.263116
0.739719
0.000000
0.966262
0.910064
0.984320
0.971278
0.997741
0.921784
0.440388
0.000002
0.623293
0.018239
0.701058
0.024700
0.000000
0.234848
0.227039
0.000000
0.306939
0.000000
0.750127
0.770212
0.994037
0.988839
0.999999
0.999733
1.000000
0.000000
0.989994
0.464398
0.388576
0.968280
0.934228
0.000000
0.000000
0.807182
0.000000
0.000000
0.761878
0.998414
0.003501
0.998234
0.113131
0.794043
0.004529
0.999436
0.553091
0.996842
0.760527
0.999919
0.971026
0.000000
0.999877
0.738338
0.227148
0.946642
0.994171
0.314752
0.958514
0.990279
0.567186
0.987745
0.998348
0.997710
0.000000
0.000000
0.939780
0.446296
0.866395
0.670671
0.962606
0.997493
0.999995
1.000000
0.330779
0.981720
1.000000
0.459936
0.000000
0.006191
0.000194
0.984936
0.762370
0.976399
0.396855
0.214365
0.509514
0.946716
1.000000
0.943781
0.925283
0.918387
0.946495
0.324750
0.980941
0.779972
0.000000
0.990097
0.000000
0.000000
0.000000
0.957437
0.528194
0.768386
0.946102
0.800510
0.865086
0.992069
0.934272
0.892790
0.872716
0.033444
0.000000
0.908452
0.656601
0.000000
0.974853
0.085277
0.000000
0.974205
0.967712
0.999604
0.027003
0.986702
0.998225
0.911118
0.022433
0.997651
0.000000
0.995698
0.111549
0.000000
1.000000
0.458208
0.000000
0.212907
0.061555
1.000000
0.972123
0.996021
0.616510
0.999969
0.778527
0.588438
0.926868
0.993928
0.856927
0.981018
0.935012
0.846516
0.942399
0.715878
0.891759
0.983687
0.075948
0.998872
0.000000
0.000000
0.202729
0.008715
1.000000
1.000000
0.998773
0.977929
0.654046
0.981918
0.935533
0.912200
0.654422
0.947803
0.938494
0.997412
0.823708
0.987596
0.999989
0.867479
0.999018
0.924755
0.000000
0.000000
0.635216
0.813951
0.939816
0.979888
0.770282
0.974691
0.079242
1.000000
0.840953
0.000000
0.999995
0.999837
0.421384
0.998847
0.466969
0.000000
0.996638
0.947434
0.831893
0.000000
0.026939
0.292096
0.977176
0.035809
0.916209
0.000000
0.912710
0.426009
0.982054
0.946180
0.999664
0.999957
0.858245
0.339098
0.000000
0.724562
0.169972
0.929639
0.999537
0.999966
0.870254
0.869172
0.207841
0.999987
0.928485
0.798767
0.999996
0.685398
0.833927
0.093440
0.999999
0.604472
0.853087
0.106085
0.929557
0.743198
0.943601
0.941530
0.995678
0.955834
0.693739
0.010639
1.000000
0.180182
0.120318
0.453144
0.986718
0.101220
0.811245
0.000000
0.000000
0.000000
0.997921
0.000000
0.643216
1.000000
0.000000
0.835076
0.000000
1.000000
0.009180
0.373122
0.127488
0.863399
0.920692
0.000000
0.945962
0.835114
0.180241
0.332384
0.989581
0.999992
0.979655
0.398717
0.000000
0.727420
0.907314
0.853214
0.981740
0.996789
0.999053
0.997167
0.760445
0.887851
0.735644
0.368397
0.999979
0.651498
0.416094
0.001870
0.924863
0.600638
0.670360
0.994914
0.882282
0.000000
0.702123
0.233707
1.000000
0.369526
0.833834
0.383395
0.049787
0.389470
0.997795
0.225905
1.000000
0.934433
0.544620
0.997699
0.000000
0.988012
0.954400
0.529502
0.000000
0.000000
0.000000
0.483131
0.001723
0.365375
0.867367
0.000000
0.878820
1.000000
0.911700
0.941519
0.114803
0.588900
0.999999
0.530046
0.727091
1.000000
0.000000
0.999992
0.991996
1.000000
0.439447
0.040335
0.999356
0.523705
0.201714
0.132076
0.810088
0.336397
0.874000
0.109028
0.999997
0.065613
0.463660
0.014767
0.921910
0.147864
0.821718
0.000000
0.906620
0.000000
0.979935
0.000000
0.842657
0.996914
0.000000
0.966802
0.929450
0.825888
0.000000
0.000000
0.444831
1.000000
0.008112
0.999999
0.000000
0.900154
0.000000
0.596505
0.031524
0.039883
0.862458
0.783255
0.723496
0.974459
0.981008
0.037807
0.845847
0.999693
0.144509
0.550671
0.999543
0.264879
0.827154
0.623078
0.814227
0.999279
0.910143
0.211311
0.782630
0.000000
0.000000
0.946390
0.928813
0.000000
0.913193
0.000000
0.000000
0.998041
0.534349
0.459485
0.989396
0.833899
0.961909
0.999378
1.000000
0.835126
0.988113
0.744537
0.951703
0.828868
0.000000
0.998405
0.128878
0.603038
0.068493
0.959735
1.000000
0.999867
0.000000
0.114399
0.999988
0.805211
0.475187
0.814383
0.655777
0.999861
1.000000
0.999999
0.000000
0.004429
0.881536
0.999700
0.910246
0.914161
0.999998
0.977841
0.940531
1.000000
0.000000
0.999992
0.997759
0.740997
0.000000
0.767037
0.999983
0.876340
0.000000
0.989015
0.862807
0.912494
0.044448
0.000000
1.000000
0.990396
0.999999
0.995995
0.998103
0.583664
0.882512
0.993965
0.905420
0.998920
0.000000
0.578886
0.957507
0.065765
0.000000
0.000000
0.999995
1.000000
0.998652
1.000000
0.000351
0.000000
0.999990
0.999884
1.000000
0.929873
1.000000
0.887661
0.946649
0.998652
0.905960
0.005724
0.870150
0.689718
0.713947
1.000000
0.804274
0.160760
0.921895
0.996161
0.422114
0.577746
0.000000
0.000000
1.000000
1.000000
0.997446
0.116414
0.323115
0.000000
0.994097
0.929486
0.005794
0.730255
0.023684
0.942631
0.104527
0.486557
0.160466
0.997605
0.000000
0.996738
0.887411
0.000000
0.000000
0.383945
0.000476
0.908041
0.000000
0.386054
0.785694
0.779389
0.994606
0.994143
0.391655
0.997500
0.000000
0.997800
0.554895
1.000000
0.075175
1.000000
0.868975
0.000000
0.000000
0.894421
0.999994
0.534738
0.722058
0.416431
0.664746
0.000000
0.992007
0.995663
0.999542
0.454538
0.999711
0.999966
0.992103
1.000000
0.971817
1.000000
0.000000
0.948269
0.999770
0.944808
0.000000
0.099409
0.876041
0.988266
0.497059
0.889538
0.839505
0.996882
0.819081
0.000000
0.000000
0.558752
0.000000
0.533330
0.000000
0.000000
0.860873
0.832736
0.999663
0.996688
0.004026
0.073979
0.976763
0.993657
0.943733
0.998163
1.000000
0.873771
0.998405
0.000000
0.818545
0.762460
1.000000
0.636608
0.989917
0.973805
0.000000
0.999997
0.984595
0.000000
0.624779
0.468320
0.920578
0.942181
0.994649
0.862910
0.841268
0.063354
0.683111
0.152911
0.876747
0.352153
0.733988
0.943047
0.999678
0.830853
0.961161
0.970520
0.999393
1.000000
0.787375
0.990029
0.046354
0.131758
0.987886
0.841144
1.000000
0.688004
0.000000
0.015250
0.600169
0.997944
0.639831
0.457945
0.493357
0.939479
1.000000
0.198063
0.060105
0.904977
0.926181
0.091603
0.267393
0.736986
0.232991
0.853162
0.995848
0.007142
0.915275
0.999992
0.793736
0.073985
0.261622
0.000000
0.884527
0.524046
0.000000
0.000000
0.917624
0.999385
0.000000
1.000000
0.378809
0.973964
0.999131
0.022954
0.000000
0.935001
0.919426
0.978491
0.380702
0.000000
0.996948
0.041232
0.827808
0.992826
1.000000
0.562681
0.998737
0.078139
0.860722
0.978657
0.528570
0.999958
0.617036
0.897880
0.896872
0.458954
0.000000
0.996754
0.700211
0.000000
0.670848
0.717624
0.938265
0.584107
0.795429
0.780762
0.861994
0.509840
0.663053
0.740704
1.000000
0.595078
0.018201
0.576144
0.000000
0.738761
0.866395
0.540670
0.085066
0.990962
0.007643
0.997625
0.478004
0.000000
0.000000
1.000000
0.540172
0.708542
0.056413
0.998137
0.923967
0.999923
0.000000
0.867692
0.347614
0.000000
0.159011
0.340957
0.996534
0.960076
0.999986
0.728964
0.000000
0.515742
1.000000
0.000000
0.995810
0.962606
0.063253
0.824316
0.000000
0.179206
0.960697
0.849651
0.887711
0.945527
0.000030
0.000000
0.830908
0.000000
0.140909
0.444831
0.000000
0.739905
0.852235
0.848033
0.383497
0.829133
0.000000
0.000000
0.906654
0.999973
0.012644
0.601953
0.823370
0.855332
1.000000
0.997109
0.901807
0.826591
0.862357
0.981064
0.991744
0.312308
0.000000
0.778161
0.000000
0.995729
0.931997
0.016631
0.822655
0.645561
0.000651
0.290071
0.874224
0.753029
0.073479
0.999374
0.885807
0.694833
1.000000
0.878602
0.870671
0.016662
0.440976
0.887357
0.951257
0.999403
0.999977
0.000000
0.000000
0.430406
0.999744
0.998216
0.827519
0.000000
0.928135
0.877890
0.066627
0.982110
0.737185
0.023127
0.999722
0.000000
0.000000
0.937074
0.989276
0.960297
0.855782
0.936322
0.000000
0.000000
0.000000
0.581434
0.000000
0.999377
0.938143
0.999998
0.780160
0.355135
1.000000
0.000000
0.998485
0.968706
0.999537
0.000583
1.000000
0.123466
0.907553
0.830537
0.000000
0.973393
0.000000
1.000000
0.996708
1.000000
0.620816
0.995320
1.000000
0.000000
0.083244
0.000563
0.964596
0.396208
0.033369
0.970237
0.352416
0.471132
0.089020
0.975707
0.891184
1.000000
0.999779
0.897705
0.010629
0.064018
0.988910
0.996682
0.483454
0.000000
0.580702
0.572839
0.911650
0.000000
0.999962
0.999947
1.000000
0.422157
0.000000
0.358105
0.823708
0.793718
0.954208
0.784262
0.929437
0.000000
0.999866
0.740844
0.624985
0.073648
0.995645
0.898884
0.624675
0.488917
0.995341
1.000000
0.957385
0.000000
0.042421
0.000000
0.990635
0.055112
0.000000
1.000000
0.998035
0.999997
0.993147
0.000000
0.989953
0.000000
0.978542
0.000000
0.623870
0.837644
0.996934
0.189652
0.877439
0.219223
0.077429
0.887213
1.000000
1.000000
0.943460
0.716299
0.953124
0.000000
0.738446
0.645094
0.650343
0.387536
0.480503
1.000000
1.000000
0.794770
0.982054
0.040030
0.000000
0.958601
0.820583
0.999955
0.950679
0.050985
0.017279
0.992247
0.000000
0.000000
0.072020
0.998184
0.988726
0.983383
0.997104
0.919713
0.766978
0.674362
0.000004
0.969747
0.956246
0.565404
0.998848
0.988175
0.675011
0.982118
0.569874
0.947345
0.900133
0.991116
0.008195
0.791478
0.318691
0.959031
0.771828
0.000094
0.000000
0.169603
0.997430
0.045790
0.920670
0.423827
1.000000
0.999794
0.672634
0.894609
0.691877
0.735694
0.872423
0.018827
0.362693
1.000000
0.999673
0.653765
0.999932
0.999993
0.770572
0.644347
0.892776
0.993457
0.990901
0.816532
0.012617
0.985932
0.984543
0.736046
0.000000
0.984112
0.556658
1.000000
0.999795
0.339037
0.250583
0.843052
0.975576
0.000000
0.981684
0.827924
0.000000
0.828635
0.668546
0.964449
0.315595
0.998955
0.997701
1.000000
0.999690
0.926698
0.975978
0.000004
0.000000
1.000000
0.998394
0.000000
0.993023
0.999966
0.992394
0.000000
0.956832
0.287586
0.888969
0.955466
0.999997
0.403619
0.969113
0.345808
0.000000
0.999021
0.418190
0.999270
1.000000
0.318562
0.228238
0.572620
0.495854
0.121117
0.653977
0.979825
0.994417
0.471091
0.000000
0.483952
0.980938
0.351803
0.924337
0.000000
0.000000
1.000000
0.000000
0.992755
0.999955
0.853087
0.999962
0.656429
0.731341
0.978318
1.000000
0.999909
0.995727
0.309270
1.000000
0.060266
0.998643
0.975496
0.999657
0.952897
0.813325
0.188910
0.999883
0.958055
0.991938
0.973577
0.890431
0.592244
0.818764
1.000000
0.031595
0.917837
0.902391
0.016219
0.784424
0.985277
0.999821
0.944077
0.987376
0.318733
0.432731
1.000000
0.954787
0.279073
0.822833
0.936818
0.443261
0.000000
0.945606
0.933257
0.000000
0.282167
0.739270
0.690956
0.994749
0.041350
0.902424
0.881328
0.008412
0.999555
0.852282
0.773979
1.000000
0.944372
0.999971
0.882473
0.119868
0.598259
0.000000
0.929756
0.999972
0.927841
0.952180
1.000000
0.124066
0.426339
0.701902
0.289448
0.994170
0.772137
0.173947
0.317054
0.999972
0.999925
0.067292
0.009100
1.000000
0.999900
0.997499
0.616832
0.766023
0.718907
0.999688
1.000000
0.748217
1.000000
0.778584
0.871156
0.947480
0.000000
0.112969
0.794592
0.026810
0.000000
0.626855
0.999958
0.011881
0.736886
0.919537
0.953219
0.000000
0.690892
0.148310
0.999969
0.000000
0.102472
0.694039
0.810111
0.994913
0.979459
0.708289
0.898359
0.998252
0.229811
0.935433
0.000000
0.954216
0.846112
0.000000
0.844327
0.000000
0.410254
0.263853
0.747957
0.992997
0.000000
0.291046
0.957132
0.979399
0.000000
0.879053
0.999692
0.602358
0.000000
0.988850
0.980941
0.000000
0.000000
0.029828
0.641030
0.000000
0.000000
0.999995
0.623957
0.987634
0.045781
0.007605
0.918523
0.000000
0.998340
0.998587
0.995460
0.993485
0.957508
0.289713
0.986948
0.784908
0.925706
0.979504
0.000000
0.876911
0.991957
0.768799
0.198280
0.535063
0.000000
0.814981
0.000000
0.992489
0.880381
0.999995
0.114379
0.686891
0.999964
0.879964
0.963506
0.006504
0.816630
0.000000
1.000000
0.004117
0.690938
0.646252
0.244253
0.898082
0.999903
0.000000
0.995087
0.999226
0.082372
0.523799
0.862333
0.798382
0.933333
0.362824
0.720539
0.183298
0.011983
0.004565
0.999453
0.705728
1.000000
0.768436
0.516470
0.000000
0.979742
0.969301
0.035511
0.988417
0.998592
0.967202
0.979200
0.054152
0.293686
0.000000
0.999999
0.201547
0.594988
0.999966
0.513797
0.993651
0.588480
0.703458
0.983609
0.588203
0.152911
0.990861
0.999957
0.266178
0.909964
0.900349
0.605097
0.000000
1.000000
0.912241
0.777404
0.940987
0.906838
0.963310
0.639539
0.028374
0.000000
0.299344
0.861161
0.769357
0.445903
0.978917
0.930241
0.901408
0.011011
0.000205
0.654301
0.885018
0.999505
0.992887
0.105746
0.343311
0.772947
0.989649
0.943342
0.000000
0.922710
0.852679
0.631857
0.746449
0.844721
0.073478
0.997656
0.908072
0.030258
0.846402
0.000000
0.630608
1.000000
0.254354
0.982244
0.406373
0.999994
0.895316
0.971197
0.000000
0.000000
0.892008
0.270955
0.993842
0.181577
1.000000
0.790358
1.000000
0.987855
0.912119
1.000000
0.961159
0.865814
0.999949
0.989948
0.898082
0.954941
0.000000
0.287178
0.998004
0.915829
0.169268
0.683865
0.998963
0.648846
0.431568
0.991938
0.573527
0.003728
0.031346
0.911803
0.880384
0.990581
0.998251
0.397764
0.000000
0.033989
0.218134
0.000000
0.287535
0.999951
0.982029
0.000000
0.954787
0.999876
0.724558
0.995441
0.000000
0.478101
0.998878
0.945654
0.234929
1.000000
0.859305
0.000000
0.980289
1.000000
0.805064
0.916185
0.929723
0.000000
0.983839
0.489390
0.411677
0.000000
0.988826
0.000000
0.982588
0.918463
0.000000
0.000000
0.508883
0.980556
0.598420
0.493656
0.999997
0.640570
0.000000
0.877763
0.783370
0.910057
0.968901
0.792590
0.853329
0.972245
0.992240
0.999589
0.000000
0.767222
0.554154
0.000000
0.999916
0.969350
0.125273
0.000000
0.000000
0.881443
0.689852
0.999336
0.405538
0.000000
0.993770
0.000000
0.999936
0.268543
0.999989
0.193266
0.505514
0.000000
1.000000
0.999997
0.884810
0.000000
0.999508
0.996470
0.822995
0.017779
0.972715
0.991093
0.000000
0.000000
0.475537
0.000000
1.000000
0.766933
0.986141
0.912262
0.033117
0.738494
0.000000
0.146533
0.022262
0.957008
0.766011
0.815063
0.406878
0.699275
0.749896
0.287601
0.047129
0.957483
0.000000
0.072115
0.979487
0.999995
0.802571
0.000000
0.454969
0.994893
0.900926
0.609562
0.719226
0.000000
0.980436
0.988637
1.000000
1.000000
0.000000
0.594076
0.985154
0.994707
0.004867
0.952090
0.977941
0.218001
0.983023
0.640368
0.988206
0.221107
0.429995
1.000000
1.000000
0.000980
0.996941
0.600243
1.000000
1.000000
0.000000
0.092807
0.000000
0.008493
0.000000
0.575649
0.408326
0.936627
0.927805
0.421106
0.070044
0.975568
0.694141
0.982592
0.998658
0.929756
0.143544
0.469639
0.999612
0.535406
0.000000
1.000000
0.765823
0.122123
0.600238
0.840344
0.080428
1.000000
0.752475
0.999997
0.999879
0.000000
0.655106
0.000000
0.984976
0.000000
0.945441
0.869309
0.824304
0.011046
1.000000
0.008157
0.000000
0.598163
0.913180
0.000000
0.000000
0.563830
0.000000
0.974409
0.982294
0.999959
0.751370
0.999439
0.443448
0.535743
0.000000
0.864481
0.312358
0.999943
0.964865
0.985135
0.128589
0.094641
0.000000
0.998691
1.000000
0.864025
0.988436
0.711521
0.989948
0.441833
0.000000
0.994299
0.995956
0.790146
1.000000
0.000000
0.068778
0.565077
0.950213
0.000000
0.000000
0.004282
0.013923
0.582016
0.247394
0.753419
0.000000
0.796879
0.945729
0.806803
0.999995
0.000000
1.000000
0.999791
0.768799
0.184365
0.999897
0.973855
0.998692
0.986727
0.000000
0.981146
0.854557
0.788464
0.690909
0.010010
0.940326
0.702412
0.575234
0.959723
0.961502
0.653943
0.924528
0.857493
0.981260
1.000000
0.803836
0.532417
0.932197
0.001142
0.777525
0.583557
0.667759
0.993815
0.096104
0.327002
0.740755
0.917094
0.999146
0.056485
0.822079
0.003597
0.985502
0.964867
0.997845
0.000001
0.000000
0.998150
0.586591
0.945695
1.000000
0.739050
0.966974
0.983230
0.210490
0.653184
0.999986
0.012643
0.973370
0.999732
0.992283
0.000000
0.998050
0.521441
0.766509
0.052882
0.994743
1.000000
0.826489
0.716533
1.000000
0.000000
0.263963
0.000000
0.000000
0.906103
0.306394
0.000000
1.000000
0.000000
0.000000
0.960727
0.812580
0.951427
0.000000
0.903271
0.149543
0.999533
0.032746
0.000000
0.467733
0.994313
1.000000
1.000000
0.971734
0.996726
0.990212
1.000000
0.890942
0.935359
0.000000
0.999877
0.000347
0.859631
0.559746
0.958086
0.028253
0.170952
0.987893
0.968742
0.242787
0.937259
0.559166
1.000000
0.872210
0.341842
0.999973
0.747505
0.739883
0.951026
0.972287
0.737091
0.992851
0.692822
0.199286
0.991806
0.753711
0.740754
0.985393
0.229853
1.000000
1.000000
0.000000
0.068525
0.583533
0.999961
0.934907
0.999796
0.999362
0.000000
0.988084
0.864707
0.000000
0.000000
0.836390
0.010164
0.951675
0.000000
0.000000
0.999973
0.646216
0.007204
0.593668
0.675666
0.153157
0.000000
0.964986
0.493345
0.999999
0.000000
0.837574
0.594888
0.925500
0.000591
1.000000
0.671973
0.894597
0.416407
0.962854
0.000000
0.856853
0.918103
0.756994
0.463436
0.326619
0.897200
0.786221
0.972061
0.701287
0.973957
0.221167
0.582130
0.050263
0.054768
0.629306
0.000200
0.775712
0.000000
0.000000
0.445138
0.869822
0.667992
0.816592
0.945403
0.888074
0.999665
0.435572
0.998670
0.999977
0.998494
0.141208
1.000000
0.012643
0.999557
0.000761
0.992133
0.000000
1.000000
0.717961
0.688757
1.000000
0.995790
0.000486
0.979026
0.887769
0.738458
0.999836
0.984401
0.000000
0.767095
0.211590
0.851739
0.000000
0.890133
0.997459
0.000000
0.975326
0.562611
0.000000
0.716424
0.999998
0.675149
0.995018
0.887280
1.000000
0.546295
0.842747
0.000000
0.215997
0.000000
0.718488
0.193134
0.605045
0.000000
0.997775
0.497327
0.958371
0.970910
0.995609
0.890515
0.941884
1.000000
1.000000
0.679919
1.000000
0.674746
0.474923
0.895355
0.718151
0.317974
0.899634
0.919513
0.000000
0.000000
1.000000
0.999809
0.975119
0.873235
0.444577
0.021838
0.979842
0.891460
0.999999
0.123482
0.987114
0.653471
0.371680
0.486620
0.415801
0.412825
0.000000
0.999953
0.845677
0.987211
0.869895
0.000000
0.000000
0.957910
0.852056
0.999780
0.000000
1.000000
0.996079
0.000000
0.108956
0.479857
0.984915
0.000000
0.677828
0.048208
0.005781
0.977943
0.789992
0.994178
0.919733
0.000000
0.999998
0.667896
1.000000
0.917656
0.924904
0.000000
0.674032
1.000000
0.433405
0.861419
0.171476
0.822141
0.143547
0.939701
1.000000
0.998340
0.530841
0.998024
0.655030
0.000000
0.411320
0.999855
0.872571
1.000000
0.999997
0.615447
0.663712
0.935174
0.909641
0.998077
0.917472
0.998006
0.817575
1.000000
0.119618
0.900031
0.977954
0.142761
0.999991
0.964579
0.990581
0.000000
0.429442
0.640335
0.820144
0.832450
0.988171
0.999999
0.167975
0.208282
0.570244
0.988092
0.994378
0.657728
0.002375
0.000000
0.960680
0.698078
0.019670
0.898966
0.000000
0.822655
0.742395
0.853665
0.147498
0.989614
0.999994
0.000000
0.000000
0.998450
0.617356
0.168861
0.825638
1.000000
0.872879
0.461347
0.000000
0.000000
0.923114
0.000000
0.804891
0.851162
0.961655
0.985013
0.409792
0.245150
0.999983
0.089859
0.000000
0.999908
0.999654
0.703237
0.000000
0.920972
0.528136
1.000000
0.320600
0.794107
0.923602
0.762586
0.588766
0.977690
0.157586
0.827125
0.897200
0.414253
0.913691
0.000527
0.596536
0.000000
0.929889
0.997710
0.446159
0.000000
0.000000
0.999865
0.322218
0.611434
0.952543
0.777155
0.490026
0.985596
0.000000
0.839496
0.006768
0.000000
0.993267
0.782121
0.999304
0.000000
0.998395
0.345046
0.000000
0.000000
0.929592
0.962038
0.306087
0.999665
0.201143
0.000000
0.043451
1.000000
0.864063
0.996747
0.964483
0.753567
0.072528
1.000000
0.631820
0.852382
0.981839
0.000462
0.856853
0.834133
0.980818
0.981636
0.000000
0.000000
0.999361
1.000000
1.000000
0.974778
0.000000
0.000000
0.000000
0.354577
0.857789
0.000000
0.091245
0.562524
0.991256
0.625877
0.035552
0.954901
0.890752
0.999961
0.874093
0.811165
0.937393
0.156300
0.999594
0.000000
0.990452
1.000000
0.000000
0.991907
0.767197
0.334294
0.786156
0.016010
0.993016
0.273634
1.000000
0.999928
0.968245
0.967345
0.970245
0.055354
0.856853
0.646054
1.000000
0.588257
0.451839
1.000000
0.700493
0.990361
0.000000
0.113755
0.983089
0.922691
0.000000
0.081069
0.965429
0.924246
0.212499
1.000000
0.999999
1.000000
0.998138
1.000000
0.000000
0.000121
0.001074
0.000000
0.387037
0.721634
0.989119
0.000000
0.981101
1.000000
0.601205
0.153370
0.611350
0.976143
0.075685
0.920669
0.757222
0.029673
0.000000
0.859731
0.932822
1.000000
0.621003
0.926688
0.981713
0.993167
1.000000
0.997684
1.000000
0.000000
0.997997
0.999414
0.997223
0.168149
0.735729
0.000000
0.000000
0.134087
0.000000
0.194176
0.930589
0.000320
0.026087
0.882094
0.829271
0.000000
0.983699
0.000000
0.000000
0.000000
0.999658
0.488695
0.790410
0.998050
0.091626
0.992583
0.899634
0.002613
0.074330
0.796451
0.995651
0.945567
0.000000
0.000000
0.879964
0.874288
0.078170
0.012148
0.565584
0.989931
0.992538
0.000000
0.000000
0.308875
0.000000
0.833172
0.045186
0.987866
0.859268
0.808175
0.966110
0.668056
0.895332
0.069069
0.997327
0.000000
0.765136
0.656918
0.921317
0.496883
0.988741
0.000000
0.014771
0.999902
0.000000
0.000000
0.999981
0.000000
0.884991
0.000000
0.986120
0.902153
0.982162
0.000000
0.762321
0.887831
0.795353
0.118525
0.992685
0.976486
0.998605
0.054849
0.823937
1.000000
0.976049
0.012849
0.355325
0.999347
0.981305
0.994919
0.664730
0.942539
0.000000
0.000000
0.604203
0.844734
0.663274
0.000000
0.804628
0.230111
0.988952
0.837873
0.777214
0.741862
1.000000
0.879405
0.119172
0.997498
0.996332
0.858996
0.878897
0.874575
0.861523
0.689151
0.000000
0.000000
0.644315
0.935510
0.851729
1.000000
0.963378
0.000000
0.942641
1.000000
0.999994
0.000000
0.693643
0.000000
0.609861
0.000000
0.000000
0.904268
0.014099
0.997481
0.915772
0.168937
0.034799
0.987180
0.984600
0.041575
0.971324
0.469303
0.601296
0.826446
0.999910
0.000000
0.314635
0.999937
0.997246
0.764171
0.834874
0.896086
0.360199
0.570622
0.555911
0.999003
0.996409
0.999754
0.738602
0.993473
0.975239
0.000000
0.000000
0.444831
0.987083
1.000000
0.000000
0.221172
0.074195
0.061474
0.930839
0.000000
0.000811
0.930464
0.007879
0.335257
0.954269
0.000000
0.969727
0.000000
0.040434
0.990205
0.000000
1.000000
0.002623
0.000000
0.537406
0.030677
0.471983
0.000000
0.393340
0.999849
0.940721
0.019856
0.025654
0.803449
0.194149
0.897106
0.000000
0.309124
0.879716
0.999978
0.000000
0.957541
0.000000
0.734270
0.232077
0.714356
0.444285
0.160331
0.111303
0.404805
0.836383
0.320251
0.999167
0.661472
0.811921
0.000000
0.976059
0.024524
0.154702
0.992685
0.648292
0.681920
0.006747
0.999232
0.000000
0.999932
0.995882
1.000000
0.077956
0.486341
0.999705
0.999883
0.000000
0.000000
0.102309
0.855081
0.711437
0.906503
0.787993
0.010639
0.000000
0.913204
0.848395
0.964924
0.889966
0.892057
0.000000
0.820137
0.984721
0.574939
0.518863
0.905636
0.000000
0.999439
0.999988
0.848561
0.742984
0.471983
1.000000
0.000000
0.994903
0.795942
0.029385
0.994905
0.043135
0.996565
0.033903
0.995894
0.889589
0.881174
0.952725
0.505386
0.478903
0.000000
0.948960
0.992948
0.905394
0.999966
0.000000
0.999665
0.967591
0.989762
0.000000
0.927768
0.223295
0.719468
0.998340
0.979004
0.823412
0.574170
0.960175
0.000000
0.000000
0.071611
0.974945
0.122272
0.878879
0.944011
0.457914
0.929356
0.000000
0.802740
0.952675
0.933807
0.769395
0.000000
0.336788
0.253958
0.000000
0.918636
0.000000
0.150829
0.999975
0.989088
0.637679
0.059245
0.000000
0.000000
0.831490
0.001997
0.000665
0.000000
0.425140
0.993500
0.895147
0.965798
0.024448
0.634438
0.799823
0.999894
0.048350
1.000000
0.928538
0.913263
0.471436
0.893521
1.000000
0.967446
0.000000
0.300775
1.000000
0.999936
1.000000
1.000000
0.000000
0.934685
0.000000
0.000000
0.683355
0.858872
1.000000
0.999999
0.034425
0.000000
0.999681
0.000000
0.987293
0.919092
0.000000
0.999994
0.003408
0.627546
0.911446
0.774900
0.980480
0.000000
0.929291
0.998937
0.088600
0.104139
0.784422
0.998785
0.000000
0.942757
1.000000
0.000000
0.910345
0.938350
0.999029
0.580936
1.000000
0.619515
0.866465
0.748428
0.359401
0.062468
0.000000
0.933445
0.784104
0.000000
0.815935
0.994553
0.997024
0.486111
0.000000
0.997024
0.316389
1.000000
1.000000
0.999974
0.597152
0.965040
0.798021
0.602439
0.048492
0.942735
0.961446
0.444807
0.684879
0.609477
0.999346
0.924904
1.000000
0.348331
0.000000
0.808439
0.542207
0.000000
0.000000
0.056638
0.709536
0.000000
0.967633
0.089231
0.585880
0.000001
0.939560
0.243762
0.668905
1.000000
0.970550
0.931622
0.999859
0.807189
0.998836
0.993918
0.999349
0.982592
0.761180
0.967707
0.999998
0.936554
0.045733
0.998624
0.000000
0.827440
0.872809
0.024622
0.963714
0.636893
1.000000
0.623957
0.968149
0.698712
0.924094
0.941546
1.000000
0.999651
0.984174
0.094423
0.244253
0.979423
0.000000
0.999957
1.000000
0.444105
0.897381
0.205695
0.992699
0.000000
0.936788
0.000000
0.999999
0.961790
0.968829
0.999997
0.928839
0.000000
0.999571
0.998555
0.898794
0.203947
0.000000
0.999957
0.577427
0.972760
0.826882
0.896879
0.878470
0.924492
0.454147
0.000000
1.000000
0.403833
0.681148
0.000000
0.947274
1.000000
0.958349
0.498214
0.999367
0.658249
0.000000
0.000000
0.000000
0.000000
0.951989
0.820315
0.924486
0.563782
0.876493
0.000000
0.651217
0.995987
0.574563
0.999654
0.895392
0.318053
0.935650
0.861476
0.116695
0.918951
0.984768
0.000000
0.006401
0.514988
0.967080
0.414304
0.638600
0.000000
0.000000
0.907712
0.000000
0.000000
0.299361
0.671137
0.630860
0.052483
0.999665
0.987995
0.000000
0.768386
0.392816
0.871513
0.983740
1.000000
0.948789
1.000000
0.988221
0.814201
0.999989
0.999973
0.000000
0.939250
1.000000
0.999982
1.000000
0.999930
1.000000
0.976455
0.137674
0.884695
0.874685
0.000000
0.000000
0.986767
0.286415
0.846365
0.332423
0.780238
0.888685
0.398286
0.915977
0.962273
0.710307
0.028549
0.064510
0.000000
0.956066
0.839444
0.746270
0.999279
0.404446
0.846282
0.931507
0.999998
0.465346
0.842902
0.359039
0.134413
0.999903
0.999955
0.000000
0.013617
0.068781
