0.000000
0.026150
0.000000
0.999997
0.000000
0.000000
0.000000
0.002229
0.000000
0.000000
0.000000
0.017549
0.000000
0.000000
0.000000
0.000000
0.000000
0.000000
0.264121
0.000000
0.000000
0.000000
0.000000
0.001793
0.000000
0.000000
0.032928
0.004350
0.000000
0.000000
0.000000
0.000000
0.000261
0.000000
0.000000
0.000000
0.000000
0.000000
0.000000
0.316410
0.000000
0.000000
0.675026
0.043116
0.000000
0.000000
0.000000
0.000000
0.000000
0.232803
0.000000
0.000000
0.001687
0.000000
0.000000
0.000000
0.004702
0.000000
0.000000
0.000000
0.000000
0.000000
0.000000
0.000000
0.000000
0.000000
0.000000
0.004076
0.000000
0.000000
0.000000
0.000000
0.000000
0.000000
0.011921
0.001530
0.000000
0.000000
0.005730
0.000000
0.000000
0.000000
0.000000
0.000000
0.105955
0.123472
0.000000
0.000000
0.584810
0.000528
0.219316
0.000000
0.000000
0.000000
0.022558
0.000000
0.000000
0.000000
0.000000
0.000000
0.000000
0.000000
0.000000
0.000000
0.137286
0.000000
0.000000
0.064485
0.031901
0.000000
0.000735
0.000000
0.000000
0.000000
0.000000
0.000000
0.000000
0.244237
0.000000
0.000000
0.000000
0.000000
0.000000
0.000000
0.148486
0.006942
0.000000
0.000000
0.000003
0.028376
0.000010
0.210464
0.000000
0.000000
0.000000
0.031521
0.002450
0.049227
0.000000
0.000000
0.000000
0.000000
0.000000
0.000000
0.000000
0.000000
0.127139
0.000000
0.000000
0.000000
0.000000
0.000000
0.000000
0.000000
0.000000
0.000000
0.000000
0.000000
0.000004
0.000000
0.000000
0.000000
0.000000
0.000000
0.000000
0.000000
0.000000
0.204936
0.000000
0.000000
0.000000
0.000000
0.000000
0.049504
0.276810
0.000000
0.000000
0.052117
0.000000
0.000000
0.000000
0.000000
0.000000
0.000301
0.000000
0.000000
0.002119
0.042592
0.000000
0.000000
0.000000
0.000000
0.084884
0.000000
0.000000
0.000000
0.000000
0.000000
0.000514
0.000000
0.011602
0.000000
0.000000
0.000000
0.268871
0.000000
0.211297
0.000000
0.000000
0.000000
0.000000
0.000000
0.000000
0.000000
0.000000
0.000000
0.000000
0.000000
0.000000
0.000000
0.000000
0.000000
0.000000
0.000000
0.193667
0.000132
0.000000
0.000000
0.000000
0.000000
0.000000
0.000000
0.001195
0.000000
0.000000
0.000000
0.000000
0.011218
0.000000
0.000000
0.000000
0.000000
0.000000
0.000000
0.074187
0.000000
0.000000
0.000000
0.000000
0.000000
0.000000
0.000000
0.000000
0.000000
0.452203
0.000000
0.000000
0.000000
0.000000
0.000000
0.000000
0.000000
0.000000
0.000000
0.000000
0.000000
0.000000
0.000000
0.000000
0.000000
0.000000
0.000000
0.000000
0.000000
0.035133
0.000000
0.000000
0.000000
0.000000
0.000000
0.000000
0.002016
0.000000
0.000000
0.000000
0.000000
0.000000
0.000000
0.000000
0.000000
0.000000
0.000000
0.000000
0.065896
0.000000
0.000146
0.000000
0.000000
0.000000
0.167915
0.000000
0.000000
0.000000
0.000000
0.000000
0.000000
0.000000
0.000000
0.000000
0.000000
0.000000
0.000000
0.000000
0.000000
0.000000
0.023620
0.000111
0.000000
0.000000
0.000000
0.000000
0.000000
0.000000
0.000000
0.000000
0.000000
0.000000
0.000000
0.000000
0.000000
0.000000
0.000000
0.503774
0.000000
0.001652
0.000000
0.422262
0.000000
0.000000
0.000000
0.000000
0.000000
0.000000
0.000000
0.000000
0.000000
0.000000
0.026320
0.348973
0.000000
0.000000
0.438911
0.000000
0.000000
0.000000
0.000000
0.000000
0.000000
0.000000
0.000000
0.000000
0.000000
0.000000
0.000000
0.000000
0.073323
0.000000
0.000000
0.133818
0.000000
0.000000
0.000000
0.000027
0.000000
0.000000
0.000263
0.000000
0.000000
0.000000
0.000000
0.204706
0.000000
0.000000
0.000000
0.000000
0.000000
0.000000
0.000000
0.000000
0.000000
0.000000
0.000000
0.000000
0.230161
0.000000
0.000000
0.000000
0.000000
0.000000
0.000000
0.000000
0.000000
0.000000
0.000000
0.000000
0.044881
0.000000
0.000000
0.000000
0.000000
0.000000
0.005339
0.214137
0.000000
0.000000
0.608660
0.000000
0.000000
0.000000
0.000000
0.000000
0.000000
0.000000
0.000000
0.000000
0.002302
0.000000
0.000000
0.008607
0.000000
0.000000
0.000000
0.000000
0.230823
0.000000
0.000000
0.000000
0.000000
0.000000
0.000000
0.000001
0.007532
0.000000
0.000000
0.000000
0.000000
0.000000
0.000000
0.000000
0.000000
0.000000
0.000000
0.988763
0.000000
0.000032
0.000000
0.000000
0.476217
0.000000
0.000000
0.000000
0.000001
0.000000
0.000000
0.000000
0.000000
0.000000
0.000000
0.000000
0.000000
0.000000
0.000000
0.002778
0.000000
0.000000
0.000000
0.000000
0.000000
0.000000
0.000000
0.000000
0.247085
0.000000
0.000000
0.006733
0.000000
0.000000
0.000055
0.000000
0.000000
0.000000
0.000000
0.000000
0.000000
0.000000
0.192302
0.000000
0.000000
0.000000
0.000000
0.988758
0.000000
0.000000
0.046620
0.000000
0.000000
0.000000
0.000000
0.000000
0.502565
0.000000
0.262655
0.000000
0.000000
0.000000
0.000000
0.000000
0.000000
0.000000
0.000000
0.000000
0.000000
0.000000
0.000000
0.000000
0.118392
0.000000
0.000000
0.000000
0.990619
0.000000
0.000000
0.000000
0.000000
0.547619
0.008600
0.000000
0.000000
0.000000
0.000000
0.000000
0.000000
0.000000
0.000000
0.000000
0.000000
0.000000
0.000000
0.000000
0.000000
0.000000
0.000000
0.000000
0.000000
0.000000
0.000000
0.187820
0.000000
0.000000
0.000000
0.000000
0.000000
0.000000
0.000000
0.024298
0.000000
0.000000
0.004490
0.000000
0.000000
0.000000
0.250850
0.000000
0.000000
0.187012
0.000000
0.000000
0.000000
0.000000
0.516504
0.000000
0.000000
0.000000
0.000000
0.000000
0.000000
0.087260
0.000000
0.000000
0.000000
0.000000
0.000126
0.000000
0.000000
0.937101
0.000000
0.000000
0.999936
0.000000
0.000000
0.000000
0.000000
0.644680
0.000000
0.030693
0.000000
1.000000
0.000000
0.000000
0.000000
0.000000
0.000000
0.000000
0.000000
0.000000
0.000000
0.000000
0.000000
0.021895
0.000000
0.000000
0.041533
0.000000
0.000000
0.000000
0.000000
0.000000
0.057654
0.000000
0.000000
0.000000
0.039220
0.027874
0.000000
0.000000
0.000000
0.675367
0.000000
0.000000
0.000000
0.000000
0.000000
0.000000
0.000000
0.000000
0.000000
0.000000
0.000000
0.047510
0.000000
0.000000
0.000000
0.379253
0.000000
0.000000
0.000000
0.000013
0.000000
0.030243
0.000000
0.052206
0.000000
0.000000
1.000000
0.000000
0.000000
0.000000
0.000000
0.000000
0.000000
0.000000
0.000000
0.000000
0.000000
0.000000
0.000000
0.000000
0.000000
0.000000
0.000000
0.000000
0.000000
0.000000
0.000007
0.001462
0.000000
0.026279
0.000000
0.000000
0.000000
0.008572
0.000000
0.000000
0.000000
0.000000
0.000000
0.001232
0.000000
0.000000
0.000000
0.000000
0.000000
0.000000
0.000000
0.000000
0.000000
0.000000
0.000000
0.015318
0.009335
0.021873
0.000000
0.000000
0.000000
0.000000
0.000000
0.000000
0.000000
0.000000
0.000000
0.000000
0.000000
0.000000
0.191309
0.184383
0.000000
0.000000
0.118794
0.000111
0.000000
0.000000
0.000000
0.000000
0.000000
0.000000
0.000000
0.000000
0.028439
0.000000
0.061796
0.000000
0.000000
0.000000
0.000000
0.000000
0.000000
0.000000
0.000000
0.000000
0.000000
0.000000
0.000000
0.171969
0.282723
0.000000
0.652709
0.000000
0.000000
0.000000
0.000000
0.000000
0.000000
0.000000
0.000000
0.269554
0.000000
0.000000
0.000000
0.000000
0.000000
0.000000
0.000000
0.000000
0.000000
0.000000
0.000000
0.000000
0.000000
0.000027
0.000000
0.000000
0.000000
0.000000
0.000000
0.022612
0.000000
0.000000
0.000000
0.000000
0.000000
0.000000
0.000000
0.000000
0.006558
0.000000
0.000000
0.000000
0.940045
0.000000
0.011417
0.000000
0.000000
0.000000
0.000000
0.000000
0.000000
0.000000
0.000000
0.000000
0.000000
0.033600
0.000000
0.266153
0.248543
0.005053
0.000000
0.000000
0.000000
0.027532
0.425949
0.679616
0.000000
0.000000
0.000000
0.000000
0.000000
0.000000
0.000000
0.000475
0.000000
0.000000
0.000000
0.000000
0.035385
0.008653
0.000000
0.000000
0.000000
0.000000
0.000000
0.000000
0.000000
0.000000
0.000000
0.000000
0.000000
0.000000
1.000000
0.000000
0.000000
0.000000
0.000000
0.000000
0.000000
0.111470
0.029214
0.000000
0.000000
0.000000
0.000000
0.000000
0.000000
0.000000
0.000000
0.033108
0.000000
0.000000
0.000000
0.145824
0.000000
0.000000
0.000000
0.000000
0.000000
0.000000
0.000000
0.000000
0.000000
0.000000
0.000000
0.168405
0.484543
0.000000
0.064670
0.000000
0.010229
0.000000
0.000000
0.000000
0.000000
0.000000
0.000000
0.000000
0.000000
0.070720
0.000000
0.000000
0.000000
0.000000
0.000000
0.000000
0.000000
0.000000
0.000000
0.000000
0.000000
0.000000
0.000000
0.000000
0.000000
0.000000
0.000000
0.000000
0.000000
0.000000
0.000000
0.000000
0.000000
0.000000
0.000000
0.000000
0.032698
0.320307
0.000000
0.000000
0.000000
0.000000
0.000000
0.000000
0.000000
0.000000
0.000000
0.000000
0.000000
0.000000
0.000000
0.000029
0.000000
0.000000
0.414161
0.000000
0.333674
0.000000
0.000000
0.000000
0.076943
0.000000
0.000000
0.000000
0.000000
0.000000
0.000000
0.000000
0.003701
0.000000
0.000000
0.000000
0.000000
0.000000
0.210951
0.000000
0.000000
0.000000
0.000000
0.000000
0.000000
0.000000
0.000000
0.000000
0.000000
0.000000
0.000000
0.000000
0.063434
0.000000
0.000000
0.000000
0.000000
0.001625
0.000000
0.007754
0.000000
0.000000
0.026430
0.000000
0.000000
0.000000
0.000000
0.297487
0.000000
0.000000
0.000000
0.000000
0.000000
0.000000
0.000000
0.000000
0.000000
0.000000
0.000000
0.000000
0.000000
0.000000
0.000000
0.003648
0.000000
0.000000
0.000000
0.000000
0.000000
0.000000
0.000000
0.000000
0.000000
0.218821
1.000000
0.000000
0.000000
0.000000
0.683389
0.000000
0.000000
0.000000
0.000000
0.000000
0.000000
0.000000
0.343040
0.000000
0.000000
0.000000
0.000000
0.000000
0.000000
1.000000
0.000000
0.000000
0.000000
0.000000
0.000000
0.000000
0.000000
1.000000
0.000000
0.000000
0.000000
0.000000
0.000000
0.000000
0.000000
0.086188
0.000000
0.000000
0.000000
0.000000
0.000035
0.000000
0.000000
0.000000
0.075639
0.000000
0.000000
0.000000
0.000000
0.000000
0.000000
0.000000
0.000000
0.000000
0.000000
0.000000
0.000000
0.000000
0.000000
0.000000
0.000051
0.000000
0.002318
0.000000
0.118266
0.974648
0.000000
0.000000
0.083866
0.112892
0.000000
0.000000
0.000000
0.000000
0.000000
0.000000
0.000000
0.000000
0.000000
0.125891
0.000000
0.000000
0.000000
0.000000
0.000000
0.000000
0.000000
0.000000
0.000000
0.000000
0.002357
0.000000
0.507473
0.000000
0.000000
0.000000
0.000000
0.000000
0.000000
0.000000
0.000000
0.000000
0.000000
0.999811
0.000000
0.000000
0.000000
0.000000
0.000000
0.000000
0.000000
0.000000
0.001653
0.000001
0.000000
0.000000
0.000000
0.000000
0.000000
0.000000
0.000188
0.000000
0.000000
0.000000
0.000000
0.000000
0.000000
0.000000
0.996819
0.000000
0.000000
0.000000
0.000000
0.458013
0.000000
0.000000
0.000079
0.000000
0.000000
0.000000
0.000000
0.000000
0.000000
0.000000
0.000000
0.656863
0.000000
0.116192
0.000000
0.000000
0.000000
0.000000
0.946884
0.000000
0.000000
0.000000
0.000000
0.000000
0.000000
0.000000
0.000000
0.000000
0.000000
0.000114
0.000000
0.000000
0.000000
0.000000
0.000000
0.000394
0.000000
0.000000
0.000000
0.000000
0.000000
0.008038
0.000000
0.000000
0.000000
0.000000
0.000000
0.000000
0.576550
0.000000
0.000000
0.000000
0.000000
0.000865
0.000000
0.000069
0.000000
0.000000
0.001319
0.000000
0.000000
0.000000
0.000065
0.000000
0.102506
0.000000
0.000000
0.000000
0.000000
0.000000
0.000000
0.000000
0.000000
0.000000
0.000000
0.001731
0.000000
0.000000
0.018792
0.000000
0.000000
0.000000
0.000000
0.000000
0.000000
0.000000
0.000000
0.000000
0.000000
0.241492
0.000000
0.000000
0.000000
1.000000
0.000000
0.000000
0.000000
0.049250
0.000000
0.000000
0.000000
0.000000
0.000000
0.000000
0.981319
0.000000
0.000000
0.000000
0.517255
0.000000
0.144409
0.000000
0.000000
0.040768
0.000000
0.108457
0.000000
0.000000
0.000000
0.000000
0.000000
0.000000
0.000000
0.000000
0.000000
0.263567
0.000000
0.000000
0.173977
0.000000
0.000000
0.917808
0.128918
0.000000
0.000000
0.000000
0.000000
0.000000
0.000000
0.000000
0.000000
0.000000
0.000000
0.000000
0.000000
0.000000
0.000000
0.000000
0.000000
0.000000
0.000000
0.000000
0.000000
0.000000
0.000000
0.000000
0.000000
0.196872
0.000000
0.000000
0.000000
0.000000
0.000000
0.009590
0.000000
0.000000
0.000000
0.176921
0.129418
0.115436
0.000000
0.000000
0.000000
0.000000
0.005873
0.000000
0.000000
0.023301
0.000000
0.000000
0.000000
0.000000
0.000000
0.000000
0.017695
0.000000
0.000000
0.000000
0.000000
0.000000
0.000000
0.054899
0.000000
0.000000
0.000000
0.000000
0.000000
0.000000
0.681981
0.000000
0.000000
0.000004
0.000000
0.000000
0.175698
0.000000
0.000000
0.000000
0.000000
0.203349
0.839459
0.000000
0.000000
0.816298
0.022103
0.009200
0.008201
0.000000
0.000000
0.000000
0.000000
0.000000
0.000000
0.000000
0.000000
0.004700
0.000000
0.000000
0.000000
0.066372
0.000000
0.005833
0.028397
0.000000
0.000000
0.000000
0.000000
0.000000
0.000000
0.000000
0.260050
0.000000
0.010453
0.086356
0.000000
0.000000
0.000000
0.000000
0.000000
0.001810
0.000000
0.000000
0.025840
0.000000
0.000000
0.000000
0.000000
0.000000
0.000000
0.000000
0.000000
0.190436
0.000000
0.000000
0.000000
0.000000
0.000000
0.000000
0.000000
0.000000
0.000000
0.074854
0.000000
0.000000
0.000000
0.000000
0.000000
0.000000
0.000000
0.000000
0.024592
0.000000
0.000000
0.000000
0.000000
0.012398
0.000000
0.085277
0.000000
0.000000
0.000000
0.000000
0.000000
0.000000
0.000000
0.000000
0.000000
0.000000
0.000000
0.000000
0.000000
0.000000
0.000000
0.000000
0.000000
0.000000
0.000000
0.927731
0.000000
0.000000
0.000000
0.058641
0.000000
0.000000
0.000000
1.000000
0.000000
0.000000
0.000000
0.000000
0.153288
0.000000
0.000000
0.000000
0.000000
0.000000
0.000000
0.000000
0.000000
0.000000
0.348412
0.000000
0.000000
0.039924
0.000000
0.000000
0.000000
0.000000
0.000000
0.000000
1.000000
0.993882
0.000000
0.000000
0.000000
0.000000
0.000000
0.000008
0.000000
0.004930
0.000000
0.000000
0.000000
0.000000
0.000000
0.000000
0.000000
0.000000
0.000000
0.000000
0.965127
0.000000
0.000000
0.852125
0.994846
0.017054
0.000000
0.111160
0.000000
0.086405
0.000000
0.000000
0.000000
0.000000
0.000000
0.713079
0.000000
0.000000
0.000000
0.000000
0.000000
0.000000
0.000000
0.049078
0.000000
0.000000
0.000000
0.000000
0.000000
0.000000
0.000000
0.000000
0.000000
0.000000
0.000000
0.000000
0.000000
0.001272
0.000000
0.000000
0.006226
0.309205
0.000000
0.003121
0.000000
0.000000
0.000000
0.000000
0.038546
0.000000
0.000000
0.015802
0.000000
0.000000
0.000000
0.000000
0.000000
0.000000
0.000000
0.000000
0.989537
0.000000
0.000000
0.000000
0.000000
0.000000
0.000000
0.000000
0.000000
0.000000
0.000000
0.000000
0.000000
0.000000
0.000000
0.000000
0.000000
0.000081
0.000000
0.000000
0.000000
0.000000
0.044867
0.000000
0.000000
0.000000
0.000000
0.724652
0.000000
0.000000
0.000000
0.000000
0.000000
0.000000
0.000000
0.000000
0.000000
0.134332
0.000000
0.000000
0.000000
0.000118
0.000000
0.000000
0.094840
0.043641
0.000000
0.000000
0.000000
0.000000
0.625971
0.000000
0.000000
0.000000
0.000000
0.000000
0.000000
0.000000
0.000000
0.000000
0.000000
0.000000
0.000000
0.000000
0.000000
0.039784
0.000000
0.000000
0.000000
0.000000
0.000000
0.000000
0.000000
0.565383
0.017754
0.000000
0.000000
0.000000
0.000000
0.000000
0.996125
0.000000
0.000000
0.000000
0.000000
0.000000
0.000000
0.000000
0.000000
0.000000
0.000006
0.000000
0.000000
0.000000
0.000000
0.000000
0.000000
0.000000
0.000000
0.000000
0.000000
0.000000
0.000000
0.000000
0.000000
0.000000
0.000000
0.000000
0.001290
0.000000
0.009832
0.851569
0.000000
0.354659
0.000000
0.030489
0.000000
0.000000
0.000000
0.063581
0.000000
0.000000
0.000000
0.000000
0.000000
0.000000
0.000000
0.000000
0.000000
0.000000
0.000000
0.000000
0.000000
0.000000
0.000000
0.000757
0.001114
0.000000
0.703212
0.000000
0.000000
0.000000
0.101360
0.000000
0.000000
0.000000
0.000000
0.000000
0.000000
0.000000
0.353585
0.000000
0.000000
0.000000
0.000000
0.255927
0.000000
0.000000
0.000000
0.000000
0.000000
0.005175
0.000000
0.000000
0.000000
0.000000
0.000000
0.000000
0.000000
0.000000
0.000000
0.000000
0.007255
0.000000
0.229245
0.000000
0.073786
0.000000
0.000000
0.131890
0.000000
0.000000
0.000000
0.000000
0.075024
0.000000
0.000000
0.000000
0.879560
0.003275
0.000000
0.016502
0.500454
0.000000
0.000000
0.000000
0.000000
0.000000
0.667730
0.000000
0.000000
0.000000
0.000000
0.000000
0.000000
0.000000
0.000000
0.000000
0.000000
0.000000
0.000000
0.000000
0.000000
0.000000
0.000000
0.000000
0.000000
0.000000
0.000000
0.000000
0.000000
0.000000
0.000000
0.000000
1.000000
0.000000
0.000000
0.000000
0.026413
0.002765
0.000000
0.028336
0.000000
0.000000
0.039765
0.000000
0.000000
0.000000
0.000000
0.000000
0.000000
0.000000
0.000000
0.342781
0.000000
0.000000
0.000000
0.000000
0.000000
0.000000
0.000000
0.000000
0.002137
0.000000
0.000000
0.170712
0.109401
0.000000
0.003839
0.000000
0.000000
0.000000
0.000000
0.000000
0.000000
0.000000
0.000000
0.000000
0.000000
0.000000
0.000000
0.000000
0.000000
0.000000
0.000000
0.000000
0.000000
0.000000
0.007507
0.000000
0.000000
0.000000
0.000000
0.000000
0.000000
0.014467
0.000036
0.000000
0.000068
0.000000
0.042741
0.000000
0.000147
0.000027
0.000000
0.000000
0.000000
0.047681
0.000000
0.000000
0.000000
0.083613
0.000000
0.000000
0.000000
0.000000
0.000000
0.000000
0.989209
0.000000
0.000000
0.000000
0.000000
0.000000
0.000000
0.000000
0.000000
0.000000
0.000000
0.000000
0.002960
0.732265
0.009481
0.018570
0.000000
0.000000
0.000000
0.032843
0.000000
0.000000
0.000000
0.019683
0.022844
0.000000
0.000000
0.000000
0.029476
0.000000
0.000000
0.000000
0.000000
0.000000
0.000000
0.275202
0.000000
0.000000
0.000000
0.000000
0.000000
0.000217
0.000000
0.139878
0.000000
0.000000
0.000000
0.000000
0.000047
0.000000
0.000000
0.000202
0.000000
0.000000
0.000000
0.000000
0.000000
0.000853
0.000000
0.000000
0.000000
0.000000
0.065164
0.000000
0.000000
0.775194
0.000000
0.000000
0.000000
0.000000
0.000000
0.000000
0.000000
0.000000
0.000000
0.000000
0.000000
0.000000
0.000000
0.000000
0.063391
0.000000
0.000000
0.000000
0.000000
0.000000
0.000000
0.000314
0.000000
0.077745
0.000000
0.000000
0.000057
0.000000
0.000000
0.706276
0.000000
0.000000
0.000000
0.000000
0.000000
0.000000
0.000000
0.000000
0.000000
0.000000
0.038001
0.000000
0.385264
0.000000
0.000000
0.000000
0.000000
0.001208
0.437360
0.000000
0.000000
0.000000
0.000000
0.000000
0.000000
0.000000
0.000000
0.000000
0.000000
0.000000
0.000000
0.038870
0.000000
0.000000
0.000000
0.000000
0.000000
0.000000
0.000000
0.000000
0.000000
0.000000
0.000000
0.000000
0.000000
0.000000
0.000000
0.000000
0.000000
0.000000
0.000000
0.000034
0.001868
0.000000
0.138291
0.000000
0.000000
0.000000
0.000000
0.000000
0.000000
0.000000
0.000000
0.027207
0.184954
0.000000
0.000000
0.000000
0.000000
0.000000
0.053522
0.000000
0.000000
0.006953
0.000000
0.000000
0.000000
0.000000
0.000000
0.002291
0.000000
0.000000
0.000000
0.000000
0.000000
0.000000
0.000000
0.000000
0.000000
0.000000
0.000000
0.000000
0.775828
0.122057
0.946735
0.014055
0.000000
0.000000
0.000000
0.000000
0.000000
0.020039
0.000000
0.362820
0.000000
0.000000
0.000000
0.000000
0.041032
0.000000
0.000012
0.000000
0.000000
0.000000
0.000000
0.000000
0.000000
0.034628
0.000000
0.000000
0.036016
0.000000
0.000000
0.000000
0.000000
0.000000
0.000000
0.000000
0.000000
0.000000
0.000000
0.000000
0.000000
0.000000
0.000000
0.711194
0.000000
0.000000
0.000044
0.000000
0.000000
0.000000
0.275628
0.000000
0.000000
0.216455
0.000000
0.000000
0.000000
0.000000
0.765740
0.000000
0.000000
0.000000
0.000000
0.000000
0.000000
0.000000
0.041461
0.013441
0.007472
0.000000
0.000000
0.000000
0.000102
0.000000
0.000000
0.000000
0.000000
0.000000
0.000000
0.000000
0.141017
0.000000
0.000000
0.000000
0.000000
0.000000
0.000000
0.000000
0.095500
0.000000
0.000000
0.000000
0.000000
0.000000
0.000000
0.000000
0.000657
0.000000
0.000000
0.022469
0.000000
0.000000
0.000000
0.000000
0.000000
0.000000
0.000000
0.000000
0.000228
0.000000
0.000000
0.000000
0.000000
0.000000
0.000000
0.000000
0.000000
0.000000
0.000000
0.000000
0.000000
0.000000
0.000000
0.000000
0.000000
0.000000
0.000000
0.000000
0.000000
0.000000
0.156011
0.000000
0.000000
0.000000
0.000000
0.000000
0.721983
0.000000
0.000000
0.000000
0.000000
0.000000
0.000000
0.557997
0.000213
0.000000
0.000000
0.000000
0.000000
0.001485
0.000000
0.000823
0.000000
0.489656
0.000064
0.009185
0.000000
0.000000
0.000000
0.000000
0.029765
0.000000
0.000000
0.000000
0.000000
0.000000
0.113349
0.000000
0.000000
0.000000
0.000973
0.000000
0.000000
0.000000
0.000000
0.000000
0.000000
0.000000
0.947560
0.000000
0.000000
0.000000
0.000000
0.000000
0.000000
0.000000
0.000000
0.000000
0.000000
0.000000
0.000012
0.000000
0.000000
0.000002
0.992790
0.000000
0.117255
0.000000
0.000000
0.000000
0.311239
0.000000
0.065099
0.000000
0.000143
0.000000
0.000000
0.000000
0.000000
0.000000
0.000000
0.000000
0.000000
0.000000
0.000000
0.000000
0.000000
0.213390
0.008257
1.000000
0.000000
0.000000
0.000000
0.000000
0.000000
0.000000
0.000000
0.019639
0.000000
0.000000
0.000000
0.000000
0.000000
0.000000
0.315674
0.000000
0.000000
0.000000
0.000000
0.000000
0.000000
0.000000
0.000000
0.000000
0.000000
0.000000
0.000000
0.000000
0.027052
0.000000
0.000000
0.000000
0.000000
0.000000
0.000000
0.000000
0.105896
0.999966
0.000000
0.000000
0.999240
0.075103
0.000000
0.000000
0.000000
0.002282
0.000000
0.000000
0.000000
0.003498
0.003036
0.018918
0.000000
0.000000
0.000000
0.000000
0.000000
0.000000
0.000186
0.000000
0.000000
0.034371
0.000000
0.000000
0.000000
0.004422
0.000000
0.000000
0.000000
0.000000
0.000000
0.000000
0.000000
0.000000
0.000000
0.000000
0.000000
0.000000
0.000000
0.000000
0.000000
0.003281
0.000000
0.000000
0.000000
0.000000
0.392167
0.000000
0.000000
0.000000
0.000000
0.000000
0.000000
0.999883
0.009639
0.000000
0.000000
0.000000
0.000000
0.000000
0.000665
0.000000
0.001778
0.000000
0.000000
0.000000
0.000000
0.000000
0.000000
0.000000
0.000000
0.536169
0.000000
0.000000
0.000000
0.000000
0.000000
0.050318
0.000000
0.000000
0.000000
0.000000
0.000000
0.000000
0.000000
0.000000
0.000000
0.000000
0.000000
0.000000
0.000000
0.000001
0.000000
0.000000
0.000000
0.000000
0.000000
0.000000
0.000000
0.000000
0.000000
0.002015
0.000000
0.005033
0.569010
0.000000
0.004670
0.000000
0.000000
0.000000
0.000000
0.000000
0.000000
0.027579
0.000000
0.003626
0.000000
0.032133
0.000000
0.000000
0.004916
0.000000
0.000000
0.000000
0.000198
0.000000
0.000000
0.000000
0.000000
0.000000
0.000000
0.000000
0.000000
0.000000
0.000000
0.023120
0.000000
0.000000
0.000000
0.000000
0.000000
0.000000
0.000000
0.000000
0.000000
0.001774
0.000000
0.000000
0.000000
0.000000
0.000000
0.000000
0.000000
0.000000
0.000000
0.000000
0.000000
0.000000
0.000000
0.000000
0.000000
0.007514
0.000000
0.000000
0.000000
0.000000
0.000000
0.000000
0.000000
0.000000
0.000000
0.000000
0.000000
0.037871
0.000000
0.000000
0.000000
0.000000
0.000000
0.000000
0.000000
0.000000
0.000000
0.000803
0.000000
0.000000
0.000196
0.000000
0.000000
0.000000
0.000000
0.000000
0.016814
0.000000
0.000000
0.000000
0.000014
0.000000
0.000000
0.000000
0.000000
0.000000
0.000000
0.000000
0.000000
0.000000
0.047900
0.000000
0.000000
0.000000
0.000000
0.000000
0.000000
0.000000
0.000000
0.000000
0.001001
0.000000
0.000000
0.000000
0.073759
1.000000
0.952968
0.000000
0.000000
0.000000
0.000000
0.000000
0.000000
0.000002
0.000000
0.000000
0.000000
0.000000
0.000000
0.000000
0.000000
0.000000
0.000000
0.000000
0.000000
0.000000
0.052273
0.000000
0.265966
0.000000
0.000000
0.000000
0.000000
0.000000
0.000000
0.713947
0.000000
0.000000
0.000000
0.000000
0.000000
0.000000
0.000000
0.000000
0.000000
0.000000
0.000000
0.000000
0.000000
0.000000
0.000000
0.000000
0.000000
0.075712
0.000000
0.000000
0.000000
0.000000
0.000000
0.000000
0.000000
0.000000
0.000000
0.000000
0.000000
0.000000
0.000000
0.000000
0.000000
0.983818
0.191427
0.000000
0.031737
0.000000
0.000000
0.046989
0.000000
0.000758
0.000000
0.000000
0.000000
0.000000
0.181655
0.000000
0.000000
0.000000
0.000000
0.000000
0.000000
0.000000
0.000000
0.996248
0.000000
0.000000
0.000000
0.000013
0.000000
0.000000
0.000000
0.012888
0.462975
0.000000
0.000000
0.083185
0.000000
0.000000
0.000000
0.000000
0.000000
0.000000
0.000000
0.000000
0.000000
0.000000
0.000000
0.000000
0.000000
0.000000
0.000000
0.004579
0.000000
0.000000
0.420585
0.000000
0.000000
0.001562
0.000000
0.003168
0.000000
0.000000
0.000265
0.000000
0.000000
0.000000
0.008389
0.137763
0.000002
0.000786
0.998670
0.000000
0.000000
0.305688
0.000000
0.011857
0.000003
0.000000
0.000000
0.000000
0.000000
0.000000
0.000000
0.000000
0.000000
0.000000
0.000000
0.000000
0.000000
0.001892
0.000000
0.000000
0.000000
0.000000
0.000000
0.000000
1.000000
0.000000
0.000000
0.000000
0.000000
0.000000
0.000000
0.000000
0.000000
0.000000
0.000000
0.000000
0.000000
0.000000
0.000000
0.000000
0.000000
0.000000
0.054501
0.000000
0.000000
0.000000
0.000000
0.000000
0.000000
0.000000
0.000000
0.085051
0.000000
0.000000
0.000000
0.000000
0.000000
0.000000
0.000000
0.000000
0.000000
0.000000
0.000000
0.000000
0.000000
0.000000
0.000000
0.000000
0.000000
0.508525
0.000000
0.000000
0.000000
0.000000
0.000000
0.000000
0.000000
0.000000
0.000000
0.000000
0.000000
0.000000
0.000000
0.000000
0.033636
0.014055
0.000000
0.000000
0.000000
0.000000
0.000000
0.017896
0.039008
0.000000
0.000000
0.000000
0.000000
0.000000
0.000000
0.015135
0.000000
0.000000
0.004973
0.000000
0.000000
0.000000
0.000000
0.000000
0.000000
0.000000
0.000000
0.837400
0.000000
0.000000
0.000000
0.000000
0.000000
0.000000
0.000000
0.000000
0.000000
0.108522
0.062281
0.000000
0.000000
0.000000
0.000000
0.000000
0.000000
0.000000
0.000000
0.000000
0.000000
0.713876
0.881825
0.000000
0.484985
0.000000
0.000000
0.000000
0.000000
0.000000
0.000000
0.000000
0.000685
0.000000
0.000000
0.000000
0.999997
0.000000
0.000000
0.000000
0.000000
0.020792
0.000000
0.000000
0.000000
0.000000
0.000000
0.121305
0.000000
0.000000
0.000000
0.000000
0.000000
0.000000
0.000000
0.000000
0.000000
0.000000
0.000000
0.000000
0.000000
0.000000
0.000000
0.000000
0.000000
0.000000
0.006019
0.000000
0.000000
0.033013
0.000000
0.000000
0.000000
0.000000
0.000000
0.000000
0.000000
0.000000
0.421277
0.000000
0.000000
0.000000
0.000000
0.000000
0.177720
0.000000
0.000000
0.000000
0.000000
0.000000
0.000000
0.000000
0.000000
0.000000
1.000000
0.019699
0.005397
0.000000
0.000000
0.000000
0.000000
0.045713
0.000000
0.453271
0.000000
0.000000
0.000000
0.000000
0.002188
0.000000
0.000000
0.000000
0.000000
0.000000
0.003535
0.000000
0.000000
0.001241
0.040260
0.000000
0.000000
0.000000
0.000000
0.000000
0.000000
0.000000
0.001057
0.000000
0.000000
0.000000
0.000000
0.000000
0.000000
0.000000
0.000000
0.174247
0.000000
0.000000
0.000000
0.485565
0.000000
0.000000
0.000000
0.000000
0.000000
0.000000
0.000000
0.026421
0.000000
0.000000
0.000000
0.000000
0.000000
0.000000
0.000000
0.000000
0.000000
0.890124
0.122048
0.007261
0.045668
0.000000
0.000000
0.720953
0.000000
0.000000
0.000000
0.000000
0.000000
0.000000
0.000000
0.000000
0.000000
0.095198
0.000000
0.000000
0.000000
0.000000
0.000000
0.525266
0.000000
0.000047
0.000220
0.000000
0.000000
0.000000
0.000000
0.000046
0.001328
0.000000
0.000000
0.410572
0.000000
0.000000
0.000000
0.000142
0.000000
0.000000
0.092005
0.000000
0.000000
0.000000
0.000000
0.000000
0.000000
0.000000
0.000000
0.607796
0.000000
0.000827
0.000000
0.000000
0.000000
0.000000
0.520066
0.018228
0.000000
0.000000
0.999854
0.000000
0.000000
0.000000
0.000000
0.107506
0.000000
0.000000
0.006169
0.000000
0.983142
0.000000
0.000000
0.000000
0.632121
0.000000
0.000000
0.621740
0.000000
0.000000
0.000000
0.000000
0.000000
0.000000
0.000000
0.000010
0.000000
0.000000
1.000000
0.162317
0.000000
0.000000
0.000000
0.000000
0.000346
0.000000
0.000000
0.000000
0.000000
1.000000
0.314969
0.000000
0.102374
0.000000
0.009156
0.000000
0.000000
0.000000
0.000000
0.000000
0.078181
0.008068
0.000000
0.000000
0.000000
0.000000
0.000000
0.017195
0.000000
0.000000
0.000000
0.000000
0.000000
0.000000
0.000000
0.000000
0.000000
0.085372
0.000000
0.000000
0.214187
0.002865
0.000001
0.000000
0.000000
0.000000
0.000000
0.000000
0.000000
0.000000
0.000000
0.000000
0.000000
0.000000
0.000000
0.860234
0.000000
0.000000
0.000000
0.000000
0.000000
0.000000
0.000000
0.000000
0.029247
0.000000
0.000000
0.000000
0.000000
0.009794
0.000000
0.000000
0.000000
0.001638
0.000000
0.000000
0.000000
0.000000
0.000000
0.000000
0.000535
0.000000
0.000000
0.000000
0.000000
0.000000
0.000000
0.103378
0.000000
0.000000
0.000000
0.000000
0.000000
0.000000
0.000000
0.001588
0.000000
0.000000
0.000000
0.929960
0.000000
0.000000
0.000000
0.014549
0.000000
0.000000
0.026106
0.000000
0.000000
0.000000
0.000000
0.000000
0.000000
0.000000
0.000000
0.000000
0.000000
0.000000
0.000000
0.988699
0.000000
0.000000
0.000000
0.000000
0.000000
0.000000
0.000651
0.000000
0.000000
0.000000
0.000000
0.000000
0.007726
0.000000
0.000000
0.000000
0.000000
0.000000
0.000000
0.000000
0.000000
0.000000
0.000000
0.000000
0.000000
0.097641
0.000000
0.000000
0.000000
0.009932
0.034247
0.000000
0.000000
0.000000
0.000000
0.000000
0.000000
0.000000
0.000000
0.000000
0.000000
0.000000
0.000000
0.000000
0.000000
0.000000
0.000000
0.000000
0.000000
0.000000
0.000000
0.022950
0.000000
0.000000
0.000000
0.006216
0.000000
0.000000
0.000000
0.000000
0.000000
0.000000
0.000000
0.000000
0.044853
0.905720
0.000000
0.349106
0.103286
0.000000
0.000000
0.000000
0.000000
0.005854
0.000000
0.000000
0.000000
0.000000
0.000000
0.000000
0.008199
0.000000
0.000000
0.000000
0.000362
0.212267
0.462927
0.000000
0.000000
0.000000
0.000000
0.005116
0.000000
0.833297
0.000000
0.048891
0.000000
0.000000
0.000000
0.000000
0.000000
0.000000
0.000000
0.000000
0.000000
0.000000
0.000000
0.219860
0.000000
0.000000
0.000000
0.000000
0.000011
0.000000
0.000000
0.001291
0.000000
0.000000
0.000000
0.000000
0.000000
0.000000
0.000000
0.000000
0.000000
0.000000
0.975917
0.014640
0.000000
0.000000
0.000000
0.000000
0.004909
0.000000
0.000000
0.000000
0.105971
0.000000
0.000000
0.000000
0.742607
0.000000
0.000000
0.000000
0.000000
0.000000
0.353469
0.152311
0.000000
0.000000
0.281798
0.000000
0.000000
0.000000
0.000000
0.000000
0.000000
0.000000
0.000000
0.000000
0.000000
0.000000
0.000000
0.000000
0.000000
0.000000
0.000000
0.000000
0.000000
0.000000
0.000000
0.000000
0.080611
0.000000
0.000000
0.000000
0.000000
0.000000
0.000000
0.000000
0.000000
0.000000
0.000000
0.000000
0.000000
0.000000
0.000045
0.000000
0.000000
0.000000
0.000000
0.033615
0.001368
0.000000
0.000000
0.000000
0.000000
0.000000
0.000000
0.238365
0.000000
0.000000
0.000000
0.000000
0.000016
0.000000
0.000000
0.000000
0.000000
0.000000
0.000000
0.000000
0.000000
0.000000
0.000000
0.000000
0.000000
0.003220
0.000000
0.000000
0.000000
0.265566
0.000000
0.000000
0.000000
0.000000
0.000000
0.000000
0.000000
0.000000
0.120138
0.000000
0.000000
0.000000
0.000000
0.611367
0.000000
0.020520
0.000000
0.000000
0.000000
0.000000
0.000000
0.000000
0.081979
0.000000
0.000000
0.000000
0.000000
0.000000
0.000000
0.000000
0.864665
0.000000
0.000000
0.000024
0.039254
0.000000
0.000000
0.000000
0.000110
0.332004
0.000000
0.000000
0.000000
0.000000
0.000000
0.012080
0.000000
0.000000
0.000000
0.000000
0.379923
0.000000
0.107104
0.000000
0.007373
0.000000
0.000000
0.000000
0.000000
0.716372
0.681885
0.000000
0.000000
0.000000
0.000000
0.000000
0.000000
0.002176
0.000000
0.000000
0.000000
0.000000
0.000000
0.000000
0.000000
0.000000
0.000000
0.270121
0.000000
0.064537
0.000000
0.602770
0.000000
0.000000
0.000000
0.000000
0.000000
0.000840
0.000084
0.123750
0.000000
0.000000
0.000000
0.000000
0.025128
0.000000
0.000000
0.000000
0.000000
0.000000
0.000000
0.000000
0.000000
0.000000
0.000000
0.000000
0.000000
0.000000
0.000000
0.000000
0.000000
0.000000
0.000000
0.000000
0.000000
0.000000
0.000000
0.032873
0.000000
0.000000
0.000000
0.000000
0.000000
0.000000
0.000000
0.000000
0.000000
0.000000
0.025583
0.000000
0.000000
0.000000
0.000000
0.000113
0.000000
0.828730
0.000000
0.000000
0.000000
0.000000
0.000000
0.999101
0.000000
0.000000
0.000000
0.000000
0.000000
0.000000
0.000000
0.000000
0.000000
0.000000
0.000000
0.000000
0.000000
0.000000
0.000000
0.000000
0.000000
0.123664
0.000000
0.000000
0.000000
0.275641
0.000000
0.000000
0.000000
0.000000
0.000000
0.000000
0.000000
0.045804
0.000000
0.647549
0.000000
0.000000
0.000000
0.000000
0.000000
0.000000
0.000000
0.000000
0.000000
0.000000
0.931935
0.000000
0.061924
0.000000
0.999971
0.000000
0.000000
0.000000
0.000000
0.000000
0.000000
0.000000
0.000000
0.000000
0.000000
0.000000
0.000000
0.000000
0.006608
0.000000
0.000000
0.000000
0.000000
0.000000
0.000000
0.000000
0.000000
0.000000
0.000000
0.000000
0.000000
0.000000
0.000000
0.710006
0.000000
0.000000
0.000000
0.000000
0.000002
0.000000
0.000000
0.000000
0.000000
0.000000
0.000000
0.000000
0.000000
0.000000
0.000000
0.000000
0.000000
0.518448
0.366531
0.333530
0.000000
0.000000
0.083064
0.000000
0.000000
0.000000
0.000000
0.000000
0.000000
0.000000
0.042794
0.283386
0.000000
0.001428
0.004256
0.000000
0.000000
0.000000
0.000000
0.000000
0.000000
0.626487
0.000000
0.000000
0.000000
0.000000
0.000000
0.122834
0.037219
0.000000
0.000000
0.000000
0.000000
0.012986
0.000000
0.000000
0.000000
0.000000
0.000000
0.000000
0.000000
0.000000
0.000000
0.000000
0.000016
0.000000
0.000000
0.000000
0.000000
0.000000
0.000000
0.000000
0.000000
0.000000
0.000000
0.000000
0.000012
0.000000
0.000000
0.000000
0.000000
0.000000
0.066307
0.000000
0.000000
0.000000
0.000000
0.000000
0.000000
0.000000
0.871530
0.000000
0.000000
0.000000
0.000000
0.000000
0.000000
0.000000
0.000000
0.000000
0.000000
0.000080
0.000000
0.000000
0.000000
0.000000
0.000000
0.000000
0.000000
0.018601
0.000000
0.000000
0.000000
0.005300
0.000000
0.000000
0.000000
0.002546
0.000000
0.000000
0.617885
0.009684
0.000000
0.000000
0.000000
0.000000
0.000000
0.000000
0.000000
0.001231
0.000000
0.000000
0.000160
0.000000
0.000000
0.266020
0.000000
0.047354
0.000000
0.000000
0.304106
0.000000
0.000000
0.533465
0.000000
0.000000
0.000000
0.000000
0.000000
0.000000
0.000000
0.711810
0.000000
0.039172
0.000000
0.000000
0.000000
0.529017
0.049603
0.448727
0.000000
0.000000
0.000000
0.072176
0.000000
0.682174
0.000000
0.000000
0.001241
0.223007
0.000886
0.087723
0.065706
0.000000
0.000000
0.000000
0.000000
0.125166
0.000000
0.000057
0.000000
0.000000
0.000000
0.000000
0.000000
0.000000
0.000000
0.000000
0.000000
0.000000
0.000000
0.000000
0.016125
0.000000
0.000000
0.000000
0.000000
0.012813
0.000000
0.000000
0.000000
0.000000
0.000000
0.000399
0.845626
0.000000
0.000000
0.000000
0.022265
0.000000
0.000000
0.019455
0.000000
0.000000
0.000000
0.000000
0.000000
0.000000
0.000000
0.000000
0.000000
0.000000
0.000000
0.050904
0.065582
0.000000
0.000000
0.000000
0.000000
0.000000
0.000000
0.000000
0.000000
0.000000
0.089659
0.000000
0.000000
0.000000
0.000000
0.000000
0.000000
0.000000
0.000000
0.056532
0.000000
0.000000
0.000015
0.000000
0.000000
0.144726
0.000000
0.000000
0.000000
0.000000
0.000000
0.000000
0.000000
0.000000
0.000000
0.000000
0.000000
0.043351
0.010987
0.000000
0.000000
0.000000
0.000000
0.000000
0.008168
0.000000
0.000000
0.000000
0.000000
0.000000
0.000000
0.000000
0.000000
0.000000
0.000000
0.000000
0.000000
0.000000
0.000000
0.000000
0.000000
0.000000
0.029807
0.000000
0.000000
0.000000
0.000000
0.000000
0.000000
0.000000
0.000000
0.000000
0.000000
0.000000
0.000000
0.679752
0.000000
0.000000
0.000000
0.000000
0.000000
0.000089
0.000000
0.000000
0.000000
0.000000
0.000000
0.000000
0.000000
0.000000
0.000000
0.000000
0.000000
0.000000
0.000650
0.000000
0.000000
0.000000
0.031149
0.000000
0.000000
0.000000
0.002828
0.000000
0.000000
0.000000
0.954117
0.000000
0.144985
0.000000
0.000000
0.000000
0.000000
0.000156
0.000000
0.000000
0.000000
0.030693
0.000000
0.000000
0.000000
0.000000
0.003705
0.000000
0.000000
0.037564
0.000000
0.000000
0.000000
0.000000
0.000000
0.000000
0.000000
0.000000
0.018397
0.000000
0.000000
0.000000
0.000000
0.000000
0.000000
0.000000
0.015580
0.000000
0.000000
0.000000
0.000000
0.000000
0.000000
0.000000
0.000000
0.125616
0.000000
0.000573
0.000000
0.994994
0.000000
0.000000
0.000000
0.000000
0.000000
0.000000
0.000000
0.000000
0.000000
0.000000
0.000000
0.000000
0.000000
0.000000
0.000000
0.000000
0.000000
0.000000
0.000000
0.000000
0.000000
0.000000
0.000000
0.000000
0.000000
0.000000
0.000000
0.000000
0.349797
0.000000
0.000000
0.000000
0.000000
0.000000
0.000000
0.000000
0.137206
0.310165
0.000000
0.000000
0.000000
0.000000
0.000000
0.017319
0.589143
0.000000
1.000000
0.000000
0.000000
0.000000
0.077639
0.000000
0.000000
0.000000
0.000000
0.921482
0.000000
0.000000
0.000000
0.000000
0.000000
0.000000
0.000000
0.000000
0.110546
0.696293
0.000136
0.000000
0.000000
0.156478
0.000000
0.000000
0.000000
0.000000
0.000000
0.000000
0.000000
0.000000
0.272680
0.000000
0.043586
0.000000
0.000000
0.000000
0.000000
0.110917
0.000304
0.000000
0.000000
0.000000
0.240295
0.000000
0.000000
0.000000
0.000000
0.000000
0.000000
0.000000
0.013095
0.000000
0.000000
0.000000
0.000000
0.000000
0.000000
0.000000
0.000000
0.000000
0.004955
0.000000
0.000000
0.000000
0.000407
0.024632
0.000000
0.000000
0.000000
0.012337
0.000000
0.000000
0.011073
0.000000
0.000000
0.000000
0.003729
0.000000
0.816663
0.000000
0.000000
0.008277
0.943863
0.000000
0.000000
0.000000
0.000000
0.000000
0.000000
0.000000
0.000000
0.000000
0.000000
0.000000
0.000000
0.006946
0.000000
0.025570
0.000000
0.000000
0.074816
0.000000
0.000000
0.006492
0.000000
0.000000
0.095201
0.000000
0.000000
0.000000
0.000000
0.312083
0.000000
0.004429
0.000000
0.000000
0.000000
0.000000
0.000000
0.000000
0.000000
0.642568
0.000000
0.041108
0.000000
0.000000
0.000000
0.000000
0.000000
0.000000
0.000000
0.800244
0.002323
0.000078
0.000000
0.000000
0.000000
0.000000
0.000000
0.000000
0.000000
0.000000
0.000000
0.000000
0.000000
0.000000
0.000000
0.000000
0.000000
0.000000
0.000000
0.052098
0.000000
0.000000
0.000234
0.000000
0.002227
0.000000
0.000000
0.000000
0.000000
0.000000
0.000000
0.000000
0.000000
0.000000
0.000000
0.000000
0.000000
0.000000
0.000000
0.000000
0.000000
0.000000
0.000000
0.000000
0.000000
0.000000
0.000000
0.000000
0.000000
0.000000
0.000000
0.000000
0.000000
0.002595
0.000000
0.998447
0.154322
0.000000
0.000000
0.999636
0.000000
0.000000
0.000000
0.000000
0.000000
0.000000
0.000000
0.000000
0.000000
0.000000
0.000000
0.000000
0.000000
0.000000
0.000000
0.000000
0.000000
0.001313
0.000000
0.000000
0.000000
0.000000
0.000000
0.000000
0.000000
0.000000
0.000000
0.000000
0.000000
0.000000
0.000000
0.144937
0.000000
0.000548
0.000000
0.000000
0.000000
0.000000
0.000000
0.000000
0.005853
0.000000
0.000000
0.000000
0.000000
0.000000
0.000000
0.000000
0.000000
0.000000
0.000000
0.000000
0.000000
0.000000
0.000000
0.000000
0.000000
0.000000
0.000000
0.000000
0.428752
0.000000
0.000000
0.000000
0.000198
0.000000
0.000000
0.000000
0.000000
0.635651
0.000000
0.000000
0.001533
0.000000
0.000000
0.365461
0.000000
0.000000
0.000000
0.000000
0.002439
0.000000
0.000000
0.000000
0.789742
0.000000
0.000000
0.000000
0.000000
0.000000
0.000000
0.000000
0.000000
0.000000
0.038056
0.000000
0.000000
0.000000
0.000000
0.000000
0.000000
0.000000
0.000013
0.000000
0.755501
0.000000
0.000000
0.000000
0.478341
0.000000
1.000000
0.000000
0.000000
0.000000
0.000000
0.000000
0.000000
0.070526
0.000000
0.000000
0.000000
0.000000
0.000000
0.000000
0.000000
0.008590
0.000000
0.000000
0.000000
0.000000
0.000000
0.000000
0.000000
0.000000
0.000000
0.002261
0.000000
0.000000
0.000000
0.000000
0.067576
0.000000
0.000000
0.000000
0.000000
0.000000
0.000000
0.020770
0.000000
0.042136
0.364539
0.000000
0.000000
0.000000
0.000000
0.002137
0.046215
0.000000
0.000000
0.000000
0.000000
0.000000
0.000000
0.000000
0.010120
0.538358
0.000000
0.000000
0.000000
0.000184
0.000000
0.000000
0.005480
0.000000
0.000488
0.000000
0.275216
0.000000
0.000000
0.000000
0.000000
0.000000
0.239668
0.000000
0.000002
0.000000
0.000000
0.014056
0.000000
0.000000
0.000000
0.000000
0.000000
0.000000
0.137797
0.000000
0.000000
0.000000
0.000000
0.003039
0.000000
0.000000
0.115470
0.000000
0.000000
0.000000
0.000000
0.000000
0.000000
0.000000
0.000000
0.000000
0.000000
0.000000
0.000000
0.000000
0.000000
0.000000
0.008841
0.000000
0.000000
0.000000
0.605788
0.000000
0.000000
0.000000
0.000000
0.000000
0.000000
0.912295
0.000000
0.000080
0.752032
0.000000
0.000000
0.000000
0.154267
0.000000
0.000000
0.000000
0.000000
0.000000
0.000000
0.656431
0.000000
0.000000
0.000000
0.000000
0.000000
0.000000
0.000002
0.000000
0.000000
0.000000
0.000000
0.000000
0.000000
0.000000
0.000000
0.000001
0.000000
0.000000
0.000000
0.000000
0.000000
0.000000
0.000000
0.217301
0.000000
0.479048
0.000000
0.000000
0.004743
0.000000
0.000000
0.000000
0.000000
0.000000
0.000000
0.003342
0.000000
0.000000
0.000000
0.000000
0.000158
0.000000
0.000000
0.527111
0.000000
0.000000
0.000000
0.000000
0.000000
0.505647
0.000000
0.000000
0.000000
0.000000
0.000000
0.000000
0.000000
0.000000
0.000000
0.000044
0.000000
0.000000
0.000000
0.000000
0.000000
0.000000
0.999509
0.000000
0.000000
0.000000
0.000000
0.000000
0.000000
0.006055
0.000000
0.000000
0.000973
0.008407
0.000000
0.000000
0.000000
0.000000
0.000000
0.000000
0.000000
0.000000
0.399753
0.000000
0.000000
0.000000
0.000000
1.000000
0.111067
0.031882
0.013337
0.000000
0.000000
0.048935
0.000000
0.000000
0.115006
0.000000
0.000000
0.000000
0.000000
0.000000
0.000432
0.000000
0.000000
0.000000
0.000000
0.000000
0.000000
0.000000
0.728817
0.000000
0.000000
0.000000
0.000000
0.198987
0.000000
0.000000
0.000000
0.014862
0.000000
0.002746
0.000000
0.000000
0.000000
0.000000
0.000000
0.000000
0.000000
0.000000
0.003272
0.000000
0.000000
0.000000
0.000000
0.000000
0.000000
0.000000
0.000000
0.000000
0.000000
0.000000
0.619664
0.000000
0.000000
0.000000
0.000000
0.038990
0.000000
0.000000
0.000000
0.000000
0.000000
0.000000
0.003815
0.000000
0.000000
0.000000
0.000000
0.051985
0.000000
0.000000
0.213029
0.000000
0.329908
0.063046
0.000000
0.000000
0.000000
0.592799
0.000000
0.000000
0.000000
0.000000
0.005663
0.002063
0.000000
0.000000
0.000000
0.000000
0.161478
0.000000
0.000000
0.000000
0.000000
0.000000
0.259941
0.377074
0.000000
0.000000
0.000000
0.000000
0.939871
0.000000
0.463467
0.000000
0.000000
0.000000
0.008424
0.000000
0.000000
0.261763
0.000000
0.000000
0.003414
0.000000
0.000000
0.000000
0.000000
0.000000
0.000832
0.000000
0.071282
0.000000
0.000000
0.604247
0.000000
0.000000
0.000000
0.000000
0.000000
0.000000
0.000000
0.000000
0.000000
0.000000
0.000000
0.000000
0.000000
0.000001
0.000000
0.000000
0.000132
0.000000
0.000000
0.000000
0.000000
0.000000
0.000950
0.000000
0.000000
0.000000
0.000000
0.507414
0.000000
0.000000
0.000000
0.012357
0.000000
0.000000
0.000000
0.000000
0.000000
0.000000
0.000000
0.000000
0.000000
0.000000
0.000000
0.000000
0.575323
0.000000
0.000000
0.000000
0.000000
0.000000
0.000000
0.000000
0.000000
0.000000
0.000000
0.262057
0.000000
0.000000
0.000000
0.000000
0.000000
0.000000
0.000000
0.000000
0.000000
0.000000
0.003340
0.000000
0.000000
0.000680
0.000000
0.000000
0.000000
0.000000
0.020090
0.000000
0.000000
0.000000
0.086867
0.001488
0.000000
0.000000
0.000000
0.423177
0.000000
0.000000
0.172624
0.185720
0.000000
0.000000
0.000000
0.665631
0.000000
0.000000
0.000000
0.000000
0.000000
0.000000
0.689743
0.000000
0.134318
0.050820
0.000000
0.000000
0.000000
0.000000
0.000000
0.000000
0.000000
0.000000
0.000000
1.000000
0.000974
0.000000
0.544429
0.000000
0.000000
0.001832
0.000000
0.273661
0.000000
0.000000
0.000000
0.000000
0.000000
0.000000
0.069560
0.000000
0.000000
0.000000
0.000000
0.000000
0.000000
0.004223
0.000000
0.000000
0.000000
0.000000
0.044394
0.000000
0.000000
0.000000
0.000000
0.011420
0.306554
0.000000
0.000000
0.000000
0.000000
0.444495
0.000000
0.000000
0.000000
0.000000
0.000000
0.000000
0.000000
0.000000
0.021203
0.000000
0.971840
0.000000
0.000000
0.000000
0.000000
0.000000
0.000000
0.000000
0.000000
0.000000
0.000000
0.791181
0.000000
0.000000
0.000000
0.000000
0.000000
0.000000
0.000000
0.000000
0.000000
0.744647
0.334927
0.000000
0.000000
0.971664
0.727706
0.000000
0.000000
0.000000
0.000000
0.000000
0.000000
0.000000
0.000000
0.000000
0.170375
0.000000
0.000000
0.022176
0.000000
0.000000
0.439970
0.000000
0.717435
0.000000
0.000000
0.000000
0.000000
0.000000
0.000000
0.000000
0.000000
0.000000
0.000000
0.882064
0.000000
0.000000
0.000000
0.000000
0.000000
0.000000
0.000000
0.000000
0.000000
0.000000
0.000000
0.000000
0.000000
0.000000
0.000000
0.000000
0.000000
0.000000
0.000000
0.543943
0.000000
0.000000
0.000000
0.000000
0.000000
0.012557
0.000000
0.000000
0.000000
0.000000
0.046226
0.000000
0.000000
0.000000
0.084837
0.000000
0.263631
0.000000
0.000000
0.999705
0.000000
0.000000
0.000000
0.000000
0.002997
0.084647
0.000000
0.000000
0.000000
0.000000
0.634129
0.000000
0.000000
0.000000
0.030712
0.000000
0.000000
0.000000
0.000000
0.441767
0.000000
0.000000
0.001406
0.000000
0.000000
0.000000
0.000000
0.000000
0.001334
0.848821
0.000000
0.000000
0.000000
0.000000
0.017368
0.000000
1.000000
0.000008
0.145332
0.000000
0.000000
0.000000
0.000000
0.314695
0.000000
0.266551
0.000000
0.091266
0.841938
0.000000
0.000000
0.215721
0.000000
0.000000
0.000000
0.166672
0.000000
0.000000
0.000000
0.000000
0.000000
0.000000
0.000000
0.000000
0.003920
0.000000
0.001964
0.000000
0.000000
0.097923
0.000000
0.000000
0.000000
0.008145
0.013707
0.000000
0.000000
0.073873
0.000000
0.000000
0.000000
1.000000
0.000000
0.000000
0.000000
0.000000
0.000000
0.000000
0.000000
0.000000
0.000000
0.000000
0.114330
0.000000
0.000000
0.000000
0.000000
0.000000
0.000000
0.000000
0.000000
0.000000
0.000000
0.000000
0.000000
0.000000
0.000000
0.000000
0.000000
0.999944
0.000000
0.001368
0.000000
0.000000
0.000000
0.000000
0.000000
0.000000
0.000082
0.000000
0.000000
0.000000
0.000000
0.132305
0.000000
0.000000
0.067702
0.030337
0.000000
0.179221
0.000000
0.000000
0.000000
0.000000
0.000000
0.000000
0.000000
0.956491
0.000000
0.000000
0.000000
0.000000
0.000000
0.000000
0.000000
0.000000
0.109049
0.889264
0.000000
0.000000
0.000000
0.000000
0.000000
0.000000
0.000000
0.000000
0.000000
0.000000
0.000000
0.000001
0.000000
0.000000
0.000000
0.000000
0.000000
0.000000
0.000195
0.055259
0.025026
0.000104
0.000000
0.000843
0.000000
0.844082
0.000000
0.000000
0.000000
0.000000
0.000000
0.100923
0.000000
0.000000
0.000000
0.000000
0.000000
0.000000
0.000000
0.000000
0.000000
0.507400
0.000000
0.000000
0.000000
0.000000
0.000000
0.000000
0.026517
0.000000
0.078950
0.000000
0.000000
0.065425
0.000000
0.000000
0.000000
0.015339
0.000000
0.000000
0.000000
0.000000
0.000000
0.000000
0.000000
0.000000
0.000000
0.000000
0.000000
0.810065
0.000000
0.000000
0.000000
0.000000
0.000000
0.000000
0.000000
0.000000
0.000000
0.000000
0.000000
0.000000
0.028930
0.318957
0.050331
0.000000
0.000000
0.000000
0.000000
0.000053
0.148914
0.678974
0.000000
0.000000
0.000000
0.000008
0.000000
0.000000
0.035515
0.000000
0.000000
0.000000
0.389740
0.000000
0.000000
0.477254
0.000255
0.000001
0.088835
0.000000
0.000000
0.000000
0.546210
0.000000
0.000000
0.000000
0.028573
0.000000
0.000402
0.000448
0.000000
0.000000
0.000000
0.000000
0.000000
0.000000
0.000000
0.000000
0.000000
0.000000
0.000000
0.000000
0.000003
0.000000
0.000000
0.064998
0.000000
0.000000
0.000000
0.000000
0.000000
0.000000
0.000000
0.000000
0.000000
0.000000
0.000000
0.004285
0.000000
0.000000
0.189143
0.180433
0.483424
0.000000
0.000000
0.000000
0.000000
0.000000
0.000000
0.000000
0.000000
0.000000
0.000000
0.000000
0.000000
0.000000
0.002802
0.024666
0.000000
0.000000
0.000000
0.000000
0.414001
0.000000
0.010277
0.109809
0.000000
0.000000
0.000000
0.000000
0.000000
0.000000
0.000000
0.000000
0.000000
0.000000
0.000000
0.662812
0.000195
0.000000
0.000000
0.537986
0.248380
0.000000
0.000393
0.000000
0.000000
0.009913
0.000000
0.000000
0.000000
0.017563
0.000000
0.000000
0.000000
0.000000
0.000000
0.523352
0.000000
0.000000
0.000000
0.000000
0.000000
0.000000
0.000000
0.000000
0.000000
0.000426
0.000000
0.000000
0.000000
0.000000
0.000000
0.310436
0.000000
0.000000
0.000000
0.000000
0.000012
0.000000
0.000000
0.000000
0.000000
0.389025
0.000000
0.000000
0.000000
0.000000
0.000000
0.000000
0.000000
0.794612
0.144333
0.000000
0.000000
0.000000
0.000000
0.000000
0.000000
0.000000
0.000000
0.016048
0.000000
0.000000
0.000000
0.000000
0.000000
0.000000
0.000000
0.000000
0.000000
0.606802
0.000000
0.000000
0.000000
0.000000
0.000000
0.000000
0.000144
0.000000
0.444688
0.000000
0.000000
0.027880
0.000000
0.000000
0.562054
0.000000
0.000000
0.277784
0.000000
0.000000
0.000000
0.000000
0.000000
0.206749
0.000000
0.000000
0.000000
0.064175
0.000000
0.000000
0.000000
0.000000
0.000000
0.000000
0.645766
0.002092
0.000000
0.004290
0.000000
0.000000
0.000000
0.999984
0.000000
0.000000
0.000000
0.000000
0.000000
0.000000
0.000000
0.000000
0.000000
0.000000
0.018225
0.000000
0.000000
0.000000
0.000000
0.051144
0.000000
0.000000
0.000000
0.000000
0.000000
0.000000
0.000000
0.000000
0.000000
0.000000
0.405859
0.000000
0.000000
0.000000
0.000000
0.000000
0.023141
0.000000
0.000000
0.000000
0.000000
0.000000
0.000000
0.000000
0.000000
0.000000
0.000000
0.000000
0.000000
0.308908
0.000000
0.003708
0.013562
0.000000
0.000000
0.472642
0.000000
0.000000
0.000000
0.000000
0.000000
0.000000
0.000000
0.000000
0.058454
0.000000
0.000000
0.000834
0.000000
0.000000
0.000000
0.000000
0.000000
0.000000
0.047696
0.000000
0.000000
0.000000
0.086127
0.413622
0.000000
0.000000
0.000000
0.000000
0.000000
0.000000
0.000000
0.002756
0.000000
0.000000
0.000000
0.000000
0.000000
0.000000
0.200636
0.000000
0.000014
0.000000
0.000000
0.000000
0.000000
0.104605
0.000000
0.000000
0.000000
0.026849
0.000000
0.000000
0.000000
0.000000
0.000000
0.000000
0.000000
0.000000
0.000000
0.000000
0.000000
0.000000
0.000000
0.000000
0.000000
0.000072
0.000000
0.000000
0.290676
0.000000
0.000000
0.000000
0.000000
0.000000
0.000000
0.000000
0.000000
0.000000
0.000000
0.000000
0.119261
0.651076
0.000000
0.001333
0.000000
0.000000
0.000000
0.000000
0.000000
0.000000
0.151469
0.000000
0.021687
0.000000
0.000000
0.000000
0.019077
0.000000
0.211094
0.000000
0.000000
0.000000
0.479360
0.000000
0.000000
0.000000
0.000000
0.000000
0.000000
0.000000
0.000000
0.000000
0.000000
0.000000
0.000000
0.000644
0.000348
0.000000
0.000000
0.000000
0.000000
0.000000
0.000000
0.000000
0.003816
0.000000
0.000021
0.089626
0.000000
0.000000
0.000000
0.000000
0.070392
0.000000
0.206494
0.000000
0.000000
0.000000
0.000064
0.000000
0.000000
0.438709
0.000000
0.000000
0.000000
0.000000
0.000000
0.000000
0.000000
0.000433
0.102692
0.000000
0.397854
0.000000
0.000000
0.001635
0.000000
0.000000
0.998528
0.000000
0.000000
0.197397
0.000000
0.000000
0.000000
0.000000
0.000000
0.000652
0.000000
0.000000
0.341808
0.000000
0.000000
0.027460
0.000000
0.000000
0.000000
0.033688
0.000000
0.000000
0.000000
0.000000
0.000121
0.000000
0.000000
0.000000
0.000000
0.000000
0.000000
0.756007
0.000000
0.000000
0.000000
0.021396
0.000000
0.000000
0.064339
0.210506
0.000000
0.000000
0.000000
0.000000
0.000000
0.000000
0.000000
0.000000
0.142023
0.000000
0.000022
0.000000
0.000000
0.000000
0.000000
0.000102
0.000002
0.000000
0.000000
0.000000
0.000000
0.000000
0.000000
0.000000
0.000000
0.000000
0.000000
0.000000
0.699166
0.000000
0.000000
0.000000
0.000000
0.000000
0.000000
0.000000
0.064101
0.000000
0.048978
0.000000
0.270759
0.000000
0.668525
0.000000
0.000000
0.000000
0.000000
0.000000
0.000000
0.000000
0.000000
0.000000
0.460015
0.000000
0.154104
0.000000
0.000000
0.000000
0.000000
0.000000
0.000000
0.000000
0.000000
0.000017
0.000000
0.000739
0.000000
0.023708
0.000000
0.000000
0.999198
0.000000
0.000000
0.027040
0.000000
0.000000
0.000000
0.000000
0.000000
0.000015
0.992928
0.196575
0.006403
0.000000
0.005833
0.616267
0.000000
0.000000
0.000000
0.000129
0.000000
0.000000
0.000000
0.000376
0.000000
0.000000
0.016361
0.000000
0.000000
0.000000
0.000000
0.000000
0.000000
0.000000
0.000000
0.000000
0.000000
0.000000
0.000000
0.000000
0.000000
0.000000
0.000000
0.010591
0.000000
0.000000
0.000000
0.000000
0.000000
0.000000
0.000000
0.000000
0.000000
0.000000
0.000000
0.000000
0.000000
0.000000
0.005300
0.024404
0.020952
0.000000
0.000000
0.000000
0.000000
0.000000
0.000000
0.000000
0.000549
0.006241
0.000000
0.000000
0.000000
0.000000
0.000000
0.002635
0.000000
0.007282
0.000000
0.000000
0.000000
0.053623
0.000000
0.000000
0.000000
0.000000
0.014331
0.000000
0.000000
0.000000
0.008664
0.000000
0.000000
0.000000
0.000000
0.851070
0.000000
0.065019
0.000000
0.000000
0.000000
0.000000
0.000000
0.000000
0.000000
0.000000
0.000000
0.333947
0.000000
0.000000
0.000000
0.000000
0.000000
0.000000
0.000000
0.000000
0.000000
0.000000
0.000000
0.000000
0.000000
0.000543
0.136614
0.000000
0.000000
0.000000
0.089658
0.187416
0.000000
0.050704
0.000000
0.000000
0.000000
0.000000
0.000000
0.000000
0.000000
0.000000
0.000000
0.000000
0.000000
0.000000
0.000000
0.000000
0.000000
0.000000
0.000000
0.004667
0.000000
0.000000
0.000413
0.817012
0.000000
0.000000
0.000000
0.000000
0.000000
0.000000
0.000000
0.999686
0.000000
0.000000
0.000189
0.000000
0.000000
0.000000
0.000000
0.301832
0.000000
0.000000
0.000000
0.000000
0.000512
0.000000
0.000000
0.000000
0.000000
0.719425
0.909695
0.000000
0.000000
0.000000
0.000000
0.000000
0.000000
0.011498
0.000000
0.000000
0.001233
0.000000
0.000000
0.000000
0.000000
0.000000
0.061860
0.000000
0.000000
0.000000
0.000000
0.000000
0.000000
0.000000
0.000000
0.000000
0.000000
0.000000
0.000000
0.000000
0.000000
0.000000
0.000000
0.000000
0.000000
0.037507
0.357374
0.000000
0.000000
0.000000
0.078488
0.993838
0.000000
0.000000
0.000000
0.000000
0.066330
0.000000
0.000000
0.000000
0.000000
0.000000
0.000000
0.000000
0.000000
0.000000
0.000000
0.000000
0.000817
0.000000
0.000000
0.000000
0.933783
0.000000
0.000000
0.000000
0.000000
0.907521
0.000000
0.000000
0.000000
0.000000
0.000000
0.000000
0.000000
0.270073
0.047066
0.000007
0.000000
0.000000
0.712096
0.047620
0.000000
0.000000
0.000000
0.000000
0.000000
0.000000
0.000000
0.000000
0.000000
0.000000
0.000000
0.000000
0.000000
0.000000
0.000000
0.000000
0.000000
0.000000
0.000000
0.000000
0.051180
0.000000
0.001006
0.000000
0.000000
0.630074
0.000000
0.000000
0.000000
0.000000
0.014729
0.000000
0.000000
0.000000
0.000000
0.000000
0.000000
0.000000
0.000000
0.000000
0.000000
0.000000
0.000000
0.000000
0.000000
0.000000
0.000003
0.000000
0.000000
0.000000
0.000000
0.000000
0.000000
0.000000
0.000000
0.000000
0.000000
0.000000
0.000000
0.000000
0.000000
0.000000
0.000000
0.000000
0.457982
0.000000
0.000000
0.000000
0.000000
0.000000
0.000000
0.000000
0.000000
0.000000
0.000000
0.000000
0.325388
0.000000
0.000000
0.000001
0.000000
0.000000
0.000000
0.000000
0.000000
0.000000
0.000000
0.436699
0.676716
0.000000
0.000000
0.087150
0.000000
0.212932
0.000000
0.000000
0.000000
0.000000
0.000000
0.000000
0.000000
0.000000
0.000000
0.000159
0.000000
0.000000
0.000000
0.000000
0.000000
0.178221
0.000000
0.000000
0.000000
0.000000
0.000000
0.023320
0.000000
0.237275
0.000000
0.000000
0.000000
0.000000
0.000000
0.000000
0.000000
0.043402
0.000000
0.031908
0.000000
0.000000
0.000000
0.000000
0.000000
0.000000
0.726140
0.000000
0.000000
0.000000
0.000000
0.000000
0.000000
0.000000
0.000000
0.000000
0.000000
0.000000
0.080608
0.000000
0.000000
0.006037
0.002136
0.000000
0.000000
0.000000
0.000000
0.000000
0.120565
0.000000
0.000000
0.000000
0.000000
0.000000
0.000000
0.000000
0.000000
0.000000
0.112153
0.000000
0.000000
0.000001
0.016666
0.000000
0.000000
0.000000
0.088022
0.000000
0.251773
0.089326
0.000000
0.000000
0.000000
0.149596
0.000000
0.000000
0.000000
0.000000
0.000000
0.043554
0.490907
0.000000
0.000000
0.000000
0.000000
0.000000
0.000000
0.000000
0.388344
0.000000
0.000000
0.000000
0.000000
0.000000
0.800848
0.000000
0.000000
0.000000
0.000000
0.000000
0.000000
0.000000
0.000000
0.000000
0.000000
0.911906
0.000769
0.000000
0.000000
0.000000
0.000230
0.000000
0.000000
0.000000
0.000000
0.000000
0.000000
0.000000
0.000000
0.042073
0.000000
0.000000
0.000000
0.161976
0.000000
0.000000
0.000000
0.000000
0.000000
0.001375
0.000000
0.039681
0.000000
0.000000
0.000000
0.000000
0.004540
0.000000
0.000000
0.000000
0.000000
0.000000
0.000000
0.000000
0.000000
0.000000
0.000000
0.008709
0.000000
0.000000
0.105206
0.386332
0.000000
0.450941
0.000000
0.083604
0.000000
0.000000
0.000000
0.432692
0.000000
0.000000
0.000000
0.000000
0.000000
0.000000
0.000000
0.000124
0.000000
0.023047
0.000000
0.000000
0.000000
0.000000
0.000000
0.000000
0.000000
0.000000
0.025144
0.526941
0.000000
0.000000
0.000000
0.000000
0.000000
0.000000
0.000000
0.000000
0.000000
0.000000
0.000000
0.000000
0.000000
0.000000
0.000000
0.999147
0.000000
0.000000
0.000000
0.000000
0.000000
0.000276
0.109932
0.000000
0.000000
0.000000
0.189514
0.000000
0.000000
0.005632
0.000000
0.000000
0.000000
0.000000
0.000000
0.000000
0.000000
0.000000
0.000000
0.000000
0.000000
0.000000
0.000000
0.000000
0.000000
0.000000
0.000000
0.526695
0.030794
0.763657
0.000000
0.012259
0.000000
0.015265
0.000000
0.000000
0.000000
0.000000
0.000000
0.000000
0.000000
0.288327
0.000000
0.239817
0.000000
0.021969
0.000000
0.742503
0.000000
0.128591
0.000000
0.000000
0.012577
0.000000
0.008772
0.000000
0.000000
0.000000
0.000000
0.000000
0.000714
0.000000
0.000000
0.000000
0.000000
0.000000
0.000000
0.000000
0.000000
0.000298
0.000000
0.000000
0.000000
0.000000
0.000000
0.000000
0.060533
0.000000
0.000000
0.000000
0.000000
0.000000
0.000000
0.000000
0.000000
0.000000
0.000000
0.000000
0.000000
0.000000
0.000000
0.000000
0.521252
0.000000
0.000000
0.015170
0.000001
0.000000
0.000000
0.000000
0.000000
0.000000
0.000000
0.000000
0.157840
0.000917
0.000000
0.999064
0.000000
0.000000
0.000000
0.000000
0.000000
0.000000
0.000000
0.000000
0.000000
0.000000
0.000000
0.000000
0.000000
0.000000
0.055280
0.000000
0.000000
0.000000
0.000000
0.000000
0.000000
0.000000
0.000000
0.000000
0.000000
0.001044
0.000000
0.000627
0.000000
0.000000
0.000000
0.000000
0.000000
0.000000
0.000000
1.000000
0.000115
0.000000
0.000000
0.000000
0.000004
0.000000
0.419211
0.000613
0.000000
0.000000
0.000000
0.000000
0.000000
0.000000
0.000000
0.000000
0.000000
0.000000
0.000000
0.000000
0.001829
0.000000
0.005051
0.000000
0.000000
0.000000
0.077078
0.072230
0.000000
0.000000
0.000000
0.018762
0.000000
0.000000
0.000000
0.000000
0.000000
0.000000
0.175836
0.037678
0.000000
0.000000
0.035370
0.000000
0.000000
0.000000
0.000000
0.000000
0.000000
0.000000
0.000000
0.000000
0.000000
0.000002
0.000000
0.062211
0.180851
0.000000
0.000000
0.545471
0.000000
0.000000
0.000000
0.000000
0.000000
0.000000
0.000000
0.000000
0.000000
0.000071
0.000000
0.000000
0.000000
0.000000
0.333495
0.000033
0.000000
0.000000
0.000000
0.000000
0.000000
0.527500
0.000000
0.014594
0.000000
0.000000
0.000000
0.516881
0.000000
0.999889
0.000000
0.000000
0.000000
0.000000
0.000000
0.000000
0.000000
0.000000
0.000000
0.000000
0.000000
0.000819
0.000000
0.000000
0.000000
0.000000
0.000000
0.000000
0.000000
0.000000
0.000000
0.000000
0.998771
0.000000
0.000000
0.000000
0.000000
0.000000
0.000000
0.000000
0.000000
0.000000
0.000000
0.000000
0.000000
0.000000
0.145609
0.000000
0.000000
0.002474
0.000000
0.000000
0.000000
0.000000
0.000004
0.008533
0.649386
0.000000
0.000000
0.000000
0.000000
0.000000
0.036210
0.000000
0.000000
0.000000
0.030547
0.000000
0.000000
0.000000
0.000000
0.000000
0.389563
0.000000
0.000303
0.000000
0.000000
0.000000
0.000000
0.000000
0.000000
0.000000
0.000000
0.000000
0.094182
0.000000
0.000000
0.000000
0.204139
0.000000
0.000000
0.000000
0.000000
0.000000
0.000000
0.000000
0.057590
0.000000
0.000000
0.000045
0.000000
0.000307
0.000000
0.000000
0.000000
0.000000
0.005361
0.002552
0.000000
0.000000
0.000000
0.000000
0.000000
0.000000
0.000000
0.012800
0.000000
0.000000
0.000000
0.000000
0.000000
0.000000
0.000000
0.000000
0.000000
0.000000
0.000000
0.000000
0.000000
0.000000
0.000000
0.000000
0.000000
0.000000
0.000000
0.000000
0.000000
0.000000
0.000000
0.000000
0.000497
0.000000
0.000000
0.000000
0.000000
0.000000
0.191867
0.006876
0.000000
0.000000
0.000000
0.059979
0.000000
0.000000
0.000022
0.000000
0.000000
0.000000
1.000000
0.000000
0.000014
0.000000
0.000000
0.000000
0.000000
0.000000
0.000000
0.000000
0.000000
0.000000
0.012324
0.000000
0.000000
0.000000
0.000000
0.999764
0.000000
0.006049
0.000000
0.099084
0.000000
0.000000
0.000000
0.000000
0.000000
0.000000
0.000000
0.000000
0.000000
0.000000
0.000000
0.000247
0.000000
0.000000
0.000000
0.000000
0.001696
0.025834
0.000000
0.000000
0.577181
0.000000
0.060353
0.000000
0.000000
0.000000
0.000000
0.000000
0.000000
0.000000
0.000000
0.000000
0.000000
0.000000
0.000000
0.000000
0.000000
0.004826
0.243427
0.000000
0.000000
0.001325
0.000000
0.000000
0.000000
0.000000
0.000000
0.000000
0.000000
0.000000
0.000000
0.000000
0.000000
0.008321
0.000000
0.000000
0.000000
0.000000
0.507378
0.000000
0.000000
0.000000
0.000000
0.008852
0.000000
0.000000
0.000000
0.000000
0.000000
0.000000
0.000000
0.062667
0.000000
0.245582
0.173251
0.447886
0.000000
0.296720
0.164504
0.000000
0.000714
0.002101
0.000000
0.000030
0.000000
0.988377
0.000000
0.000000
0.000000
0.000000
0.000000
0.000000
0.000000
0.000000
0.000000
0.000000
0.000000
0.227850
0.000000
0.000000
0.606750
0.000000
0.000000
0.000000
0.161082
0.000000
0.000000
0.038538
0.000000
0.000000
0.000000
0.018135
0.000000
0.000000
0.001164
0.000000
0.000000
0.000000
0.000000
0.003071
0.000000
0.000000
0.000000
0.000000
1.000000
0.000000
0.000000
0.000000
0.000000
0.000000
0.000000
0.000000
0.000000
0.054413
0.001142
0.000000
0.000000
0.000000
0.000000
0.000000
0.076452
0.000000
0.000000
0.000000
0.017109
0.000000
0.000000
0.000000
0.000000
0.000000
0.000000
0.000000
0.000000
0.935319
0.000000
0.000000
0.000000
0.000000
0.000000
0.317211
0.015651
0.022009
0.000000
0.002952
0.000000
0.000000
0.022604
0.000000
0.000000
0.000000
0.000000
0.000000
0.000000
0.000000
0.000000
0.044246
0.000000
0.000000
0.000000
0.000000
0.002431
0.000000
0.000000
0.000000
0.000000
0.000000
0.000000
0.000000
0.000000
0.000000
0.000000
0.000000
0.000000
0.000000
0.000000
0.000000
0.000000
0.000000
0.000000
0.000000
0.000000
0.000000
0.000000
0.019614
0.000000
0.000000
0.000000
0.066510
0.000000
0.000000
0.000000
0.000000
0.000000
0.000000
0.000000
0.002579
0.000000
0.000000
0.000282
0.000000
0.000000
0.000000
0.000000
0.000000
0.000000
0.000000
0.000000
0.000000
0.000000
0.000000
0.000000
0.000000
0.000000
0.049501
0.000000
0.000000
0.000000
0.000431
0.000000
0.000000
0.000000
0.039575
0.000000
0.000000
0.000000
0.000000
0.011954
0.007723
0.000000
0.000000
0.000000
0.000000
0.000000
0.000000
0.000000
0.000000
0.000000
0.910706
0.000000
0.000000
0.000000
0.000019
0.000000
0.467496
0.000000
0.000000
0.000000
0.000000
0.000000
0.000000
0.000000
0.000000
0.781328
0.181074
0.000000
0.000000
0.000000
0.026018
0.000000
0.000000
0.001668
0.000000
0.000000
0.999999
0.000000
0.000000
0.025812
0.000000
0.000000
0.000000
0.000000
0.000000
0.000000
0.000000
0.000000
0.000000
0.000012
0.000000
0.000000
0.000000
0.000000
0.000000
0.000000
0.000000
0.148535
0.000000
0.434280
0.000000
0.000000
0.000000
0.000000
0.365373
0.212713
0.000000
0.000000
0.176029
0.000000
0.000000
0.000000
0.462063
0.633036
0.000000
0.000000
0.000000
0.000000
0.000000
0.000888
0.000000
0.000000
0.000000
0.000000
0.823696
0.000000
0.000000
0.997089
0.000000
0.004069
0.003427
0.001139
0.000000
0.000000
0.000000
0.000000
0.000000
0.000000
0.000000
0.000000
0.000000
0.000000
0.724626
0.006251
0.000000
0.179702
0.000000
0.000000
0.000000
0.000000
0.000000
0.000000
0.000000
0.000000
0.000000
0.000000
0.000000
0.000000
0.000000
0.000000
0.000000
0.999844
0.023241
0.000000
0.001923
0.104360
0.000000
0.000000
0.000000
0.000000
0.000000
0.000000
0.000000
0.000000
0.000000
0.962163
0.000093
0.000000
0.000000
0.000000
0.000000
0.129587
0.000000
0.000000
0.000000
0.000000
0.027613
0.000068
0.000000
0.000000
0.000000
0.000000
0.000000
0.000374
0.000000
0.000000
0.249616
0.000000
0.100258
0.000000
0.000000
0.039519
0.000000
0.000000
0.000000
0.000000
0.000025
0.000000
0.000000
0.000000
0.000000
0.000000
0.000000
0.000000
0.024088
0.993938
0.000000
0.000000
0.208647
0.000000
0.049134
0.000000
0.000000
0.000000
0.000000
0.000000
0.000000
0.000000
0.695756
0.000000
0.679628
0.000000
0.000000
0.000000
0.000000
0.000000
0.000000
0.000000
0.000000
0.000000
0.000000
0.016920
0.000000
0.028895
0.594982
0.000000
0.000000
0.000000
0.001827
0.000000
0.333080
0.000000
0.000000
0.000000
0.000000
0.000000
0.000000
0.000000
0.000000
0.000000
0.000000
0.011437
0.000000
0.000000
0.000000
0.000000
0.000000
0.000000
0.000000
0.000000
0.000000
0.000000
0.859261
0.000000
0.000000
0.000000
0.000000
0.000000
0.000000
0.000000
0.000000
0.000000
0.003615
0.000620
0.000000
0.000000
0.000000
0.000000
0.000000
0.000000
0.000000
0.000000
0.328818
0.000000
0.000000
0.000000
0.000000
0.000000
0.000000
0.000000
0.000000
0.000000
0.000000
0.000368
0.000000
0.000000
0.000000
0.000000
0.000000
0.000000
0.000000
0.000000
0.000000
0.000000
0.936165
0.000000
0.000000
0.000000
0.000000
0.000000
0.000000
0.000000
0.000000
0.284143
0.125323
0.000000
0.000000
0.104724
0.000000
0.000000
0.000000
0.000000
0.000000
0.000000
0.000000
0.000000
0.000000
0.000000
0.363728
0.000000
0.140572
0.000000
0.000000
0.002225
0.000000
0.846844
0.000725
0.000000
0.000000
0.000000
0.000000
0.000000
0.000000
0.796691
0.000000
0.524606
0.000000
0.000000
0.343393
0.639189
0.000000
0.046317
0.000000
0.000476
0.000000
0.000000
0.000000
0.000000
0.000000
0.000000
0.000000
0.000000
0.000000
0.000000
0.000000
0.000000
0.000000
0.000000
0.000713
0.000000
0.000000
0.000000
0.000000
0.000000
0.000000
0.000000
0.000000
0.000000
0.000000
0.000000
0.000000
0.000000
0.000000
0.000000
0.000000
0.000000
0.000000
0.000000
0.194371
0.000367
0.000000
0.000000
0.000000
0.000000
0.000000
0.000000
0.000000
0.000000
0.000000
0.000000
0.000000
0.000000
0.000000
0.000000
0.000000
0.161726
0.000000
0.000000
0.000000
0.000000
0.858901
0.000000
0.000000
0.000000
0.000000
0.000000
0.028980
0.000000
0.000000
0.000000
0.000000
0.000000
0.000000
0.000000
0.000000
0.024799
0.000000
0.000000
0.000000
0.000000
0.002411
0.066055
0.000000
0.000000
0.988973
0.000000
0.000000
0.000000
0.000000
0.000000
0.000000
0.000000
0.000000
0.000000
0.000000
0.000000
0.160458
0.000000
0.000000
0.000000
0.000000
0.000000
0.000000
0.000000
0.000000
0.000000
0.000000
0.000000
0.030812
0.000000
0.000367
0.000000
0.000000
0.000000
0.000000
0.000000
0.000040
0.164750
0.000000
0.034377
0.000000
0.000000
0.416728
0.000156
0.000160
0.076975
0.000000
0.000508
0.000000
0.337918
0.000000
0.000000
0.000000
0.000000
0.076300
0.000000
0.000000
0.000000
0.059356
0.180440
0.012907
0.000000
0.295197
0.407038
0.000000
0.000000
0.000000
0.000000
0.000000
0.000000
0.135262
0.000013
0.000000
0.000000
0.000000
0.000000
0.000000
0.000000
0.000000
0.000000
0.000000
0.000000
0.000000
0.000000
0.000000
0.000000
0.000000
0.009172
0.000000
0.000000
0.043610
0.000000
0.000000
0.000000
0.000000
0.000000
0.698154
0.000000
0.000000
0.000000
0.000000
0.000000
0.000000
0.000000
0.000937
0.000000
0.051440
0.000000
0.000000
0.087159
0.000000
0.220736
0.000000
0.002686
0.000000
0.000000
0.000000
0.000000
0.000000
0.000000
0.000000
0.002362
0.000000
0.000000
0.000000
0.000000
0.000000
0.000000
0.000000
0.000000
0.000000
0.000000
0.001077
0.000000
0.000000
0.000000
0.000000
0.000000
0.000000
0.000000
0.015874
0.001095
0.000000
0.000000
0.000000
0.000000
0.000000
0.000000
0.000000
0.000000
0.049738
0.000000
0.000000
0.000000
0.000000
0.000000
0.000000
0.236662
0.000000
0.000000
0.001270
0.000000
0.000000
0.000000
0.000000
0.000000
0.000000
0.000000
0.000000
0.003011
0.000000
0.000000
0.000000
0.009441
0.000000
0.000000
0.000000
0.000419
0.000000
0.000000
0.000000
0.000000
0.000000
0.000000
0.000000
0.000000
0.927279
0.000000
0.000000
0.000000
0.000000
0.000000
0.000000
0.000000
0.000000
0.000000
0.000000
0.000000
0.000000
0.000000
0.000000
0.000000
0.000000
0.000000
0.000000
0.000000
0.000000
0.000000
0.000000
0.000000
0.000000
0.000000
0.000000
0.046103
0.000000
0.000597
0.000000
0.163405
0.000000
0.000000
0.000000
0.000000
0.000000
0.000000
0.000000
0.000000
0.000000
0.000000
0.000000
0.000000
0.003789
0.000000
0.000000
0.000000
0.000000
0.000000
0.000000
0.159631
0.000000
0.000000
0.841468
0.000000
0.073276
0.000000
0.000000
0.996590
0.112155
0.000000
0.000000
0.000000
0.000000
0.382097
0.000000
0.000000
0.000000
0.000000
0.000000
0.000000
0.000134
0.497940
0.000000
0.000000
0.000000
0.000000
0.000000
0.000000
0.000000
0.000000
0.044429
0.000000
0.090853
0.000000
0.000000
0.000000
0.000000
0.000000
0.000000
0.000000
0.000000
0.000000
0.000000
0.000000
0.043532
0.977695
0.000000
0.000000
0.000000
0.000000
0.000000
0.000000
0.000000
0.000000
0.000000
0.000000
0.000000
0.000000
0.897110
0.000000
0.000000
0.000000
0.000013
0.608714
0.000000
0.000000
0.157675
0.000000
0.001119
0.000000
0.000000
0.000000
0.916754
0.000000
0.999860
0.970871
0.000000
0.045088
0.000000
0.000396
0.000000
0.000000
0.842238
0.334498
0.000000
0.000000
0.000000
0.000000
0.000000
0.032371
0.000000
0.000000
0.014803
0.000000
0.000000
0.000000
0.000000
0.000000
0.000000
0.000000
0.000000
0.268745
0.104636
0.000000
0.000000
0.802391
0.000000
0.000000
0.000000
0.000000
0.000000
0.000000
0.070667
0.000000
0.000000
0.000000
0.000000
0.000000
0.000000
0.000000
0.000000
0.000000
0.000000
0.000000
0.000000
0.000037
0.000000
0.000000
0.000000
0.000000
0.000000
0.000000
0.000000
0.000000
0.817649
0.000000
0.000000
0.000000
0.000000
0.005199
0.999966
0.000000
0.000000
0.999903
0.000000
0.623034
0.000000
0.000000
0.000000
0.000000
0.000000
0.000000
0.000000
0.000000
0.000000
0.000000
0.000000
0.000000
0.000000
0.000000
0.000000
0.000000
0.469152
0.000000
0.000000
0.000000
0.000000
0.000000
0.000000
0.000000
0.000000
0.000000
0.000000
0.000000
0.000000
0.000000
0.000000
0.906032
0.046480
0.000000
0.000000
0.000000
0.000000
0.000000
0.000000
0.000000
0.000000
0.000000
0.000000
0.000211
0.000000
0.006695
0.000000
0.000000
0.000000
0.000000
0.000000
0.000000
0.433632
0.000000
0.000000
0.000000
0.000000
0.000000
0.000000
0.556898
0.000000
0.999056
0.000000
0.000000
0.000000
0.000000
0.000000
0.000000
0.000000
0.000000
0.000000
0.000000
0.000000
0.014245
0.351824
0.000000
0.921648
0.000000
0.000000
0.000000
0.000000
0.000000
0.000000
0.010258
0.000000
0.000000
0.003928
0.000000
0.035390
0.118673
0.000000
0.000000
0.000000
0.000000
0.000000
0.000000
0.000000
0.000000
0.000000
0.000000
0.106781
0.000000
0.000000
0.000000
0.000000
0.596253
0.000000
0.000000
0.000000
0.000000
0.000000
0.019927
0.000000
0.000000
0.000000
0.112941
0.000000
0.000000
0.000000
0.044066
0.000000
0.000000
0.000000
0.000000
0.000000
0.309612
0.000000
0.000000
0.180102
0.000000
0.000000
0.000000
0.000000
0.000000
0.037216
0.000000
0.250707
0.279797
0.000000
0.999326
0.000000
0.000000
0.000000
0.237207
0.000000
0.000000
0.000000
0.014587
0.000000
0.000000
0.000000
0.000000
0.000000
0.000000
0.007694
0.000000
0.007714
0.000000
0.000000
0.012261
0.000000
0.000000
0.000000
0.000000
0.000000
0.000000
0.000000
0.000000
0.000000
0.000000
0.000000
0.951793
0.000000
0.000000
0.000000
0.000000
0.000000
0.000000
0.000000
0.000000
0.000000
0.000000
0.000000
0.000000
0.076900
0.000000
0.301788
0.000000
0.666688
0.004824
0.000000
0.078807
0.209029
0.017810
0.000000
0.000000
0.000000
0.000000
0.000000
0.040949
0.000000
0.000000
0.000000
0.000000
0.223753
0.000000
0.000000
0.000000
0.000000
0.073268
0.000000
0.000000
0.000000
0.000000
0.000000
0.000000
0.000000
0.000000
0.000000
0.000000
0.000000
0.000000
0.000000
0.158898
0.000000
0.087638
0.475829
0.000000
0.000000
0.000000
0.000000
0.000000
0.000000
0.000000
0.000000
0.000000
0.000000
0.000000
0.000000
0.002281
0.000000
0.001671
0.000000
0.000000
0.000000
0.000000
0.000000
0.099262
0.000000
0.000000
0.000000
0.000000
0.000000
0.000000
0.000000
0.021550
0.000000
0.000000
0.000000
0.000000
0.000000
0.000000
0.032745
0.000000
0.000000
0.000000
0.401148
0.000000
0.000000
0.000000
0.032119
0.000000
0.000000
0.817405
0.000000
0.110540
0.638871
0.000000
0.000000
0.000000
0.000000
0.000000
0.000000
0.000000
0.000000
0.000000
0.000000
0.000000
0.000000
0.000000
0.000000
0.001389
0.000000
0.000000
0.000000
0.000000
0.000033
0.000000
0.090964
0.000000
0.000000
0.075250
0.000000
0.000000
0.000000
0.000000
0.000800
0.000000
0.000000
0.000000
0.000000
0.000000
0.056749
0.000000
0.102084
0.000000
0.000000
0.000000
0.000158
0.000000
0.673990
0.001345
0.121075
0.000000
0.000000
0.000000
0.000000
0.121587
0.000000
0.000000
0.000000
0.000226
0.000000
0.000000
0.000000
0.000000
0.000000
0.000000
0.963878
0.462081
0.000000
0.000000
0.000000
0.000000
0.000000
0.000000
0.000000
0.917125
0.000000
0.893743
0.000000
0.000000
0.000000
0.046069
0.000000
0.000000
0.000000
0.000000
0.000058
0.029974
0.000000
0.056712
0.000000
0.000000
0.000000
0.000000
0.000000
0.000000
0.001903
0.000000
0.000000
0.006221
0.000000
0.000000
0.000000
0.000000
0.000000
0.000000
0.000000
0.000000
0.000000
0.688322
0.000000
0.000000
0.000000
0.000000
0.000000
0.000000
0.000000
0.000000
0.000000
0.000000
0.000000
0.000000
0.000000
0.080992
0.000000
0.000000
0.000000
0.000000
0.000000
0.000000
0.000008
0.000000
0.000000
0.000000
0.000000
0.000000
0.000000
0.000000
0.000000
0.000000
0.237712
0.000000
0.035396
0.000000
0.000000
0.000000
0.000000
0.000000
0.000000
0.000000
0.000000
0.000000
0.000000
0.000000
0.292348
0.000000
0.000000
0.000000
0.000000
0.000000
0.000000
0.000000
0.000000
0.062229
0.000000
0.000000
0.000000
0.000000
0.000000
0.000000
0.000000
0.000000
0.000000
0.000000
0.000000
0.000000
0.000000
0.000000
0.007006
0.000000
0.000000
0.000000
0.041633
0.000000
0.000000
0.000000
0.473611
0.866769
0.034573
0.004763
0.000000
0.000000
0.283345
0.000000
0.000000
0.000000
0.000000
0.045313
0.933864
0.000000
0.056726
0.000000
0.000000
0.000000
0.081861
0.000000
0.000000
0.000000
0.000000
0.000000
0.000000
0.000000
0.000000
0.002839
0.000000
0.478784
0.000000
1.000000
0.000000
0.000000
0.004125
0.000000
0.533163
0.177139
0.000000
0.000000
0.000000
0.000000
0.055986
0.000000
0.061171
0.688073
0.000000
0.000000
0.000000
0.000000
0.000000
0.000000
0.012538
0.200927
0.000000
0.000000
0.000000
0.000000
0.000000
0.188848
0.000000
0.005793
0.000000
0.000000
0.000000
0.000000
0.000000
0.000000
0.000000
0.000000
0.000000
0.000761
0.588318
0.514066
0.000000
0.000000
0.000000
0.000000
0.000000
0.000000
0.000000
0.000000
0.000000
0.000000
0.000000
0.000000
0.000000
0.000000
0.015508
0.000000
0.000000
0.000000
0.000000
0.000000
0.000000
0.000000
0.000000
0.000000
0.000000
0.000000
0.109371
0.000000
0.280578
0.000000
0.000000
0.025846
0.000000
0.000000
0.000000
0.000000
0.000000
0.000000
0.000000
0.000000
0.000000
0.000000
0.307281
0.000000
0.000000
0.006988
0.044689
0.000000
0.000000
0.137197
0.689997
0.000000
0.000000
0.000000
0.000000
0.000000
0.089574
0.000000
0.000000
0.000000
0.000000
0.000000
0.000000
0.000000
0.342099
0.000000
0.000000
0.000000
0.000000
0.004162
0.322019
0.000000
0.000000
0.000000
0.000000
0.000000
0.000000
0.000000
0.000000
0.000000
0.000000
0.000000
0.000000
0.000000
0.000000
0.253344
0.000000
0.000000
0.000000
0.000000
0.000000
0.000000
0.000000
0.000000
0.000000
0.000000
0.000000
0.000000
0.000000
0.000000
0.000000
0.000000
0.000000
0.000000
0.000000
0.000000
0.092070
0.000000
0.000000
0.000000
0.000000
0.000000
0.000000
0.000000
0.516314
0.213507
0.103225
0.000000
0.000000
0.000000
0.000000
0.000000
0.000039
0.000000
0.000000
0.000000
0.000000
0.000000
0.000000
0.039091
0.000000
0.000000
0.228396
0.000000
0.000000
0.000000
0.000000
0.000000
0.000000
0.288914
0.000000
0.015841
0.063273
0.000000
0.000000
0.000000
0.000000
0.000000
0.514476
0.000000
0.000000
0.000000
0.000000
0.000000
0.000000
0.000000
0.000000
0.024969
0.000000
0.189722
0.000000
0.000000
0.000000
0.000000
0.000000
0.000000
0.000000
0.000000
0.000000
0.000000
0.000000
0.000000
0.000000
0.000000
0.002335
0.000000
0.000000
0.000000
0.000000
0.000000
0.000000
0.383539
0.000000
0.000000
0.000000
0.051560
0.000000
0.000000
0.000000
0.000000
0.000000
0.000000
0.000000
0.000000
0.000000
0.000000
0.000000
0.000000
0.000000
0.000000
0.000000
0.000000
0.000000
0.000000
0.000006
0.000000
0.497099
0.000000
0.005942
0.000000
0.000000
0.000000
0.000000
1.000000
0.021823
0.000000
0.000000
0.000000
0.000000
0.000000
0.000000
0.000000
0.000000
0.000000
0.000000
0.000000
0.000000
0.000000
0.000000
0.007721
0.000000
0.096566
0.919801
0.000000
0.000000
0.000000
0.000000
0.000000
0.000000
0.000000
0.000000
0.000000
0.000000
0.000000
0.000000
0.000000
0.216306
0.000000
0.000000
0.000000
0.430376
0.000000
0.000000
0.000000
0.000000
0.000000
0.000000
0.000000
0.000000
0.000000
0.000000
0.000000
0.000000
0.000000
0.000000
0.000000
0.000000
0.000000
0.000000
0.000000
0.000000
0.000000
0.000000
0.000000
0.000000
0.000000
0.997842
0.000000
0.064783
0.899101
0.765242
0.035186
0.001582
0.000000
0.000000
0.000000
0.000000
0.000000
0.000000
0.000000
0.000000
0.000000
0.000000
0.000000
0.000000
0.000000
0.000000
0.000000
0.000000
0.000000
0.000000
0.023229
0.000000
0.000000
0.214239
0.000000
0.197947
0.000000
0.000000
0.227523
0.000000
0.118824
0.015551
0.000000
0.019340
0.000000
0.000000
0.000000
0.000000
0.000000
0.000000
0.000000
0.000000
0.000000
0.000608
0.000000
0.000000
0.000000
0.000000
0.000706
0.000002
0.005924
0.000000
0.000000
0.000000
0.000000
0.000000
0.000000
0.000000
0.060926
0.015276
0.000000
0.070775
0.000000
0.000000
0.000000
0.000000
0.000506
0.000000
0.000000
0.000000
0.000000
0.000000
0.000000
0.000000
0.000000
0.000451
0.000000
0.000000
0.000000
0.000000
0.035869
0.000000
0.000000
0.000000
0.000000
0.022680
0.000000
0.000000
0.000000
0.000000
0.000000
0.005460
0.000000
0.000000
0.000000
0.000000
0.000000
0.000002
0.000000
0.000000
0.000000
0.000000
0.000000
0.000000
0.000000
0.000000
0.000000
0.000000
0.000000
0.000000
0.010674
0.087873
0.001801
0.000000
0.000000
0.000000
0.202530
0.000000
0.000000
0.000000
0.000000
0.000000
0.000000
0.000000
0.000000
0.000000
0.000000
0.000000
0.000000
0.196638
0.000000
0.000000
0.000000
0.000000
0.000000
0.000000
0.000000
0.000000
0.011955
0.000000
0.000000
0.000000
0.000000
0.000000
0.032567
0.000000
0.000000
0.000000
0.000000
0.000000
0.000000
0.000000
0.000000
0.000000
0.000000
0.000000
0.000000
0.000000
0.000000
0.000000
0.000000
0.000000
0.000000
0.055885
0.000000
0.000000
0.000000
0.000000
0.000000
0.000000
0.000000
0.000000
0.000000
0.000000
0.000000
0.000000
0.000000
0.000000
0.000000
0.000000
0.000000
0.000000
0.000000
0.000000
0.000000
0.000000
0.000000
0.005221
0.000000
0.000019
0.236140
0.000000
0.000000
0.000000
0.000000
0.000000
0.000000
0.000000
0.000000
0.000000
0.000000
0.000000
0.000000
0.000000
0.000000
0.000000
0.000000
0.000000
0.000000
0.000000
0.557622
0.000632
0.943272
0.000000
0.000026
0.000000
0.000000
0.000000
0.000000
0.000000
0.000000
0.168417
0.009798
0.002720
0.000000
0.426922
0.000000
0.000000
0.000000
0.000000
0.000000
0.013493
0.014996
0.000000
0.000000
0.000000
0.000000
0.000000
0.000000
0.000000
0.000000
0.000000
0.083195
0.000000
0.000000
0.061308
0.000000
0.000000
0.000000
0.000000
0.000000
0.000000
0.000000
0.437169
0.000000
0.000000
0.000000
0.000000
0.000000
0.000000
0.000000
0.000000
0.000000
0.000000
0.000000
0.000000
0.000000
0.000000
0.000000
0.000000
0.000000
0.493213
0.000000
0.000000
0.000000
0.000000
0.020254
0.000000
0.000000
0.000000
0.000000
0.959840
0.000000
0.000000
0.000000
0.001081
0.000000
0.000000
0.000000
0.000000
0.000000
0.000000
0.000000
0.021880
0.000000
0.000000
0.000000
0.000000
0.000000
0.154464
0.000000
0.000000
0.225995
0.000000
0.000000
0.000000
0.000000
0.000000
0.000000
0.000000
0.000000
0.000000
0.000000
0.196464
0.001717
0.000000
0.000000
0.000000
0.000000
0.000000
0.000000
0.000000
0.000000
0.000000
0.000000
0.000000
0.167708
0.000000
0.000000
0.000000
0.000000
0.000000
0.000000
0.000000
0.000000
0.000000
0.000000
0.002721
0.000000
0.000000
0.000000
0.000000
0.000000
0.002056
0.002520
0.411440
0.000000
0.000000
0.000000
0.013920
0.000000
0.000000
0.000000
0.000000
0.000000
0.000000
0.000000
0.000000
0.000000
0.000000
0.000000
0.000000
0.000000
0.195533
0.000000
0.000000
0.024732
0.978293
0.000000
0.000000
0.000000
0.000000
0.000000
0.000000
0.000000
0.000000
0.000000
0.000000
0.000000
0.980860
0.000000
0.000000
0.000000
0.526774
0.000000
0.000000
0.000000
0.000000
0.000000
0.000000
0.000000
0.000000
0.000000
0.000000
0.000000
0.000000
0.288064
0.000000
0.000000
0.000000
0.000000
0.000000
0.000000
0.000000
0.000000
0.057479
0.000000
0.000000
0.000000
0.000000
0.000000
0.000000
0.000000
0.005713
0.000000
0.029560
0.000000
0.000000
0.000000
0.000000
0.000000
0.000000
0.000000
0.013311
0.439579
0.000000
0.000000
0.000000
0.001871
0.102802
0.485065
0.412416
0.115156
0.000000
0.000000
0.000000
0.002189
0.000000
0.000000
0.297421
0.000000
0.000000
0.000000
0.000000
0.000000
0.000000
0.000000
0.471024
0.000000
0.000000
0.000000
0.000000
0.000000
0.000000
0.000000
0.000000
0.350134
0.000000
0.000000
0.000000
0.000000
0.000000
0.000000
0.000000
0.000000
0.082655
0.020538
0.000000
0.102236
0.044148
0.000000
0.000000
1.000000
0.000000
0.000000
0.000000
0.962277
0.000000
0.000000
0.000000
0.000000
0.000000
0.000000
0.000080
0.000000
0.038557
0.000000
0.000000
0.000000
0.000000
0.000000
0.022593
0.000000
0.013641
0.000000
0.000000
0.000000
0.000000
0.000000
0.000000
0.000000
0.000717
0.000000
0.000000
0.208627
0.000000
0.000000
0.000000
0.000000
0.000000
0.519309
0.000000
0.000000
0.733286
0.000000
0.000000
0.000000
0.213444
0.000000
0.000000
0.000000
0.000000
0.000000
0.022071
0.000000
0.000000
0.000000
0.000000
0.000000
0.000000
0.000000
0.019204
0.000000
0.000000
0.000000
0.000000
0.000000
0.000000
0.000000
0.000000
0.000000
0.000000
0.000000
0.000000
0.000000
0.098267
0.000000
0.000000
0.000000
0.007518
0.000000
0.000000
0.000000
0.000000
0.000000
0.000000
0.000001
0.000000
0.220198
0.283987
0.000000
0.000000
0.000000
0.000002
0.000000
0.000000
0.000000
0.000000
0.000000
0.000000
0.000000
0.000000
0.000000
0.026825
0.008341
0.000000
0.000000
0.000000
0.000000
0.000000
0.000000
0.000000
0.000000
0.025698
0.000000
0.000000
0.000000
0.000000
0.000000
0.000000
0.000000
0.000000
0.055430
0.000000
0.000000
0.000000
0.000000
0.000000
0.000000
0.004509
0.000000
0.000000
0.000000
0.000000
0.000000
0.000000
0.000000
0.000000
0.000000
0.000000
0.000000
0.000000
0.000000
0.046537
0.000000
0.000000
0.000000
0.000000
0.000264
0.000000
0.000000
0.000000
0.000000
0.000000
0.000000
0.000000
0.000000
0.000000
0.002692
0.000000
0.000000
0.532346
0.000000
0.000000
0.000000
0.000000
0.000000
0.000021
0.003380
0.000000
0.000245
0.000000
0.000000
0.000000
0.000000
0.000000
0.000000
0.000000
0.000007
0.354908
0.016106
0.000000
0.000000
0.999926
0.000000
0.000000
0.000000
0.064449
0.000000
0.000000
0.000000
0.037827
0.000000
0.000000
0.000000
0.000000
0.000000
0.000000
0.000000
0.000000
0.375204
0.000000
0.000000
0.912209
0.000000
0.000000
0.000000
0.000000
0.000000
0.000000
0.000000
0.657190
0.000000
0.000000
0.000000
0.000000
0.000000
0.000000
0.000000
0.000000
0.000082
0.000000
0.000000
0.000000
0.000000
0.000000
0.000000
0.000000
0.000000
0.000000
0.130391
0.001482
0.000000
0.000000
0.000000
0.005584
0.000000
0.000000
0.000000
0.000393
0.000000
0.000000
0.000000
0.000000
0.000000
0.000000
0.000000
0.000000
0.000000
0.000000
0.000000
0.000000
0.000000
0.000000
0.000000
0.204186
0.001964
0.000227
0.000000
0.000000
0.000000
0.000000
0.000000
0.000000
0.800321
0.000000
0.000000
0.000000
0.000000
0.000000
0.000000
0.000000
0.000332
0.000000
0.024095
0.000000
0.169662
0.000000
0.000000
0.000000
0.000000
0.000000
0.267863
0.000000
0.000000
0.000000
0.000000
0.000000
0.000000
0.000000
0.000000
0.000000
0.000000
0.051614
0.000000
0.000000
0.000000
0.000000
0.005079
0.000000
0.000000
0.000000
0.000000
0.000000
0.000000
0.000000
0.000000
0.000000
0.000000
0.000000
0.000000
0.000000
0.000000
0.000000
0.000000
0.000000
0.000000
0.000000
0.000000
0.000000
0.000000
0.000000
0.000000
0.624217
1.000000
0.000000
0.000000
0.000000
0.000000
0.905735
0.021393
0.000000
0.000000
0.281257
0.000000
0.005543
0.000000
0.000478
0.097169
0.000000
0.000000
0.000061
0.000000
0.000000
0.033717
0.000000
0.000000
0.000000
0.000000
0.000000
0.000000
0.000000
0.000000
0.000000
0.000000
0.000000
0.971333
0.000000
0.423495
0.114122
0.014127
0.000000
0.000000
0.000000
0.000000
0.186501
0.000000
0.000000
0.000000
0.000000
0.000000
0.000700
0.000000
0.000000
0.000000
0.004968
0.000000
0.000000
0.000000
0.000000
0.000000
0.000000
0.247496
0.000000
0.000000
0.000000
0.000000
0.000000
0.000000
0.000000
0.000000
0.000000
0.000000
0.000000
0.000000
0.000000
0.000000
0.000000
0.000000
0.000000
0.000000
0.000000
0.000000
0.000000
0.002052
0.000000
0.000000
0.208265
0.000000
0.005858
0.000000
0.000000
0.024941
0.000000
0.000000
0.000000
0.000000
0.000000
0.000000
0.000000
0.000000
0.000000
0.000000
0.000000
0.000000
0.000000
0.000000
0.260534
0.000000
0.009651
0.000000
0.002716
0.000000
0.000000
0.932052
0.000000
0.000000
0.000000
0.000000
0.729146
0.000000
0.000000
0.000000
0.000000
0.000000
0.000000
0.000000
0.009541
0.000000
0.000000
0.077165
0.000000
0.000000
0.000000
0.000000
0.000000
0.000000
0.000000
0.000000
0.000000
0.000000
0.000000
0.000000
0.000000
0.000000
0.000000
0.000000
0.000000
0.000000
0.000000
0.000000
0.000000
0.000000
0.000000
0.969287
0.000000
0.000000
0.023150
0.000036
0.000000
0.000000
0.000000
0.000000
0.000000
0.905375
0.001315
0.000000
0.000000
0.000000
0.000000
0.075090
0.000000
0.000000
0.000000
0.000000
0.000000
0.000000
0.000000
0.000000
0.000000
0.000000
0.000000
0.000000
0.000000
0.000000
0.008707
0.000000
0.000000
0.478327
0.000000
0.000000
0.000000
0.000000
0.000000
0.000000
0.000000
0.009387
0.000000
0.315042
0.000000
0.000000
0.000000
0.000000
0.000000
0.000000
0.000000
0.045037
0.000000
0.000000
0.000000
0.000000
0.096482
0.000000
0.000000
0.000000
0.000000
0.000000
0.000000
0.000000
0.000000
0.000055
0.000000
0.000000
0.000000
0.000000
0.000000
0.019953
0.000000
0.003050
0.000000
0.352254
0.000000
0.000000
0.000000
0.000000
0.000000
0.000398
0.732760
0.000000
0.000000
0.000000
0.000000
0.000000
0.000608
0.414011
0.000000
0.000000
0.000000
0.000000
0.000000
0.000000
0.000000
0.000000
0.000000
0.129305
0.000000
0.000000
0.000000
0.000000
0.000000
0.000000
0.000000
0.000033
0.000000
0.000000
0.000000
0.000000
0.000000
0.161371
0.881125
0.000000
0.000000
0.000000
0.000000
0.000000
0.000000
0.000000
0.000000
0.502282
0.000000
0.000000
0.000000
0.000000
0.038706
0.000000
0.000000
0.000151
0.000000
0.000000
0.000000
0.000000
0.000000
0.094626
0.000000
0.000000
0.000000
0.000000
0.016912
0.000000
0.000000
0.000000
0.000000
0.000000
0.000000
0.016022
0.000000
0.000000
0.477479
0.003059
0.002537
0.000000
0.000000
0.000000
0.000000
0.001806
0.000000
0.000000
0.000000
0.000000
0.000000
0.000000
0.000000
0.195763
0.000000
0.000000
0.000000
0.000000
0.000000
0.000000
0.000000
0.000000
0.000000
0.000000
0.000000
0.000000
0.000144
0.000000
0.000000
0.000000
0.000000
0.000000
0.000000
0.001990
0.000000
0.019792
0.000000
0.000000
0.000000
0.000000
0.000000
0.000000
0.000000
0.722078
0.000000
0.000000
0.000056
0.000000
0.104012
0.000000
0.000000
0.005117
0.000000
0.000000
0.000000
0.000000
0.000000
0.161125
0.000000
0.000000
0.000000
0.000000
0.000000
0.000000
0.000000
0.559623
0.000000
0.000000
0.000005
0.002258
0.000000
0.000000
0.000000
0.048766
0.000000
0.000000
0.000000
0.000000
0.000000
0.015214
0.000000
0.000000
0.000000
0.000000
0.011521
0.000000
0.000000
0.113477
0.000000
0.000000
0.000000
0.696805
0.000000
0.000000
0.000000
0.000000
0.000000
0.000000
0.000000
0.004857
0.000000
0.000000
0.000000
0.000000
0.000000
0.515426
0.000000
0.000000
0.000000
0.000000
0.000000
0.005904
0.030573
0.000000
0.000000
0.000000
0.000000
0.000000
0.000000
0.001383
0.000000
0.000000
0.000000
0.000000
0.000000
0.000000
0.000000
0.000000
0.000000
0.000000
0.000000
0.000000
0.000000
0.000000
0.014615
0.000000
0.000000
0.000000
0.000000
0.000000
0.000000
0.000000
0.000000
0.002165
0.000000
0.008023
0.000017
0.000000
0.026039
0.030574
0.000000
0.000000
0.002699
0.000000
0.000000
0.501875
0.000000
0.000000
0.000000
0.000000
0.000000
0.000000
0.000000
0.054897
0.000000
0.000000
0.000000
0.006901
0.000000
0.000000
0.000000
0.000000
0.000000
0.000000
0.048561
0.000000
0.310345
0.000091
0.000000
0.000000
0.000000
0.000000
0.000006
0.000000
0.000000
0.000000
0.000000
0.000000
0.828401
0.000000
0.000000
0.000000
0.000000
0.000000
0.000000
0.000000
0.000000
0.000000
0.002179
0.000000
0.000000
0.000000
0.000000
0.000000
0.000000
0.000000
0.000000
0.000000
0.056484
0.000000
0.000000
0.000000
0.000000
0.402491
0.000000
0.000000
0.000000
0.091453
0.000000
0.000000
0.000000
0.000000
0.000000
0.000000
0.157045
0.000000
0.000000
0.000000
0.000000
0.000000
0.000000
0.000000
0.000000
0.000000
0.000000
0.000000
0.000050
0.000000
0.000000
0.069442
0.000000
0.000000
0.000000
0.000000
0.000000
0.000000
0.000000
0.000000
0.000687
0.000000
0.000000
0.000000
0.000049
0.074095
0.000000
0.000000
0.000000
0.000000
0.000000
0.000000
0.000000
0.000010
0.000000
0.000000
0.000000
0.000000
0.000000
0.000000
0.000000
0.000000
0.000000
0.000000
0.000000
0.000000
0.000000
0.000000
0.000000
0.000000
0.000000
0.000000
0.000000
0.000000
0.000000
0.000000
0.000000
0.059217
0.000000
0.000000
0.000000
0.000000
0.000000
0.000000
0.002648
0.002917
0.000000
0.000000
0.000000
0.000000
0.000000
0.000000
0.004068
0.000000
0.000000
0.000000
0.000000
0.000000
0.000000
0.000000
0.998825
0.000000
0.000000
0.053656
0.000000
0.000000
0.028019
0.000000
0.595550
0.017257
0.000000
0.000000
0.000000
0.000000
0.000000
0.024995
0.000000
0.131797
0.000000
0.000000
0.000000
0.000000
0.000000
0.000000
0.000000
0.000000
0.000000
0.000000
0.000000
0.000000
0.000001
0.000000
0.000000
0.709474
0.000000
0.000000
0.000000
0.629952
0.000000
0.000000
0.000000
0.000000
0.000000
0.000000
0.000000
0.000000
0.000000
0.000000
0.000000
0.000000
0.216473
0.000000
0.000000
0.000000
0.000000
0.000000
0.000000
0.000000
0.997666
0.000000
0.000000
0.000000
0.000000
0.938604
0.011063
0.539743
0.000000
0.000000
0.000000
0.000000
0.000000
0.000000
0.000000
0.000000
0.000000
0.000000
0.000000
0.000000
0.000000
0.000000
0.000000
0.000000
0.000000
0.027371
0.000000
0.001669
0.010741
0.000000
0.001546
0.000000
0.000000
0.000000
0.000000
0.000000
0.000000
0.000000
0.000000
0.026940
0.000000
0.000000
0.000000
0.000000
0.012564
0.000000
0.000000
0.000000
0.201783
1.000000
0.000000
0.000000
0.000000
0.011532
0.956368
0.034661
0.000000
0.000000
0.000000
0.053226
0.002309
0.000000
0.000000
0.000000
0.000000
0.000000
0.000000
0.000000
0.000000
0.000000
0.000000
0.000000
0.000000
0.000000
0.000000
0.000000
0.000000
0.000000
0.000000
0.000000
0.000000
0.018210
0.000000
0.000000
0.000000
0.000000
0.000000
0.000000
0.000000
0.000722
0.510943
0.000000
0.000000
0.000000
0.000000
0.000000
0.001167
0.000000
0.000000
0.000000
0.000000
0.553802
0.000000
0.000000
0.000000
0.029365
0.000000
0.448784
0.000000
0.000000
0.000000
0.000000
0.091399
0.000000
0.616937
0.000000
0.000000
0.000000
0.000000
0.000000
0.000000
0.000000
0.000000
0.000000
0.000000
0.000000
0.000000
0.000000
0.000000
0.000000
0.000000
0.116668
0.000000
0.000000
0.002614
0.000000
0.000000
0.000000
0.000000
0.000000
0.000000
0.481348
0.011383
0.000000
0.000000
0.000000
0.000000
0.163906
0.000000
0.000000
0.000000
0.000000
0.495244
0.000000
0.000000
0.000000
0.000000
0.000000
0.000000
0.000000
0.000000
0.000000
0.000000
0.000000
0.000000
0.000000
0.000000
0.000000
0.000000
0.000000
0.000000
0.000000
0.000376
0.000000
0.039022
0.000000
0.000000
0.000000
0.000000
0.000000
0.000000
0.000000
0.000000
0.000000
0.000000
0.000000
0.000000
0.000000
0.000000
0.000000
0.000000
0.000000
0.000000
0.000000
0.000000
0.623135
0.015119
0.000000
0.000000
0.000000
0.000000
0.000000
0.000000
0.000000
0.000000
0.000000
0.000000
0.000000
0.000000
0.026506
0.000000
0.000000
0.033051
0.000000
0.000000
0.043224
0.000000
0.000000
0.000000
0.000000
0.000000
0.000000
0.000000
0.066709
0.000000
0.000000
0.000000
0.000000
0.104013
0.000000
0.000000
0.000000
0.000000
0.000000
0.000000
0.000000
0.123111
0.007019
0.000000
0.000000
0.000000
0.000000
0.000491
0.000000
0.000000
0.000000
0.000000
0.000000
0.012776
0.446835
0.000000
0.000000
0.000000
0.000000
0.000000
0.000000
0.995361
0.000000
0.000000
0.000849
0.000000
0.259609
0.000000
0.000000
0.000000
0.000000
0.000000
0.000000
0.000000
0.000000
0.016513
0.000000
0.000000
0.000000
0.000000
0.000000
0.000000
0.000000
0.000000
0.000000
0.000000
0.000000
0.000187
0.000000
0.000000
0.000000
0.000000
0.000025
0.000000
1.000000
0.000414
0.000000
0.000000
0.001054
0.949269
0.262978
0.000000
0.000000
0.000000
0.000000
0.000000
0.030253
0.000000
0.000000
0.000000
0.000000
0.011874
0.000000
0.000000
0.000000
0.000000
0.000000
0.000000
0.000000
0.000000
0.000000
0.000000
0.000000
0.601299
0.000000
0.000000
0.016459
0.137983
0.000000
0.000000
0.046549
0.000000
0.580620
0.000000
0.000032
0.000000
0.000000
0.000000
0.384269
0.000000
0.000000
0.000000
0.000000
0.094351
0.000000
0.000000
0.000000
0.000000
0.000000
0.000000
0.000000
0.014214
0.000000
0.000000
0.000000
0.000043
0.096896
0.033236
0.000000
0.000000
0.000000
0.001417
0.000000
0.043518
0.000000
0.000000
0.000000
0.000000
0.000000
0.000000
0.000000
0.000000
0.000000
0.001518
0.000000
0.000000
0.000000
0.000000
0.000000
0.000000
0.002897
0.000000
0.000000
0.000000
0.000000
0.000000
0.000000
0.000000
0.000000
0.000000
0.000000
0.000000
0.905942
0.000000
0.000753
0.696932
0.000000
0.000000
0.000000
0.000000
0.000000
0.046451
0.000000
0.124705
0.000000
0.005049
0.000000
0.000000
0.000000
0.000000
0.000000
0.262626
0.000000
0.000000
0.000000
0.000000
0.000000
0.000000
0.000000
0.028215
0.007248
0.000000
0.000000
0.000000
0.012403
0.032164
0.057929
0.000000
0.000000
0.005836
0.000000
0.000000
0.000000
0.000000
0.000000
0.000000
0.000000
0.000000
0.000000
0.504405
0.000000
0.999754
0.000000
0.000000
0.000000
0.000000
0.009846
0.000000
0.000000
0.000000
0.000000
0.000000
0.072493
0.000000
0.000000
0.017482
0.000000
0.000000
0.000000
0.000000
0.000000
0.000000
0.000000
0.000000
0.002311
0.000000
0.000000
0.025873
0.426521
0.000000
0.000000
0.000000
0.243955
0.000000
0.000000
0.539967
0.000000
0.000000
0.000968
0.097163
0.000000
0.000017
0.000000
0.376896
0.508992
0.000000
0.000000
0.000000
0.000000
0.000000
0.000000
0.000000
0.000000
0.000171
0.000000
0.000000
0.667637
0.000000
0.000000
0.000000
0.000000
0.000000
0.000000
0.000000
0.000000
0.220619
0.000000
0.000000
0.000000
0.000000
0.000000
0.143018
0.000000
0.000000
0.000000
0.000000
0.000000
0.000000
0.000000
0.000000
0.000000
0.000000
0.000000
0.000000
0.000000
0.000000
0.000000
0.000000
0.000000
0.000000
0.000000
0.000000
0.000000
0.000000
0.000000
0.000000
0.000107
0.017311
0.000000
0.046202
0.000000
0.000000
0.000000
0.030864
0.000000
0.000000
0.000000
0.000000
0.000000
0.000000
0.989286
0.000000
0.000000
0.000000
0.000000
0.000000
0.000000
0.010427
0.000000
0.000000
0.149857
0.812628
0.077348
0.000000
0.000000
0.000000
0.397052
0.000000
0.000000
0.081925
0.000000
0.000000
0.000000
0.000000
0.000000
0.002290
0.000000
0.000000
0.000000
0.000000
0.004967
0.000000
0.000000
0.008389
0.000000
0.000000
0.000000
0.000000
0.138304
0.814291
0.000000
0.000000
0.000000
0.000000
0.000000
0.000000
0.000000
0.000000
0.000000
0.019607
0.000000
0.000000
0.000000
0.000000
0.000001
0.067257
0.000000
0.000000
0.000057
0.000000
0.988592
0.000000
0.006539
0.000000
0.192195
0.228719
0.000000
0.005270
0.000000
0.000000
0.000000
0.184375
0.000000
0.444090
0.000000
0.000000
0.000000
0.001961
0.000000
0.000000
0.000000
0.090459
0.000000
0.000000
0.000000
0.000000
0.000000
0.012008
0.000000
0.000000
0.000000
0.000000
0.000000
0.024779
0.000000
0.000000
0.000000
0.000000
0.000000
0.000000
0.495792
0.000000
0.032127
0.000000
0.000000
0.340703
0.000000
0.000000
0.000000
0.000000
0.000000
0.000000
0.000000
0.000000
0.000000
0.000000
0.000000
0.000000
0.000000
0.000000
0.000000
0.000000
0.000000
0.000000
0.000000
0.875535
0.000000
0.000000
0.000000
0.000000
0.000000
0.000000
0.000000
0.000000
0.000000
0.000000
0.000000
0.725908
0.000000
0.000000
0.000000
0.000000
0.000000
0.000000
0.000000
0.000000
0.000000
0.000000
0.028705
0.000000
0.000000
0.000000
0.000453
0.000000
0.000000
0.003571
0.000000
0.314044
0.001183
0.124429
0.000000
