0.000000
0.007112
0.000000
0.000000
0.006937
0.000000
0.000000
0.097773
0.000000
0.000000
0.000000
0.000000
0.000000
0.000000
0.000000
0.000000
0.000000
0.000000
0.061080
0.000000
0.000000
0.000000
0.000000
0.000000
0.000000
0.000000
0.000000
0.000000
0.000000
0.076427
0.000000
0.000000
0.000000
0.000000
0.000000
0.000000
0.000000
0.000000
0.000000
0.000000
0.573917
0.709731
0.007551
0.000000
0.000000
0.000000
0.000000
0.000000
0.000000
0.000000
0.000000
0.000000
0.000000
0.000000
0.000000
0.000000
0.000000
0.000000
0.000000
0.994561
0.000000
0.000000
0.000000
0.000000
0.000000
0.000000
0.000000
0.308808
0.000000
0.000000
0.468806
0.000000
0.000000
0.000000
0.000000
0.000000
0.000000
0.000000
0.000000
0.000000
0.829426
0.000000
0.000000
0.000000
0.000000
0.000000
0.000000
0.000000
0.046899
0.077543
0.000000
0.000000
0.000000
0.030551
0.000000
0.000000
0.000000
0.000000
0.000000
0.000000
0.000000
0.000000
0.000000
0.000000
0.000000
0.000000
0.000000
0.000000
0.000000
0.000000
0.000000
0.000000
0.000000
0.000000
0.000000
0.000000
0.000000
0.000000
0.000000
0.000000
0.000000
0.000000
0.000000
0.206292
0.000000
0.000000
0.000000
0.000000
0.000000
0.015895
0.159866
0.000000
0.000000
0.000000
0.000000
0.000000
0.000000
0.000000
0.000000
0.071283
0.000000
0.000000
0.000000
0.063583
0.000000
0.000000
0.000000
0.000000
0.000000
0.000000
0.000000
0.000000
0.000000
0.000000
0.000000
0.000000
0.000000
0.000000
0.045349
0.215671
0.000000
0.000000
0.000000
0.000000
0.000000
0.000000
0.000000
0.384042
0.000000
0.000000
0.000000
0.000000
0.000000
0.000000
0.000000
0.000916
0.000000
0.000000
0.024176
0.212559
0.000000
0.000000
0.000000
0.000000
0.000000
0.000000
0.000000
0.000000
0.000000
0.000000
0.000000
0.000000
0.752265
0.000000
0.000000
0.000000
0.000000
0.037493
0.000000
0.000000
0.000000
0.000000
0.000000
0.000000
0.043566
0.000000
0.000000
0.000000
0.142330
0.551968
0.000000
0.000000
0.000000
0.000000
0.000000
0.000000
0.000000
0.044889
0.000000
0.000000
0.000000
0.000000
0.000000
0.000000
0.000000
0.000000
0.000000
0.000000
0.000000
0.000000
0.000000
0.000000
0.000000
0.000000
0.000000
0.000000
0.000000
0.000000
0.000000
0.000000
0.000000
0.000000
0.139629
0.000000
0.000000
0.000000
0.000000
0.090667
0.000000
0.000000
0.000000
0.000000
0.000000
0.000000
0.000000
0.000000
0.082767
0.000000
0.000000
0.000000
0.000000
0.000000
0.000000
0.044081
0.000000
0.000000
0.000000
0.000000
0.000000
0.000000
0.000000
0.000000
0.000000
0.000000
0.000000
0.000000
0.000000
0.000000
0.000000
0.000000
0.000000
0.000000
0.000000
0.000000
0.000000
0.000000
0.000000
0.214270
0.000000
0.000000
0.000000
0.275908
0.000000
0.000000
0.000000
0.000000
0.000000
0.112197
0.000000
0.000000
0.000000
0.000000
0.377596
0.000000
0.000000
0.000000
0.000000
0.336667
0.000000
0.162374
0.000000
0.000000
0.000000
0.010700
0.000000
0.000000
0.000000
0.000000
0.000000
0.000000
0.000000
0.000000
0.000000
0.000000
0.000000
0.000000
0.000000
0.340002
0.276790
0.848081
0.000000
0.000000
0.000000
0.000000
0.000000
0.000000
0.000000
0.000000
0.000000
0.000000
0.000000
0.000000
0.000000
0.000000
0.000000
0.000000
0.000000
0.000000
0.000000
0.480751
0.000000
0.000000
0.000000
0.000000
0.000000
0.000000
0.000000
0.000000
0.000000
0.000000
0.244991
0.000000
0.000000
0.000000
0.000000
0.000000
0.000000
0.000000
0.000000
0.000000
0.000000
0.000000
0.000000
0.266610
0.000000
0.000000
0.000000
0.782758
0.000000
0.240987
0.000000
0.000037
0.000000
0.000000
0.000000
0.000000
0.000000
0.000000
0.000000
0.784568
0.000000
0.000000
0.000000
0.000000
0.000000
0.000000
0.000000
0.000000
0.000000
0.000000
0.000000
0.000000
0.000000
0.000000
0.000000
0.000000
0.999113
0.000000
0.000000
0.000000
0.000000
0.000000
0.000000
0.000000
0.000000
0.000000
0.000000
0.000000
0.535280
0.000000
0.911322
0.000000
0.000000
0.000000
0.000000
0.000000
0.000000
0.000000
0.000000
0.000000
0.000000
0.000000
0.000000
0.000000
0.000000
0.269266
0.143558
0.000000
0.189467
0.000000
0.000000
0.000000
0.000000
0.000000
0.000000
0.000000
0.000000
0.000000
0.000000
0.000000
0.000000
0.000000
0.073163
0.000000
0.000000
0.000000
0.000000
0.000000
0.000000
0.000000
0.000000
0.857153
0.000000
0.000000
0.000000
0.000000
0.000000
0.000000
0.000000
0.000000
0.000000
0.000000
0.000000
0.000000
0.000000
0.000000
0.000000
0.000000
0.000000
0.000000
0.000000
0.000000
0.000000
0.000000
0.000000
0.000000
0.267432
0.000000
0.000000
0.000000
0.000000
0.000000
0.000000
0.000000
0.000000
0.000000
0.000000
0.000000
0.000000
0.000000
0.000000
0.000000
0.000000
0.000000
0.004414
0.000000
0.000000
0.000000
0.000000
0.000000
0.000000
0.292414
0.000000
0.000000
0.000000
0.000000
0.000000
0.000000
0.000000
0.000000
0.000000
0.000000
0.000000
0.195282
0.030921
0.328354
0.000000
0.124939
0.013088
0.000000
0.000000
0.000000
0.000000
0.000000
0.000000
0.000000
0.000000
0.000000
0.035885
0.000000
0.000000
0.000000
0.582329
0.000000
0.000000
0.000000
0.000000
0.034097
0.000000
0.000000
0.000000
0.000000
0.000000
0.000000
0.000000
0.000000
0.000000
0.000000
0.000000
0.000000
0.000000
0.000000
0.000000
0.000000
0.000000
0.000000
0.000000
0.000000
0.057407
0.000000
0.000000
0.151721
0.000000
0.000000
0.000000
0.431323
0.005592
0.000000
0.000000
0.000000
0.000000
0.000000
0.001992
0.093959
0.000000
0.000000
0.000000
0.000000
0.000000
0.000000
0.000000
0.000000
0.000000
0.000000
0.000000
0.235588
0.000000
0.000000
0.000000
0.000000
0.000000
0.242265
0.084081
0.000000
0.000000
0.000000
0.000000
0.073174
0.000000
0.000000
0.000000
0.000000
0.000000
0.000000
0.000000
0.000000
0.000000
0.000000
0.040382
0.000000
0.000000
0.000000
0.000000
0.000000
0.000000
0.000000
0.000000
0.000000
0.000000
0.000000
0.000000
0.000000
0.000000
0.000000
0.000000
0.000000
0.608394
0.000000
0.000000
0.000000
0.000000
0.000000
0.000000
0.000000
0.000000
0.000000
0.000000
0.000000
0.621636
0.000000
0.000000
0.089433
0.000000
0.000000
0.000000
0.000000
0.000000
0.000000
0.000000
0.000000
0.000000
0.000000
0.000000
0.113678
0.000000
0.000000
0.000000
0.000000
0.000000
0.000000
0.000000
0.000000
0.000000
0.000000
0.000000
0.027399
0.000000
0.000000
0.000000
0.000000
0.000000
0.014709
0.310695
0.000000
0.000000
0.000000
0.000000
0.000000
0.000000
0.000000
0.000000
0.000000
0.000000
0.000000
0.000000
0.313387
0.000000
0.000000
0.000000
0.000000
0.000000
0.000000
0.155212
0.000000
0.000000
0.000000
0.000000
0.000000
0.000000
0.000000
0.000000
0.000000
0.000000
0.000000
0.000000
0.000000
0.000000
0.000000
0.000000
0.000000
0.000000
0.000000
0.000000
0.000000
0.000000
0.000000
0.000000
0.000000
0.000000
0.000000
0.073934
0.000000
0.000000
0.000000
0.694290
0.045568
0.000000
0.000000
0.000000
0.000000
0.000000
0.001439
0.000000
0.000000
0.000000
0.000000
0.000000
0.000000
0.000000
0.732963
0.000000
0.000000
0.000000
0.000000
0.000000
0.000000
0.071368
0.000000
0.086259
0.000000
0.000000
0.000000
0.000000
0.000000
0.000000
0.000000
0.000000
0.000000
0.139406
0.000000
0.000000
0.000000
0.000000
0.000000
0.000000
0.000000
0.000000
0.000000
0.000000
0.000000
0.000000
0.040945
0.000000
0.000000
0.000000
0.000000
0.000000
0.000000
0.000000
0.000000
0.941026
0.000000
0.000000
0.000000
0.000000
0.000000
0.000000
0.954565
0.000000
0.000000
0.168350
0.000000
0.000000
0.000000
0.000000
0.000000
0.961642
0.000000
0.000000
0.000000
0.237318
0.000000
0.000000
0.000000
0.000000
0.000000
0.000000
0.000000
0.439838
0.000000
0.000000
0.000000
0.000000
0.000000
0.000000
0.000000
0.000000
0.000000
0.000000
0.000000
0.000000
0.183434
0.000000
0.000000
0.000000
0.000000
0.000000
0.000000
0.000000
0.000000
0.018986
0.000000
0.000000
0.000000
0.000000
0.000000
0.000000
0.000000
0.000000
0.000000
0.000000
0.000000
0.000000
0.000000
0.357035
0.000000
0.000000
0.000000
0.000000
0.000000
0.000000
0.000000
0.000000
0.321598
0.000000
0.000000
0.000000
0.000000
0.000000
0.000000
0.000000
0.000000
0.759327
0.000184
0.000000
0.000000
0.000000
0.000000
0.000000
0.000000
0.000000
0.000000
0.000000
0.000000
0.000000
0.000000
0.000000
0.000000
0.000000
0.000000
0.000000
0.000000
0.000000
0.101854
0.000000
0.000000
0.107358
0.000000
0.000000
0.000000
0.000000
0.138056
0.000000
0.000000
0.000000
0.000000
0.000000
0.000000
0.000000
0.000000
0.000000
0.000000
0.000000
0.000000
0.000000
0.000000
0.000000
0.000000
0.000000
0.000000
0.000000
0.000000
0.000000
0.000000
0.000000
0.000000
0.000000
0.000000
0.000000
0.000000
0.000000
0.000000
0.000000
0.000000
0.059640
0.000000
0.000000
0.000000
0.000000
0.000000
0.000000
0.254829
0.000000
0.000000
0.000000
0.000000
0.000000
0.000000
0.000000
0.000000
0.000000
0.000000
0.000000
0.000000
0.000000
0.000000
0.000000
0.000000
0.000000
0.000000
0.000000
0.000000
0.000000
0.000000
0.000000
0.000000
0.000000
0.000000
0.648772
0.000000
0.000000
0.551497
0.107862
0.000000
0.000000
0.000000
0.000000
0.000000
0.000000
0.000000
0.000000
0.000000
0.000000
0.000000
0.000000
0.000000
0.000000
0.000000
0.000000
0.000000
0.943134
0.000000
0.000000
0.000000
0.000000
0.070656
0.000000
0.000000
0.000000
0.000000
0.000000
0.000000
0.000000
0.000000
0.000000
0.000000
0.000000
0.000000
0.000000
0.000000
0.000000
0.000000
0.888355
0.000000
0.000000
0.018090
0.000000
0.000000
0.000000
0.000000
0.000000
0.051159
0.767487
0.000000
0.000000
0.000000
0.153254
0.000000
0.999691
0.000000
0.000000
0.000000
0.000000
0.000000
0.000000
0.161933
0.000000
0.000000
0.000000
0.010963
0.000000
0.000000
0.000000
0.000000
0.000000
0.000000
0.000000
0.059867
0.000000
0.361208
0.000000
0.000000
0.000000
0.000000
0.000000
0.000000
0.000000
0.000000
0.000000
0.000000
0.000000
0.000000
0.000000
0.000000
0.000000
0.000000
0.000000
0.000000
0.000000
0.000000
0.000000
0.000000
0.000000
0.203181
0.000000
0.000000
0.118487
0.000000
0.000000
0.089281
0.000000
0.004714
0.000000
0.000000
0.109698
0.000000
0.000000
0.003901
0.000000
0.000000
0.000000
0.000000
0.000000
0.000000
0.000000
0.000000
0.286812
0.000027
0.000000
0.000000
0.000000
0.000000
0.000000
0.000000
0.000000
0.000000
0.000000
0.000000
0.000000
0.000000
0.000000
0.071048
0.000000
0.000000
0.000000
0.000000
0.000000
0.000000
0.000000
0.000000
0.000000
0.000000
0.000000
0.000000
0.000000
0.090019
0.000000
0.000000
0.000000
0.000000
0.866363
0.000000
0.000000
0.000000
0.176027
0.000000
0.000000
0.000000
0.000000
0.000000
0.000000
0.000000
0.000000
0.000000
0.000000
0.000000
0.000000
0.944138
0.000000
0.017885
0.000000
0.806754
0.000000
0.000000
0.000000
0.000000
0.000000
0.000000
0.000000
0.000000
0.000000
0.000000
0.000000
0.000000
0.000000
0.000000
0.000000
0.000000
0.000000
0.000000
0.000000
0.090663
0.000000
0.000000
0.000000
0.000000
0.184894
0.000000
0.000000
0.000000
0.000000
0.000000
0.000000
0.000000
0.000000
0.000000
0.000000
0.000000
0.000000
0.000000
0.000000
0.099160
0.000000
0.000000
0.000000
0.000000
0.000000
0.000000
0.000000
0.000000
0.000000
0.000000
0.000000
0.803722
0.000000
0.000000
0.000000
0.000000
0.000000
0.000000
0.000000
0.000000
0.000000
0.000000
0.157950
0.000000
0.000000
0.000000
0.000000
0.000000
0.000000
0.889247
0.008386
0.000000
0.000000
0.000000
0.000000
0.000000
0.000000
0.000000
0.000000
0.000000
0.020452
0.000000
0.000000
0.000000
0.000000
0.000000
0.225304
0.000000
0.000000
0.005535
0.000000
0.000000
0.000000
0.000000
0.000000
0.000000
0.000000
0.846165
0.000000
0.000000
0.000000
0.000000
0.041859
0.000000
0.000000
0.159986
0.000000
0.000000
0.000000
0.000000
0.000000
0.000000
0.000000
0.000000
0.000000
0.000000
0.000000
0.000000
0.218564
0.000000
0.000000
0.000000
0.000000
0.000000
0.000000
0.000000
0.000000
0.000000
0.000000
0.000000
0.000000
0.000000
0.000000
0.000000
0.000000
0.000000
0.000000
0.000000
0.188076
0.000000
0.000000
0.000000
0.000000
0.000000
0.276207
0.000000
0.000000
0.000000
0.000000
0.000000
0.000000
0.000000
0.000000
0.000000
0.000419
0.000000
0.000000
0.083881
0.337485
0.000000
0.000000
0.000000
0.000000
0.000000
0.000000
0.139864
0.000000
0.000000
0.000000
0.000000
0.000000
0.000000
0.941053
0.000000
0.000000
0.209406
0.000000
0.096354
0.000000
0.000000
0.000000
0.000000
0.000000
0.000000
0.002736
0.000000
0.000000
0.000000
0.000000
0.000000
0.000000
0.000000
0.000000
0.000000
0.000000
0.000000
0.000000
0.931076
0.310282
0.000000
0.000000
0.000000
0.000000
0.000000
0.000000
0.000000
0.009556
0.000000
0.000000
0.000000
0.000000
0.000000
0.034079
0.000000
0.000000
0.000000
0.000000
0.000000
0.000000
0.000000
0.000000
0.000000
0.000000
0.000000
0.000000
0.000000
0.000000
0.000000
0.000000
0.000000
0.000000
0.000000
0.000000
0.000000
0.000000
0.000000
0.000000
0.000000
0.000000
0.000000
0.000000
0.000000
0.000000
0.000000
0.000000
0.000000
0.000000
0.000000
0.000000
0.000000
0.000000
0.000000
0.000000
0.000000
0.000000
0.000000
0.000000
0.000000
0.000000
0.000000
0.000000
0.000000
0.000000
0.421079
0.000000
0.000000
0.000000
0.000000
0.000000
0.000000
0.000000
0.000000
0.000000
0.000000
0.000000
0.000000
0.000000
0.000000
0.000000
0.000000
0.000000
0.000000
0.000000
0.000000
0.000000
0.000000
0.000000
0.000000
0.452556
0.000000
0.000000
0.000000
0.000000
0.000000
0.000000
0.000000
0.000000
0.000000
0.000000
0.000000
0.000000
0.000000
0.000000
0.000000
0.000000
0.000000
0.000000
0.000000
0.000000
0.422005
0.000000
0.000000
0.000000
0.000000
0.000000
0.000000
0.000000
0.000000
0.000000
0.000000
0.000000
0.000000
0.000000
0.000000
0.000000
0.000000
0.000000
0.000000
0.000000
0.000000
0.000000
0.000000
0.000000
0.000000
0.000000
0.000000
0.000000
0.000000
0.000000
0.000000
0.000000
0.000000
0.495949
0.000000
0.000000
0.041327
0.000000
0.000000
0.000000
0.000000
0.000000
0.000000
0.000000
0.000000
0.000000
0.000000
0.000000
0.000000
0.000000
0.180887
0.000000
0.631508
0.000000
0.000000
0.000000
0.000000
0.000000
0.000000
0.000000
0.000000
0.000000
0.000000
0.000000
0.000000
0.000000
0.000000
0.000000
0.000000
0.000000
0.000000
0.000000
0.076189
0.000000
0.000000
0.000000
0.000000
0.000000
0.000000
0.000000
0.000000
0.000000
0.000000
0.000000
0.000000
0.361392
0.000000
0.000000
0.000000
0.000000
0.000000
0.000000
0.002471
0.000000
0.000000
0.000000
0.000000
0.000000
0.000000
0.000000
0.000000
0.000000
0.000000
0.007545
0.000000
0.000000
0.000000
0.000000
0.000000
0.000000
0.212823
0.000000
0.000000
0.000000
0.000000
0.000000
0.000000
0.000000
0.000000
0.000000
0.000000
0.000000
0.000000
0.000000
0.000000
0.000000
0.000000
0.000000
0.000000
0.000000
0.000000
0.000000
0.000000
0.000000
0.000000
0.000000
0.000000
0.000000
0.000000
0.000000
0.000000
0.000000
0.000000
0.000000
0.000000
0.000000
0.000000
0.000000
0.000000
0.000000
0.187344
0.000000
0.000000
0.000000
0.000000
0.000000
0.000000
0.000000
0.000000
0.000000
0.603421
0.000000
0.000000
0.000000
0.000000
0.000000
0.000000
0.083530
0.000000
0.000000
0.000000
0.000000
0.000000
0.000000
0.000000
0.000000
0.999507
0.000000
0.000000
0.000000
0.000000
0.000000
0.005093
0.000000
0.125126
0.000000
0.070218
0.000000
0.000000
0.957060
0.000000
0.000000
0.000000
0.000000
0.000000
0.000000
0.000000
0.000000
0.000000
0.000000
0.000000
0.095708
0.580915
0.000000
0.000000
0.000000
0.000000
0.000000
0.006994
0.000000
0.543222
0.000000
0.000000
0.000000
0.969889
0.000000
0.000000
0.006182
0.000000
0.000000
0.000000
0.000000
0.000000
0.043310
0.000000
0.000000
0.000000
0.000000
0.903092
0.000000
0.000000
0.000000
0.000000
0.000000
0.000000
0.000000
0.000000
0.000000
0.000000
0.000000
0.101533
0.000000
0.000000
0.000000
0.361045
0.000000
0.000000
0.000000
0.000000
0.000000
0.011085
0.286977
0.000000
0.000000
0.152501
0.000000
0.000000
0.000000
0.000000
0.000000
0.000000
0.000000
0.000000
0.000000
0.000000
0.000000
0.000000
0.000000
0.013089
0.288042
0.000000
0.000000
0.000000
0.027789
0.000000
0.000000
0.000000
0.000000
0.000000
0.000000
0.000000
0.000000
0.000000
0.000000
0.000000
0.000000
0.000000
0.001687
0.000000
0.154331
0.000000
0.000000
0.000000
0.000000
0.000000
0.000000
0.000000
0.000000
0.000000
0.000000
0.000000
0.007937
0.000000
0.000000
0.000000
0.000000
0.000000
0.000000
0.000000
0.000000
0.000000
0.000000
0.000000
0.000000
0.000000
0.000000
0.000000
0.000000
0.000000
0.000000
0.165784
0.000000
0.000000
0.000000
0.000000
0.000000
0.000000
0.000000
0.000000
0.000000
0.000000
0.000000
0.000000
0.000000
0.000000
0.000000
0.197013
0.000000
0.017100
0.000000
0.014610
0.000000
0.000000
0.000000
0.000000
0.000000
0.000000
0.000000
0.000000
0.000000
0.000000
0.000000
0.000000
0.000000
0.000000
0.000000
0.000000
0.000000
0.965990
0.016503
0.000000
0.000000
0.000000
0.032111
0.000000
0.000000
0.000000
0.000000
0.000000
0.000000
0.000000
0.000000
0.699470
0.000000
0.000000
0.000000
0.000000
0.000000
0.000000
0.000000
0.000000
0.000000
0.000000
0.000000
0.055422
0.000000
0.000000
0.000000
0.000000
0.000000
0.000000
0.000000
0.000000
0.000000
0.000000
0.000000
0.000000
0.000000
0.000000
0.000000
0.000000
0.508589
0.000000
0.000000
0.000000
0.000000
0.000000
0.000000
0.000000
0.000000
0.000000
0.000000
0.152928
0.000000
0.000000
0.000000
0.000000
0.000000
0.000379
0.000000
0.000000
0.000000
0.000000
0.010863
0.390552
0.366077
0.000000
0.052071
0.000000
0.000000
0.000000
0.000000
0.000000
0.110820
0.000000
0.864255
0.000000
0.000000
0.000000
0.578934
0.000000
0.000000
0.000000
0.000000
0.000000
0.000000
0.000000
0.000000
0.000000
0.000000
0.000000
0.000000
0.000000
0.000000
0.000000
0.000000
0.000000
0.000000
0.000000
0.000000
0.000000
0.000000
0.000000
0.000000
0.000000
0.000000
0.000000
0.000000
0.000000
0.000000
0.000000
0.454812
0.000000
0.000000
0.000000
0.000000
0.000000
0.000000
0.002576
0.000000
0.000000
0.000000
0.000000
0.000000
0.000000
0.071621
0.047620
0.000000
0.000000
0.000000
0.000000
0.000000
0.000000
0.000000
0.000000
0.000000
0.000000
0.000000
0.000000
0.000000
0.000000
0.000000
0.000000
0.000000
0.000000
0.000000
0.000000
0.000000
0.000000
0.402737
0.000000
0.000000
0.000000
0.000000
0.000000
0.000000
0.000000
0.000000
0.000000
0.000000
0.313913
0.196944
0.000000
0.000000
0.000000
0.000000
0.000000
0.000000
0.000000
0.000000
0.000000
0.000000
0.000000
0.067323
0.000000
0.000000
0.000492
0.000000
0.172811
0.000000
0.035995
0.000000
0.672880
0.000000
0.119004
0.000000
0.000000
0.896978
0.000000
0.184588
0.039084
0.000000
0.000000
0.000000
0.000000
0.000000
0.000000
0.000000
0.000000
0.000000
0.000000
0.000000
0.000000
0.000000
0.000000
0.000000
0.000000
0.000000
0.000000
0.000000
0.000000
0.000000
0.000000
0.000000
0.000000
0.000000
0.000000
0.000000
0.000000
0.000000
0.000000
0.000000
0.000000
0.000000
0.000000
0.000000
0.004576
0.000000
0.000000
0.000008
0.000000
0.000000
0.000000
0.015303
0.000000
0.000000
0.000000
0.000000
0.000000
0.000000
0.000000
0.000000
0.000000
0.076180
0.000000
0.000000
0.000000
0.000000
0.000000
0.000000
0.000000
0.000000
0.000001
0.000000
0.000000
0.000000
0.000000
0.000000
0.000000
0.000000
0.000000
0.000000
0.041218
0.000000
0.000000
0.000000
0.000911
0.000000
0.000000
0.217563
0.000000
0.000000
0.000000
0.000000
0.000000
0.000000
0.000000
0.247610
0.000000
0.000000
0.000000
0.000000
0.000000
0.000000
0.000000
0.000000
0.024086
0.000000
0.000000
0.000000
0.000000
0.215930
0.052371
0.000000
0.000000
0.000000
0.000000
0.000000
0.000000
0.000000
0.000000
0.000000
0.000000
0.000000
0.000000
0.185127
0.000000
0.166786
0.000000
0.000000
0.000000
0.000000
0.165171
0.000000
0.000000
0.065625
0.263038
0.000000
0.000000
0.000000
0.000000
0.000000
0.000000
0.118370
0.000000
0.000000
0.000000
0.191463
0.000000
0.000000
0.000000
0.000000
0.000000
0.071540
0.000000
0.000000
0.000000
0.000000
0.096253
0.000000
0.000000
0.000000
0.000000
0.364186
0.000000
0.244963
0.000000
0.191744
0.000000
0.004204
0.000000
0.000000
0.000000
0.000000
0.000000
0.000000
0.000000
0.000000
0.000000
0.000000
0.000000
0.000000
0.000000
0.247074
0.000000
0.533325
0.000000
0.000000
0.000000
0.000000
0.000000
0.000000
0.000000
0.000000
0.000000
0.153920
0.000000
0.000000
0.000000
0.000000
0.000000
0.000000
0.000000
0.000000
0.000000
0.000000
0.000000
0.000000
0.001049
0.000000
0.000000
0.000000
0.000000
0.000000
0.000000
0.315913
0.116520
0.000000
0.000000
0.000000
0.257421
0.000000
0.304918
0.000000
0.000000
0.000000
0.000000
0.000000
0.000000
0.000000
0.000000
0.549134
0.128709
0.000000
0.000000
0.202987
0.000000
0.000000
0.000000
0.000000
0.000000
0.000000
0.000000
0.075218
0.000000
0.000000
0.000000
0.000000
0.000000
0.000000
0.000000
0.000000
0.000000
0.000000
0.000000
0.000000
0.000000
0.000000
0.000000
0.000000
0.000000
0.000000
0.000000
0.161298
0.000000
0.041555
0.007885
0.000000
0.000000
0.000000
0.247926
0.000000
0.186370
0.000000
0.000000
0.000000
0.000000
0.000000
0.000000
0.278859
0.000000
0.000000
0.086118
0.000000
0.000000
0.000000
0.000000
0.000000
0.999973
0.000000
0.000000
0.187391
0.000000
0.000000
0.000000
0.000000
0.000000
0.000000
0.000000
0.000000
0.000000
0.000000
0.000000
0.000000
0.000000
0.000000
0.000000
0.000000
0.000000
0.014280
0.000000
0.000000
0.000000
0.000000
0.000000
0.000000
0.000000
0.000000
0.000000
0.121981
0.000000
0.000000
0.000000
0.000000
0.208252
0.000000
0.000000
0.000000
0.000000
0.000000
0.997385
0.000000
0.000000
0.000000
0.000000
0.000000
0.000000
0.000000
0.000000
0.000000
0.802010
0.000000
0.533969
0.000000
0.000000
0.000000
0.000000
0.000000
0.015425
0.000000
0.000000
0.000000
0.000000
0.000000
0.000000
0.000000
0.000000
0.068605
0.000000
0.000000
0.000000
0.000000
0.000000
0.007953
0.000000
0.000000
0.000000
0.049512
0.000000
0.000000
0.000000
0.000000
0.000000
0.000000
0.000000
0.000000
0.000000
0.000000
0.000000
0.000000
0.000000
0.057403
0.000000
0.000000
0.000000
0.000000
0.000392
0.000000
0.000000
0.000000
0.000000
0.000000
0.000000
0.000000
0.000000
0.185838
0.378103
0.000000
0.000000
0.000000
0.000000
0.000000
0.000000
0.000000
0.000000
0.000000
0.000000
0.000000
0.000000
0.000000
0.000000
0.114768
0.000000
0.000000
0.000000
0.000000
0.000000
0.000000
0.000000
0.000000
0.000000
0.000000
0.000000
0.000000
0.000000
0.000384
0.000000
0.000000
0.000000
0.000000
0.000000
0.000000
0.000000
0.000000
0.000000
0.000000
0.036900
0.000000
0.778846
0.000000
0.000000
0.000000
0.000000
0.000000
0.316277
0.000000
0.466572
0.000000
0.000000
0.000000
0.000000
0.340726
0.000000
0.051681
0.000000
0.000000
0.799176
0.393177
0.000000
0.000000
0.000000
0.000000
0.000000
0.000000
0.000000
0.000000
0.000000
0.138367
0.000000
0.000000
0.000000
0.180418
0.000000
0.000000
0.000000
0.000000
0.000000
0.000000
0.000000
0.000000
0.000000
0.000000
0.000000
0.000000
0.417575
0.000000
0.000000
0.000000
0.000000
0.000000
0.000000
0.000000
0.000000
0.696561
0.000000
0.000000
0.000000
0.000000
0.000000
0.000000
0.000000
0.018873
0.000000
0.000000
0.000000
0.000000
0.000000
0.000000
0.000000
0.189685
0.000000
0.000000
0.000000
0.000000
0.000000
0.000000
0.000000
0.000000
0.000000
0.000000
0.000000
0.000000
0.000000
0.000000
0.000000
0.260039
0.000000
0.000000
0.000000
0.000000
0.000000
0.000000
0.753349
0.000000
0.000000
0.000000
0.000000
0.000000
0.999998
0.000000
0.000000
0.000000
0.560344
0.000000
0.000000
0.000000
0.000000
0.000000
0.088916
0.000000
0.000000
0.000000
0.000000
0.626459
0.000000
0.000000
0.000000
0.076497
0.693555
0.000000
0.000000
0.000000
0.000000
0.000000
0.000000
0.000000
0.000000
0.032659
0.000000
0.000000
0.000000
0.000000
0.000000
0.000000
0.000000
0.000000
0.000000
0.000000
0.000000
0.000000
0.953828
0.000000
0.000000
0.000000
0.000000
0.000000
0.000000
0.000000
0.000000
0.056837
0.000000
0.000000
0.000000
0.000000
0.000000
0.000000
0.000000
0.000000
0.347411
0.000000
0.000000
0.000000
0.000000
0.000000
0.000000
0.000000
0.000000
0.000000
0.001069
0.000000
0.000000
0.000000
0.000000
0.000000
0.000000
0.000000
0.000000
0.684977
0.000000
0.000000
0.000000
0.000000
0.017953
0.000000
0.000000
0.000000
0.000000
0.000000
0.279719
0.000000
0.000000
0.000000
0.000000
0.000000
0.000000
0.000000
0.000000
0.000000
0.000000
0.000000
0.000000
0.000000
0.000000
0.000000
0.058417
0.312698
0.000000
0.000000
0.000000
0.000000
0.048033
0.000000
0.000000
0.000000
0.000000
0.000000
0.439917
0.000000
0.000000
0.000000
0.000000
0.000000
0.000000
0.000000
0.000000
0.000000
0.000000
0.000000
0.000000
0.000000
0.000000
0.000000
0.000000
0.000000
0.000000
0.000000
0.280558
0.000000
0.000000
0.031576
0.047529
0.000000
0.000000
0.000000
0.000000
0.000000
0.457977
0.000000
0.000000
0.000000
0.000000
0.000000
0.000000
0.232903
0.000000
0.000000
0.000000
0.000000
0.000000
0.000000
0.000000
0.000000
0.000000
0.078908
0.000000
0.000000
0.287626
0.000000
0.000000
0.000000
0.000000
0.000000
0.134578
0.000000
0.000000
0.000000
0.000000
0.000000
0.000000
0.000000
0.000000
0.105271
0.000000
0.000000
0.000000
0.000000
0.000000
0.000000
0.000000
0.000000
0.000000
0.011598
0.041248
0.000000
0.000000
0.000000
0.266508
0.000000
0.000000
0.000000
0.000000
0.000000
0.000000
0.000000
0.000000
0.523087
0.000000
0.000000
0.000000
0.000000
0.005894
0.000000
0.000000
0.013546
0.000000
0.000000
0.000000
0.000000
0.000000
0.000000
0.000000
0.000000
0.000000
0.000000
0.000000
0.000000
0.000000
0.000000
0.071312
0.000000
0.000000
0.000000
0.000000
0.232117
0.044303
0.000000
0.060725
0.000000
0.000000
0.000000
0.000000
0.000000
0.022560
0.000000
0.000000
0.032301
0.000000
0.000000
0.000000
0.000000
0.000000
0.110289
0.000000
0.000000
0.000000
0.000000
0.000000
0.000000
0.000000
0.000000
0.368250
0.294341
0.000000
0.000000
0.000000
0.000000
0.000000
0.000000
0.000000
0.000000
0.000861
0.298319
0.000000
0.000000
0.000000
0.000000
0.000000
0.000000
0.000000
0.000000
0.091086
0.000000
0.000000
0.000000
0.000000
0.000000
0.000000
0.174867
0.000000
0.000000
0.000000
0.943800
0.000000
0.000000
0.000000
0.000000
0.000000
0.000000
0.000000
0.000000
0.000000
0.000000
0.000000
0.000000
0.000000
0.000000
0.000000
0.000000
0.000000
0.000000
0.347829
0.000000
0.000000
0.000000
0.000000
0.000000
0.000000
0.000000
0.000000
0.000000
0.000000
0.000000
0.000000
0.000000
0.000000
0.000000
0.000000
0.000000
0.000000
0.000000
0.000000
0.000000
0.080534
0.000000
0.000000
0.000000
0.000000
0.000000
0.000000
0.000000
0.000000
0.000000
0.001335
0.000000
0.000000
0.000000
0.000000
0.000000
0.000000
0.000000
0.000000
0.000000
0.000000
0.293980
0.000000
0.000000
0.162281
0.000000
0.000000
0.000000
0.000000
0.000000
0.006014
0.609508
0.000000
0.000000
0.000000
0.000000
0.000000
0.000000
0.000000
0.000000
0.000000
0.000000
0.000000
0.000000
0.000000
0.687881
0.000000
0.000000
0.000000
0.000000
0.000000
0.000000
0.000000
0.000000
0.000000
0.000000
0.000000
0.000000
0.000000
0.000000
0.000000
0.000000
0.000000
0.000000
0.000000
0.000000
0.000000
0.000000
0.000000
0.000000
0.000000
0.000000
0.000000
0.000000
0.000000
0.000000
0.380640
0.000000
0.000000
0.000000
0.000000
0.000000
0.000000
0.000000
0.345693
0.000000
0.000000
0.000000
0.000000
0.000000
0.000000
0.000000
0.081930
0.000000
0.000000
0.000000
0.000000
0.000000
0.000000
0.000000
0.000000
0.000000
0.000000
0.000000
0.000000
0.000000
0.000000
0.000000
0.000000
0.027515
0.000000
0.000000
0.000000
0.000000
0.000000
0.000000
0.000000
0.000000
0.000000
0.000000
0.000000
0.000000
0.000000
0.000000
0.000000
0.000000
0.000000
0.000000
0.274191
0.000000
0.000000
0.000000
0.000000
0.000000
0.000000
0.000000
0.000000
0.000000
0.000000
0.000000
0.000000
0.000000
0.000000
0.000000
0.000000
0.000000
0.000000
0.000000
0.000000
0.000000
0.000000
0.000000
0.177546
0.000000
0.039766
0.000000
0.000000
0.000000
0.000000
0.000000
0.000169
0.000000
0.000000
0.000000
0.000000
0.000000
0.000000
0.590731
0.000000
0.000000
0.021640
0.000000
0.000000
0.000000
0.000000
0.009317
0.000000
0.000000
0.000000
0.000000
0.000000
0.000000
0.000000
0.000000
0.000000
0.000000
0.000000
0.000000
0.618376
0.000000
0.000000
0.000000
0.000000
0.000000
0.000000
0.000000
0.420159
0.000000
0.000000
0.000000
0.000000
0.000000
0.000000
0.000000
0.000000
0.000000
0.000000
0.000000
0.000000
0.000000
0.000000
0.000000
0.994029
0.000000
0.000000
0.015668
0.312467
0.000000
0.309648
0.200744
0.000000
0.000000
0.000000
0.000000
0.000000
0.000000
0.023195
0.082770
0.000000
0.000000
0.000000
0.000000
0.000000
0.000000
0.000000
0.031388
0.000000
0.000000
0.000000
0.000000
0.158867
0.000000
0.000000
0.000000
0.000000
0.282174
0.000000
0.422473
0.000000
0.000000
0.000000
0.000000
0.000000
0.000000
0.070408
0.000000
0.000000
0.000000
0.000000
0.000000
0.000000
0.000000
0.000000
0.000000
0.000000
0.000000
0.000000
0.000000
0.000000
0.115700
0.659169
0.000000
0.000000
0.000000
0.000000
0.000000
0.000000
0.447647
0.000000
0.000000
0.000000
0.000000
0.000000
0.000000
0.000000
0.000000
0.000000
0.000000
0.005123
0.000000
0.000000
0.000000
0.000000
0.000000
0.000000
0.000000
0.000000
0.000000
0.000000
0.255125
0.000000
0.000000
0.000000
0.000000
0.000000
0.000000
0.000000
0.000000
0.026925
0.000000
0.000000
0.000000
0.258215
0.000000
0.006876
0.000000
0.000000
0.000000
0.000000
0.000000
0.000000
0.000000
0.000000
0.000000
0.000000
0.000000
0.000000
0.000000
0.000000
0.000000
0.000000
0.000000
0.866187
0.000000
0.000000
0.000000
0.000000
0.000000
0.005940
0.000000
0.000000
0.169581
0.000000
0.000000
0.000000
0.000000
0.000000
0.000000
0.000000
0.000000
0.000000
0.334898
0.000000
0.000000
0.000000
0.000000
0.000000
0.000000
0.000000
0.287974
0.000000
0.001554
0.000000
0.000000
0.000000
0.000000
0.000000
0.000000
0.000000
0.000000
0.938744
0.000000
0.000000
0.000000
0.000000
0.000000
0.000000
0.000000
0.000000
0.000000
0.000000
0.000000
0.000000
0.000000
0.000000
0.000000
0.000000
0.000000
0.000000
0.000000
0.049467
0.000000
0.000000
0.000000
0.000000
0.000000
0.000000
0.000000
0.000000
0.000000
0.000000
0.216880
0.000000
0.000000
0.067392
0.000000
0.000000
0.000000
0.111520
0.000000
0.000000
0.673408
0.000000
0.000000
0.088408
0.143396
0.000000
0.000000
0.000000
0.000000
0.000000
0.000000
0.028906
0.000000
0.000000
0.000000
0.000000
0.000000
0.999815
0.000000
0.000000
0.000000
0.000000
0.000000
0.011948
0.000000
0.000000
0.000000
0.000000
0.000000
0.000000
0.000000
0.054656
0.000000
0.021481
0.000000
0.000000
0.000000
0.000000
0.000000
0.000000
0.000000
0.000000
0.000000
0.000000
0.000000
0.000000
0.000000
0.000000
0.000000
0.000000
0.000000
0.000000
0.000000
0.952491
0.000000
0.000000
0.000000
0.000000
0.000000
0.000000
0.000000
0.000000
0.000000
0.000000
0.000000
0.000000
0.000000
0.000000
0.000000
0.000000
0.000000
0.000000
0.001771
0.157907
0.000000
0.000000
0.000000
0.000000
0.838745
0.000000
0.000000
0.000000
0.000000
0.000000
0.000000
0.000000
0.000000
0.000000
0.000000
0.000000
0.000000
0.000000
0.000000
0.000000
0.000000
0.000000
0.000000
0.000000
0.000000
0.000000
0.000000
0.000000
0.000000
0.000000
0.000000
0.000000
0.000000
0.000000
0.000000
0.000000
0.000000
0.486120
0.115539
0.000000
0.000000
0.000000
0.000000
0.000000
0.000000
0.000000
0.000000
0.000000
0.275723
0.000976
0.000000
0.000000
0.000000
0.298884
0.000000
0.000000
0.000000
0.000000
0.000000
0.000000
0.000000
0.000000
0.000000
0.000000
0.000000
0.000000
0.000000
0.003609
0.000000
0.000000
0.000000
0.000000
0.000000
0.000000
0.000000
0.000000
0.000000
0.000000
0.000000
0.000000
0.000000
0.000000
0.000000
0.000000
0.000000
0.000000
0.000000
0.000000
0.000000
0.000000
0.000000
0.000000
0.000000
0.000000
0.000000
0.004500
0.000000
0.000000
0.000000
0.000000
0.000000
0.000000
0.000000
0.000000
0.000000
0.000000
0.000000
0.000000
0.000000
0.000000
0.000000
0.000000
0.000000
0.000000
0.000000
0.000000
0.197483
0.000000
0.000000
0.000000
0.000000
0.000000
0.088281
0.000000
0.000000
0.000000
0.000000
0.000000
0.000000
0.000000
0.000000
0.000000
0.000000
0.000000
0.000000
0.000000
0.000000
0.000000
0.000000
0.000000
0.000000
0.000000
0.615814
0.201658
0.000000
0.000000
0.000000
0.000000
0.000000
0.000000
0.000000
0.000000
0.000000
0.000000
0.000000
0.000000
0.000000
0.235261
0.000000
0.000000
0.124632
0.000000
0.990474
0.000000
0.000000
0.000000
0.000000
0.000000
0.000000
0.000000
0.907339
0.166474
0.000000
0.025948
0.000000
0.000000
0.000000
0.000000
0.000000
0.000000
0.000000
0.000000
0.018693
0.000000
0.000000
0.000000
0.000000
0.541180
0.000000
0.000000
0.000000
0.182625
0.000000
0.000000
0.000000
0.000291
0.000000
0.000000
0.000000
0.000000
0.000000
0.000000
0.000000
0.000000
0.000000
0.000000
0.000000
0.000000
0.000000
0.000000
0.000000
0.235243
0.000000
0.000000
0.000000
0.996590
0.000000
0.000000
0.000000
0.000000
0.000000
0.011817
0.000000
0.000000
0.279471
0.000000
0.000000
0.000000
0.000000
0.000000
0.000000
0.000000
0.024050
0.000000
0.000000
0.000000
0.000000
0.000000
0.000000
0.000000
0.000000
0.000000
0.000000
0.000000
0.000000
0.000000
0.996090
0.000000
0.000000
0.000000
0.000000
0.000000
0.000000
0.000000
0.000000
0.000000
0.000000
0.000000
0.000000
0.000000
0.000000
0.000000
0.000000
0.000000
0.663425
0.000000
0.000000
0.000000
0.250029
0.000000
0.000000
0.000000
0.000000
0.000000
0.000000
0.334156
0.000000
0.117906
0.000000
0.000000
0.000000
0.125549
0.000000
0.000000
0.000000
0.000000
0.000000
0.000000
0.998606
0.000000
0.000000
0.000000
0.000000
0.000000
0.000000
0.000000
0.000000
0.000000
0.000000
0.000000
0.000000
0.000000
0.000000
0.000000
0.000000
0.000000
0.077399
0.000000
0.000000
0.000000
0.000000
0.000000
0.000000
0.231004
0.010677
0.000000
0.000000
0.000000
0.143901
0.000000
0.000000
0.000000
0.000000
0.000000
0.000000
0.000000
0.000000
0.000000
0.000000
0.000000
0.000000
0.000000
0.000000
0.000000
0.000000
0.000000
0.000000
0.000691
0.000000
0.000000
0.000000
0.000000
0.203534
0.000000
0.000000
0.000000
0.000000
0.000000
0.000000
0.083072
0.000000
0.000000
0.000000
0.546533
0.000000
0.000000
0.000000
0.000000
0.000000
0.000000
0.009592
0.000000
0.000000
0.358564
0.000000
0.009836
0.000000
0.000000
0.000000
0.000000
0.133137
0.000000
0.000000
0.000000
0.000000
0.000000
0.100727
0.000000
0.000000
0.000000
0.000000
0.000000
0.000000
0.011348
0.000000
0.668917
0.000000
0.000000
0.000000
0.000000
0.000000
0.000000
0.000000
0.000000
0.000000
0.000000
0.000000
0.000000
0.001211
0.000000
0.000000
0.000000
0.000000
0.000000
0.000000
0.000000
0.015651
0.000000
0.000000
0.000000
0.000000
0.000000
0.000000
0.000000
0.000000
0.000000
0.259678
0.061582
0.000000
0.000000
0.000000
0.000000
0.000000
0.000000
0.975495
0.000000
0.044864
0.000000
0.000000
0.000000
0.000000
0.000000
0.000000
0.000000
0.000000
0.000000
0.838064
0.092376
0.000000
0.000000
0.000000
0.000000
0.000000
0.101942
0.072918
0.000000
0.000000
0.024111
0.000000
0.144970
0.000000
0.000000
0.000000
0.000000
0.006880
0.000000
0.000000
0.000000
0.000000
0.000000
0.000000
0.000000
0.000000
0.000000
0.000000
0.179107
0.000000
0.721261
0.000000
0.000000
0.000000
0.000000
0.476377
0.000000
0.000000
0.000000
0.020630
0.000000
0.000000
0.000000
0.075520
0.097507
0.939722
0.000000
0.000000
0.000000
0.000000
0.000000
0.000000
0.000000
0.000000
0.000000
0.166830
0.000000
0.000000
0.000000
0.069528
0.000000
0.370829
0.196275
0.000000
0.311012
0.000000
0.000000
0.000000
0.000000
0.000000
0.000000
0.000000
0.000000
0.000000
0.000000
0.000000
0.000000
0.000000
0.000000
0.000000
0.000000
0.000000
0.000000
0.207790
0.000000
0.000000
0.000000
0.000000
0.000000
0.000000
0.037697
0.000000
0.000000
0.121207
0.019937
0.340724
0.274746
0.000000
0.000000
0.000000
0.000000
0.000000
0.000000
0.000000
0.000000
0.000000
0.000000
0.000000
0.000000
0.000000
0.000000
0.000000
0.000000
0.000000
0.000000
0.000000
0.000000
0.000000
0.000000
0.000000
0.000000
0.000000
0.000000
0.000000
0.217655
0.000000
0.000000
0.000000
0.000000
0.000000
0.000000
0.000000
0.000000
0.000000
0.227316
0.185996
0.000000
0.000000
0.000000
0.223059
0.000000
0.000000
0.000000
0.000000
0.000000
0.000000
0.000000
0.000000
0.000000
0.000000
0.000000
0.000000
0.000000
0.000000
0.000000
0.000000
0.385012
0.000000
0.041819
0.000000
0.000000
0.000000
0.000000
0.000000
0.191270
0.000000
0.000000
0.000000
0.000000
0.000000
0.000000
0.000000
0.153460
0.000000
0.000000
0.232132
0.665023
0.000000
0.000000
0.000000
0.000000
0.000000
0.625538
0.000000
0.000000
0.000000
0.000000
0.000000
0.460453
0.000000
0.000000
0.000000
0.000000
0.000000
0.000000
0.000000
0.000000
0.159761
0.000741
0.000000
0.000000
0.000000
0.000000
0.000604
0.000000
0.000000
0.000000
0.000000
0.000000
0.000000
0.000000
0.000000
0.000000
0.000000
0.000000
0.000000
0.000000
0.000000
0.000000
0.000000
0.000000
0.000000
0.000000
0.000000
0.000000
0.000000
0.000000
0.000000
0.000000
0.000000
0.000000
0.000000
0.000000
0.000000
0.000000
0.000000
0.000000
0.141293
0.000000
0.000000
0.000000
0.259291
0.000000
0.000000
0.000000
0.000000
0.000000
0.000000
0.000000
0.254377
0.000000
0.152030
0.000000
0.229063
0.000000
0.000000
0.043690
0.000000
0.000000
0.228130
0.000000
0.000000
0.000000
0.000000
0.594479
0.000000
0.000000
0.000000
0.115447
0.000000
0.000000
0.000000
0.000000
0.480317
0.000000
0.000000
0.280948
0.000000
0.000000
0.000000
0.000000
0.000000
0.000000
0.000000
0.001052
0.000000
0.000000
0.000000
0.000000
0.000000
0.000000
0.000000
0.000000
0.000000
0.000000
0.000000
0.000000
0.000000
0.000000
0.000000
0.000000
0.000000
0.000000
0.000000
0.000000
0.000000
0.000000
0.684872
0.012282
0.000000
0.000000
0.000000
0.000000
0.000000
0.000000
0.000000
0.085036
0.910605
0.000000
0.000000
0.000000
0.000000
0.000000
0.000000
0.000000
0.000000
0.000000
0.000000
0.152899
0.556992
0.192288
0.000000
0.000000
0.000000
0.795743
0.000000
0.115196
0.000000
0.000000
0.000000
0.000000
0.000000
0.254062
0.000000
0.000000
0.000000
0.000000
0.091649
0.000000
0.000000
0.000000
0.000000
0.000000
0.000000
0.000000
0.000000
0.000000
0.000000
0.191840
0.000000
0.000000
0.000000
0.000000
0.000000
0.000000
0.000000
0.202524
0.000000
0.000000
0.000000
0.000000
0.000000
0.000000
0.000000
0.000000
0.000000
0.000000
0.000000
0.000000
0.000000
0.000000
0.000000
0.000000
0.000000
0.000000
0.000000
0.000000
0.000000
0.256380
0.295162
0.000000
0.000000
0.000000
0.000000
0.000000
0.265543
0.000000
0.000000
0.000000
0.000000
0.000000
0.000000
0.000000
0.000000
0.000000
0.000000
0.000000
0.000000
0.000000
0.000000
0.000000
0.000000
0.000000
0.002285
0.000000
0.060022
0.000000
0.000000
0.000000
0.000000
0.000000
0.319930
0.000000
0.000000
0.000000
0.000000
0.064674
0.264269
0.000000
0.005799
0.000000
0.000788
0.000000
0.000000
0.000000
0.000000
0.000000
0.000000
0.000000
0.000000
0.029250
0.000000
0.000000
0.000000
0.000000
0.000000
0.000000
0.262397
0.023063
0.000000
0.000000
0.000000
0.000000
0.000000
0.000000
0.000000
0.000000
0.000000
0.000000
0.000000
0.000000
0.000000
0.000000
0.000000
0.000000
0.000000
0.000000
0.000000
0.000000
0.000000
0.000000
0.000000
0.000000
0.000000
0.000000
0.000000
0.000000
0.000000
0.000000
0.565827
0.000000
0.000000
0.000000
0.000000
0.000000
0.000000
0.000000
0.000000
0.000000
0.000000
0.000000
0.000000
0.000000
0.000000
0.000000
0.000000
0.000000
0.000000
0.000000
0.000000
0.091500
0.000000
0.000000
0.000000
0.000000
0.000000
0.000336
0.000000
0.000000
0.000000
0.000000
0.000000
0.000000
0.000000
0.000000
0.000000
0.000000
0.000000
0.000000
0.000000
0.000000
0.000000
0.000000
0.000000
0.000000
0.000000
0.000000
0.000000
0.000000
0.000000
0.000000
0.000000
0.000000
0.000000
0.000000
0.000000
0.000000
0.000000
0.000000
0.000000
0.000000
0.227903
0.000000
0.000000
0.000000
0.000000
0.000000
0.000000
0.000000
0.000000
0.000000
0.000000
0.000000
0.000000
0.000000
0.000000
0.017175
0.985025
0.000000
0.000000
0.000000
0.000000
0.000000
0.000000
0.000000
0.153583
0.000000
0.000000
0.000000
0.000000
0.905120
0.000000
0.000000
0.000000
0.000000
0.000000
0.000000
0.000000
0.142189
0.000000
0.000000
0.000000
0.000000
0.000000
0.000000
0.000000
0.000000
0.000000
0.011670
0.000000
0.000000
0.000000
0.000000
0.000000
0.139116
0.000000
0.000000
0.000000
0.000000
0.000000
0.307208
0.000000
0.000000
0.000000
0.028326
0.000000
0.000000
0.000000
0.000000
0.000000
0.000000
0.000000
0.000000
0.000000
0.000000
0.000000
0.000000
0.000000
0.206473
0.000000
0.000000
0.000000
0.121566
0.000000
0.000000
0.000000
0.000000
0.000000
0.000000
0.399942
0.000000
0.000000
0.000000
0.312355
0.000000
0.000000
0.000000
0.000000
0.000000
0.000000
0.000000
0.000000
0.000000
0.000000
0.000000
0.000000
0.000000
0.000000
0.000000
0.000000
0.000000
0.000000
0.000000
0.005602
0.069837
0.000000
0.000000
0.000000
0.000000
0.000000
0.000000
0.000000
0.000000
0.173143
0.000000
0.000000
0.000000
0.000000
0.000000
0.129517
0.000000
0.467731
0.000000
0.000000
0.000000
0.000000
0.000000
0.000000
0.000000
0.000000
0.000000
0.000000
0.999745
0.000000
0.000000
0.000000
0.000000
0.000000
1.000000
0.000000
0.000000
0.000000
0.878222
0.000000
0.000000
0.013963
0.000000
0.000000
0.000000
0.000000
0.000000
0.000000
0.151596
0.000000
0.000000
0.000000
0.000000
0.124012
0.000000
0.000000
0.000000
0.000000
0.000000
0.000000
0.000000
0.000000
0.000000
0.000000
0.000000
0.035913
0.028439
0.000000
0.000000
0.000000
0.000000
0.000000
0.000000
0.000000
0.000000
0.000000
0.000000
0.000000
0.000000
0.000000
0.000000
0.286525
0.483054
0.000000
0.000000
0.000000
0.000000
0.000000
0.000000
0.000000
0.000000
0.000000
0.000000
0.000000
0.000000
0.066161
0.528978
0.000000
0.000000
0.106481
0.000000
0.000000
0.000000
0.000000
0.000000
0.000000
0.000000
0.000000
0.174808
0.000000
0.000000
0.000000
0.248818
0.000000
0.000000
0.000000
0.000000
0.000000
0.000000
0.000000
0.451977
0.000000
0.000000
0.000000
0.000000
0.000000
0.000000
0.000000
0.000000
0.000000
0.000000
0.000000
0.000000
0.509929
0.000000
0.185127
0.000000
0.072013
0.000000
0.000000
0.000000
0.000000
0.000000
0.000000
0.000000
0.000000
0.000000
0.974988
0.000000
0.000000
0.000000
0.000000
0.000000
0.000000
0.000000
0.000000
0.000000
0.000000
0.000000
0.000000
0.000000
0.031423
0.051349
0.000000
0.000000
0.000000
0.000000
0.000000
0.000000
0.000000
0.000000
0.000000
0.445436
0.000000
0.000000
0.000000
0.000000
0.000000
0.000000
0.000000
0.000000
0.000000
0.010466
0.000000
0.283918
0.000000
0.000000
0.000000
0.000000
0.000000
0.000000
0.000000
0.000000
0.072042
0.000000
0.000000
0.000000
0.473603
0.000000
0.000000
0.000000
0.000000
0.000000
0.012146
0.000000
0.000000
0.000000
0.000000
0.000000
0.000000
0.000000
0.010680
0.000000
0.000000
0.000000
0.000000
0.000000
0.000000
0.000000
0.000000
0.000000
0.000000
0.000000
0.000000
0.000000
0.000000
0.000000
0.000000
0.000000
0.000000
0.000000
0.000000
0.000000
0.030604
0.000000
0.263159
0.000000
0.000000
0.000000
0.000000
0.000000
0.000000
0.000000
0.000000
0.000000
0.000000
0.037651
0.000000
0.000000
0.000000
0.000000
0.000000
0.000000
0.000000
0.000000
0.000000
0.000000
0.000000
0.000000
0.000000
0.000000
0.000000
0.000000
0.000000
0.000000
0.036686
0.000000
0.000000
0.000000
0.000000
0.181173
0.000000
0.000000
0.000000
0.000000
0.000000
0.000000
0.000000
0.000000
0.000000
0.011624
0.000000
0.000000
0.000000
0.000000
0.000000
0.000000
0.000000
0.000000
0.032267
0.000000
0.000000
0.000000
0.000000
0.000000
0.918830
0.000000
0.000000
0.000000
0.000000
0.000000
0.999995
0.000000
0.000000
0.000000
0.253675
0.000000
0.000000
0.000000
0.000000
0.000000
0.000000
0.000000
0.000000
0.000000
0.000000
0.000000
0.000000
0.000000
0.526439
0.000000
0.000000
0.000000
0.771271
0.000000
0.000000
0.000000
0.000000
0.000000
0.584952
0.000000
0.000000
0.000000
0.000000
0.000000
0.000000
0.000000
0.533681
0.000000
0.000000
0.000000
0.000000
0.000000
0.000000
0.017183
0.000000
0.000000
0.000000
0.000000
0.000000
0.000000
0.000000
0.000000
0.000000
0.019599
0.000000
0.000000
0.000000
0.000000
0.000000
0.000000
0.000000
0.000000
0.166314
0.000000
0.000000
0.000000
0.000000
0.000000
0.000000
0.000000
0.000000
0.000000
0.000000
0.000000
0.000000
0.000000
0.000000
0.000000
0.040192
0.000000
0.000000
0.000000
0.000000
0.000000
0.000000
0.000000
0.000000
0.000000
0.000000
0.000000
0.000000
0.000000
0.000000
0.000000
0.000000
0.000000
0.928171
0.000000
0.000000
0.201294
0.000000
0.000000
0.000000
0.000000
0.000000
0.000000
0.000000
0.000000
0.000000
0.000000
0.000000
0.000000
0.000000
0.000000
0.000000
0.000000
0.000000
0.000000
0.000000
0.000000
0.000000
0.000000
0.000000
0.000000
0.000000
0.000000
0.000000
0.096080
0.000000
0.000000
0.000000
0.000000
0.000000
0.000000
0.000000
0.000000
0.000000
0.000000
0.000000
0.000000
0.000000
0.000000
0.000000
0.000000
0.000000
0.000000
0.071334
0.000000
0.000000
0.000000
0.000000
0.000000
0.000000
0.000000
0.000000
0.000000
0.000000
0.000000
0.027224
0.000000
0.000000
0.000000
0.000000
0.000000
0.192459
0.000000
0.000000
0.000000
0.000000
0.000000
0.000000
0.000000
0.000000
0.000000
0.450108
0.000000
0.000000
0.000000
0.000000
0.000000
0.000000
0.117411
0.026996
0.000000
0.000000
0.000000
0.000000
0.000000
0.000000
0.000000
0.000000
0.000000
0.000000
0.000000
0.000000
0.000000
0.000000
0.000000
0.000000
0.144378
0.000000
0.000000
0.000000
0.000000
0.000000
0.000000
0.000000
0.061255
0.000000
0.000000
0.000000
0.000000
0.000000
0.000000
0.000000
0.864488
0.000000
0.000000
0.000000
0.000000
0.000000
0.000000
0.000000
0.000000
0.000000
0.152369
0.000000
0.000000
0.000000
0.000000
0.000000
0.000000
0.000000
0.000000
0.000000
0.000000
0.000000
0.000000
0.000000
0.000000
0.000000
0.000000
0.000000
0.000000
0.459217
0.000000
0.000000
0.000000
0.000000
0.000000
0.000000
0.000000
0.000000
0.000000
0.000000
0.000000
0.000000
0.000000
0.000000
0.000000
0.000000
0.000000
0.000000
0.043871
0.727860
0.000000
0.000000
0.088356
0.000000
0.000000
0.000000
0.000000
0.000000
0.000000
0.000000
0.000000
0.000000
0.000000
0.000000
0.000000
0.000000
0.120572
0.000000
0.000000
0.000000
0.000000
0.000000
0.000000
0.000000
0.000000
0.000000
0.000000
0.142287
0.006607
0.022622
0.000000
0.000000
0.000000
0.000000
0.000000
0.000000
0.000000
0.000000
0.000000
0.000000
0.000000
0.000000
0.000000
0.000000
0.000000
0.237661
0.000000
0.050024
0.000000
0.000000
0.000000
0.000000
0.000000
0.011094
0.000000
0.000000
0.000000
0.000000
0.000000
0.000648
0.000000
0.000000
0.000000
0.000000
0.000000
0.000000
0.000000
0.102959
0.000000
0.000000
0.000000
1.000000
0.000000
0.000000
0.000000
0.357424
0.000000
0.000000
0.000000
0.000000
0.000000
0.000000
0.000000
0.000000
0.000000
0.000000
0.000000
0.000000
0.000000
0.000000
0.000000
0.000000
0.000000
0.000000
0.000000
0.291844
0.000000
0.000000
0.000000
0.000000
0.000000
0.000000
0.000000
0.125366
0.000000
0.000000
0.000000
0.002977
0.000000
0.000000
0.000000
0.000000
0.000000
0.000000
0.000000
0.000000
0.000000
0.000000
0.000000
0.000000
0.000000
0.000000
0.000000
0.000000
0.000000
0.000894
0.000000
0.000000
0.000000
0.365828
0.054561
0.000000
0.000000
0.000000
0.000000
0.000000
0.000000
0.354200
0.000000
0.057134
0.000000
0.000000
0.000000
0.000000
0.000000
0.000000
0.000000
0.000000
0.000000
0.000000
0.000000
0.000000
0.000000
0.000000
0.000000
0.000000
0.000000
0.025413
0.000000
0.000000
0.000000
0.000000
0.000000
0.000000
0.000000
0.000000
0.000000
0.280123
0.105690
0.000000
0.761944
0.000000
0.000000
0.954517
0.000000
0.000000
0.000000
0.000000
0.000000
0.043878
0.000000
0.000000
0.541694
0.000000
0.000000
0.291625
0.000000
0.000000
0.999081
0.000000
0.000000
0.000000
0.000000
0.000000
0.000000
0.000000
0.104816
0.006381
0.000000
0.000000
0.000000
0.000000
0.000000
0.000000
0.000000
0.000000
0.268958
0.000000
0.064847
0.000000
0.117625
0.000000
0.000000
0.000000
0.000000
0.000000
0.400335
0.375618
0.073751
0.000000
0.000000
0.000000
0.000000
0.000000
0.000000
0.000000
1.000000
0.000000
0.000000
0.000000
0.000000
0.253025
0.000000
0.000000
0.000000
0.000000
0.000000
0.000000
0.000000
0.000000
0.000000
0.000000
0.000000
0.000000
0.000000
0.000000
0.000000
0.000000
0.000000
0.000000
0.000000
0.000000
0.000000
0.000000
0.000000
0.000000
0.000000
0.000000
0.005374
0.000000
0.000000
0.000000
0.000000
0.000000
0.000000
0.000000
0.000000
0.000000
0.000000
0.000000
0.000000
0.000000
0.000000
0.000000
0.000000
0.000000
0.000000
0.069645
0.000000
0.000000
0.000000
0.000000
0.117757
0.000000
0.000000
0.523077
0.000000
0.000000
0.000000
0.000000
0.000000
0.152850
0.000000
0.000000
0.000000
0.000000
0.097878
0.806647
0.000000
0.000000
0.000000
0.000000
0.000000
0.000000
0.116818
0.000000
0.000000
0.000000
0.040357
0.000000
0.000000
0.000000
0.000000
0.204600
0.000000
0.000000
0.000000
0.000000
0.013342
0.000000
0.000000
0.000000
0.000000
0.000000
0.000000
0.058464
0.000000
0.000000
0.000000
0.000000
0.000000
0.921883
0.000000
0.256355
0.000000
0.000000
0.000000
0.225579
0.000000
0.000000
0.000000
0.000000
0.000000
0.000000
0.000000
0.000000
0.000000
0.000000
0.000000
0.000000
0.000000
0.000000
0.000000
0.000000
0.000000
0.000000
0.000000
0.000000
0.025523
0.000000
0.006509
0.506383
0.000000
0.000000
0.000000
0.000000
0.000000
0.000000
0.000000
0.000000
0.000000
0.268024
0.362719
0.000000
0.000000
0.845228
0.063973
0.000000
0.000000
0.000000
0.000000
0.000000
0.000000
0.000000
0.000000
0.844144
0.000000
0.000000
0.000000
0.000000
0.000000
0.000000
0.000000
0.000000
0.000000
0.000000
0.077301
0.000000
0.000000
0.000000
0.000000
0.000000
0.157711
0.000000
0.000000
0.000000
0.002131
0.000000
0.000000
0.000000
0.000000
0.000000
0.000000
0.000000
0.000000
0.000000
0.000000
0.000000
0.000000
0.000000
0.000000
0.000000
0.000000
0.000000
0.227987
0.000000
0.000000
0.000000
0.000000
0.000000
0.001633
0.428477
0.000000
0.000000
0.000000
0.121008
0.000000
0.000000
0.000000
0.000000
0.000000
0.000000
0.000000
0.000000
0.000000
0.261472
0.000000
0.000000
0.000000
0.000000
0.000000
0.000000
0.000000
0.000000
0.000000
0.000000
0.000000
0.000000
0.000000
0.000000
0.000000
0.000000
0.000000
0.000000
0.000000
0.000000
0.011232
0.000000
0.000000
0.000000
0.000000
0.000000
0.000000
0.000000
0.000000
0.906263
0.000000
0.000000
0.000000
0.000000
0.000000
0.000000
0.047176
0.000000
0.000000
0.074992
0.000000
0.000000
0.000000
0.000000
0.000000
0.000000
0.000000
0.000000
0.006211
0.000000
0.000000
0.000000
0.000000
0.000000
0.000000
0.000000
0.000000
0.000006
0.000000
0.026180
0.000000
0.000000
0.000000
0.000000
0.000000
0.000000
0.000000
0.000000
0.000000
0.000000
0.000000
0.000000
0.000000
0.000000
0.000000
0.000000
0.000000
0.000000
0.000000
0.000000
0.000000
0.000000
0.002463
0.000000
0.394066
0.000000
0.000000
0.000000
0.008916
0.000000
0.000000
0.871380
0.000000
0.000000
0.000000
0.957963
0.663455
0.000000
0.055251
0.000000
0.000000
0.000000
0.000000
0.000000
0.000000
0.000000
0.000000
0.000000
0.011947
0.000000
0.000000
0.000000
0.000000
0.000000
0.000000
0.000000
0.000000
0.000000
0.000000
0.000000
0.000000
0.000000
0.000000
0.000000
0.000000
0.000000
0.000000
0.000000
0.000000
0.038995
0.000000
0.000000
0.000000
0.000000
0.000000
0.000000
0.000000
0.000000
0.796122
0.000000
0.000000
0.038954
0.000000
0.000000
0.000000
0.045360
0.000000
0.999926
0.063555
0.000000
0.000000
0.000000
0.000000
0.000000
0.190376
0.000000
0.000000
0.000000
0.000000
0.000000
0.000000
0.000000
0.000000
0.000000
0.000000
0.000000
0.000000
0.000000
0.000000
0.000000
0.000000
0.000000
0.000000
0.016396
0.000000
0.000000
0.000000
0.000000
0.000000
0.000000
0.000000
0.000000
0.000000
0.000000
0.000000
0.000000
0.000000
0.000000
0.000000
0.000000
0.485908
0.000000
0.000000
0.000000
0.000000
0.404727
0.855208
0.000000
0.000000
0.000000
0.070075
0.558206
0.000000
0.983645
0.000000
0.000000
0.000000
0.000162
0.000000
0.000000
0.000000
0.000000
0.005583
0.000000
0.000000
0.000000
0.000000
0.000000
0.000000
0.000000
0.000000
0.000000
0.000000
0.696294
0.000000
0.000000
0.000000
0.000000
0.000000
0.000000
0.000000
0.000000
0.000000
0.000000
0.000000
0.969959
0.000000
0.483406
0.000000
0.000000
0.000000
0.000000
0.058053
0.036520
0.000000
0.000000
0.000000
0.000000
0.000000
0.000000
0.000000
0.000000
0.000000
0.000000
0.000000
0.000000
0.000000
0.000000
0.000000
0.000000
0.000000
0.000000
0.221907
0.000000
0.000000
0.000000
0.000000
0.000000
0.000000
0.000000
0.125466
0.000000
0.000000
0.000000
0.018095
0.000000
0.000000
0.000000
0.000000
0.000000
0.000000
0.000000
0.000000
0.000000
0.000000
0.000000
0.000000
0.000000
0.008720
0.177755
0.000000
0.000000
0.000000
0.000000
0.000000
0.003667
0.000000
0.000000
0.000000
0.000000
0.000000
0.000000
0.000000
0.000000
0.000000
0.000000
0.042261
0.000000
0.000000
0.613113
0.000000
0.102562
0.000000
0.177885
0.000000
0.000000
0.000000
0.000000
0.000000
0.000000
0.000000
0.000000
0.000000
0.000000
0.000000
0.000000
0.000000
0.000000
0.000000
0.000000
0.000000
0.000000
0.000000
0.000000
0.000000
0.000000
0.000000
0.000000
0.000000
0.033761
0.000000
0.000000
0.376722
0.000000
0.000000
0.000000
0.000000
0.000000
0.000000
0.000000
0.000000
0.000000
0.000000
0.000000
0.000000
0.000000
0.000000
0.191768
0.000000
0.000000
0.000000
0.000000
0.000000
0.000000
0.000000
0.000000
0.429537
0.000000
0.000000
0.000000
0.000000
0.000000
0.753213
0.000000
0.000000
0.000000
0.000000
0.000000
0.000000
0.000000
0.000000
0.000000
0.000000
0.690501
0.000000
0.000000
0.000000
0.000000
0.000000
0.000000
0.000000
0.000000
0.004180
0.000000
0.000000
0.000000
0.115977
0.000000
0.000000
0.000000
0.000000
0.000000
0.000000
0.879988
0.000000
0.000000
0.000000
0.063750
0.315630
0.000000
0.000000
0.000000
0.000000
0.000000
0.000000
0.000000
0.037350
0.000000
0.000000
0.000000
0.000000
0.000000
0.000000
0.000000
0.000000
0.000000
0.000000
0.131581
0.000000
0.000000
0.178006
0.000000
0.761310
0.000000
0.502817
0.000000
0.000000
0.000000
0.000000
0.030666
0.000000
0.000000
0.000000
0.941704
0.000000
0.000000
0.000000
0.000000
0.000000
0.000000
0.000000
0.000000
0.000000
0.000000
0.000000
0.000000
0.000000
0.000000
0.000000
0.000000
0.000000
0.000000
0.000000
0.014458
0.105368
0.000000
0.000000
0.000000
0.000000
0.000000
0.000000
0.000000
0.000000
0.000000
0.000000
0.000000
0.000000
0.000000
0.000000
0.000000
0.248063
0.846665
0.000000
0.000000
0.000000
0.000000
0.000000
0.000000
0.000000
0.000000
0.000000
0.000000
0.973871
0.000000
0.000000
0.000000
0.000000
0.000000
0.000000
0.000000
0.000000
0.000000
0.000000
0.103835
0.000000
0.000000
0.000000
0.000000
0.188465
0.000000
0.000000
0.000000
0.000000
0.000000
0.000000
0.000000
0.000000
0.225536
0.000000
0.000000
0.000000
0.000000
0.000000
0.000000
0.000000
0.989065
0.000000
0.000000
0.000000
0.000000
0.000000
0.000000
0.000000
0.000000
0.552914
0.000000
0.118748
0.000000
0.000000
0.000000
0.000000
0.000000
0.501375
0.195569
0.000000
0.982941
0.000000
0.000000
0.000000
0.000000
0.172994
0.000000
0.000000
0.000000
0.000000
0.001552
0.000000
0.000000
0.924515
0.000000
0.000000
0.000000
0.000000
0.000000
0.000000
0.000000
0.000000
0.000000
0.000000
0.000000
0.000000
0.000000
0.000000
0.000000
0.000000
0.000000
0.303999
0.000000
0.046337
0.000000
0.000000
0.000000
0.000000
0.000000
0.000000
0.000000
0.000000
0.000000
0.000000
0.000000
0.000000
0.000000
0.000000
0.000000
0.140886
0.000000
0.000000
0.000000
0.000000
0.000000
0.000000
0.000000
0.000000
0.000000
0.000000
0.000000
0.000000
0.914671
0.000000
0.000037
0.000000
0.000000
0.000000
0.000000
0.000000
0.000000
0.000000
0.000000
0.000000
0.000000
0.000000
0.000000
0.000000
0.000000
0.009628
0.000000
0.000000
0.000000
0.000000
0.000000
0.000000
0.000000
0.000000
0.000000
0.000000
0.000000
0.000000
0.000046
0.000000
0.000000
0.000000
0.000000
0.000000
0.000000
0.263724
0.000000
0.000000
0.000000
0.000000
0.000000
0.549447
0.000000
0.000000
0.000000
0.000000
0.000000
0.000000
0.000000
0.000000
0.000000
0.000000
0.000000
0.000000
0.000000
0.000000
0.000000
0.000000
0.000000
0.000000
0.000000
0.000000
0.000000
0.000000
0.000000
0.000000
0.000000
0.000000
0.000000
0.000000
0.000000
0.000000
0.000000
0.000000
0.000000
0.000000
0.000000
0.000000
0.000000
0.000000
0.000000
0.000000
0.000000
0.000000
0.000000
0.000000
0.000000
0.000000
0.000000
0.000000
0.000000
0.000000
0.350091
0.000000
0.000000
0.000000
0.000000
0.000000
0.000000
0.000000
0.000000
0.000000
0.033137
0.000000
0.000000
0.000000
0.000000
0.000000
0.000000
0.000000
0.000000
0.000000
0.000000
0.000000
0.766553
0.000000
0.000000
0.000000
0.000000
0.257317
0.238080
0.000000
0.000000
0.000000
0.000000
0.000000
0.000000
0.390735
0.766568
0.898841
0.000000
0.814010
0.000000
0.000000
0.000000
0.655761
0.000000
0.000000
0.000000
0.000000
0.000000
0.000000
0.000000
0.000000
0.000000
0.000000
0.000000
0.000000
0.000000
0.000000
0.000000
0.000000
0.000000
0.000000
0.962626
0.032899
0.000000
0.000000
0.000000
0.544979
0.000000
0.000000
0.550565
0.000000
0.000000
0.000000
0.000000
0.000000
0.000000
0.000000
0.000000
0.000000
0.000000
0.000000
0.000000
0.000000
0.000000
0.000000
0.000000
0.000000
0.000000
0.000000
0.000000
0.000000
0.045239
0.000000
0.000000
0.000000
0.000000
0.000000
0.000000
0.000000
0.000000
0.000000
0.000000
0.000000
0.000000
0.103491
0.000000
0.000000
0.000000
0.000000
0.000000
0.000000
0.000000
0.000000
0.100243
0.128111
0.000000
0.000000
0.000000
0.000000
0.000000
0.000000
0.000000
0.000000
0.000000
0.000000
0.000000
0.000000
0.000000
0.000000
0.000000
0.000000
0.000000
0.000000
0.000000
0.000000
0.000000
0.000000
0.000000
0.000000
0.000000
0.000000
0.000000
0.000000
0.014465
0.000000
0.000000
0.000000
0.000000
0.000000
0.000000
0.000000
0.000000
0.000000
0.000000
0.102642
0.000000
0.000000
0.000000
0.000000
0.000000
0.000000
0.000000
0.000000
0.000000
0.000000
0.000000
0.000000
0.740302
0.000000
0.000000
0.000000
0.000000
0.000000
0.000000
0.000000
0.000000
0.000000
0.000000
0.000000
0.000000
0.015384
0.000000
0.000000
0.000000
0.000000
0.000000
0.116223
0.000000
0.000000
0.000000
0.000000
0.000000
0.000000
0.000000
0.000000
0.000000
0.000000
0.272573
0.000000
0.000000
0.000000
0.000000
0.613976
0.000000
0.000000
0.000000
0.000000
0.000000
0.312910
0.000000
0.000000
0.633068
0.000000
0.000000
0.000000
0.000000
0.927880
0.000000
0.000000
0.000000
0.016934
0.000000
0.000000
0.000000
0.000000
0.535222
0.000000
0.000000
1.000000
0.000000
0.000000
0.000000
0.103776
0.174106
0.000000
0.000000
0.000000
0.000000
0.000000
0.000000
0.000000
0.000000
0.000000
0.000414
0.000000
0.000000
0.000000
0.149155
0.329746
0.258608
0.071549
0.999965
0.123195
0.000000
0.000000
0.000000
0.000000
0.137069
0.000000
0.000000
0.000000
0.000000
0.000000
0.000000
0.000000
0.000000
0.000000
0.000000
0.000000
0.000000
0.000000
0.000000
0.000000
0.015369
0.000000
0.000000
0.000000
0.000000
0.000000
0.000000
0.000000
0.000000
0.000000
0.000000
0.000000
0.000000
0.000000
0.000000
0.000000
1.000000
0.000000
0.068678
0.000000
0.000000
0.000000
0.000000
0.000000
0.000000
0.000000
0.000000
0.000000
0.000000
0.000000
0.000000
0.000000
0.000000
0.000000
0.000000
0.254572
0.300106
0.000000
0.000000
0.991379
0.237014
0.000000
0.000000
0.000000
0.000000
0.000000
0.488719
0.000000
0.000000
0.000000
0.000000
0.000000
0.000000
0.000000
0.000000
0.000000
0.000000
0.000000
0.899536
0.000000
0.000000
0.000000
0.000000
0.000000
0.000000
0.000000
0.465242
0.000000
0.000000
0.000000
0.000000
0.372261
0.027080
0.000000
0.000000
0.000000
0.000000
0.000000
0.000000
0.000000
0.000000
0.000000
0.000103
0.260934
0.000000
0.000000
0.000000
0.000000
0.000000
0.000000
0.000000
0.000000
0.000000
0.000000
0.000000
0.000000
0.697196
0.000000
0.330927
0.000000
0.000000
0.000000
0.128081
0.002119
0.000000
0.000000
0.000000
0.000000
0.000000
0.000000
0.000000
0.000000
0.000000
0.000000
0.000000
0.021727
0.000000
0.000000
0.000000
0.000000
0.000000
0.000000
0.000000
0.000000
0.111048
0.000000
0.000000
0.000000
0.000000
0.000000
0.000000
0.000000
0.000000
0.000000
0.000000
0.000000
0.000000
0.000000
0.000000
0.000000
0.000000
0.000000
0.000000
0.000000
0.260444
0.149840
0.000000
0.000000
0.000000
0.000000
0.000000
0.000000
0.000000
0.000000
0.000000
0.000000
0.000000
0.000000
0.000000
0.000000
0.000000
0.000000
0.000000
0.000000
0.000000
0.000000
0.000000
0.000000
0.000000
0.000000
0.254371
0.000000
0.000000
0.000000
0.000000
0.000000
0.000000
0.000000
0.000000
0.000000
0.052945
0.739384
0.000000
0.000000
0.000000
0.246616
0.000000
0.000000
0.000000
0.000000
0.072117
0.000000
0.000000
0.000000
0.000000
0.000000
0.000000
0.590925
0.000000
0.000000
0.000000
0.000000
0.000000
0.000000
0.000000
0.000000
0.000000
0.000000
0.000000
0.000000
0.000000
0.000000
0.000000
0.000000
0.000000
0.000000
0.001389
0.000000
0.000000
0.418463
0.000000
0.000000
0.000000
0.000000
0.000000
0.000000
0.000000
0.000000
0.726312
0.000000
0.000000
0.000000
0.000000
0.000000
0.000000
0.000000
0.000000
0.999327
0.000000
0.000000
0.693192
0.000000
0.000000
0.000000
0.000000
0.000000
0.000000
0.035880
0.000000
0.000000
0.000000
0.000000
0.000000
0.000000
0.162208
0.000000
0.000000
0.000000
0.000000
0.000000
0.000000
0.077748
0.000000
0.000000
0.000000
0.000000
0.187642
0.000000
0.000000
0.000000
0.000000
0.000000
0.103185
0.000000
0.000000
0.000000
0.000000
0.000000
0.157322
0.000000
0.000000
0.009122
0.000000
0.000000
0.000000
0.000000
0.000000
0.000000
0.000000
0.000000
0.000000
0.000000
0.000000
0.033101
0.000000
0.000000
0.000000
0.000000
0.047955
0.998519
0.000000
0.000000
0.000000
0.000000
0.000000
0.921206
0.000000
0.753831
0.000000
0.000000
0.000000
0.000000
0.687250
0.000000
0.000000
0.000000
0.000000
0.000000
0.268117
0.000000
0.000000
0.000000
0.000000
0.000000
0.000000
0.000000
0.000000
0.000000
0.206184
0.000000
0.000000
0.000000
0.000000
0.000000
0.000000
0.000000
0.157275
0.000000
0.000000
0.000000
0.000000
0.000000
0.000000
0.000000
0.000000
0.000000
0.000000
0.000000
0.000000
0.000000
0.000000
0.000000
0.000000
0.000000
0.000000
0.198431
0.000000
0.000000
0.000000
0.000000
0.000000
0.000000
0.000000
0.000000
0.000000
0.058305
0.000000
0.000000
0.000000
0.000000
0.000000
0.000000
0.114816
0.000000
0.000000
0.000000
0.139221
0.000000
0.000000
0.000000
0.000000
0.000000
0.000000
0.000000
0.000000
0.000000
0.000000
0.000000
0.000000
0.000000
0.000000
0.000000
0.999891
0.000000
0.000000
0.000000
0.000000
0.000000
0.000000
0.000000
0.000000
0.000000
0.000000
0.000000
0.000000
0.000000
0.000000
0.000000
0.000000
0.000000
0.000000
0.000000
0.000000
0.000000
0.000000
0.000000
0.000000
0.000000
0.000000
0.000000
0.000000
0.000000
0.000000
0.188301
0.000000
0.000000
0.000000
0.000000
0.000000
0.648485
0.000000
0.000000
0.000000
0.000000
0.000000
0.000000
0.000000
0.000000
0.000000
0.000000
0.000000
0.000000
0.000000
0.000000
0.000000
0.000000
0.000000
0.000000
0.000000
0.000000
0.000000
0.000000
0.000000
0.000000
0.000000
0.000000
0.000000
0.288383
0.000000
0.000000
0.000000
0.000000
0.012068
0.000000
0.000000
0.000000
0.000000
0.000000
0.000000
0.000000
0.000000
0.000000
0.000000
0.000000
0.000000
0.224937
0.000000
0.000000
0.000000
0.000000
0.000000
0.020084
0.000000
0.000000
0.000000
0.000000
0.000000
0.000000
0.000000
0.000000
0.000000
0.000000
0.999198
0.000000
0.000000
0.000000
0.000000
0.000000
0.000000
0.000000
0.000000
0.000000
0.000000
0.000000
0.000000
0.000000
0.000000
0.194004
0.000000
0.000000
0.000000
0.000000
0.000000
0.000000
0.000000
0.000000
0.000000
0.005321
0.000000
0.025775
0.000000
0.000000
0.000000
0.000000
0.000000
0.000000
0.000000
0.000000
0.000000
0.000000
0.029593
0.094753
0.000000
0.000000
0.210305
0.000000
0.053669
0.000000
0.000000
0.000000
0.308784
0.000000
0.000000
0.000000
0.000000
0.000000
0.000000
0.000000
0.385977
0.000000
0.000000
0.000000
0.000000
0.000000
0.010691
0.000000
0.000000
0.000000
0.000000
0.000000
0.140464
0.000000
0.000000
0.000000
0.000000
0.000000
0.000000
0.000000
0.000000
0.000000
0.000000
0.000000
0.000000
0.000000
0.000000
0.395747
0.123657
0.000000
0.151018
0.000000
0.334139
0.000000
0.000000
0.000000
0.000000
0.000000
0.000000
0.000000
0.000000
0.087823
0.000000
0.522123
0.000000
0.000000
0.000000
0.000000
0.000000
0.000000
0.000000
0.000000
0.000000
0.000000
0.000000
0.000000
0.000000
0.173510
0.000000
0.000000
0.000000
0.000000
0.000000
0.000000
0.052267
0.000000
0.000000
0.000000
0.000000
0.000000
0.000000
0.000000
0.000000
0.000000
0.000000
0.000000
0.000000
0.000000
0.000000
0.000000
0.000000
0.000000
0.000000
0.000000
0.000000
0.893441
0.000000
0.000000
0.000000
0.000000
0.000000
0.000000
0.000000
0.000000
0.000000
0.000000
0.000000
0.000000
0.018557
0.000000
0.015390
0.000000
0.000000
0.281919
0.000000
0.000000
0.000000
0.000000
0.000000
0.000000
0.000000
0.000000
0.000000
0.000000
0.102583
0.000000
0.000000
0.000000
0.006353
0.000000
0.003550
0.000000
0.000000
0.000000
0.000000
0.000000
0.000000
0.000000
0.175101
0.000000
0.000000
0.000000
0.000000
0.000000
0.000000
0.000000
0.000000
0.000000
0.000000
0.000000
0.000000
0.000000
0.000000
0.000000
0.000000
0.000000
0.000000
0.191797
0.000392
0.000000
0.372770
0.000000
0.000000
0.000000
0.000000
0.000000
0.000000
0.000000
0.000000
0.000000
0.000000
0.000000
0.000000
0.000000
0.191377
0.000000
0.000000
0.000000
0.000000
0.000000
0.000000
0.000000
0.000000
0.000000
0.000000
0.000000
0.000000
0.140598
0.000000
0.000000
0.000000
0.000000
0.000000
0.000000
0.000000
0.000000
0.000000
0.000000
0.000000
0.000000
0.887549
0.043786
0.999568
0.000000
0.000000
0.000988
0.000000
0.011842
1.000000
0.000000
0.000000
0.000000
0.000000
0.216705
0.000000
0.000000
0.000000
0.000000
0.000000
0.000000
0.048094
0.000000
0.000000
0.000000
0.000000
0.000000
0.000000
0.000000
0.000000
0.000000
0.000000
0.000000
0.000000
0.000000
0.000000
0.000000
0.000000
0.229523
0.000000
0.000000
0.000000
0.000000
0.216257
0.000000
0.000000
0.000000
0.000000
0.000000
0.000000
0.000000
0.000000
0.000000
0.660226
0.000000
0.000000
0.000000
0.000000
0.000000
0.000000
0.000000
0.000000
0.000000
0.000000
0.000000
0.000000
0.000000
0.000000
0.000000
0.000000
0.000000
0.000000
0.235991
0.000000
0.000000
0.000000
0.000000
0.156853
0.270618
0.000000
0.000000
0.000000
0.000000
0.000000
0.000000
0.000000
0.000000
0.000000
0.000000
0.000000
0.683788
0.000000
0.000000
0.000000
0.000000
0.000000
0.000000
0.056652
0.071068
0.000000
0.000000
0.000000
0.000000
0.000000
0.150277
0.000000
0.000000
0.000000
0.000000
0.000000
0.000000
0.000000
0.000000
0.225506
0.000000
0.091985
0.000000
0.000000
0.000000
0.000000
0.000000
0.000000
0.000000
0.000000
0.000000
0.000000
0.110445
0.809741
0.000000
0.000000
0.000000
0.000000
0.000000
0.119511
0.543939
0.000000
0.000000
0.000000
0.000000
0.000000
0.000000
0.000000
0.000000
0.000000
0.000000
0.090557
0.000000
0.000000
0.027505
0.945025
0.751801
0.000000
0.000000
0.000000
0.000000
0.000000
0.000000
0.000000
0.000000
0.000000
0.000000
0.000000
0.000000
0.028426
0.000000
0.546771
0.061918
0.000000
0.000000
0.448035
0.001426
0.413477
0.381860
0.000702
0.000000
0.000000
0.000000
0.503815
0.000000
0.000000
0.000000
0.257150
0.000000
0.004019
0.000000
0.000000
0.000000
0.000000
0.000000
0.000000
0.000000
0.000000
0.000000
0.040907
0.192167
0.000000
0.366710
0.000000
0.000000
0.098798
0.000000
0.000000
0.000000
0.229110
0.000000
0.000000
0.000000
0.000000
0.000000
0.188577
0.000000
0.200198
0.000000
0.000000
0.000000
0.000000
0.000000
0.000000
0.000000
0.000000
0.000000
0.000000
0.000000
0.000000
0.000000
0.000000
0.000000
0.000000
0.000000
0.000000
0.000000
0.000000
0.000000
0.000000
0.000000
0.000000
0.000000
0.000000
0.000000
0.719087
0.000000
0.000000
0.000000
0.000000
0.000000
0.242007
0.000000
0.000000
0.000000
0.000000
0.000000
0.000000
0.000000
0.000000
0.000000
0.000000
0.421582
0.000000
0.000000
0.999905
0.000000
0.000000
0.000000
0.000000
0.000000
0.000000
0.000000
0.000000
0.000000
0.000000
0.000000
0.000000
0.000000
0.000000
0.000000
0.000000
0.000000
0.000000
0.000000
0.000000
0.000000
0.000000
0.000000
0.000000
0.000000
0.000000
0.000000
0.000000
0.044555
0.000000
0.000000
0.000000
0.000000
0.000000
0.044642
0.043459
0.000000
0.000000
0.000000
0.000000
0.001186
0.000000
0.000000
0.000000
0.000000
0.122269
0.053142
0.000000
0.159921
0.118745
0.000000
0.000000
0.000000
0.787674
0.000000
0.000000
0.000000
0.000000
0.000000
0.000000
0.000000
0.000000
0.000000
0.000000
0.173407
0.165186
0.000000
0.000000
0.815388
0.000000
0.000000
0.355341
0.000000
0.000000
0.000000
0.095303
0.000000
0.000000
0.000000
0.000000
0.000000
0.000000
0.000000
0.000000
0.412165
0.000000
0.000000
0.000000
0.000000
0.000000
0.000000
0.000000
0.000000
0.000000
0.000000
0.000000
0.000000
0.000000
0.000000
0.000000
0.492292
0.000000
0.000000
0.000000
1.000000
0.000000
0.000000
0.000000
0.000000
0.000000
0.000000
0.000000
0.000000
0.000000
0.000000
0.000000
0.000000
0.000000
0.000000
0.000000
0.000000
0.000000
0.992878
0.000000
0.000000
0.060772
0.000000
0.000000
0.000000
0.014292
0.000000
0.000000
0.000000
0.000000
0.000000
0.000000
0.000000
0.000000
0.116449
0.000000
0.000000
0.000000
0.033469
0.092859
0.000000
0.000000
0.000000
0.000000
0.000000
0.000000
0.000000
0.000000
0.000000
0.000000
0.050212
0.000000
0.000000
0.000000
0.000000
0.000000
0.177889
0.000000
0.136607
0.000000
0.000000
0.000000
0.000000
0.014926
0.000000
0.000000
0.011554
0.268352
0.000000
0.000000
0.000000
0.000000
0.058416
0.000000
0.000000
0.004096
0.305695
0.000000
0.000000
0.000000
0.000000
0.754995
0.908583
0.000000
0.000000
0.000000
0.000000
0.455385
0.000000
0.000000
0.000000
0.204573
0.000000
0.000000
0.000000
0.000000
0.000000
0.288181
0.000000
0.000000
0.000000
0.000000
0.000000
0.000000
0.000000
0.000000
0.000000
0.000000
0.000000
0.000000
0.000000
0.430974
0.000000
0.000000
0.000000
0.000000
0.000000
0.000000
0.665349
0.000000
0.398916
0.000000
0.442721
0.220662
0.000000
0.000000
0.000000
0.000000
0.000000
0.000000
0.000000
0.000000
0.000000
0.000000
0.000000
0.732349
0.000000
0.000000
0.231927
0.000000
0.000000
0.000000
0.000000
0.000000
0.000000
0.000000
0.000000
0.000000
0.000000
0.000000
0.000000
0.000000
0.000000
0.041062
0.000000
0.000000
0.000000
0.000000
0.000000
0.000000
0.000000
0.666090
0.000000
0.000000
0.000000
0.046292
0.000000
0.824447
0.007130
0.000000
0.000000
0.000000
0.000000
0.000000
0.000000
0.000000
0.000000
0.000000
0.961817
0.000000
0.000000
0.000000
0.038073
0.000000
0.000000
0.000000
0.000000
0.000000
0.000000
0.000000
0.000000
0.000000
0.000000
0.000000
0.000000
0.000000
0.000000
0.000000
0.000000
0.000000
0.104385
0.000000
0.000000
0.000000
0.000000
0.042439
0.000000
0.000000
0.000000
0.024301
0.000000
0.000000
0.000000
0.000000
0.000000
0.000000
0.000000
0.000000
0.000000
0.000000
0.000000
0.000000
0.000000
0.000000
0.000000
0.000000
0.054750
0.000000
0.000000
0.000000
0.000000
0.000000
0.000000
0.000000
0.000000
0.000000
0.000000
0.000000
0.000000
0.000000
0.000000
0.000000
0.000000
0.000000
0.000000
0.000000
0.000000
0.000000
0.000000
0.000000
0.000000
0.000000
0.197686
0.000000
0.000000
0.000000
0.000000
0.000000
0.000000
0.444689
0.000000
0.000000
0.000000
0.000000
0.000000
0.000000
0.000000
0.000000
0.000000
0.000000
0.000000
0.000000
0.139553
0.000000
0.000000
0.256174
0.000000
0.000000
0.000000
0.509600
0.000000
0.000000
0.000000
0.000000
0.000000
0.000000
0.000000
0.000000
0.000000
0.003739
0.000000
1.000000
0.000000
0.000000
0.015171
0.000000
0.000000
0.000000
0.189015
0.000000
0.000000
0.000000
0.000000
0.000000
0.000000
0.000000
0.000000
0.080304
0.024839
0.000000
0.000000
0.000000
0.000000
0.599429
0.000000
0.858641
0.000000
0.000000
0.000000
0.000000
0.000000
0.000000
0.000000
0.000000
0.000000
0.000000
0.000000
0.000000
0.000000
0.000000
0.000000
0.000000
0.000000
0.000000
0.305215
0.016821
0.000000
0.000000
0.000000
0.000000
0.000000
0.000000
0.000000
0.000000
0.000000
0.000000
0.000000
0.000000
0.000000
0.000000
0.078381
0.000000
0.000000
0.000000
0.000000
0.545777
0.000000
0.000000
0.000000
0.000000
0.000000
0.000000
0.000000
0.000000
0.000000
0.000000
0.000000
0.000000
0.000172
0.000000
0.000000
0.000000
0.000000
0.603244
0.000000
0.000000
0.000000
0.000000
0.000000
0.346992
0.168534
0.000000
0.000000
0.000000
0.000000
0.000000
0.000000
0.000000
0.000000
0.000000
0.000000
0.000000
0.000000
0.000000
0.988126
0.000000
0.000000
0.000000
0.000000
0.000000
0.127660
0.104043
0.000000
0.460271
0.000000
0.000000
0.000000
0.000000
0.000000
0.000000
0.000000
0.000000
0.000000
0.000000
0.000000
0.049734
0.000000
0.000000
0.000000
0.000000
0.000000
0.000000
0.000000
0.000000
0.000000
0.000000
0.019988
0.000000
0.000000
0.000000
0.000000
0.000000
0.000000
0.000000
0.000000
0.000000
0.000000
0.000000
0.000000
0.000000
0.000000
0.000000
0.000000
0.000000
0.000000
0.000000
0.000000
0.000000
0.000000
0.000000
0.000000
0.000000
0.000000
0.000000
0.000000
0.000000
0.000000
0.000000
0.406736
0.000000
0.000000
0.423574
0.000000
0.000000
0.000000
0.979362
0.000000
0.000000
0.000000
0.455021
0.000000
0.000000
0.998806
0.000000
0.000000
0.000000
0.000000
0.528199
0.000000
0.000000
0.000000
0.000000
0.000000
0.000000
0.000000
0.000000
0.000000
0.000000
0.000000
0.000000
0.000000
0.010726
0.000000
0.000000
0.000000
0.000000
0.000000
0.000000
0.000000
0.000000
0.502907
0.793899
0.000000
0.000000
0.000000
0.000000
0.000000
0.000000
0.000000
0.000000
0.000000
0.000000
0.000000
0.000000
0.000000
0.000000
0.000000
0.000000
0.000000
0.000000
0.000000
0.000000
0.000000
0.066729
0.000000
0.000000
0.000000
0.000000
0.000000
0.000000
0.000000
0.000000
0.000000
0.000000
0.000000
0.000000
0.000000
0.000000
0.000000
0.000000
0.000000
0.132266
0.000000
0.000000
0.000000
0.000000
0.000000
0.026127
0.395159
0.000000
0.000000
0.000000
0.000000
0.025078
0.000000
0.000000
0.000000
0.000000
0.000000
0.142130
1.000000
0.000000
0.000000
0.000000
0.000000
0.000000
0.000000
0.000000
0.657250
0.000000
0.000000
0.000000
0.000000
0.000000
0.000000
0.000000
0.000000
0.000000
0.000000
0.000000
0.362115
0.000000
0.000000
0.665375
0.555638
0.926537
0.000000
0.303082
0.000000
0.687527
0.000000
0.000000
0.000000
0.104532
0.324081
0.819990
0.000000
0.000000
0.000000
0.000000
0.000000
0.000000
0.000000
0.000000
0.000000
0.000000
0.000000
0.000000
0.000000
0.000000
0.000000
0.000000
0.426862
0.000000
0.000000
0.000000
0.000000
0.000000
0.000000
0.000000
0.000000
0.000000
0.007112
0.023504
0.326468
0.000000
0.000000
0.000000
0.000000
0.247101
0.000000
0.000000
0.059717
0.000000
0.000000
0.012401
0.000000
0.000000
0.000000
0.000000
0.000000
0.000000
0.000000
0.000000
0.000000
0.000000
0.000000
0.000000
0.000000
0.675361
0.000000
0.000000
0.000000
0.000000
0.000000
0.000000
0.000000
0.000000
0.156853
0.931794
0.000000
0.000000
0.000000
0.000000
0.050756
0.000000
0.000000
0.000000
0.000000
0.000000
0.000000
0.000000
0.000000
0.021477
0.000000
0.000999
0.000000
0.000000
0.000000
0.802165
0.000000
0.000000
0.128915
0.000000
0.000000
0.000000
0.000000
0.000000
0.399782
0.000000
0.000000
0.000000
0.000000
0.000000
0.000000
0.000000
0.000000
0.000000
0.000000
0.000000
0.000000
0.000000
0.000000
0.000000
0.000000
0.000000
0.000000
0.000000
0.000000
0.000000
0.000000
0.000000
0.000000
0.000000
0.000000
0.000000
0.000000
0.000000
0.000000
0.000000
0.000000
0.000000
0.000000
0.046365
0.000000
0.000000
0.000000
0.000000
0.000000
0.000000
0.000000
0.097649
0.000000
0.000000
0.000000
0.000000
0.091063
0.000000
0.000000
0.000000
0.000000
0.000000
0.000000
0.000000
0.000000
0.000000
0.000000
0.000000
0.000000
0.925840
0.000000
0.000000
0.000000
0.000000
0.000000
0.000000
0.000000
0.000000
0.000000
0.000000
0.000000
0.000000
0.575927
0.000000
0.000000
0.000000
0.000000
0.000000
0.009980
0.000000
0.000000
0.000000
0.000000
0.000000
0.000000
0.000000
0.000000
0.000000
0.000000
0.000000
0.000000
0.000000
0.215831
0.000000
0.000000
0.000000
0.000000
0.000000
0.000000
0.000000
0.000000
0.289976
0.000000
0.000000
0.000000
0.000000
0.000000
0.395152
0.000000
0.000000
0.000000
0.000000
0.000000
0.000000
0.000000
0.000000
0.000000
0.000000
0.000000
0.000000
0.000000
0.000000
0.000000
0.000000
0.000000
0.000000
0.000000
0.000000
0.000000
0.000000
0.000000
0.000000
0.000000
0.000000
0.000000
0.000000
0.000000
0.106052
0.000000
0.000000
0.000000
0.000000
0.000000
0.938516
0.000000
0.064464
0.000000
0.000000
0.000000
0.000000
0.000000
0.000000
0.000000
0.000000
0.000000
0.000000
0.115493
0.643754
0.000000
0.000000
0.000000
0.351122
0.000000
0.000000
0.000000
0.000000
0.000000
0.000000
0.004190
0.000000
0.000000
0.000000
0.000000
0.000000
0.000000
0.000000
0.000000
0.369702
0.000000
0.000000
0.000000
0.000000
0.000000
0.000000
0.000000
0.000000
0.000000
0.000000
0.000000
0.000000
0.000000
0.128009
0.035613
0.000000
0.151830
0.000000
0.000000
0.000000
0.000000
0.000000
0.000000
0.000000
0.000000
0.000000
0.000241
0.929892
0.000000
0.000000
0.000000
0.000000
0.000000
0.117683
0.000000
0.000000
0.461165
0.000000
0.000000
0.572746
0.000000
0.000000
0.000000
0.000000
0.000000
0.000000
0.000000
0.000000
0.000000
0.000000
0.000000
0.000000
0.000000
0.000000
0.000000
0.045166
0.000000
0.000000
0.000000
0.000000
0.000000
0.000000
0.000000
0.000000
0.000000
0.000000
0.000000
0.000000
0.000000
0.000000
0.981865
0.000000
0.000000
0.000000
0.000000
0.000000
0.081678
0.000000
0.053347
0.000000
0.217330
0.162056
0.834484
0.000000
0.000000
0.000000
0.000000
0.000000
0.000000
0.000000
0.000000
0.000000
0.000000
0.000000
0.000000
0.000000
0.000000
0.000000
0.000000
0.000000
0.000000
0.000000
0.000000
0.000000
0.000000
0.000000
0.000000
0.000000
0.000000
0.000000
0.000000
0.001831
0.000000
0.000000
0.000000
0.000000
0.151826
