0.002422
0.000000
0.884942
0.537090
0.802830
0.962764
0.728425
0.006661
0.313040
0.000000
0.000000
0.161218
0.630235
0.000000
0.134270
0.429427
0.476027
0.628163
0.520105
0.534578
0.073703
0.222347
0.470107
0.279462
0.999816
0.331103
0.000000
0.943729
0.670860
0.285639
0.734474
0.783492
0.681006
0.937506
0.014550
0.578014
0.000000
0.427784
0.980924
0.140723
0.793282
0.054232
0.857912
0.293006
0.311732
0.281717
0.259053
0.748140
0.000000
0.976420
0.049661
0.850807
0.966234
0.000000
0.125618
0.926189
0.000000
0.971202
0.042002
0.059243
0.820998
0.846295
0.000000
0.538874
0.506605
0.018484
0.929047
0.000000
0.622721
0.015400
0.000000
0.340497
0.000000
0.758418
0.563834
0.999776
0.104431
0.019218
0.125430
0.471354
0.930524
0.622379
0.032090
0.116753
0.999818
0.824077
0.035647
0.000000
0.485088
0.077325
0.000000
0.575796
0.154518
0.966137
0.000000
0.850807
0.425767
0.000000
1.000000
0.802230
0.000000
0.000000
0.144690
0.545306
0.055061
0.001368
0.583938
0.000000
0.522051
0.571968
0.959286
0.640827
0.607596
0.048577
0.872947
0.863437
0.878770
0.026455
0.056442
0.000000
0.880456
0.000000
0.000000
0.987740
0.439772
0.284135
0.999999
0.363360
0.981309
0.000000
0.511693
0.859649
0.935182
0.953341
0.630132
0.000000
0.994764
0.772362
0.999418
0.303930
0.087042
0.536557
0.959862
0.522655
0.703482
0.381582
0.506912
0.000000
0.599098
0.000000
0.000743
0.254791
0.000000
1.000000
0.999351
0.713784
0.000000
0.000683
0.575005
0.000000
0.720827
0.750006
0.416379
0.661815
0.868230
0.387746
0.981706
0.730798
0.008445
0.000000
0.814153
0.361650
0.000000
0.509722
0.270263
0.000000
0.033498
0.406090
0.000000
0.801784
0.964518
0.000000
0.092991
0.913122
0.356194
0.905698
0.855348
0.411035
0.000000
0.000000
0.422357
0.000000
0.148446
0.092620
0.000000
0.512633
0.061887
0.038523
0.458411
0.076023
0.825820
0.641888
0.142756
0.000000
0.167917
0.874095
0.514516
0.000000
0.886857
0.908613
0.206811
0.949075
0.726143
0.613906
0.952740
0.902148
1.000000
0.000000
0.000000
0.979256
0.999979
0.690044
0.279853
0.469551
0.567811
0.316291
0.380703
0.883039
0.873814
0.053510
0.053243
0.083116
0.026778
0.796983
0.818885
0.362037
0.801036
0.596882
0.006370
0.857443
0.000000
0.999829
0.374352
0.611357
0.388602
0.067370
0.547059
0.427784
0.000000
0.999999
0.805711
0.698371
0.251449
0.860634
0.074817
0.270065
0.983390
0.000000
0.541245
0.000000
0.280498
0.347300
0.000000
0.292675
0.393025
0.758586
0.004182
0.536949
0.831133
0.000000
0.385731
0.671381
0.012099
0.000000
0.046534
0.000000
0.000000
0.000000
0.561943
0.196857
0.000000
0.725156
0.000000
0.996020
0.704978
0.000000
0.710263
0.573448
0.000000
0.000000
0.336756
0.745416
0.997628
0.018218
0.691654
0.648967
0.110989
0.033492
0.825527
0.000000
0.000000
0.933181
0.205906
0.015553
0.687382
0.000000
0.000000
0.044169
0.968722
0.352011
0.017569
0.984466
0.890261
0.583293
0.528970
0.000000
0.999591
0.470314
0.348186
0.000000
0.000000
0.008465
0.289713
0.912523
0.887611
0.958428
0.966075
0.565109
0.492633
0.688277
0.991109
0.294064
0.247419
0.000000
0.192899
0.599238
0.918028
0.654515
0.961679
0.934538
0.913682
0.157831
0.294991
0.706757
0.955685
0.930979
0.964255
0.474303
0.000000
0.886357
0.416427
0.821230
0.371208
0.100625
0.964011
0.000000
0.163930
0.524895
0.000000
0.424703
0.576456
0.887827
0.856642
0.000000
1.000000
0.960003
0.097475
0.123447
0.344775
0.876125
0.508750
0.000000
0.000000
0.020227
0.373891
0.776319
0.997564
0.916151
0.958767
0.544199
0.128017
0.982727
0.000000
0.085189
0.000000
0.919005
0.034757
0.000000
0.193607
0.348186
0.318878
1.000000
0.211047
0.007176
0.978890
0.000000
0.712707
0.000000
0.661444
0.000000
0.779611
0.788857
0.046751
0.114882
0.693785
0.000000
0.260345
0.151395
0.866161
0.000000
0.000000
0.436104
0.731743
0.000000
0.969716
0.067378
0.929810
0.950655
0.666032
0.957646
0.899440
0.745405
0.465766
0.128880
0.942794
0.000000
0.000000
0.245738
0.000000
0.666046
0.596156
0.071981
0.000000
0.151053
0.000000
0.597896
0.000000
0.929163
0.071932
0.000000
0.648112
0.986728
0.668440
0.941850
0.944784
0.292607
0.003998
0.359506
0.851173
0.000000
0.027089
0.742552
0.092942
0.000000
0.168800
0.128197
0.000000
0.000000
0.691108
0.524705
0.000000
0.989027
0.643302
0.675996
0.023257
0.227218
0.795613
0.996884
0.000000
0.000000
0.034241
0.000000
0.340054
0.634220
0.000000
0.818504
0.161574
0.341468
0.000000
0.284068
0.079423
0.083464
0.796421
0.658653
0.137130
0.000000
0.516691
0.650057
0.989035
1.000000
0.784824
0.793945
0.828694
0.562081
0.141036
0.089639
0.000000
0.807429
0.736151
0.000000
0.989879
0.643032
0.286153
0.000000
0.000000
0.045110
0.061871
0.000000
0.566578
0.000000
0.000000
0.981237
0.907762
0.423547
0.322474
0.467121
0.586508
0.598239
0.990596
0.000000
0.238272
0.638903
0.000000
0.802136
0.469543
0.776735
0.634526
0.326622
0.226532
0.550838
0.968903
1.000000
0.120590
0.000000
0.000000
0.143231
0.106899
0.069487
0.275299
0.998762
0.008403
0.089150
0.175803
0.994936
0.949109
0.437188
0.462434
0.000000
0.899445
0.567804
0.000000
1.000000
0.330241
0.999850
0.374192
0.068870
0.092318
0.000000
0.701385
0.339938
0.000000
1.000000
0.192437
0.984221
0.000000
0.000000
0.904017
0.918365
0.994427
0.997437
0.030483
0.000000
0.002755
0.705711
0.046606
0.985186
0.000000
0.384949
0.672221
0.335461
0.673347
0.147351
0.000000
0.000000
0.318935
0.720944
0.994338
0.000000
0.980798
0.479407
0.000000
1.000000
0.000000
0.000000
0.000000
0.125650
0.836587
0.641302
0.000000
0.075946
0.966960
0.000000
0.000000
0.629501
0.000000
0.677756
0.815380
0.481210
0.808324
0.000000
0.916578
0.999998
0.000000
0.607028
0.683484
0.000000
0.392402
0.761481
0.084941
0.000000
0.891592
0.873578
0.956593
0.065385
0.949311
0.078061
0.000000
0.000000
0.230946
0.000000
0.029561
0.136457
0.000000
0.659179
0.817958
0.209386
0.496062
0.430862
0.245122
0.060526
0.057888
0.848294
0.000000
0.000000
0.856589
0.785091
0.858743
0.994077
0.000000
0.000000
0.043760
0.616168
0.962199
0.008574
0.999998
0.000000
0.677755
0.565776
0.619644
0.734777
0.867557
0.088452
0.021812
0.000000
0.978162
0.436419
0.223759
0.000000
0.352086
0.255068
0.767443
0.521284
0.050156
0.167396
0.995275
0.364263
0.000000
0.000000
0.845339
0.000000
0.987401
0.721089
0.505552
0.081729
0.993845
0.998994
0.000036
0.030797
0.000000
0.321861
0.495252
0.990523
0.675230
0.155957
0.991974
0.182713
0.075661
0.783149
0.285366
0.945601
0.000000
0.194854
0.806357
0.939203
0.004193
0.530145
0.423226
0.570533
0.964431
0.337894
0.998919
0.701218
0.657582
0.232797
0.999019
0.032269
0.131276
0.843780
0.000000
0.573236
0.314057
0.785800
0.999998
0.000000
0.613790
0.016123
0.402133
0.998897
0.881989
0.000000
0.000000
0.980883
0.546558
0.999765
0.364026
0.965220
0.899436
0.077856
0.089341
0.610960
0.997171
0.485690
0.000000
0.008184
0.000000
0.002770
0.000000
0.794201
0.000000
0.615735
0.000000
0.276560
0.044678
0.753377
0.453746
0.029691
0.588348
0.656065
0.000000
0.663807
0.256343
0.000000
0.037475
0.860499
0.145281
0.232202
0.060922
0.288023
0.010288
0.259470
0.000000
0.000000
0.000000
0.828702
0.913258
0.103376
0.999988
0.339381
0.164574
0.998706
0.115218
0.032294
0.833696
0.044442
0.000000
1.000000
0.934228
0.897104
0.363636
0.000000
0.704110
1.000000
0.916796
0.835223
0.154591
0.000000
0.720764
0.000000
0.000000
0.860042
0.866722
0.238975
0.000000
0.729761
0.681832
0.999256
0.000000
0.853717
0.583404
0.791827
0.126603
0.464422
0.502156
0.295557
0.495636
0.031007
0.716346
0.994643
0.000000
0.698645
0.072879
0.725885
0.056162
0.123003
0.011864
0.098288
0.000000
0.094802
0.118503
0.041175
0.274825
0.264391
0.003221
0.707884
0.643548
0.707900
0.987626
0.876240
0.226404
0.027082
0.327129
0.673455
0.660487
0.000000
0.995278
0.451247
0.322409
0.044706
0.081751
0.758758
0.140134
0.815807
0.000000
0.999982
0.162910
0.989020
0.728334
0.000000
0.737621
0.483781
0.556714
0.000000
0.673598
1.000000
0.750940
0.000000
0.000000
0.259104
0.000000
0.953730
0.413942
0.867471
0.999962
0.167387
0.000000
0.000000
0.014920
0.040936
0.575110
0.000000
0.000000
0.346830
0.000000
0.418242
0.635080
0.000000
0.286928
0.000000
0.000000
0.877087
0.595940
0.521369
0.860846
0.856427
0.000000
0.000000
0.000000
0.656180
0.281276
0.093593
0.648550
0.546940
0.300503
0.967051
0.532770
0.995176
0.989476
0.999702
0.577641
0.245357
0.061076
0.065645
0.633938
1.000000
0.937796
0.944676
0.005498
0.960437
0.264451
0.854662
0.249196
0.526181
0.000000
0.551742
0.000000
0.854407
0.917729
0.626223
0.000000
0.557624
0.869135
0.998874
0.000000
0.782375
0.544480
0.151884
1.000000
0.314399
0.385461
0.968583
0.000000
0.976565
0.000000
0.000000
0.256544
0.550952
0.178126
0.000000
0.003381
0.879710
0.614901
0.869000
0.330267
0.911746
0.972641
0.916486
0.664545
1.000000
0.896532
0.969302
0.958766
0.388066
0.128294
0.227966
0.171646
0.591364
0.291393
0.957846
0.000000
0.627141
0.144432
0.894260
0.532770
0.210123
0.334881
0.535165
0.771739
0.000000
0.414895
0.171466
0.000000
0.851472
0.000000
0.273109
1.000000
0.721653
0.000000
0.614790
0.725769
0.242311
0.132282
0.999999
0.999324
0.642633
0.999113
1.000000
0.960176
0.727575
0.044706
0.999457
0.413544
0.956669
0.387746
0.228375
0.999995
0.413544
0.298319
0.000000
0.701531
0.997171
0.995444
0.304306
0.059642
0.937965
0.280098
0.000000
0.866976
0.000000
0.390435
0.000000
0.000000
0.426453
0.939264
0.115874
0.710208
0.451737
0.000000
0.000000
0.000000
0.627087
0.980888
0.668748
0.518290
0.467868
0.369853
0.000000
0.501454
0.000000
0.265367
0.284417
0.899145
0.999773
0.719334
0.938676
1.000000
0.000000
0.744842
0.000000
0.446323
0.991432
0.895578
0.759528
0.404516
0.857751
0.916151
0.512834
0.701280
0.600713
0.000000
0.936179
0.981214
0.715620
0.000000
0.000000
0.290500
0.000000
0.827581
0.408550
0.058806
0.995611
0.665195
0.000000
0.000000
0.996930
0.000000
0.325282
0.000000
0.382555
0.906730
0.762113
0.248610
0.725472
0.002265
0.890183
0.999999
0.806155
0.000000
0.154206
0.979690
0.895049
0.668631
0.653561
0.046908
0.589494
0.000000
1.000000
0.910683
0.559615
0.417355
0.242113
0.958766
0.089796
0.610998
0.137666
0.991082
0.744123
0.000000
0.000000
0.442555
0.933452
0.000000
0.160429
0.815358
0.778367
0.686475
0.729898
0.819638
0.999997
0.935544
0.987888
0.000000
0.325209
0.473982
0.891931
0.000000
0.984617
0.999046
0.000000
0.000000
0.671542
0.089796
0.019900
0.799033
0.000000
0.000000
0.000000
0.934232
0.443893
0.000000
0.080970
0.000000
0.191835
0.000000
0.999996
0.640957
0.282320
0.932987
0.483763
0.609577
0.000000
0.935769
0.000000
0.000000
0.738796
0.000000
0.612838
0.946341
0.000000
0.202825
0.070813
0.897167
0.652805
0.000000
0.000000
0.323829
0.102751
0.719758
0.215154
0.394482
0.000000
0.144092
0.732173
0.000000
0.997573
0.396217
1.000000
0.000000
0.549206
0.543362
0.293285
0.906295
0.000000
1.000000
0.965169
0.871291
0.892777
0.522956
0.000000
0.806139
0.993888
0.996539
0.000000
0.981074
0.818952
0.489603
0.563156
0.000000
0.144839
0.191150
0.000000
0.393340
0.954380
0.605852
0.099179
0.460658
0.282623
0.619929
0.528059
0.970131
0.031608
0.805419
0.364079
0.385898
0.196849
0.290857
0.000000
0.983834
0.000000
0.710677
0.111196
0.000000
0.570644
0.807568
0.000000
0.414175
0.182534
0.068371
0.305758
0.309146
0.032312
0.894166
0.000627
0.913258
0.039068
0.706895
0.491445
0.819661
0.869118
0.119253
0.629727
0.871339
0.159208
0.980916
0.065417
0.990506
0.000000
0.956531
0.000000
0.000000
0.050214
0.993603
0.627851
0.821071
0.310040
0.999998
0.641870
0.416289
0.056816
0.000000
0.437355
0.023233
0.416156
0.000000
0.000000
0.014800
0.218768
0.999858
0.974987
0.641289
0.697832
0.516449
0.591117
0.975926
1.000000
0.136809
0.569340
0.406210
0.857884
0.002684
0.000000
0.000000
0.000000
0.000000
0.778373
0.006381
0.735909
0.998236
0.524877
0.748459
0.015277
0.446535
0.179115
0.320284
0.221588
0.468640
0.998180
0.324542
0.034446
0.000000
0.944172
0.990598
0.103550
0.872672
0.056868
0.597635
0.000000
0.000000
0.000000
0.832090
0.470753
0.967499
0.632095
0.000000
0.000000
0.783055
0.357993
0.093898
0.389409
0.253343
0.963386
0.563421
0.638510
0.576725
0.363792
0.999878
0.000000
0.000000
0.000000
0.000000
0.524761
0.439706
0.717261
0.188169
0.805029
0.949129
0.615222
0.499880
0.774426
0.966654
0.000000
0.567892
0.886714
0.602237
0.476602
0.000000
0.178051
0.554315
0.184030
0.059173
0.037432
0.577941
0.999988
0.141160
0.000000
0.650399
0.000000
1.000000
0.577683
0.149127
0.000000
0.054750
0.168926
0.020584
0.083254
0.896821
0.989012
0.206015
0.000000
0.194443
0.983190
0.000000
0.712896
0.000000
0.000000
0.326304
0.329331
0.089788
0.141579
0.603526
0.774614
0.391283
0.041401
0.999729
0.716599
0.000000
0.411196
0.957849
0.537350
0.000000
0.564701
0.571413
0.000000
0.247253
0.552378
0.901348
0.099893
0.000000
0.987012
0.196388
0.552378
0.893152
0.396832
0.000000
0.014617
0.757312
0.000000
0.562090
0.460423
0.302416
0.274147
0.917600
0.000000
0.145687
0.000000
0.974670
0.757703
0.061164
0.914408
0.415655
0.120318
0.016369
0.999984
0.088478
0.256991
0.858876
0.999743
0.450558
0.478801
0.403784
0.000000
0.319822
0.160445
0.000000
0.000000
0.999912
0.887203
0.379409
0.090962
0.000000
0.000000
0.152821
0.000000
0.999999
0.999290
0.999638
0.595863
0.801550
0.994573
0.114957
0.000000
0.439706
0.000000
0.769230
0.000000
0.988326
0.975364
0.000000
0.310563
0.109982
0.001321
0.999993
0.600651
0.950096
0.954231
0.279761
0.000000
1.000000
0.234252
0.230002
0.000000
0.000000
0.083562
0.109754
0.000000
0.462112
0.291277
0.396077
0.562043
0.000000
0.927541
0.000000
0.000000
0.640343
0.000000
0.489074
0.653071
0.595233
0.922272
0.430300
0.995684
0.000000
0.714516
0.974567
0.245522
0.984784
0.384205
0.999906
0.112845
0.189906
0.000000
0.555070
0.976519
0.761852
0.768345
0.000000
0.781846
0.542096
0.035441
0.995303
0.119341
0.543888
0.908496
0.349001
0.000000
0.618903
0.059120
0.000000
0.252382
0.999299
0.890832
0.536625
0.742131
0.972171
0.000000
0.169996
0.784344
0.000000
0.380539
0.530699
0.000000
0.999743
0.451644
0.000000
0.057082
0.299333
0.400101
0.000000
0.007021
0.995176
0.824018
0.217184
0.600144
0.558199
0.949427
0.911025
0.000000
0.584075
0.915633
0.288703
0.091156
0.000000
0.975657
0.000000
0.537070
0.897903
0.156862
0.604311
0.890428
0.000000
0.000000
0.692812
0.979848
0.975929
0.985186
0.159930
0.035288
0.480041
0.964271
0.675626
0.955665
0.533806
0.000000
0.000000
0.000000
0.873325
0.914791
0.928234
0.000000
0.013567
0.649293
0.000000
0.772052
0.842752
0.525682
0.111885
0.406165
0.007694
0.664178
0.166717
0.166701
0.686195
0.377684
0.162208
0.317861
0.603012
0.037799
0.929750
0.000000
0.000000
0.204658
0.886434
0.672697
0.820133
0.978183
0.666680
0.988994
0.231886
0.000000
0.215132
0.924553
0.852327
0.821369
0.000000
0.609119
0.000000
0.997304
0.983350
0.999543
0.866724
0.130766
0.999997
0.254648
0.622589
0.270973
0.892103
0.099174
0.017283
0.982325
0.230119
0.303464
0.139903
0.983707
0.935193
0.223109
0.066961
0.980583
0.765901
0.040796
0.566463
0.849521
0.984580
0.979295
0.660571
0.267082
0.398543
0.543892
0.557753
0.747651
0.063640
1.000000
0.111266
0.335039
0.830172
0.493993
0.000000
0.231337
0.622594
0.000000
0.264332
0.985111
0.688959
0.870702
0.993289
0.684566
0.891158
0.912326
0.047364
0.093914
0.000000
0.999989
0.000000
0.837058
0.000000
0.533740
0.828885
0.577531
1.000000
0.000000
0.666797
0.699584
0.903048
0.299779
0.594107
0.083409
0.000000
0.000000
0.595758
0.000000
0.717537
0.000000
0.702904
0.961600
0.634793
0.748851
0.035390
0.323228
0.802944
0.239314
0.337814
0.999599
0.452971
0.618559
0.157026
0.026673
0.999999
0.829865
0.455450
0.822862
0.999978
0.672777
0.957646
0.000000
0.999999
0.579629
0.051228
0.332276
0.019458
0.000000
0.282717
0.700495
0.742488
0.381499
0.000000
0.000000
0.000000
0.813312
0.000000
0.000000
0.174262
0.298868
0.000000
0.737736
0.000000
0.611743
0.973231
0.000000
0.803352
0.939099
0.685850
0.157819
0.779401
0.825527
0.000000
0.357673
0.930129
0.000000
0.000000
0.110673
0.016420
0.912242
0.000000
0.815534
0.577977
0.424116
0.000000
0.196849
0.256921
0.746310
0.120836
0.100287
0.262222
0.472383
0.999917
0.125885
0.664108
0.840429
0.000000
0.482243
0.085650
0.301933
0.589378
0.999942
0.999998
0.118069
0.932773
0.000000
0.665934
0.409192
0.495844
0.479491
0.528906
0.000000
0.067441
0.037886
0.417124
0.999821
0.480842
0.592452
0.739270
1.000000
0.346990
0.518512
0.945829
0.240863
0.000000
0.999108
0.000000
0.164399
0.000000
0.000000
0.000000
0.512833
0.793111
0.000000
0.999955
0.471424
0.999933
0.000000
0.999976
0.441400
0.619010
0.000000
0.848372
0.145850
1.000000
0.000000
0.000000
0.983786
0.981916
0.000000
0.356277
0.389551
0.000000
0.995775
0.924654
0.691496
0.517781
0.993958
0.772828
0.578625
0.000000
0.000000
0.000000
0.894249
0.577762
0.000000
0.999950
0.792663
0.000000
0.526477
0.732003
0.304879
0.000000
0.282300
0.058913
0.395659
0.000000
0.000000
0.594628
0.000000
0.000000
0.857259
0.000000
0.000000
0.328404
0.704158
0.000000
0.805824
0.001943
0.469585
0.913268
0.675420
0.000000
0.280498
0.619314
0.438608
0.824056
0.008939
0.767454
0.430527
0.204495
0.997722
0.839638
0.000000
0.000000
0.499834
0.931406
0.025757
0.131409
0.666035
0.000000
0.000000
0.170906
0.767479
0.853742
0.343143
0.168987
0.000000
0.012360
0.490419
0.977341
0.692584
0.000000
1.000000
0.000000
0.888992
0.777488
0.124251
0.000000
0.301041
0.965869
0.024276
0.295231
0.658180
0.596757
0.978611
0.219653
0.603866
0.996220
0.087794
0.684762
0.695648
0.286982
0.999769
0.000000
0.000000
0.765946
0.995176
0.005353
0.861005
0.786630
0.469102
0.331826
0.000000
0.377238
0.026470
0.000000
0.301245
0.998801
0.953996
0.663048
0.641860
0.039605
0.999957
0.508067
0.000000
0.099243
0.199077
0.993888
0.927021
0.079656
0.060434
0.076035
0.826257
0.000000
0.096996
0.000000
0.288384
0.220931
0.000000
0.701780
0.000000
0.000000
0.999821
0.741206
0.993888
0.993002
0.000000
0.127062
0.712029
0.615184
0.996330
0.374328
0.990182
0.876262
0.415891
0.666713
0.779401
0.061484
0.000000
0.000000
0.819177
0.816274
0.532003
0.000000
0.960176
0.558882
0.000000
0.793238
0.717038
0.918811
0.628112
0.610960
0.946472
0.645009
0.569094
0.977818
0.003713
0.313061
0.592221
0.503493
0.429000
0.066452
0.992475
0.363518
0.912624
0.000000
0.549410
0.305195
0.998962
0.703942
0.999093
0.623649
0.235686
0.215328
0.641532
0.788177
0.910683
0.009302
0.017942
0.501733
0.068610
0.053608
0.359506
0.973828
0.338853
0.000000
0.778601
0.476948
0.143623
0.012337
0.329031
0.134921
0.832236
0.892589
0.662112
0.260275
0.343250
0.323896
0.847186
0.113765
0.999621
0.000000
0.477536
0.081172
0.000000
0.998790
0.429469
0.104188
0.108122
0.591178
0.351931
0.251479
0.833100
0.401633
0.000000
0.000000
0.000000
1.000000
0.611329
0.000000
0.000000
0.817360
0.224484
0.108995
0.711826
0.594419
0.000000
0.037558
0.986722
0.843997
0.749232
0.416375
0.096212
0.757204
0.000000
0.000000
0.146086
0.000000
0.000000
0.000000
0.000000
0.476572
0.608292
0.941278
0.145524
0.387306
0.960278
0.025425
0.346412
0.881501
0.000000
0.771632
0.495469
0.761187
0.994717
0.000000
0.000000
0.927906
0.800918
0.411903
0.000000
0.253464
0.438212
0.901827
0.973396
0.310712
0.008693
0.864167
0.000000
0.023723
0.911334
0.000000
0.000000
0.278520
0.381673
0.000000
0.460398
0.521121
1.000000
0.611671
0.006436
0.000000
0.915135
0.164071
0.000000
0.374362
0.999356
0.772429
0.765946
0.992369
0.937391
0.882429
0.972354
0.960372
0.775099
0.579364
0.585008
0.180364
0.939043
0.846515
0.244062
0.220256
0.132926
0.441022
0.710010
0.000000
0.517745
0.143656
0.013627
0.000000
0.000000
0.000000
0.000000
0.000000
0.529263
0.000026
0.000000
0.000000
0.658323
0.000000
0.237874
0.974170
0.049083
0.446925
0.042397
0.073355
0.509100
0.248858
0.000000
0.000000
0.000000
0.387306
0.004606
0.939318
0.000000
0.819416
0.996943
0.835081
0.000000
0.000000
0.770132
0.000000
0.992426
0.119813
0.320779
0.732816
0.686377
0.256297
0.867438
0.990598
0.972907
0.008556
0.000000
0.583274
0.168672
0.007227
0.465500
0.757273
0.008858
0.850522
0.167583
0.532072
0.723097
0.342173
0.999993
0.000000
1.000000
0.045850
0.000000
0.000000
0.983304
0.114762
1.000000
0.998871
0.000000
0.357423
0.000000
0.000000
0.976111
0.651217
0.448261
0.912315
0.832149
0.812649
0.955356
0.000000
0.861224
0.000000
0.000000
0.117512
0.000000
0.802392
0.000000
0.741551
0.621364
0.486124
0.000000
0.427784
0.000000
0.000000
0.770598
0.408675
0.286254
0.016204
0.982134
0.627867
0.000000
0.611439
0.996339
0.891592
0.000000
0.264483
0.446782
0.000000
0.649022
0.672740
0.530618
0.000000
0.000000
0.992219
0.008153
0.000000
0.546205
0.583306
0.336760
0.683521
0.970561
0.852373
0.283781
0.568594
0.644500
0.017741
0.020721
0.903842
0.637637
0.000000
0.680713
0.215223
0.803911
0.408242
0.000000
0.304306
0.624709
0.582256
0.810485
0.339758
0.931335
0.883330
0.113522
0.118772
0.563445
0.961285
0.759676
0.686638
0.581283
0.128262
0.975373
0.102427
0.998909
0.016692
0.265917
0.181602
0.000000
0.260484
0.318844
0.000000
0.943844
0.165577
0.543478
0.888241
0.430698
0.613165
0.974748
0.947541
0.551921
0.362959
0.617225
0.534913
0.316931
0.198606
0.136502
0.997211
0.654367
0.183553
0.000000
0.548214
0.645659
0.997579
0.000000
0.942708
0.000000
0.768940
0.985186
0.677442
0.999998
0.000000
0.000000
0.133394
0.603429
0.354136
0.000000
0.234250
0.791428
0.000000
0.488432
0.700139
0.565941
0.212677
0.000000
0.998806
0.000000
0.000000
0.664840
0.365927
0.626912
0.721089
0.241966
0.057240
0.506964
0.525435
0.202973
0.614586
0.000000
0.000000
0.352770
0.000000
0.305664
0.000000
0.251028
0.509424
0.983948
0.010216
0.100351
0.774582
0.390086
0.959040
0.987892
0.012517
1.000000
0.017038
1.000000
0.000000
0.000173
0.000000
0.999982
0.000000
0.659406
0.987401
0.000000
0.763735
0.463105
0.999628
0.060829
0.000000
0.940376
0.877536
0.000000
0.966367
0.000000
0.830517
0.313222
0.100363
0.073724
0.212329
0.000000
0.913062
0.000000
0.521345
0.791253
0.000000
0.173204
0.954100
0.966587
0.000000
0.000000
0.318146
0.803756
0.854662
0.819945
0.769254
0.116753
0.085189
0.000000
0.843263
0.964246
0.346403
0.787537
0.085257
0.519092
0.908134
0.000000
0.000000
0.996429
0.000000
0.164306
0.932441
0.768432
0.946197
0.456037
0.039709
0.225856
0.000000
0.623641
0.999923
0.000000
0.827700
0.384011
0.000000
0.000000
0.235785
0.254148
0.000000
0.388376
0.362760
0.996388
0.213179
0.998356
0.000000
0.573921
0.005028
0.217530
0.553440
0.572103
0.529521
0.000000
0.000000
0.476576
1.000000
0.002986
0.693294
0.998145
0.000000
0.699470
0.000000
0.309503
0.537038
0.000000
0.339951
0.765946
1.000000
1.000000
0.061871
0.175241
0.000000
0.974084
0.943784
0.379754
0.546069
0.000000
0.656830
0.999998
0.224782
0.464918
0.850027
0.270055
0.654242
0.513960
0.916796
0.765650
0.991529
0.000000
0.140192
0.986179
0.999778
1.000000
0.354299
0.217638
0.000000
0.341895
0.935815
0.874337
0.031132
0.599065
0.935182
0.999791
0.713862
0.855072
0.036429
0.815482
0.854308
0.000000
0.134624
0.949309
0.723233
0.000000
0.287168
0.107282
0.344535
0.748140
0.240882
0.990996
0.995905
0.052062
0.967212
0.679926
0.000000
0.000000
0.000000
0.000000
0.919829
0.000697
0.000000
0.910863
0.884147
0.922506
0.000000
0.281997
0.974466
0.664545
0.645642
0.979848
0.066924
0.000000
0.999978
0.028050
0.938224
0.638330
0.355789
0.286177
0.247419
0.887788
0.076753
0.000000
0.999035
0.742878
0.860368
0.041539
0.000000
0.000000
0.753620
0.000000
0.980835
0.349935
0.571503
0.670626
1.000000
0.708777
0.000000
0.124283
0.000000
0.000000
0.753997
0.968011
0.712216
0.580967
0.000000
0.058372
0.480689
0.868575
0.449121
0.000000
0.754714
0.000000
0.959630
0.000000
0.580607
0.708301
0.969319
0.609948
0.196444
0.170615
0.248574
0.354301
0.708109
0.695904
0.449360
0.898250
0.701889
0.420407
0.776480
0.003631
0.000000
0.954082
0.959174
0.983948
0.000000
0.344027
0.558934
0.025826
0.517865
0.000000
0.000000
0.657499
0.322719
0.000000
0.394957
0.116712
0.002077
0.648845
0.000000
0.000000
1.000000
0.028917
0.610458
0.375614
0.000000
0.242779
0.302404
0.082740
0.417355
0.000911
0.742969
0.274755
0.884876
0.999006
0.767048
0.346241
0.940627
0.984597
0.107627
0.308567
0.295395
0.033865
0.921330
0.216012
0.999261
0.394431
0.990942
0.000000
0.485215
0.726147
0.768357
0.848955
0.001217
0.479326
0.000000
0.663264
0.000000
0.086828
0.708954
0.004963
0.778229
0.368466
0.913258
0.999765
0.934538
0.788525
0.996130
0.442196
0.000000
0.000000
0.565940
0.997035
0.923722
0.995110
0.162497
0.891796
0.000000
0.350822
1.000000
0.252977
0.141049
0.984267
0.127591
0.455869
0.973866
0.000000
0.984682
0.908830
0.000000
0.982027
0.714895
0.761010
0.921810
0.206143
0.327998
0.130318
0.000000
0.556451
0.075096
0.949405
0.969939
0.094307
0.000000
0.895706
0.000000
0.731515
0.000000
0.482266
0.995908
0.565701
0.000000
0.877552
0.000000
0.964431
0.506566
0.000000
0.013520
0.000000
0.609379
0.537385
0.125223
0.069487
0.972223
0.999967
0.857535
0.796646
0.926462
0.000000
0.717959
0.993385
0.000000
1.000000
1.000000
0.000000
0.968962
0.000000
0.618658
0.380923
0.147948
0.468605
0.000000
0.821088
0.446535
0.415249
0.836157
0.000000
0.286308
0.665412
0.002449
0.432794
0.408315
0.940407
0.947100
0.422757
0.679852
0.000134
0.942662
0.197195
0.025200
0.000000
0.999327
0.923802
0.000000
0.000000
0.000000
0.036080
0.641144
0.169683
0.666447
0.165687
0.000000
0.273898
0.107973
1.000000
0.000000
0.600665
0.998149
0.000000
0.000000
0.590470
0.344971
0.068373
0.632902
0.254791
0.376333
0.062920
0.350972
0.691851
0.195702
0.524211
0.023636
0.164770
0.999344
0.915669
0.345779
0.982404
0.814990
0.278608
0.486441
0.000000
0.998471
0.735998
0.941821
0.851218
0.971673
0.337551
0.049550
0.369795
0.782146
0.000000
0.757016
0.000000
1.000000
0.999806
0.379304
0.995667
0.791268
0.552348
0.998476
0.000000
0.956949
0.000000
0.797605
0.547742
0.000000
0.000000
0.252208
0.793271
0.193288
0.673524
0.000000
0.385048
0.960735
0.012550
0.783149
0.409015
0.166274
0.000000
0.851072
0.047353
0.750162
0.378508
0.843780
0.551629
0.949109
0.536625
0.210520
0.453249
0.600142
0.349336
0.957799
0.900258
0.000089
0.810886
0.393081
0.942064
0.540428
0.228060
0.271940
0.935644
0.987024
0.546118
0.376879
0.981340
0.999299
0.763519
0.934851
0.890667
0.087573
0.364117
0.258650
0.317055
0.583792
0.000000
0.112058
0.703873
0.852596
0.549295
0.359985
0.710264
0.868482
0.613194
0.000000
0.089543
0.851569
0.555203
0.464827
0.524165
0.138790
0.688849
0.387397
0.048195
0.000000
0.294411
0.994674
0.969847
0.000000
0.895422
0.970350
0.000000
0.000000
0.271726
0.623980
0.000000
0.768561
0.000000
0.998489
0.126797
0.561598
0.084941
0.200952
0.000000
0.245365
0.949852
0.985409
0.929491
0.574965
0.440051
0.809709
0.883700
0.110673
0.512563
0.396274
0.999976
0.000000
0.325476
0.126467
0.948705
0.773329
0.981134
0.269352
0.643037
0.136964
0.000000
0.000000
0.931990
0.907759
0.143379
0.065921
0.245489
0.733729
0.063780
0.057894
0.310225
0.972690
0.043095
0.373347
0.648654
0.843430
0.031644
0.357416
0.115553
0.899440
0.000000
0.000000
0.963286
0.919074
0.600639
0.880314
0.985013
0.969873
0.020338
0.174846
0.998486
0.689933
0.644055
0.631827
0.750988
0.006215
0.556078
0.816306
0.753631
0.889828
0.000000
0.103446
0.363640
0.703970
0.353551
1.000000
0.158484
0.776194
0.622993
0.999926
0.563083
0.000000
0.000000
0.000000
0.999906
0.716564
0.646373
0.784716
0.154931
0.029474
0.334846
0.060368
0.128995
0.996657
0.583731
0.895639
0.477148
0.000000
0.522927
0.000003
0.173056
0.907966
0.092537
0.517769
0.000029
0.742478
0.162463
0.015321
0.967822
0.000000
0.586773
0.243172
0.643886
0.000000
0.985970
0.293227
0.371795
0.000000
0.890139
0.224663
0.100873
0.589716
0.349785
0.000000
0.346290
0.021802
0.139874
0.957646
0.601096
0.503573
0.619518
0.439862
0.528661
0.603900
0.000000
0.998050
0.806946
0.448889
0.000000
0.950366
0.939203
0.213721
0.650276
0.208038
0.895170
0.142336
1.000000
0.503093
0.853572
0.029838
0.813677
0.573286
0.000000
0.692010
0.266474
0.972958
0.828285
0.316178
0.814153
0.902350
0.774029
0.781733
0.996853
0.447196
0.129808
0.788536
0.228148
0.115870
0.849457
0.490563
0.150499
0.477818
1.000000
0.800826
0.913119
0.137713
0.379517
0.574875
0.755906
0.506566
0.000000
0.963818
0.000000
0.094087
0.056162
0.500228
0.856819
0.225546
0.000000
0.447251
0.000000
0.000000
0.000000
0.374352
0.023522
0.673914
0.249693
0.000000
0.880831
0.974920
0.000000
0.223266
0.118209
0.661523
0.000000
0.630234
0.779401
0.715156
0.713128
0.109477
0.307453
0.001469
0.998825
0.874549
0.923945
0.874522
0.253755
0.019729
0.000000
0.670975
0.014203
0.668736
0.965413
0.528619
0.542907
0.000000
0.881901
0.973866
0.337017
0.538338
0.366611
0.676196
0.693292
0.000000
0.361283
1.000000
0.087428
0.248740
0.000000
0.077691
0.000000
0.811300
0.554970
0.239346
0.679980
0.002142
0.019041
0.548427
0.148607
0.000000
0.578309
0.527093
0.189162
0.000000
0.839091
0.578985
0.000000
0.000000
0.974871
0.923670
0.000000
0.008808
0.204523
0.284609
0.046329
0.742637
0.000000
0.912023
0.008186
0.265925
0.003468
0.987954
0.092760
0.350118
0.640104
0.082982
0.735035
0.000000
0.000000
0.999948
0.000000
0.828192
0.857453
0.479084
0.999316
0.676369
0.539289
0.145969
0.435664
0.996753
0.000000
0.276412
0.031411
0.113151
0.677756
0.000000
0.091278
0.378215
0.478683
0.214174
0.488171
0.000000
0.978572
0.805372
0.000000
0.497744
0.999564
0.956985
0.999989
0.190386
0.810247
0.002844
0.121025
0.408794
0.464602
0.201570
0.915689
0.548592
0.278906
0.000000
0.494465
0.678846
0.816748
0.368736
0.722578
0.000000
0.000000
0.988680
0.965075
0.153776
0.000000
0.659713
0.000000
0.100709
0.000000
0.000000
0.003645
0.156676
0.999470
0.986979
0.000000
0.108416
0.820617
0.676369
0.000626
0.289606
0.043509
0.795921
0.969000
0.001741
0.862970
0.976385
0.133298
0.286482
0.817091
0.018928
0.920325
0.244535
0.202832
0.000000
0.997767
0.664046
0.131032
0.101992
0.000000
0.394110
0.967337
0.813183
0.059420
0.737962
0.192213
0.466788
0.544400
0.020095
0.001124
0.000000
0.000000
0.559207
0.963837
0.693667
0.892589
0.000000
0.615562
0.067271
0.584006
0.000000
0.577641
0.157795
0.342521
0.884653
0.028551
0.270176
0.000000
0.765460
0.000000
0.183097
0.004771
0.686799
0.000000
0.138010
0.000977
0.000000
0.000000
0.000000
0.259875
0.561598
0.760280
0.000000
0.010852
0.577160
0.264430
0.000000
0.000000
0.727519
0.000000
0.265071
0.374020
0.933891
0.983834
0.894610
0.855942
0.507715
0.983506
0.998935
0.016423
0.943349
0.832458
0.191126
0.570826
0.819967
0.782375
0.942454
0.986589
0.000000
0.356348
0.000000
0.000000
0.827700
0.927877
0.591313
0.000000
0.363010
0.000000
0.749088
0.793909
0.900173
0.000000
0.959688
0.104333
0.329470
0.025826
0.683227
0.969649
0.129992
0.494396
0.334362
0.425292
0.126490
0.215223
0.798270
0.836058
0.980699
0.000000
0.354544
0.949578
0.982525
0.929400
0.000000
0.779396
0.000000
0.000000
0.974007
0.000680
0.907708
0.139298
0.000000
0.000000
0.848688
0.989863
0.996623
0.000000
0.118367
0.001029
0.028627
0.000000
0.000000
0.889073
0.000000
0.521953
0.999510
0.818136
0.520082
0.451257
0.686771
0.001306
0.910693
0.501656
0.983878
0.505118
0.273898
0.414722
0.000000
0.233281
0.999906
0.999317
0.000000
0.758193
0.000000
0.271968
0.582851
0.747640
0.096971
0.139161
0.225104
0.000000
0.000000
0.909196
0.132627
0.138413
0.000000
0.134438
0.000000
0.997803
0.948770
0.758371
0.151746
0.000000
0.989012
0.000000
0.305283
0.685663
0.938485
0.489519
0.132285
0.087802
0.397851
0.983558
0.061932
0.654578
0.395875
0.000000
0.000000
0.000000
0.990286
0.000000
0.774902
0.150376
0.153971
0.098485
0.995380
0.000000
0.000000
0.306944
0.460517
0.708485
0.278026
0.803913
0.349449
0.000637
0.116740
0.133607
0.991363
0.967978
0.759950
0.802600
0.944660
0.482827
0.537597
0.052801
0.070435
0.373862
0.424473
0.803510
0.093594
0.654508
0.146532
0.527124
0.766041
0.985139
0.999806
0.907489
0.845253
0.995229
1.000000
0.491454
0.639206
0.874486
0.445564
0.107343
0.000000
0.001794
0.000000
0.000000
0.456619
0.732983
0.003242
0.000000
0.874486
0.199829
0.102168
0.353461
0.127533
0.663671
0.918916
0.909218
0.847806
0.052666
0.000000
0.596412
0.000000
0.993762
0.999668
0.870782
0.499985
0.095594
0.419302
0.772294
0.643933
0.466195
0.773181
0.155266
0.974248
0.914664
0.111452
0.161298
0.797981
0.781402
1.000000
0.967287
0.045725
0.026554
0.999984
0.482131
0.000000
0.191902
0.979626
0.700576
0.997005
0.446193
0.179512
0.050276
0.027691
0.487920
0.800324
0.863395
0.386265
0.237126
0.309913
0.000000
0.011329
0.092204
0.364617
0.237048
0.022096
0.817017
0.000000
0.888137
0.530493
0.481631
0.412204
0.027358
0.921784
0.000000
0.665010
0.901827
0.485430
0.000000
0.512695
0.586773
0.322208
0.944022
0.849521
0.990598
0.000000
0.000000
0.290692
0.385461
0.851774
0.000671
0.892319
0.000000
0.155449
0.028374
0.927711
0.120281
0.674114
0.800963
0.751989
0.960375
0.282017
0.748276
0.348524
0.000000
0.221759
0.865299
0.930831
0.340351
0.842674
0.000000
0.763612
0.899449
0.687930
0.253688
0.000000
0.012184
0.011642
1.000000
0.786805
0.026057
0.645317
0.908376
0.724186
0.503497
0.130467
0.838053
0.479690
0.122913
0.941424
0.623878
0.089951
0.023551
0.827159
0.949241
0.009038
0.965202
0.803100
0.046363
0.888230
0.000004
0.000000
0.650858
0.995557
0.794862
0.994985
0.000000
0.792672
0.346660
0.067207
0.964271
0.409919
0.441400
0.985299
0.632116
0.996532
0.000000
0.001757
0.926639
0.058425
0.810028
0.155678
0.000000
0.976075
0.086906
0.005363
0.913522
0.000000
0.397088
0.124998
0.000000
0.215236
0.000000
0.376495
0.907550
0.495503
0.213058
0.696209
0.039152
0.633768
1.000000
0.161181
0.363691
0.060962
0.993852
0.531727
0.999769
0.169248
0.260986
0.606824
1.000000
0.000000
0.246860
0.131032
0.000000
0.994851
0.000000
0.377598
0.000000
0.539256
0.917645
0.000000
0.793441
0.000000
0.302429
0.212594
0.999644
0.171382
0.941850
0.845430
0.934995
0.999905
0.801550
0.000000
0.023179
0.015270
0.334074
1.000000
0.743959
0.164584
0.000000
0.478493
0.230717
0.866350
0.942829
0.622817
0.018385
0.000000
0.377668
0.003589
0.019065
0.911977
0.791314
0.698510
0.610362
0.113081
0.396088
0.827609
0.999317
0.517769
0.156202
0.904607
0.190772
0.656632
1.000000
0.999997
0.942745
0.696461
0.000000
0.884494
0.479479
0.401547
0.639206
0.000000
0.122291
0.019621
0.117545
0.324517
0.000000
0.200391
0.999931
0.762955
0.099243
0.000000
0.932055
0.000000
0.786927
0.000000
0.478637
0.215988
0.518206
0.902696
0.150161
0.657267
0.000000
0.699822
0.613089
0.710656
0.034677
0.999896
0.343831
0.103727
0.416210
0.076667
0.000000
0.000000
0.820118
0.149434
0.999070
0.000000
0.944217
0.606433
0.850845
1.000000
0.990113
0.416819
0.112445
0.624038
0.000000
0.480700
0.264391
0.000000
0.516855
0.281692
0.954218
0.104495
0.839230
0.388922
0.000000
0.156520
0.000000
0.422789
0.223485
0.299133
0.736395
0.000000
0.060883
0.000000
0.103966
0.000000
0.000000
0.255894
0.935438
0.666453
0.217595
0.805609
0.579030
0.110942
0.840541
0.975915
0.000000
0.834049
0.054081
0.292675
0.887827
0.614512
0.051373
0.075747
0.998846
0.943129
0.451914
0.874029
0.000000
0.930165
0.000000
0.996918
0.987742
0.145876
0.032790
0.000000
0.725352
0.970442
0.183466
0.486992
0.576908
0.999926
0.779838
0.778682
0.998236
0.401616
0.495532
0.969955
0.000000
0.541107
0.463089
0.000000
0.635778
0.000911
0.833817
0.996902
0.999801
0.085390
0.843635
0.139030
0.773835
0.944022
0.000000
0.999718
0.511406
0.670618
0.890261
0.271626
0.098579
0.762364
0.674788
0.273105
0.483307
0.063640
0.006091
0.773623
0.491559
1.000000
0.611189
0.683484
0.711982
0.000000
0.000000
0.025747
0.868888
0.000000
0.000000
0.000000
0.796104
0.000000
0.230159
0.549797
0.000000
0.209786
0.397603
0.311180
0.000000
0.264332
0.947305
0.000000
0.131826
0.619384
0.760265
0.034799
0.268935
0.855334
0.436434
0.000000
0.386265
0.299643
0.799361
0.803576
0.351306
0.002488
0.022838
0.266641
0.988753
0.004913
0.105963
0.325392
0.000000
0.618985
0.289664
0.551484
0.999989
0.176101
0.894782
0.000000
0.809041
0.174656
0.402206
0.604090
0.000000
0.778159
0.012687
0.798408
0.731826
0.000000
0.999644
0.413615
0.000000
0.657125
0.828287
0.065983
0.139721
0.676555
0.000000
0.064856
0.027852
0.000000
0.999987
0.162959
0.278066
0.280199
0.647575
0.259861
0.557936
0.579629
0.019015
0.000000
0.999033
0.301828
0.475946
0.320489
0.020671
0.019571
0.000000
0.000000
0.534971
0.016139
0.395587
0.944104
0.045750
0.244444
0.691496
0.073404
0.784531
0.642018
0.000000
0.053824
0.197042
0.922333
0.998433
0.061404
0.583792
0.965202
0.972675
0.152441
0.514674
0.514272
0.000000
0.309181
0.372213
0.999992
0.717541
0.675490
0.345892
0.995779
0.996467
0.430521
0.999976
0.961323
0.000000
0.538036
0.000000
0.724466
0.231210
0.603012
0.000000
0.934927
0.253977
0.958215
0.633612
0.999970
0.240009
0.355027
1.000000
0.200605
0.339739
0.000000
0.158576
0.032663
0.282278
0.998645
0.019721
0.302206
0.608323
0.989117
0.761914
0.976016
0.174485
0.025406
0.922066
0.237391
0.000000
0.627194
0.059023
0.041929
0.925233
0.614307
0.856135
0.800774
0.802327
0.000000
0.052384
0.107513
0.206932
0.412310
0.000000
0.932248
0.317662
0.966452
0.977205
0.980583
0.498484
0.278351
0.813462
0.074150
0.663971
0.000000
0.283667
0.885387
0.082740
0.000000
0.614233
0.544501
0.831231
0.375883
0.504879
0.647612
0.000000
0.999334
0.009320
0.338963
0.184326
0.629107
0.470826
0.924189
0.614419
0.809236
0.602997
0.000000
0.645832
0.104427
0.000000
0.634058
0.172416
0.702697
0.281296
0.000000
0.958428
0.479683
0.108988
0.993452
0.971361
0.016333
0.499623
0.649174
0.427428
0.000000
0.378731
0.000000
0.136402
0.634812
0.000000
0.000000
0.213314
0.000000
0.112973
0.862087
0.075258
0.672121
0.866215
0.000000
0.434011
0.000000
0.606158
0.989617
0.000000
0.999703
0.401616
0.517787
0.236216
0.364816
0.320742
1.000000
0.511966
0.202006
0.641350
0.000000
0.000000
0.680049
0.100739
0.643397
0.518590
0.990732
0.492691
1.000000
0.149411
0.990738
0.499331
0.971776
0.973543
0.978145
0.434086
0.140203
0.405155
0.391975
0.000000
0.913258
0.915457
0.246180
0.768528
0.958427
0.000000
0.000000
0.384719
0.733806
0.000266
0.120506
0.940256
0.505236
0.510977
0.000000
0.000000
0.404203
0.697913
0.000000
0.337551
0.000000
0.343246
0.000000
0.771959
0.300690
0.419548
0.778443
0.844107
0.538874
0.618485
0.734392
0.986722
0.049894
0.589011
0.173981
0.690241
0.000000
0.000000
0.484422
0.481029
0.000250
0.999974
0.560607
0.000000
0.653274
0.999726
0.456849
0.000000
0.000000
0.766538
0.974198
0.041248
0.000000
0.363879
0.666046
0.000000
0.737562
0.000000
0.028766
0.000000
0.999199
0.758970
0.000000
0.906045
0.000000
0.000000
0.542967
0.430528
0.155534
0.134921
0.185529
0.118967
0.697915
0.236610
0.000000
0.000000
0.034462
0.000000
0.000000
0.722887
0.168500
0.052834
0.639511
0.996480
0.824214
0.972565
0.999918
0.985344
0.000000
0.432840
0.245907
0.427180
0.117038
0.869642
0.588348
0.968304
0.160859
0.792663
0.000000
0.441064
0.967774
0.994289
0.000000
0.200950
0.047195
0.000000
0.997228
0.456991
0.484689
0.511274
0.000000
0.436104
0.560859
0.964271
0.118497
0.074061
0.000000
0.999627
0.999879
0.333515
0.770445
0.126435
0.138672
0.999999
0.960052
0.635015
0.355955
0.453824
0.632239
0.467987
0.663176
0.726215
0.665082
0.180339
0.356761
0.300052
0.475946
0.000000
0.494119
0.700761
0.366018
0.522059
0.000000
0.000000
0.999996
0.797981
0.892508
0.881045
0.774389
0.185568
0.467195
0.486330
0.000000
0.721094
0.000000
0.569294
0.314094
0.016985
0.005085
0.999992
0.143206
0.389351
0.000000
0.995925
0.781125
0.743359
0.785597
0.622144
0.816117
0.237126
0.189317
0.750267
0.007609
0.999589
0.094802
0.000000
0.111643
0.057982
0.857443
0.491978
0.967313
0.328155
0.956079
0.147074
0.000000
0.000000
0.220165
0.859827
0.000000
0.675424
1.000000
0.688212
0.000000
0.000000
0.095096
0.067963
0.014501
0.063935
0.000000
0.042159
0.353718
0.000000
0.033555
0.000000
0.000000
0.749450
0.116194
0.000000
0.999992
0.957646
0.690119
0.715852
0.496858
0.966272
0.993378
0.011856
0.572095
0.080508
0.928665
0.004664
0.019809
0.019054
0.862665
0.555157
0.000000
0.413897
0.576740
0.772052
0.626361
0.000000
0.388079
0.109606
0.328586
0.527691
0.000000
0.200017
0.000000
0.579160
0.000000
0.000000
0.200556
0.720975
0.656774
0.685879
0.989090
0.977139
0.999184
0.954609
0.340275
0.000000
0.000000
0.268438
0.924500
0.633641
0.001238
0.649618
0.083681
0.772873
0.010159
0.262943
0.127053
0.192002
0.000074
0.594259
0.800316
0.267500
0.000000
0.000000
0.000000
0.815170
0.247285
0.000000
0.754268
0.019054
0.000000
0.000000
0.889430
0.575110
0.999369
0.412209
0.010767
0.650738
0.988073
0.417260
0.074978
0.158737
0.463840
0.969906
0.687314
0.327165
0.543710
0.807956
0.753133
0.000000
0.477021
0.766551
0.269890
0.996609
0.000000
0.715599
0.998828
0.000000
0.582804
0.024274
0.443258
0.997448
0.000000
0.922258
0.586908
0.000000
0.000000
0.418436
0.969756
0.000000
0.163025
0.000000
0.000000
0.995176
0.430736
0.209162
0.069284
0.041833
0.919829
0.000000
0.519400
0.021678
0.000000
0.359888
0.000000
0.000000
0.141276
0.841454
0.901827
0.000000
0.337736
0.194256
0.261316
0.000000
0.910686
0.793839
0.952276
0.695435
0.052468
0.000000
0.240136
0.810874
0.807365
0.848970
0.000000
0.000000
0.330188
0.000000
0.727854
0.000000
0.615661
0.813945
0.253948
0.161353
0.000000
0.175932
0.663264
0.119668
0.997337
0.996503
0.003134
0.000000
0.919075
0.983755
0.000000
0.126952
0.363228
0.555125
0.800732
0.446893
0.098579
0.259153
0.835741
0.593615
0.498998
0.630075
0.804558
0.719907
0.336815
0.910185
0.000000
0.952279
0.460698
0.000000
0.910661
0.957490
0.996071
0.000000
0.262930
0.885457
0.500531
0.951255
0.910683
0.534408
0.941871
0.250720
0.992694
0.634914
0.000000
0.020706
0.507715
0.938857
0.326648
0.687041
0.991753
0.604293
0.961046
0.960600
0.000000
0.000000
0.994146
0.132921
0.998971
0.273901
0.999929
0.360321
0.216461
0.897310
0.445553
0.802967
0.000000
0.986932
1.000000
0.000000
0.129782
0.902696
0.578908
0.753645
0.861140
0.681229
0.000000
0.008169
0.980560
0.686698
0.169391
0.982064
1.000000
0.895278
0.024373
0.000000
1.000000
0.862930
0.847138
0.958057
0.999681
0.410867
0.000000
0.993994
0.000000
0.203811
0.404516
1.000000
0.152792
0.000000
0.000000
0.999641
0.000000
0.995791
0.000000
0.813403
0.291161
0.320461
0.000000
0.624851
0.458658
0.420362
0.503046
0.973045
0.000000
0.000000
0.756173
0.995176
0.014386
0.005624
0.839218
0.413484
0.403981
0.075111
0.537463
0.993934
0.573436
0.902435
0.941271
0.070067
0.956736
0.726166
0.364227
0.311003
0.701904
0.220987
0.999748
0.986563
0.000000
0.000000
0.000000
0.996972
0.949600
0.003117
0.818125
0.688277
0.551770
0.548897
0.216715
0.841160
0.046074
0.823928
0.522111
0.311338
0.541833
0.226384
0.476535
0.766860
0.000000
0.551662
0.435592
0.728252
0.913258
0.996987
1.000000
0.499925
0.735909
0.347779
0.217468
0.147376
0.218657
0.765649
0.000000
0.680824
0.949309
0.000000
0.558764
0.531110
0.484348
0.361994
0.662886
0.731790
0.000000
0.972290
0.596673
0.245051
0.253695
0.320936
0.000000
0.000000
0.000000
0.000000
0.682863
0.158143
0.861764
0.000000
0.683220
0.000000
0.608466
0.690861
0.133943
0.000000
0.134292
0.698122
0.347004
0.429746
0.391422
0.609472
0.138296
0.520082
0.000000
0.287168
0.895232
0.552864
0.349464
0.145194
0.928207
0.000000
0.769560
0.000000
0.000000
0.033224
0.747770
0.997830
0.997579
0.000000
0.000000
0.678718
0.906397
0.324837
0.503816
0.999993
0.759844
0.019571
0.336974
0.000000
0.608481
0.000000
0.272962
0.536806
0.000000
0.696793
0.000000
0.975423
0.956414
0.326871
0.000280
0.000000
0.750333
0.000000
0.197492
0.999995
0.296890
0.893615
0.000000
0.333511
0.272015
0.981899
0.000000
0.000000
0.000000
0.122427
0.512896
0.000000
0.119256
0.000000
0.000000
0.824067
0.336815
0.412739
0.000000
0.000000
0.999762
0.107020
0.563102
0.225061
0.035288
0.020671
0.999891
0.000000
0.971667
0.414314
0.000000
0.000000
0.848202
0.844753
0.636665
0.863439
0.941952
0.000000
0.000000
0.427371
0.999999
0.799638
0.289425
0.000000
0.031815
0.976140
0.465425
0.965033
0.651747
0.934829
0.554428
0.647627
0.990361
0.138139
0.219925
0.239364
0.191412
0.464715
0.684161
0.307121
0.902350
0.000000
0.998988
0.801784
0.064461
0.416819
0.271968
0.387573
0.000000
0.398662
0.000000
0.088111
0.000000
0.999250
0.998855
0.844221
0.971018
0.126171
0.914698
0.371017
1.000000
0.385642
0.923147
0.506096
0.909340
0.997059
0.611648
0.878955
0.357374
0.000000
0.254337
0.642982
0.040673
0.526197
0.078636
0.163680
0.103354
0.245842
0.000000
0.000000
0.000000
0.644234
0.000000
0.814439
0.447246
0.687334
0.116874
0.772706
0.958579
0.013257
0.683887
0.000004
0.929047
0.910338
0.000000
0.229085
0.661448
0.018958
0.815973
0.480088
0.030604
0.005250
0.011432
0.998735
0.000000
0.053466
0.341786
0.000415
0.148446
0.769755
0.120331
0.999913
0.469828
0.122092
0.000000
0.000000
0.257583
0.953320
0.984466
0.112354
0.721639
0.257374
0.486221
0.453801
0.562081
0.800149
0.271626
0.777734
0.006407
0.867327
0.979848
0.800070
0.634394
0.169562
0.997017
0.976519
0.113106
0.402840
0.999816
0.833161
0.109369
0.762665
0.501391
0.000000
0.981089
1.000000
0.833212
0.000000
0.521862
0.993126
0.000000
0.055010
0.205669
0.079842
0.932803
0.890912
0.000000
0.373315
0.077528
0.791871
0.000000
0.979164
0.000000
0.985000
0.482615
0.661217
0.144279
0.000000
0.995197
0.512213
0.000000
0.928700
0.318006
0.062364
0.000000
0.249627
0.683887
0.216096
0.430374
0.135592
0.000000
0.000000
0.243341
0.311038
0.295395
0.982395
0.014111
0.235441
0.152895
0.575978
0.049452
0.006503
0.000000
0.000000
0.282519
0.299831
0.914804
0.019777
0.416227
0.117222
0.000000
0.750094
0.895169
0.727871
0.000000
0.088413
0.848970
0.714244
0.314129
0.717281
0.279224
0.178598
0.638336
0.970200
0.396852
0.765414
0.058636
0.460765
0.000000
0.000000
0.568740
0.000000
0.671652
0.467116
0.480456
0.945921
0.985109
0.999034
0.271449
0.993159
0.421032
0.826049
0.951794
0.000000
0.138518
0.994904
0.843546
0.289803
0.631763
0.999953
0.131174
0.485916
0.313863
0.758040
0.176825
0.583174
0.071732
0.999985
0.985980
0.712141
0.995973
0.039901
0.000000
0.000000
0.502377
0.508994
0.645317
0.095399
0.000000
0.345358
0.000000
0.103846
0.000000
0.088088
0.000000
0.091790
0.369867
0.533040
0.366387
0.000000
0.000000
0.217498
0.924121
0.113071
0.000165
0.895759
0.213725
0.000000
0.000000
0.000000
0.000000
0.998503
0.958706
0.114552
0.986322
0.293197
0.340968
0.790057
0.533496
0.000000
0.021378
0.193828
0.000000
0.161171
0.279700
0.746123
0.679011
0.566690
0.000000
0.000000
0.281633
0.865804
0.269218
0.000000
0.000000
0.264838
0.000000
0.113121
0.997975
0.405780
0.000000
0.869917
0.484187
0.972024
0.149429
0.999993
0.429114
0.088765
0.067093
0.000000
0.801779
0.482771
0.000000
0.983407
0.133620
0.000000
0.538162
0.316288
0.000000
0.000000
0.004287
0.490329
0.860462
0.000000
0.422994
0.906377
0.887400
0.000000
0.885674
0.224646
0.775874
0.655037
0.924560
0.000000
0.000000
0.416064
0.310795
0.632432
0.138803
0.857482
0.072359
0.767282
0.000000
0.125325
0.230538
0.566072
0.024445
0.937610
0.999995
0.727689
0.385642
1.000000
0.911115
0.000000
0.497064
0.940788
0.787460
0.333103
0.075812
0.932441
0.662060
0.784076
0.000000
0.000000
0.403152
0.919472
0.152687
0.068911
0.000000
0.689524
0.908385
0.000000
1.000000
0.217184
1.000000
0.983270
0.802915
0.930693
0.338370
0.196084
1.000000
0.079754
0.983297
0.000000
0.406735
0.499645
0.000000
0.308999
0.280498
0.000000
1.000000
0.454356
0.931952
0.000000
0.000000
0.712453
0.000000
0.348870
0.000000
0.726166
0.705767
0.000000
0.628082
0.000000
0.902470
0.913709
0.992143
0.000000
0.600142
0.000000
0.000000
0.000000
0.943041
0.775242
0.041642
0.000000
0.279152
0.999998
0.249974
0.989965
0.091735
0.839806
0.105505
0.320779
0.129683
0.681567
0.222317
0.070304
0.682601
0.915361
0.000000
0.633276
0.000000
0.000000
0.297041
0.007699
0.908764
0.000000
0.485088
0.000000
0.000000
0.318451
0.310954
0.813250
0.060733
0.864189
0.958214
0.523701
0.589536
0.622488
0.732643
0.479689
0.937391
0.109195
0.232496
0.524165
0.598135
0.029410
0.196831
0.944277
0.778126
0.974364
0.000000
0.041620
0.951050
0.758679
0.760031
0.079785
0.035093
0.980081
0.000000
0.999761
0.494472
0.000000
0.239972
0.000000
0.000000
0.001701
0.758498
0.041632
0.125195
0.000000
0.035786
0.659735
0.061820
0.999999
0.941403
0.134013
0.985614
0.000000
0.128153
0.672071
0.000000
0.999960
0.254150
0.000000
0.000000
0.692464
0.414347
0.976269
0.999998
0.967367
0.630500
0.000000
0.567804
1.000000
0.000000
0.969830
0.000000
0.894827
0.686859
0.913346
0.717476
0.703670
0.155234
0.339739
0.777782
0.000000
0.387300
0.998706
0.459985
0.028604
0.427359
0.099548
0.500446
0.920157
0.064275
0.701273
0.986632
0.999594
0.520398
0.758418
0.427784
0.243996
0.000000
0.456680
0.774002
0.000000
0.310000
1.000000
0.559639
0.000000
0.000000
0.368261
0.871679
0.998039
0.000000
0.090944
0.000000
0.999265
0.000000
0.995176
0.000000
0.830921
0.000000
0.479479
0.000000
0.002856
0.030531
0.566041
0.932773
0.999033
0.513598
0.356267
0.000000
0.000000
0.698556
0.845292
0.659792
0.000000
0.000000
0.996963
0.000000
0.790147
0.750016
0.000000
0.817143
0.309179
0.000000
0.000000
0.020617
0.873373
0.085511
0.685123
0.075785
0.979155
0.879607
0.000000
0.000000
0.943990
0.750113
0.991226
0.399979
0.000000
0.039298
0.211775
0.513365
0.479052
0.000000
1.000000
0.000000
0.902350
0.992210
0.000000
0.659314
0.070032
0.000000
0.110037
0.748140
0.000000
0.089112
0.000000
0.399420
0.339205
0.905362
0.631916
0.725606
0.047990
0.996913
0.000000
0.920110
0.999578
0.886966
1.000000
0.000000
0.678435
0.999388
0.331344
0.000000
0.918038
0.666582
0.993888
0.699506
0.655570
0.941252
0.999996
0.837350
0.069487
0.000000
0.438757
1.000000
0.638903
0.000000
0.250588
0.317149
1.000000
0.994428
0.000000
0.721799
0.588348
0.406407
0.501180
0.152687
0.261940
0.070024
0.000000
0.196833
0.004214
0.500584
0.000000
0.327682
0.226246
0.994971
0.595239
0.000000
0.331726
0.000000
0.000000
0.000000
0.749284
0.000000
0.711138
0.000000
0.495513
0.825936
0.952550
0.951434
0.822386
0.999865
0.386265
0.634579
0.000000
0.000000
0.677271
0.952631
0.999935
0.313949
0.000000
0.246361
0.479365
0.719647
0.352086
0.316517
0.171826
0.117763
0.769928
0.000000
0.517769
0.000246
0.691708
0.191558
0.135605
0.644894
0.000000
0.417124
0.609691
0.999990
0.143854
0.000000
0.549697
0.433907
0.279910
0.000000
0.864364
0.000000
0.000000
0.108814
0.313667
0.000000
0.000000
0.230904
0.000000
0.405246
0.103677
0.000000
0.532398
0.000000
0.017741
0.995100
0.778367
1.000000
0.971667
0.999792
0.000000
0.432693
0.594028
0.510798
0.999490
0.433904
0.731712
0.676020
0.169834
0.156350
0.959170
0.860843
0.214179
0.790274
0.999012
0.176017
0.467342
0.063176
0.887931
0.284410
0.997628
0.142910
0.425349
0.136577
0.000000
0.499186
0.049053
0.338708
0.843780
0.289170
0.912235
0.506650
0.814415
0.000000
0.000000
0.881143
0.000000
0.622976
0.567797
0.711826
0.155637
1.000000
0.995513
0.445020
0.000000
0.995557
0.981302
0.984795
0.999982
0.006915
0.973611
0.406474
0.346998
0.596555
0.000000
0.937631
0.917370
0.008364
0.696793
0.989863
0.962035
0.064717
0.995916
0.388339
0.000000
0.000000
0.912220
0.458516
0.982525
0.000000
0.368498
0.881560
0.952222
0.000000
0.189437
0.666322
0.875115
0.581816
0.810553
0.451045
0.036266
0.673381
0.776720
0.217070
0.000000
0.055104
0.967252
0.101199
0.414935
0.181462
0.754683
0.000000
0.000000
0.994435
0.376333
0.928191
0.858686
0.000000
0.984478
0.524364
0.514523
0.545208
0.131024
0.486498
0.000000
0.004559
0.498330
0.000000
0.673383
0.261817
0.991082
0.422547
0.000000
0.000000
0.001720
0.000000
0.000000
0.650941
0.813589
0.999992
0.192586
0.881550
0.131608
0.012861
0.556084
0.713101
0.050276
0.570366
0.794862
0.981895
0.964548
0.943443
0.837003
0.000000
0.996642
0.227862
0.929645
0.906748
0.561720
0.310422
1.000000
0.436694
0.154507
0.881369
0.423192
0.052384
0.000000
0.000000
0.507856
0.969029
0.850421
0.209768
0.851227
0.909255
0.000000
0.999998
0.000000
0.242558
0.025177
0.052829
0.000000
1.000000
0.000000
0.000000
0.000000
0.209027
0.925494
0.999999
0.602999
0.000000
0.000000
0.923836
0.914225
0.000000
0.979562
0.259329
0.326609
0.000000
0.580798
0.414935
0.476024
0.039311
0.994209
0.580172
0.949338
0.417031
0.000000
0.282597
0.000000
0.955497
0.000000
0.000000
0.000000
0.781884
0.527375
0.923156
0.995934
0.193850
0.217699
0.832818
0.156772
0.932248
0.364556
0.067123
0.587959
0.747783
0.984607
0.239775
0.582737
0.209227
0.970382
0.674849
0.000000
0.857443
0.031709
0.000000
0.856296
0.938382
0.701273
0.015568
0.997957
0.833212
0.716754
0.643742
0.000000
0.910814
0.346820
0.145587
0.550052
0.397027
0.981647
0.000000
0.785170
0.934836
0.079656
0.621556
0.189159
0.711138
0.000000
0.816137
0.135112
0.543049
0.096695
0.000000
0.494225
0.999859
0.061125
0.954075
0.061969
0.963758
0.156249
0.204551
0.576707
0.356667
0.990596
0.956879
0.479134
0.000000
0.987345
0.925967
0.003994
0.999951
0.801416
0.910748
0.606022
0.958134
0.994423
0.149726
0.195484
0.225007
0.662347
0.211136
0.059232
0.001779
0.691594
0.894684
1.000000
0.678168
0.022269
0.000000
0.635192
0.445217
0.473530
0.055170
0.000000
0.279700
0.083115
0.019810
0.082759
0.535024
0.154321
0.869135
0.769639
0.023397
0.396832
0.427695
0.000000
0.880387
0.000000
0.000000
0.864433
0.438322
0.864549
0.000000
0.323365
0.175591
0.987043
0.209257
0.988449
0.656623
0.285578
0.000000
0.607367
0.000000
0.380830
0.871112
0.014517
0.000000
0.417830
0.376350
0.118721
0.516991
0.000000
0.000000
0.981553
0.958440
0.280632
0.173914
0.000000
0.765185
0.030947
1.000000
0.416802
0.000000
0.281505
0.985141
0.085485
0.000000
0.000000
0.159496
0.000000
0.999349
0.000000
0.550022
0.570784
0.416177
0.178271
0.846053
0.000000
0.000000
0.069463
0.000000
0.002444
0.832236
0.693731
0.497880
0.218026
0.668128
0.659979
0.243053
0.000000
0.983948
0.178297
0.551710
0.000000
0.166334
0.915256
0.000398
0.886976
0.049345
0.000000
0.826377
0.143544
0.205658
0.735751
0.780622
0.993061
0.000000
0.000000
0.805601
0.999930
0.000000
0.000000
1.000000
0.000113
0.782389
0.000000
0.000000
0.000000
0.615432
0.248354
0.946084
0.348406
0.403457
0.000000
0.004393
0.237046
0.226370
0.762591
0.000000
0.857831
0.525209
0.745693
0.040726
0.669771
0.977368
0.000000
0.021656
0.374837
0.805766
0.977687
0.378957
0.000000
0.876240
0.995176
0.361883
0.988817
0.059056
0.024871
0.231079
0.000000
0.385860
0.696922
0.959288
0.999961
0.000000
0.857790
0.370727
0.000886
0.350460
0.420249
0.623358
0.582015
0.394722
0.681567
0.103440
0.457704
0.664371
0.491933
0.304706
0.460021
0.856305
0.229460
1.000000
0.000000
0.344486
0.377557
0.931422
0.843973
0.000000
0.265760
0.999327
0.767161
0.000000
0.055855
0.000000
0.550294
0.961679
0.000000
0.055010
0.206693
0.633952
0.911172
0.685971
0.788267
0.497927
0.217638
0.240641
0.924545
0.719441
0.386621
0.397033
0.974143
0.225248
0.141385
0.844749
0.960422
0.897099
0.322179
0.999986
0.439423
0.482275
0.905512
0.400577
0.050829
0.061871
0.980298
0.205765
0.259688
0.990598
0.104382
0.000000
0.552659
0.723821
0.391227
0.330642
0.317477
0.209958
0.937506
0.618299
0.964271
0.627852
0.760181
0.983843
0.674047
0.091455
0.348847
0.000000
0.018043
0.750371
0.000000
0.346072
0.000000
0.000000
0.857186
0.732142
0.309523
0.758808
0.168876
0.118761
0.307342
0.090950
0.671023
0.852208
0.886357
0.752007
0.356594
0.276139
0.994083
0.905180
0.000000
0.000000
0.374012
0.315911
0.999992
0.000000
0.380266
0.000000
0.000000
0.175569
0.000638
0.079063
0.223524
0.000000
0.000000
0.837474
0.864299
0.996089
0.961549
0.000000
0.000000
0.460630
0.000000
0.968801
0.029939
0.681932
0.600038
0.000000
0.376246
1.000000
0.188947
0.623249
0.000000
0.848180
0.040286
0.000000
0.674002
0.000000
0.352683
0.801452
0.460421
0.694834
0.221084
0.000000
0.164463
0.220904
0.000000
0.156994
0.458658
0.000000
0.999995
0.954100
0.644271
0.765541
0.272656
0.778220
0.721089
0.915224
0.978162
0.997717
0.841717
0.927262
0.000000
0.994921
0.411802
0.519902
0.769639
0.000000
0.999878
1.000000
0.623263
0.926380
0.479871
0.821788
0.495058
0.633070
0.878344
0.000000
0.774242
0.000000
0.877792
0.093985
0.096642
0.519969
0.924500
0.666074
0.000000
0.368675
0.379242
0.587260
0.552956
0.557960
0.000000
0.995444
0.740613
0.373430
0.000000
0.969477
0.680704
0.236826
0.821557
0.999913
0.641944
0.002318
0.400484
0.000000
0.778504
0.825957
0.677166
0.634914
0.940418
0.000000
0.000000
0.908165
0.572498
0.723523
0.005521
0.239572
0.270894
0.000000
0.861042
0.000000
0.267307
0.342025
0.921666
0.340051
0.000000
0.000000
0.374931
0.994661
1.000000
0.935278
0.562216
0.024519
0.000000
0.978183
0.000000
0.904688
0.753277
0.417423
0.000000
0.000000
0.353179
0.261698
0.191364
0.014521
0.097905
0.987733
0.998187
0.872130
0.602671
0.069811
0.000000
0.000000
0.879445
0.141349
0.854196
0.999472
0.974022
0.009925
0.151572
0.314745
0.998144
0.000000
0.880769
0.360197
0.584485
0.007468
0.248582
0.547663
0.835080
0.983270
0.916846
0.996357
0.782398
0.000000
0.999511
0.000000
0.204551
0.436619
0.994895
0.000000
0.000000
0.000000
0.512811
0.000000
0.999868
0.432915
0.917962
0.000000
0.000000
0.461218
0.995176
0.889401
1.000000
0.126927
0.000000
0.260808
0.000000
0.947308
0.197782
0.080892
0.001249
0.026535
0.966376
0.768506
0.632909
0.154939
0.202006
0.000000
0.000000
0.282519
0.966367
0.145832
0.733574
0.000000
0.953409
0.451629
0.787488
0.741991
0.000000
0.776133
0.796637
0.999822
0.330779
0.000000
0.000000
0.560705
0.998677
0.366081
0.233707
0.989797
0.366936
0.423055
0.999998
0.765008
0.727078
0.274701
0.000000
0.929250
0.106447
0.932596
0.360185
0.986736
0.704256
0.729183
0.114121
0.653159
0.724708
0.497201
0.021265
0.000000
0.963853
0.524782
0.374843
0.542212
0.879808
0.420249
1.000000
0.309593
0.987900
0.716211
0.016401
0.800802
0.151105
0.869135
0.921899
0.839659
0.770598
0.014126
0.045276
0.998471
0.998905
0.170428
0.473603
0.885547
0.524322
0.982528
0.988921
0.004333
0.060229
0.411058
0.259884
0.053860
0.911243
0.831719
0.000000
0.814669
0.848180
0.000000
0.000000
0.000000
0.726602
0.543494
0.998753
0.999933
0.382331
1.000000
0.019759
0.000000
0.596230
0.374238
0.441393
0.000000
0.833738
0.214873
0.447946
0.565034
0.355598
0.265917
0.069870
0.995229
0.945656
0.433188
0.730524
0.994717
0.000000
0.647730
0.800600
0.198099
0.765946
0.270773
0.596922
0.000000
0.000000
0.024630
0.807737
0.168049
0.868240
0.017228
0.554497
0.454484
0.657872
0.000000
0.914028
1.000000
0.003878
0.994255
0.133607
0.478791
0.441500
0.853354
0.000000
0.095911
0.144702
0.468640
0.361555
0.072455
0.000000
0.850421
0.987529
0.000000
0.601835
0.547742
0.866440
0.077325
0.000000
0.000000
0.000000
0.752981
0.775356
0.595825
0.000000
0.624492
0.988508
0.714643
0.615493
0.000000
0.997691
0.006359
0.000000
0.116682
0.347449
0.000000
0.995229
0.000000
0.692951
0.000000
0.063144
0.976333
0.188373
0.294504
0.737106
0.855070
0.999950
0.347315
0.743774
0.440510
0.000000
0.000000
0.349464
0.025995
0.621246
0.076824
0.089565
0.997767
0.000000
1.000000
0.917858
0.506706
0.648523
0.342186
1.000000
0.016440
0.000000
0.570395
0.377238
0.062696
0.898874
0.000000
0.572992
0.000000
0.000000
0.797973
0.471656
0.771126
0.961323
0.000000
0.000000
0.207902
0.393062
0.188719
0.000000
0.026876
0.536322
0.023140
0.000000
0.610003
0.761990
0.863850
0.000000
0.673383
0.538721
0.000000
0.765411
0.000000
0.000000
1.000000
0.615373
0.516327
0.063935
0.005105
0.242558
0.560342
0.557242
0.466909
0.594266
0.000000
0.579155
0.234297
0.000000
0.000000
0.000000
0.540672
0.116527
0.826766
0.826194
0.961638
0.399381
0.366826
0.125325
0.999809
0.000000
0.968718
0.947480
0.000000
0.213001
0.342642
0.936356
0.885157
0.000000
0.324837
0.657738
0.000000
0.401616
0.000000
0.994347
0.935802
0.000000
0.675419
0.435292
0.988073
0.342431
0.977532
0.000000
0.993422
0.458121
0.486000
0.042975
0.814638
0.176078
0.000000
0.995553
0.676902
0.464366
0.617122
0.704110
0.996642
0.953203
0.000000
0.881775
0.895243
0.592401
0.000000
0.000000
0.973047
0.850623
0.000000
0.000000
0.990774
0.657223
0.984713
0.860172
0.000000
0.908613
0.596465
0.342593
0.818572
0.579050
0.000000
0.073014
0.961419
0.634149
0.387746
0.594259
0.849744
0.717422
0.247455
0.881039
0.000000
0.016937
0.145236
0.273162
0.000000
0.932112
0.000000
0.862093
0.239837
0.641350
0.502679
0.431457
0.251030
0.000000
0.000834
0.085390
0.242759
0.816568
0.168172
0.001791
0.096801
0.622186
0.425959
0.737777
0.059707
0.364066
0.000000
0.892832
0.495168
0.442393
0.093775
0.361997
0.000000
0.763626
0.000000
0.000000
0.222555
0.358013
0.941850
0.000000
0.000000
0.377656
0.208742
0.025951
0.999792
0.107534
0.000000
0.394180
0.799136
0.000000
0.909570
0.041967
0.847277
0.575636
0.668249
0.288654
0.345988
1.000000
0.000000
0.996404
0.100953
0.929192
0.283736
0.838881
1.000000
0.000000
0.529237
0.782055
0.988437
0.000000
0.000000
0.271977
0.000000
0.062395
0.117352
0.000000
0.559051
0.831554
0.634960
0.322037
0.995553
0.294365
0.333941
0.000000
0.983296
0.972847
0.914115
0.462489
0.975037
0.104577
0.995887
0.990779
0.156418
0.427784
0.241354
0.806585
0.000000
0.155639
0.622810
0.587319
0.443147
0.000000
0.116689
0.571203
0.197659
0.417837
0.859664
0.000000
0.396493
0.203460
0.035842
0.000000
0.225860
0.973000
0.851777
0.300283
0.000000
0.993600
0.896862
0.799099
0.000000
0.322000
0.999793
0.990779
0.513183
0.839170
0.422137
0.402238
0.000000
0.729854
0.641870
0.000000
0.141661
0.953203
0.907345
0.072391
0.873861
0.154108
0.999680
0.956079
0.982243
0.085243
0.183131
0.225550
0.000000
0.614569
0.653714
0.000000
0.929071
0.000000
0.000000
0.743359
0.013524
0.472744
0.000000
0.000000
0.544845
1.000000
0.668497
0.839206
0.921722
0.015634
0.843780
0.983296
0.092101
0.842187
0.903142
0.000000
0.000000
0.313732
0.000000
0.574728
0.014972
0.676713
0.839247
0.677919
0.731509
0.733262
0.609818
0.000000
0.455226
0.690119
0.219343
0.948242
0.000000
0.000000
0.992732
0.698201
0.086681
0.305468
0.624338
0.779401
0.660863
0.071954
0.743314
0.232451
0.992219
0.341407
0.000000
0.621410
0.644366
0.783757
0.902015
0.414681
0.000000
0.465188
0.531419
0.691378
0.000000
0.994971
0.794499
0.996276
0.212392
0.495168
0.000000
0.101228
0.104847
0.805824
0.691107
0.354252
0.941650
0.823647
0.055170
0.000000
0.744117
0.381127
0.000000
0.180651
0.771126
0.000000
0.585773
0.780162
0.000000
0.330283
0.134624
0.029746
0.977487
0.999960
0.905165
0.000000
0.002088
0.771605
0.426290
0.173482
0.968659
0.268906
0.000000
0.000000
0.000000
0.000000
0.000000
0.000000
0.195766
0.964128
0.225456
0.998865
0.999987
1.000000
0.979706
0.660992
0.000000
1.000000
0.000000
1.000000
0.167638
0.457653
0.041905
0.890797
0.363360
0.240863
0.253169
0.998823
0.207615
0.715578
0.867099
0.000000
0.702691
0.152205
0.540702
0.593181
0.999863
0.323924
0.967323
0.196710
0.671967
0.155639
0.776126
0.469585
0.994408
0.205856
0.330394
0.000000
0.170387
0.988437
0.544840
0.655695
0.527273
0.657503
0.722849
0.394179
0.033118
0.264197
0.000000
0.853401
0.000000
0.730249
0.024818
0.000000
0.002846
0.926942
0.982660
0.395511
0.481502
0.240841
0.000000
0.147410
0.769105
0.835741
0.608507
0.790547
0.731326
0.957895
0.205658
0.010561
0.677755
0.000000
0.000000
0.728715
0.988329
0.000000
0.364671
0.054451
0.177061
0.782375
0.991678
0.999972
0.000000
0.830362
0.000000
0.714254
0.000000
0.476393
0.469469
0.042977
0.957044
0.778400
0.800802
0.000000
0.000000
0.345595
0.001146
0.322388
0.041620
0.999006
0.918028
0.548214
0.748080
0.396077
0.851644
0.265476
0.681876
0.000000
0.813945
0.049316
0.255487
0.998804
0.425800
0.515005
0.007681
0.000000
0.017626
0.483060
0.790442
0.991261
0.069336
0.083630
0.706578
0.039935
0.966287
0.994895
0.083146
0.278636
0.481796
0.999990
0.480207
0.411391
0.120906
0.662083
0.389902
0.917945
0.999998
0.735594
0.460806
0.152713
1.000000
0.134931
0.963185
0.904068
0.673455
0.011397
0.000000
0.247211
0.177512
0.916956
0.996968
0.000000
0.635849
0.188566
0.999985
0.219293
0.000000
0.775827
0.667186
0.187851
0.349220
0.997632
0.000000
0.022899
0.256721
0.000000
0.991109
0.939203
0.991518
0.577362
0.128761
0.000000
0.908920
0.000000
0.566588
0.000000
0.250830
0.977698
0.000000
0.434320
0.999970
0.976307
0.883757
0.935706
0.916143
0.433981
0.999900
0.877487
0.981092
0.410930
0.704319
0.000000
0.149399
0.998957
0.000000
0.000000
0.891956
1.000000
0.405597
0.088437
0.000000
0.000000
0.559758
0.949940
0.119311
0.000000
0.786399
0.175849
0.000000
0.884326
0.096959
0.008147
0.156343
0.787092
0.344027
0.000000
0.932938
0.000000
0.000000
0.000000
0.999749
0.999953
0.282018
0.458972
0.011226
0.000000
0.948178
0.409149
0.837848
0.268011
0.478167
0.373232
0.419548
0.066438
0.836137
0.786644
0.324468
0.063551
0.934798
0.270252
0.940884
0.600825
0.124129
0.000000
0.000000
0.178466
0.808351
0.510638
0.341130
0.017190
0.145627
0.565537
0.015953
0.853055
0.000000
0.961050
0.707404
0.627329
0.738200
0.520287
0.327665
0.514454
0.203022
0.254307
0.091196
0.327062
0.000000
0.889566
0.848113
0.371216
0.793301
0.851072
0.590173
0.162566
0.987221
0.191893
0.782459
0.346616
0.430212
0.999876
1.000000
0.016070
0.000000
0.067207
0.783852
0.000000
0.999993
0.677066
0.475033
0.479758
0.451877
0.305692
0.297141
0.149593
0.284127
0.000000
0.807307
0.000000
0.958207
0.906909
0.000000
0.000000
0.000000
0.371208
0.000000
0.038360
0.267649
0.000000
0.000000
0.458388
0.000000
0.513047
0.618227
0.925947
0.000000
0.532292
0.746587
0.309176
0.138426
0.003878
0.610458
0.997628
0.186801
0.351554
0.000000
0.000000
0.421022
0.000000
0.000000
0.129142
0.675810
0.868035
0.058666
0.117906
0.945829
0.907176
0.922672
0.000000
0.841874
0.000000
0.094151
0.969072
0.937914
0.000000
0.570454
0.057527
0.999996
0.337814
0.073552
0.897380
0.561943
0.715726
0.273504
0.217530
0.934421
0.000000
0.608292
0.928494
0.478980
0.534036
1.000000
0.888642
0.079524
0.565922
0.623350
0.000000
0.000000
0.559207
0.885427
0.762205
0.091991
0.901827
0.000000
0.026574
0.887760
0.133221
0.472557
0.998591
0.370905
0.226558
0.000000
0.059646
0.136260
0.001459
0.000000
0.662353
0.485430
0.000000
0.398475
0.000000
0.137968
0.964271
0.997718
0.000000
0.000000
0.998145
0.665010
0.544592
0.884274
0.000000
0.138664
0.803869
0.000000
0.415889
0.808611
0.917072
0.255068
0.000000
0.177693
0.000000
0.000000
0.000000
0.923722
0.695565
0.912235
0.247947
0.000000
0.941986
0.564639
0.137405
0.579791
0.703516
0.436118
0.648309
0.617225
0.209080
0.000000
0.600142
0.854308
0.416612
0.818776
0.732927
0.013302
0.000000
0.974473
0.496207
0.000000
0.000000
0.286552
0.139439
0.433230
0.358375
0.772543
0.807418
0.810663
0.483569
0.916796
0.000000
0.284083
0.043247
0.101415
0.999046
1.000000
0.741705
0.148437
0.000000
0.764276
0.000000
0.499880
0.000000
0.740720
0.922006
0.000000
0.102844
0.125802
0.606876
0.958398
0.808242
0.000000
0.574835
0.034327
0.397651
0.250408
0.943064
0.348553
0.018543
0.067739
0.122033
0.836695
0.324924
0.442196
0.997730
0.701273
0.410374
0.575526
0.796040
0.365052
0.000000
0.000000
0.172410
0.921279
0.677755
0.989125
0.000000
0.003927
0.000000
0.981781
0.182638
0.014368
0.995372
0.000000
0.000000
0.642018
0.000000
0.930547
0.409959
0.010831
0.722964
0.575978
0.000000
0.038188
0.000000
0.999942
0.000000
0.621492
0.882901
0.761724
0.855218
0.205669
0.944250
0.336393
0.245593
0.684911
0.256320
0.513396
0.929801
0.298530
0.625871
0.956758
0.295197
0.190026
0.825936
0.464136
0.428965
0.000000
0.000000
0.000000
0.768357
0.995837
0.141275
0.538874
0.000000
1.000000
0.000000
0.000000
0.560825
0.547913
0.941880
0.648044
1.000000
0.999998
0.000000
0.996696
0.644055
0.000000
0.274810
0.000000
0.913268
0.000000
0.316727
0.536322
0.197318
0.900172
0.668470
0.017210
0.658635
0.500077
0.740960
0.830148
0.169248
0.736395
0.000000
0.000000
0.000000
0.000000
0.441279
0.123532
0.000000
0.060098
0.000000
0.480456
0.149843
0.000000
0.897272
0.488189
0.000000
0.576426
0.779726
0.000000
0.878922
0.736641
0.576248
0.634310
0.118613
0.735477
0.050137
0.731326
0.435069
0.051324
0.097811
0.944217
0.079332
0.184069
0.776124
0.985186
0.009855
0.000000
0.388264
0.523977
0.242085
0.172916
0.984205
0.000000
0.992794
0.779143
0.843833
0.191817
0.973866
0.686180
0.000000
0.000000
0.773091
0.000000
0.272962
0.999951
0.000000
0.000000
0.710090
0.415738
0.000000
0.201988
0.809510
0.934714
0.000000
0.421517
0.999789
0.315182
0.000000
0.849620
0.575856
0.618844
0.195247
0.640827
0.032275
0.476535
0.041207
0.982523
0.022985
0.446788
0.000000
0.406950
0.850807
0.999299
0.663048
0.914579
0.000000
0.442253
0.700665
0.888949
0.774512
0.991288
0.876527
0.000000
0.952171
0.614233
0.000000
0.931736
0.000000
0.932441
0.985871
0.928103
0.771524
0.000000
0.000000
0.999290
0.000000
0.830680
0.726691
0.549279
0.999336
0.496007
0.585040
0.000000
0.282294
0.718239
0.000000
0.672799
0.177450
0.000000
0.809543
0.000000
0.587231
0.045149
0.000000
0.903574
0.601532
0.000000
0.442905
0.539755
0.433388
0.304733
0.787882
0.888137
0.144884
0.897947
0.631455
0.972786
0.000000
0.000000
0.181462
0.230937
0.999821
0.230555
0.574828
0.446892
0.632711
0.944631
0.752339
0.639191
0.700796
0.537521
0.502157
0.524059
0.599057
0.170859
0.495638
0.368654
0.035211
0.530699
0.338492
0.000000
0.461289
0.122885
0.004557
0.710261
0.016945
0.126826
0.049833
0.524165
0.312934
0.891158
0.641538
0.945720
0.763831
0.000000
0.502637
0.966564
1.000000
0.507984
0.925911
0.840338
0.231519
0.210870
0.923919
0.332346
0.986290
0.444162
1.000000
0.215382
0.416819
0.998146
0.513703
0.264370
0.473187
0.858380
0.000000
0.206200
0.504185
0.227200
0.623698
0.609955
0.807540
0.684528
0.000000
0.619237
0.927924
0.242926
0.053325
0.000000
0.275004
0.616400
1.000000
0.796226
0.962438
0.000000
0.000000
0.000000
0.495638
0.445035
0.912391
0.889430
0.000000
0.000000
0.851144
0.269917
0.264332
0.427158
0.988841
0.000000
0.199989
0.318478
0.100575
0.949309
0.999922
0.000000
0.000000
0.998450
0.986156
0.956736
0.392961
0.879983
0.454698
0.000000
0.063084
0.611993
0.056407
0.623169
0.143943
0.000000
0.529839
0.782388
0.000000
0.550327
0.439401
0.157534
0.000000
0.387397
0.999231
0.000000
0.507984
0.999516
0.587025
1.000000
0.000000
0.936179
0.050539
1.000000
0.963818
0.000000
0.882901
0.270002
0.830947
0.983104
0.037146
0.573308
0.248466
0.850349
0.677398
0.319887
0.993826
0.425196
0.575541
0.997737
0.545841
0.939043
0.507735
0.803562
0.150429
0.473451
0.000000
0.102343
0.094615
0.000000
0.202973
0.000000
0.000000
0.527961
0.189607
0.063971
0.752105
0.979090
0.000000
0.931979
0.116766
0.912271
0.010260
0.000000
0.098891
0.356041
0.624686
0.745744
0.751492
0.013934
0.187155
0.333715
0.412662
0.180119
0.000000
0.183097
0.000000
0.000000
0.251219
0.141279
0.999987
0.999985
0.759575
0.000000
0.796888
0.319550
0.414645
0.934031
0.037458
0.594107
0.032613
0.449239
0.859785
0.000000
0.000000
0.000000
0.117038
0.000000
0.710862
0.790220
0.041098
0.711768
0.428197
0.161596
0.192073
0.215950
0.014484
0.284127
0.000000
0.376350
0.301933
0.023233
0.503117
0.227661
0.917319
0.037165
0.269619
0.288730
0.902167
0.180853
0.461613
0.594461
0.866104
0.449925
0.810741
0.327822
0.192959
1.000000
0.933076
0.749368
0.084558
0.049362
0.827791
0.000000
0.923053
0.000000
0.363176
0.420435
0.907328
0.671860
0.221252
0.203525
0.935278
0.197806
1.000000
0.593921
0.446980
0.912292
0.881622
0.634995
0.738598
0.737962
0.628748
0.740157
0.936537
0.032271
0.999615
0.081340
0.983786
0.985605
0.247401
0.693732
0.000000
0.229631
0.717462
0.001382
0.453525
0.998568
0.378903
0.158908
0.013277
0.997706
0.988144
0.893717
0.426311
0.034757
0.209784
0.865796
0.000000
0.000000
0.000000
0.242191
0.138457
0.000000
0.215236
0.748851
0.000000
0.009480
0.101902
0.239373
0.017411
0.958669
0.014126
0.978145
0.037448
0.702294
1.000000
0.000000
0.806453
0.114121
0.392592
0.561447
0.480174
0.816236
0.077139
0.943129
0.010930
0.800904
0.721089
0.030933
0.223949
0.222675
0.000000
0.000000
0.926394
0.493681
0.298220
0.001659
0.697983
0.117684
0.328628
0.000000
0.095483
0.485088
0.000000
0.246998
0.356291
0.000000
0.280909
0.910723
0.597713
0.000000
0.999911
0.667444
0.733435
0.000000
0.909488
0.000000
0.975503
0.992572
0.776327
0.185330
0.349830
0.633070
0.883162
0.948945
0.394724
0.000000
0.000000
0.013520
0.000000
0.149934
0.156385
0.892171
0.018741
0.000000
0.000000
0.227269
0.985186
0.414175
0.726496
0.083060
0.590031
0.000000
0.000000
0.964271
0.638241
0.052596
0.876510
0.985257
0.065269
0.283266
0.600941
0.000000
0.711768
0.000000
0.908930
0.824172
0.960897
0.011911
0.109020
0.948281
0.989953
0.667375
0.018315
0.248204
0.995553
0.000000
0.602166
0.000000
0.249330
0.458060
0.401761
0.504168
0.481600
0.546535
0.000000
0.552303
0.000000
0.136193
0.000000
0.000000
0.377729
0.428815
0.770426
0.574248
0.915559
0.945686
0.201154
0.747793
0.738836
0.286254
0.090794
0.810345
0.935825
0.997737
0.675656
0.855391
0.000000
0.000000
0.692927
0.009847
0.462033
0.000000
0.872957
0.000000
0.381673
0.354408
0.104757
0.395277
0.955563
0.995157
0.446115
0.000000
0.227872
0.913029
0.000000
0.164574
0.999681
0.195227
0.132608
0.222594
0.606045
0.000000
0.237427
0.999114
0.518883
0.237732
0.839492
0.037404
0.002133
0.353821
0.093360
0.432915
0.000000
0.000000
0.251834
0.710727
0.000000
0.000000
0.000000
0.987455
0.995895
0.000000
0.733510
0.593753
0.693059
0.000000
0.817962
0.821562
0.250317
0.057464
0.000000
0.183041
0.052650
0.896381
0.999709
0.317686
0.539367
0.999361
0.000000
0.000000
0.417990
0.303773
0.999317
0.956079
0.875403
0.375393
0.789742
0.660817
0.276909
0.100676
0.808611
0.453892
0.000000
0.858616
0.362037
0.000000
0.224782
0.000000
0.773181
0.539074
0.053704
0.323601
0.000000
0.645798
1.000000
0.698001
0.000000
0.095826
0.958398
0.726039
0.100873
0.005458
0.977358
0.305712
0.451136
0.002604
0.140988
0.031315
0.994477
0.410503
0.000000
0.999695
0.477630
0.999674
0.706636
0.999904
0.000000
0.976075
0.667597
0.853742
0.458260
0.159906
0.000000
0.973000
0.876790
0.546756
0.620977
0.000000
0.027308
0.028874
0.502300
0.685787
0.932248
0.000000
0.980768
0.000000
0.000000
0.015094
0.491952
0.019792
0.018855
0.760738
0.451280
0.281511
0.374931
0.960850
0.731607
0.000000
0.349020
0.420028
0.816013
0.028179
0.959392
0.223775
0.506061
0.974651
0.997006
0.177358
0.996913
0.999999
0.597166
0.382395
0.611859
0.070304
0.937720
0.746850
0.344149
0.999763
0.002315
0.252454
0.039791
0.990968
1.000000
0.511239
0.962712
0.723812
0.000000
0.213025
0.998344
0.496139
0.028226
0.656739
0.726669
0.851774
0.999971
0.000000
0.661714
0.614620
0.423309
0.000000
0.455099
0.440696
1.000000
0.031412
0.778367
0.000000
0.254674
0.134446
0.868575
0.417596
0.670842
0.004377
0.528580
0.473383
0.370171
0.201810
0.999999
0.380043
0.000000
0.982027
0.609959
0.000000
0.922246
0.129156
0.949309
0.147039
0.479084
0.688934
0.202358
0.993569
0.647155
0.389065
0.955453
0.000000
0.767254
0.000000
0.758418
0.980855
0.425742
0.416802
0.814045
0.506808
0.998669
0.811460
0.648926
0.343216
0.206343
0.013432
0.406703
0.000000
0.000000
0.479272
0.568002
0.486076
0.999677
0.976077
0.922272
0.012150
0.000000
0.990645
0.997611
0.053933
0.530599
0.181873
1.000000
0.222859
0.848306
0.000000
0.635201
0.593215
0.925492
0.000000
0.000000
0.028604
0.000000
0.784144
0.291277
0.022985
0.151818
0.000000
0.890832
0.000466
0.426849
0.103861
0.787032
0.090217
0.027735
0.591662
0.220739
0.476062
0.821399
0.000000
0.700021
0.482491
0.802169
0.204952
0.387746
0.000000
0.000000
0.682520
0.988073
0.000000
0.609119
0.287385
0.957793
0.004678
0.606046
0.120096
0.949620
0.323033
0.274741
0.000000
0.838529
0.529036
0.545208
0.286797
1.000000
0.783054
0.546528
0.896282
0.473567
0.559041
0.701067
0.255226
0.507645
0.546802
0.000000
0.000000
0.946017
0.000000
0.460357
0.327424
0.988615
0.972759
0.917258
0.690990
0.666046
0.999561
0.010597
0.000000
0.994313
0.789771
0.046802
0.089085
0.000000
0.742709
0.000000
0.325234
0.043551
0.350490
0.687869
0.345085
0.222503
0.965823
0.008658
0.059250
0.986473
0.046732
0.720203
0.834087
0.000000
0.046776
0.467651
0.579791
0.353705
1.000000
0.123520
0.000000
0.955463
0.349364
0.034087
0.000000
0.900191
0.938487
0.951299
0.000000
0.389212
0.354817
0.000000
0.961025
0.115486
0.439179
0.463605
0.836144
0.332610
0.896197
0.650643
0.879526
0.973866
0.973818
0.996224
0.648435
0.999449
0.870691
0.000000
0.945585
0.000000
0.470084
0.808284
0.925073
0.832619
0.125016
0.459985
0.927631
0.779849
0.000000
0.030840
0.239711
0.979675
0.103740
0.781991
0.792122
0.985378
0.034830
0.937695
0.325985
0.405223
0.000000
0.800933
0.000000
0.158914
0.391877
0.656907
0.984839
0.924915
0.985431
0.035989
0.269867
0.169604
0.999914
0.951620
0.073355
0.823475
0.113472
0.980298
0.698911
0.996696
0.027672
1.000000
0.000000
0.062060
0.000000
0.737711
0.033602
0.199099
0.014609
0.990597
0.487361
0.723523
0.817516
0.783149
0.778909
0.001648
0.525063
0.999508
0.476284
0.131032
0.423221
0.000000
0.560607
1.000000
0.073867
0.037249
0.769407
0.415128
0.005956
0.015710
0.632960
0.104256
0.000000
0.163586
0.468643
0.995187
0.000000
0.909805
0.251219
0.690951
0.550774
0.547320
0.003494
0.970026
0.936577
0.189573
0.925348
0.000000
0.030283
0.000000
0.902445
0.999053
0.367976
0.748073
0.000000
0.012764
0.663041
0.662903
0.804372
0.600416
0.822304
0.654320
0.986552
0.668976
0.009894
0.969319
0.650523
0.114978
0.737623
0.000000
0.581952
0.718198
0.851774
0.000000
0.000000
0.636258
0.477031
0.309179
0.419548
0.000000
0.587557
0.999545
0.012224
0.000000
0.492863
0.915927
0.000000
0.999917
0.999837
0.999994
0.739853
0.000000
0.461289
0.023040
0.539450
0.000000
1.000000
0.960919
0.422001
0.000000
0.081649
0.780949
0.606022
0.288384
0.000000
0.292130
0.714902
0.000000
0.181831
0.310000
0.016056
0.942994
0.987696
0.147034
0.000000
0.794548
0.515225
0.045750
0.196682
0.260760
0.764380
0.533391
0.000000
0.246914
0.857758
0.401464
0.988076
0.609213
