0.000048
0.000000
0.000000
0.000000
0.158669
0.000000
0.000000
0.000261
0.288858
0.000000
0.000000
0.000000
0.000000
0.000000
0.000098
0.004240
0.000850
0.000000
0.000004
0.000000
0.000000
0.000000
0.000000
0.000000
0.000000
0.000000
0.000000
0.014776
0.000000
0.047938
0.030802
0.000000
0.000000
0.000000
0.000000
0.085315
0.000000
0.559831
0.000000
0.000000
0.000000
0.000000
0.000000
0.000000
0.000000
0.000000
0.529335
0.056054
0.000000
0.000000
0.000000
0.000000
0.000000
0.000000
0.000000
0.000000
0.000000
0.000000
0.000000
0.000000
0.000000
0.000000
0.000000
0.000000
0.000000
0.173461
0.062974
0.000000
0.044006
0.000000
0.000000
0.000000
0.000000
0.000000
0.539182
0.000000
0.000000
0.000000
0.000000
0.030008
0.122603
0.000000
0.000852
0.000148
0.000000
0.000497
0.000000
0.000000
0.000725
0.000000
0.000000
0.014707
0.000000
0.000329
0.000000
0.000043
0.000000
0.000000
0.000000
0.000000
0.000000
0.000000
0.000000
0.000000
0.000000
0.002199
0.000000
0.000000
0.000000
0.000000
0.000000
0.038081
0.544496
0.007678
0.000000
0.000000
0.000000
0.273037
0.000000
0.000032
0.000000
0.000000
0.000000
0.000002
0.000000
0.000000
0.000002
0.000000
0.000320
0.015994
0.000000
0.000000
0.000706
0.000000
0.000000
0.017336
0.013233
0.000000
0.065731
0.000000
0.047918
0.000000
0.000954
0.008554
0.000000
0.000000
0.000000
0.000000
0.021835
0.000000
0.765657
0.000000
0.000000
0.000000
0.195256
0.064340
0.000000
0.004165
0.000000
0.000000
0.000000
0.000000
0.000099
0.000000
0.000000
0.000000
0.000000
0.000000
0.000000
0.000000
0.000000
0.000000
0.857163
0.000000
0.000000
0.000000
0.000000
0.000000
0.000000
0.000000
0.000000
0.000001
0.000000
0.000000
0.000000
0.000000
0.000000
0.000000
0.000000
0.000000
0.092760
0.000000
0.000000
0.000000
0.000000
0.000000
0.000000
0.000000
0.000000
0.008478
0.000000
0.000000
0.000000
0.000000
0.000000
0.055500
0.000000
0.000000
0.000000
0.000000
0.000000
0.000000
0.000000
0.000000
0.062517
0.000000
0.000000
0.000000
0.000000
0.000000
0.000000
0.000000
0.000000
0.000000
0.000000
0.753009
0.000000
0.000000
0.000000
0.023412
0.000000
0.020822
0.000000
0.000000
0.000000
0.000000
0.040832
0.000000
0.209216
0.000000
0.000000
0.336809
0.000000
0.000000
0.000057
0.000000
0.000000
0.000000
0.000000
0.000000
0.137181
0.000000
0.000000
0.134923
0.000000
0.000000
0.656637
0.000000
0.000000
0.000000
0.000000
0.000000
0.000000
0.000000
0.428246
0.001306
0.000000
0.000000
0.000000
0.000000
0.000000
0.000000
0.000000
0.000000
0.000000
0.000000
0.000012
0.000000
0.000000
0.000000
0.000057
0.000000
0.000000
0.004702
0.000000
0.000000
0.000000
0.137710
0.000000
0.000000
0.000000
0.000000
0.000000
0.000000
0.000000
0.000002
0.000000
0.000000
0.000000
0.000000
0.000000
0.001420
0.000000
0.000000
0.000000
0.000000
0.000000
0.000000
0.000000
0.000000
0.000000
0.000000
0.000000
0.000361
0.000000
0.000000
0.000000
0.000000
0.000009
0.000000
0.000000
0.000000
0.188526
0.074994
0.281280
0.000000
0.000000
0.000000
0.000000
0.000000
0.000000
0.000000
0.000000
0.651715
0.041654
0.000212
0.000000
0.006544
0.000000
0.000000
0.090102
0.044618
0.000000
0.027740
0.000000
0.000000
0.000000
0.000000
0.000000
0.000000
0.000000
0.000000
0.000000
0.000000
0.000000
0.000000
0.005106
0.000000
0.000000
0.000000
0.000000
0.001110
0.000000
0.000000
0.000000
0.468657
0.000000
0.000000
0.000000
0.000255
0.000000
0.000000
0.000000
0.000000
0.000000
0.000000
0.000000
0.000000
0.000000
0.000000
0.000007
0.000000
0.000074
0.000000
0.009579
0.000000
0.000000
0.152230
0.000247
0.000000
0.000000
0.000000
0.000000
0.012957
0.000000
0.000000
0.000050
0.000000
0.000000
0.000000
0.000000
0.000000
0.000000
0.000000
0.000000
0.000000
0.000000
0.000000
0.000000
0.000000
0.000000
0.000000
0.000000
0.786082
0.000072
0.000000
0.000000
0.000000
0.000000
0.000000
0.298245
0.000802
0.000000
0.011267
0.000000
0.000000
0.000000
0.000457
0.000000
0.133727
0.000000
0.000000
0.000000
0.000000
0.000000
0.013131
0.000203
0.000000
0.000000
0.053763
0.000000
0.000438
0.121012
0.000000
0.000000
0.001406
0.000000
0.001581
0.000000
0.000000
0.000000
0.000000
0.000069
0.000000
0.043277
0.000000
0.317978
0.000000
0.000000
0.000000
0.000632
0.000000
0.517645
0.000092
0.000000
0.000000
0.000000
0.000000
0.000000
0.000000
0.000000
0.512662
0.001105
0.000000
0.018993
0.214277
0.000000
0.000024
0.000000
0.000000
0.000000
0.000000
0.000000
0.000000
0.000000
0.000000
0.498812
0.000000
0.000000
0.000000
0.000000
0.000000
0.000000
0.000000
0.000003
0.016292
0.000000
0.000000
0.679714
0.000000
0.006988
0.000000
0.000000
0.000000
0.057110
0.000000
0.000009
0.000215
0.000000
0.634722
0.000000
0.000000
0.000000
0.000000
0.092092
0.514533
0.000000
0.000000
0.000000
0.000209
0.000000
0.000000
0.000000
0.000000
0.000000
0.000000
0.000000
0.000000
0.000000
0.000000
0.000000
0.000000
0.000000
0.000000
0.000000
0.000000
0.000000
0.000000
0.000000
0.403336
0.000001
0.000000
0.000000
0.000000
0.000000
0.000143
0.000000
0.000000
0.000000
0.000000
0.000827
0.000000
0.000000
0.000023
0.000000
0.000002
0.000000
0.428312
0.000000
0.009776
0.000000
0.380968
0.000366
0.000000
0.000000
0.000000
0.476215
0.000000
0.000000
0.000000
0.005582
0.000000
0.000000
0.045834
0.000000
0.000000
0.021027
0.000000
0.000000
0.350334
0.000000
0.000000
0.000000
0.000000
0.001420
0.000000
0.000000
0.000000
0.000000
0.000000
0.000000
0.000000
0.000000
0.158325
0.000000
0.000000
0.034906
0.000000
0.000000
0.000000
0.000000
0.000000
0.000000
0.000000
0.000000
0.000023
0.000107
0.000000
0.000000
0.000172
0.001504
0.000000
0.000000
0.034210
0.000000
0.000000
0.000001
0.000000
0.000000
0.007944
0.000000
0.019762
0.000000
0.000000
0.000334
0.000001
0.075782
0.000000
0.000000
0.000000
0.000000
0.000000
0.000829
0.000000
0.919370
0.000000
0.000000
0.000000
0.001493
0.014915
0.066845
0.000000
0.000000
0.000000
0.053669
0.000000
0.000000
0.000000
0.711328
0.000000
0.000000
0.000000
0.000000
0.000000
0.000000
0.000000
0.000000
0.000000
0.000803
0.000000
0.000000
0.000000
0.000000
0.057946
0.339537
0.000000
0.000008
0.000000
0.000000
0.185329
0.000000
0.000000
0.000000
0.000000
0.086238
0.000000
0.000000
0.754785
0.000051
0.009453
0.000000
0.000000
0.000000
0.000000
0.000000
0.000000
0.000000
0.345003
0.000000
0.000000
0.000000
0.000000
0.000096
0.000000
0.003357
0.421175
0.005535
0.000000
0.000000
0.000000
0.000000
0.000000
0.000014
0.000000
0.000000
0.000000
0.153288
0.000000
0.000000
0.000000
0.001695
0.002030
0.000000
0.000192
0.513026
0.000000
0.000000
0.000000
0.000000
0.000000
0.000000
0.000000
0.000000
0.000177
0.000000
0.000000
0.000000
0.000000
0.000000
0.000000
0.000000
0.000070
0.000000
0.000000
0.000000
0.000000
0.014246
0.000000
0.000000
0.000000
0.747605
0.000000
0.064468
0.000000
0.000000
0.000128
0.000000
0.018738
0.000000
0.000000
0.000000
0.000000
0.000000
0.000001
0.000000
0.000000
0.000000
0.000000
0.000034
0.000000
0.000001
0.000000
0.000000
0.000000
0.000160
0.000000
0.006262
0.575525
0.000000
0.650273
0.000000
0.000901
0.000000
0.000000
0.000000
0.000000
0.000000
0.000000
0.000000
0.000000
0.000000
0.000000
0.000000
0.000971
0.196274
0.000000
0.000000
0.001223
0.000000
0.000025
0.005235
0.000000
0.000000
0.000000
0.115614
0.000000
0.000000
0.000000
0.000000
0.036390
0.000000
0.000000
0.000000
0.018534
0.000000
0.000000
0.206038
0.000000
0.000000
0.000000
0.470069
0.000000
0.000124
0.000000
0.000000
0.000000
0.000000
0.000000
0.000000
0.009028
0.000000
0.000000
0.000000
0.000102
0.000000
0.000000
0.000000
0.897882
0.000321
0.000000
0.000000
0.000000
0.000000
0.022005
0.073183
0.000000
0.000000
0.000000
0.000000
0.075318
0.000000
0.000341
0.000000
0.363456
0.000000
0.505070
0.000000
0.407360
0.000000
0.159862
0.986345
0.000000
0.000000
0.000000
0.000274
0.000000
0.000000
0.000000
0.000000
0.000000
0.000000
0.000000
0.000001
0.000285
0.000000
0.000000
0.000000
0.000000
0.000000
0.000000
0.000065
0.000000
0.000000
0.000000
0.000048
0.000000
0.000000
0.000000
0.000000
0.000000
0.000000
0.227941
0.000000
0.433218
0.000000
0.000000
0.485142
0.000000
0.000000
0.000000
0.000000
0.000000
0.000000
0.000000
0.000000
0.000000
0.000000
0.034783
0.000181
0.000000
0.005864
0.003531
0.000000
0.000002
0.000000
0.000000
0.000000
0.000179
0.000000
0.000000
0.000000
0.000000
0.000000
0.000000
0.000000
0.000000
0.000000
0.000000
0.000000
0.000605
0.000000
0.011328
0.000000
0.000000
0.000000
0.043515
0.000000
0.000000
0.000000
0.004809
0.150937
0.000000
0.000000
0.000000
0.000000
0.000000
0.000000
0.000000
0.033027
0.000000
0.000000
0.000000
0.000000
0.229520
0.000000
0.000000
0.000000
0.000000
0.000000
0.000000
0.000000
0.000000
0.000003
0.000000
0.000000
0.000000
0.000000
0.000000
0.000000
0.000000
0.112731
0.000007
0.000000
0.000000
0.000000
0.000000
0.000000
0.000000
0.000000
0.000000
0.000000
0.000000
0.000000
0.000004
0.000000
0.000000
0.000000
0.000000
0.000000
0.000000
0.000000
0.000000
0.000000
0.000000
0.000000
0.000000
0.000325
0.000000
0.000000
0.000000
0.075213
0.000000
0.000000
0.000018
0.000000
0.000000
0.920254
0.012104
0.000000
0.000000
0.000000
0.000000
0.000000
0.000167
0.000000
0.000000
0.000000
0.000000
0.000000
0.000000
0.000000
0.000000
0.000000
0.000000
0.210124
0.000000
0.000000
0.000000
0.000000
0.000000
0.000000
0.003681
0.000000
0.000000
0.000000
0.000000
0.000000
0.000292
0.000000
0.000000
0.000000
0.000000
0.000000
0.903589
0.000000
0.000000
0.000000
0.000000
0.000001
0.000000
0.424732
0.000863
0.000000
0.000000
0.000000
0.000000
0.000000
0.000000
0.000000
0.000000
0.000086
0.000000
0.196335
0.000000
0.000000
0.000000
0.000000
0.000000
0.000000
0.002689
0.000000
0.000000
0.000000
0.000000
0.144046
0.003013
0.000000
0.000000
0.007390
0.000000
0.000000
0.000000
0.581927
0.028463
0.000000
0.009146
0.000000
0.000000
0.000000
0.000000
0.000000
0.000000
0.000000
0.275023
0.001571
0.114405
0.000000
0.003711
0.000000
0.001924
0.000000
0.000000
0.000817
0.000000
0.000000
0.000000
0.000000
0.000000
0.000259
0.589445
0.026083
0.000000
0.000000
0.000000
0.000520
0.000000
0.000000
0.000531
0.000000
0.000000
0.050635
0.000000
0.000000
0.000000
0.000000
0.000000
0.000000
0.001156
0.000001
0.000000
0.000000
0.000000
0.000000
0.000000
0.000003
0.000036
0.000000
0.000000
0.000935
0.000000
0.000000
0.000000
0.000000
0.000108
0.000008
0.001047
0.019791
0.000000
0.000000
0.000000
0.000000
0.000000
0.000000
0.000000
0.000000
0.000000
0.074879
0.000000
0.000000
0.000000
0.000000
0.000000
0.000000
0.000015
0.008476
0.000000
0.000000
0.000000
0.000000
0.000000
0.000000
0.000000
0.000000
0.000176
0.000000
0.000000
0.558505
0.522345
0.000000
0.000000
0.000000
0.000000
0.000000
0.265630
0.000000
0.000000
0.000000
0.000000
0.000000
0.000000
0.000000
0.000000
0.000002
0.000000
0.000148
0.000320
0.000000
0.000000
0.000000
0.000000
0.000000
0.000000
0.014328
0.384155
0.000286
0.000490
0.000000
0.000000
0.572031
0.000000
0.000000
0.000000
0.000001
0.000000
0.000000
0.000000
0.004761
0.000000
0.000000
0.000000
0.000000
0.174473
0.092784
0.000000
0.000000
0.000000
0.000000
0.000000
0.204942
0.000000
0.000000
0.000000
0.000000
0.011434
0.000000
0.000000
0.000000
0.001700
0.000000
0.000000
0.000000
0.000000
0.000000
0.000000
0.000000
0.000027
0.000000
0.000000
0.000000
0.000000
0.007442
0.000000
0.000000
0.000000
0.000494
0.007070
0.000000
0.000000
0.000000
0.041761
0.001186
0.000000
0.000000
0.000000
0.000000
0.000000
0.000000
0.000000
0.000000
0.000000
0.000000
0.000000
0.000000
0.145665
0.000000
0.000000
0.000000
0.830671
0.000000
0.000000
0.000000
0.000000
0.000000
0.010439
0.000000
0.000000
0.000000
0.000011
0.078546
0.000000
0.000122
0.000000
0.000000
0.000000
0.000566
0.006079
0.000000
0.000000
0.000000
0.000000
0.000000
0.000712
0.000000
0.000042
0.000000
0.000000
0.000000
0.000120
0.000000
0.000000
0.571259
0.000000
0.000000
0.003545
0.067686
0.000000
0.000000
0.000000
0.000000
0.000000
0.046124
0.000000
0.000000
0.000000
0.000000
0.000170
0.000002
0.344884
0.000071
0.056798
0.000000
0.371529
0.207866
0.000489
0.000000
0.000000
0.000000
0.000080
0.000000
0.000000
0.000000
0.000000
0.000000
0.000000
0.000035
0.000000
0.002316
0.000000
0.600522
0.000000
0.000000
0.000970
0.000000
0.000000
0.000000
0.002094
0.000000
0.000000
0.000000
0.000000
0.000000
0.000000
0.000000
0.000000
0.000000
0.000000
0.000000
0.000000
0.000000
0.001214
0.000000
0.042295
0.000000
0.000000
0.610888
0.000000
0.000000
0.000635
0.000000
0.000000
0.000000
0.000000
0.000000
0.000000
0.000000
0.000000
0.000000
0.000115
0.000000
0.001276
0.000000
0.000000
0.000000
0.000000
0.000110
0.000000
0.000000
0.000000
0.008217
0.000276
0.000000
0.023321
0.000000
0.006763
0.000000
0.000000
0.004350
0.000000
0.000000
0.000005
0.000000
0.000000
0.000000
0.000000
0.000000
0.000000
0.000000
0.000000
0.000000
0.000000
0.925217
0.000000
0.033426
0.000000
0.000000
0.000000
0.000000
0.000000
0.000002
0.000000
0.097379
0.000000
0.000000
0.000000
0.000000
0.000000
0.000000
0.002037
0.000000
0.000000
0.000000
0.000000
0.000000
0.000000
0.000000
0.000000
0.414474
0.000000
0.000000
0.000136
0.000002
0.000000
0.000000
0.000000
0.000000
0.000000
0.000000
0.000000
0.000000
0.000000
0.000000
0.000000
0.000000
0.000000
0.000000
0.000000
0.000000
0.000000
0.000000
0.031070
0.001754
0.000000
0.000000
0.000000
0.000000
0.742479
0.000000
0.000716
0.203756
0.000000
0.169128
0.000000
0.000105
0.000000
0.000000
0.000000
0.000000
0.000000
0.088602
0.003267
0.001664
0.000000
0.000000
0.000000
0.000000
0.000000
0.000000
0.000000
0.000000
0.029404
0.000000
0.000000
0.000000
0.000000
0.000000
0.000000
0.000000
0.000000
0.000000
0.050703
0.000000
0.000000
0.000000
0.000000
0.000000
0.000000
0.000000
0.000693
0.007300
0.000000
0.000000
0.000000
0.000000
0.000000
0.000000
0.000000
0.020107
0.021086
0.015716
0.000000
0.000000
0.000000
0.000006
0.000000
0.008629
0.000000
0.000003
0.000000
0.000000
0.000000
0.000000
0.000001
0.010551
0.000000
0.000000
0.000054
0.007518
0.000000
0.000000
0.000000
0.000000
0.000000
0.000000
0.008570
0.000000
0.000306
0.000000
0.000352
0.000000
0.000000
0.000000
0.000000
0.000000
0.000000
0.000000
0.000000
0.000000
0.000000
0.000000
0.000000
0.000000
0.000000
0.013480
0.000000
0.000000
0.000000
0.000000
0.028304
0.000000
0.015528
0.207397
0.000278
0.000000
0.247388
0.000000
0.000000
0.000000
0.000000
0.000000
0.000000
0.000000
0.000000
0.039783
0.000000
0.000306
0.060000
0.000000
0.000000
0.019686
0.000000
0.000000
0.000000
0.463027
0.000000
0.000000
0.672635
0.000004
0.000000
0.000000
0.000000
0.000000
0.000000
0.000000
0.000000
0.000000
0.000000
0.000000
0.000000
0.000000
0.000000
0.000000
0.000000
0.000000
0.000000
0.000000
0.000000
0.000000
0.000000
0.000000
0.042065
0.000000
0.000000
0.000000
0.000000
0.000000
0.000000
0.000000
0.000049
0.000000
0.000000
0.000000
0.291942
0.000000
0.000000
0.000017
0.000000
0.000000
0.000000
0.003413
0.000000
0.000000
0.223591
0.000000
0.000000
0.000000
0.000000
0.000005
0.000000
0.000000
0.000000
0.000000
0.040590
0.000000
0.000000
0.018872
0.000000
0.000000
0.000000
0.001942
0.000000
0.000000
0.292088
0.000000
0.567965
0.000000
0.000000
0.000000
0.000000
0.000000
0.000000
0.000000
0.000000
0.000000
0.000000
0.000000
0.000000
0.000000
0.000000
0.000000
0.040899
0.003686
0.000000
0.000000
0.000000
0.000000
0.000000
0.000000
0.000000
0.000000
0.000000
0.000000
0.000000
0.000000
0.000000
0.000000
0.000000
0.000000
0.144795
0.000000
0.000000
0.000000
0.000000
0.000000
0.000000
0.000000
0.004171
0.000000
0.037481
0.000000
0.000000
0.000000
0.598236
0.025557
0.000000
0.241839
0.000000
0.000000
0.211000
0.000000
0.000000
0.000000
0.000000
0.000000
0.000000
0.000000
0.000000
0.000810
0.000000
0.000000
0.415687
0.000000
0.000000
0.000000
0.029831
0.989374
0.000000
0.017777
0.000000
0.894087
0.000000
0.000836
0.000000
0.000681
0.000000
0.000000
0.000842
0.025767
0.001071
0.000000
0.069654
0.000000
0.000000
0.000000
0.000000
0.000000
0.000000
0.003901
0.000000
0.000000
0.000000
0.000000
0.000061
0.000000
0.470550
0.074180
0.000000
0.000001
0.000000
0.000000
0.324738
0.000000
0.000000
0.000000
0.000000
0.000000
0.000000
0.000000
0.000006
0.000000
0.000000
0.000000
0.000002
0.000000
0.205695
0.000000
0.000000
0.000000
0.000000
0.000000
0.000000
0.000000
0.000000
0.000049
0.000000
0.000000
0.000000
0.000000
0.000000
0.000000
0.000118
0.380849
0.000000
0.000000
0.000000
0.018125
0.000000
0.018687
0.000000
0.000000
0.000000
0.937787
0.000011
0.000000
0.000000
0.742900
0.000009
0.000000
0.000000
0.000000
0.000000
0.000000
0.000000
0.000000
0.212449
0.000000
0.000000
0.000000
0.030190
0.000000
0.000000
0.000000
0.001685
0.000000
0.000000
0.000000
0.000000
0.000026
0.000000
0.000000
0.000000
0.000000
0.178073
0.000000
0.000000
0.000000
0.000000
0.000000
0.000000
0.158414
0.000000
0.000000
0.000000
0.000000
0.000000
0.000000
0.000000
0.561699
0.813120
0.005272
0.000000
0.000000
0.000000
0.000000
0.236262
0.000000
0.000000
0.000000
0.000003
0.000000
0.000000
0.000000
0.000697
0.000000
0.001754
0.000000
0.000000
0.219295
0.105300
0.000000
0.000000
0.000223
0.000000
0.000000
0.000000
0.000000
0.002506
0.000000
0.000000
0.004377
0.000000
0.000000
0.000000
0.000000
0.000000
0.000000
0.000000
0.003398
0.296438
0.000000
0.000000
0.000000
0.000000
0.133928
0.000000
0.162795
0.000000
0.000000
0.000000
0.000000
0.000000
0.000000
0.000000
0.000000
0.569309
0.000000
0.000000
0.006700
0.000000
0.000000
0.000000
0.000000
0.000000
0.307041
0.000000
0.000000
0.000000
0.000000
0.000000
0.000000
0.000000
0.407032
0.000000
0.000000
0.000000
0.000000
0.000000
0.000000
0.000000
0.000000
0.000000
0.012030
0.000000
0.000000
0.001131
0.000000
0.000000
0.000000
0.000000
0.000000
0.000000
0.000000
0.000000
0.000000
0.466878
0.001810
0.000000
0.000000
0.000000
0.000000
0.000000
0.000000
0.000000
0.000000
0.000030
0.000000
0.000000
0.000000
0.000000
0.000000
0.000000
0.000000
0.000000
0.000000
0.000000
0.098179
0.000000
0.775054
0.000000
0.000024
0.058254
0.000000
0.000000
0.000000
0.003500
0.000000
0.000000
0.000001
0.000000
0.000000
0.008936
0.000000
0.000190
0.000000
0.000000
0.000000
0.000000
0.000118
0.000000
0.000000
0.000000
0.000000
0.000000
0.000006
0.000000
0.000000
0.000000
0.670717
0.427983
0.000000
0.085836
0.000000
0.000000
0.000887
0.166796
0.000000
0.000000
0.001286
0.000000
0.000000
0.000000
0.000876
0.000000
0.000000
0.000000
0.001088
0.000000
0.000000
0.496769
0.000000
0.000000
0.009322
0.000000
0.000000
0.000000
0.000000
0.000000
0.000000
0.000000
0.000000
0.000000
0.000000
0.001463
0.000000
0.004068
0.000000
0.000000
0.045995
0.000000
0.446433
0.000000
0.000000
0.000000
0.000000
0.000000
0.243840
0.000000
0.000000
0.000002
0.000000
0.000000
0.000000
0.000000
0.000000
0.000000
0.000000
0.000000
0.000000
0.003338
0.215008
0.000000
0.000000
0.000000
0.000000
0.000000
0.000006
0.000000
0.000000
0.000000
0.000000
0.000000
0.000002
0.000578
0.000000
0.000000
0.000000
0.000000
0.000000
0.000000
0.000000
0.000000
0.000000
0.439581
0.000000
0.000000
0.000000
0.000000
0.000000
0.000000
0.001286
0.000000
0.000000
0.000000
0.000000
0.000000
0.000000
0.000041
0.000001
0.000000
0.000000
0.000000
0.000000
0.000000
0.000000
0.000028
0.000000
0.000000
0.349059
0.000000
0.000000
0.000000
0.000000
0.000000
0.000000
0.000000
0.000000
0.000000
0.000000
0.000000
0.000000
0.000000
0.001281
0.000000
0.000000
0.009047
0.000000
0.000000
0.000000
0.000000
0.000000
0.000000
0.000000
0.069101
0.016307
0.000000
0.000000
0.212623
0.000000
0.000000
0.000000
0.143757
0.000000
0.000000
0.008265
0.000000
0.000000
0.000000
0.000000
0.000000
0.226634
0.000000
0.000000
0.000000
0.000897
0.000000
0.017801
0.000000
0.000155
0.001420
0.000000
0.000000
0.000000
0.000000
0.000000
0.000000
0.335059
0.083202
0.000000
0.000000
0.000000
0.000000
0.000000
0.000000
0.000000
0.000000
0.001387
0.000000
0.000000
0.000000
0.000072
0.000000
0.000000
0.000000
0.000251
0.094231
0.000000
0.000308
0.991387
0.000000
0.113779
0.000000
0.000000
0.000000
0.042892
0.000000
0.000000
0.544818
0.005988
0.000000
0.000000
0.000000
0.000000
0.000000
0.391555
0.000000
0.000000
0.000000
0.010321
0.000000
0.000895
0.000000
0.000000
0.006432
0.000000
0.013860
0.027999
0.000000
0.865166
0.307851
0.000000
0.000000
0.105089
0.000000
0.000000
0.000000
0.000000
0.000000
0.000000
0.000000
0.000000
0.084677
0.000184
0.000198
0.000000
0.224717
0.000000
0.114704
0.000000
0.000000
0.000000
0.000000
0.000000
0.000000
0.000000
0.000000
0.000000
0.000000
0.036440
0.000000
0.000000
0.000000
0.000000
0.003541
0.000000
0.000000
0.000000
0.000000
0.024879
0.000512
0.000000
0.000000
0.000000
0.033413
0.000000
0.000000
0.000000
0.000000
0.000000
0.000000
0.000000
0.000000
0.000695
0.000000
0.000000
0.000000
0.000132
0.000000
0.000902
0.000000
0.000000
0.000000
0.000000
0.000223
0.000000
0.000000
0.848651
0.000000
0.000000
0.000000
0.004097
0.002803
0.000000
0.000004
0.000000
0.000000
0.000000
0.000000
0.000000
0.000000
0.000177
0.000000
0.000000
0.000000
0.000000
0.000000
0.058945
0.002610
0.000000
0.124820
0.000000
0.000460
0.077693
0.000000
0.000000
0.633624
0.000000
0.000000
0.000000
0.000000
0.000000
0.000000
0.000000
0.000000
0.000039
0.000000
0.031174
0.000000
0.033774
0.000000
0.000000
0.000000
0.080946
0.000000
0.000000
0.000000
0.000000
0.000270
0.000000
0.000000
0.000000
0.000000
0.012493
0.000000
0.000000
0.000000
0.000000
0.000000
0.000000
0.253831
0.000615
0.000000
0.000000
0.000000
0.000000
0.000000
0.944127
0.000000
0.001772
0.000000
0.000000
0.000000
0.000000
0.000000
0.000044
0.000000
0.000000
0.149538
0.004183
0.000280
0.000110
0.000000
0.000000
0.146431
0.000000
0.000000
0.000000
0.134491
0.000000
0.033305
0.000000
0.000000
0.000000
0.552712
0.000000
0.009601
0.000000
0.000000
0.000000
0.000000
0.025860
0.000000
0.000453
0.000000
0.000000
0.000000
0.000000
0.047534
0.000000
0.000000
0.269230
0.000000
0.000000
0.000000
0.033180
0.000000
0.000000
0.000000
0.000000
0.000352
0.000000
0.000000
0.000000
0.000000
0.000000
0.000182
0.000000
0.000904
0.000000
0.000000
0.006035
0.000000
0.000000
0.000000
0.007821
0.000000
0.637295
0.000000
0.000000
0.006625
0.000000
0.070114
0.000000
0.000000
0.000204
0.000000
0.000000
0.000000
0.000000
0.000000
0.000000
0.000000
0.005796
0.000000
0.023987
0.074389
0.000001
0.000000
0.000000
0.000000
0.000000
0.001564
0.440206
0.000000
0.043007
0.001013
0.000000
0.000000
0.000000
0.008632
0.000000
0.997071
0.000000
0.000000
0.000000
0.000000
0.000000
0.000000
0.000000
0.000000
0.000000
0.000000
0.000000
0.000000
0.000000
0.000000
0.000000
0.000000
0.000000
0.001077
0.000000
0.011539
0.000000
0.000000
0.000000
0.029217
0.574005
0.684254
0.354792
0.000000
0.000000
0.000000
0.022570
0.000000
0.168450
0.000000
0.000000
0.000000
0.299918
0.000000
0.000000
0.002296
0.000000
0.045386
0.000000
0.000000
0.000000
0.000000
0.000000
0.000000
0.000000
0.000000
0.000003
0.000000
0.000000
0.012260
0.000000
0.002348
0.000000
0.000000
0.000000
0.403864
0.000000
0.000005
0.000000
0.000000
0.000000
0.000000
0.000000
0.000000
0.000000
0.000000
0.000865
0.000000
0.042690
0.000000
0.000000
0.000000
0.000000
0.000000
0.000000
0.000000
0.275106
0.000000
0.000000
0.000000
0.660215
0.000000
0.000000
0.106559
0.000000
0.000000
0.009739
0.000000
0.000000
0.000000
0.101753
0.000000
0.412860
0.000000
0.000000
0.000000
0.072316
0.000000
0.000000
0.000023
0.002768
0.000000
0.000000
0.000000
0.008249
0.006015
0.033714
0.000000
0.000027
0.000000
0.000000
0.000000
0.000000
0.000000
0.000000
0.000004
0.001630
0.000000
0.000000
0.000000
0.000000
0.000499
0.000000
0.000000
0.000000
0.000000
0.000000
0.000000
0.000000
0.000000
0.000000
0.000000
0.000000
0.000001
0.000000
0.000644
0.000000
0.000000
0.000000
0.000000
0.000000
0.601049
0.120436
0.000000
0.003703
0.003084
0.114056
0.055114
0.000000
0.000000
0.000033
0.000000
0.000000
0.000000
0.068163
0.001344
0.001906
0.016529
0.387579
0.000000
0.000000
0.000000
0.126025
0.000000
0.000000
0.000000
0.205612
0.000000
0.000000
0.000000
0.000000
0.000000
0.000000
0.000000
0.000000
0.000000
0.000000
0.000000
0.000000
0.000000
0.092355
0.000000
0.243234
0.000310
0.000000
0.000005
0.000000
0.000000
0.000000
0.000000
0.000000
0.118383
0.000000
0.000000
0.000000
0.000072
0.000000
0.000000
0.000000
0.000000
0.000019
0.000000
0.000000
0.000000
0.000000
0.000000
0.000000
0.000000
0.109531
0.000000
0.003731
0.999881
0.000000
0.000000
0.000000
0.000000
0.000000
0.241842
0.013677
0.000000
0.000000
0.000000
0.000000
0.000000
0.000000
0.003720
0.000000
0.000000
0.000000
0.000000
0.323223
0.000000
0.000000
0.000000
0.000000
0.000000
0.000000
0.000000
0.000000
0.000000
0.000000
0.000000
0.000000
0.000000
0.015902
0.039654
0.000000
0.000000
0.000000
0.000000
0.000000
0.000000
0.000000
0.000094
0.000000
0.000000
0.004379
0.000000
0.000000
0.000000
0.000000
0.000000
0.000000
0.000000
0.002283
0.000025
0.000000
0.002520
0.000000
0.000253
0.000000
0.000000
0.000274
0.000004
0.000000
0.001757
0.000000
0.000000
0.075382
0.000000
0.000000
0.000000
0.000000
0.000000
0.000000
0.000001
0.000000
0.000000
0.000000
0.000000
0.000000
0.000000
0.000000
0.000000
0.000000
0.000000
0.000000
0.000000
0.998040
0.000000
0.000000
0.065749
0.000000
0.000000
0.000000
0.000000
0.000000
0.000162
0.000000
0.000000
0.015624
0.020833
0.000000
0.049492
0.000000
0.000000
0.000000
0.000000
0.002406
0.000000
0.000000
0.002165
0.000001
0.000000
0.000000
0.000000
0.000000
0.000000
0.042789
0.000000
0.000003
0.000000
0.000000
0.000000
0.000000
0.000000
0.005664
0.000000
0.000000
0.000000
0.000000
0.000000
0.000000
0.186791
0.000000
0.000000
0.020074
0.000000
0.000000
0.000000
0.000000
0.000000
0.000000
0.000000
0.000244
0.000000
0.000000
0.000000
0.000000
0.000000
0.001278
0.000000
0.000000
0.000000
0.000000
0.016391
0.000000
0.000000
0.000639
0.000000
0.000000
0.000000
0.000000
0.182792
0.000000
0.000000
0.000000
0.004299
0.000007
0.000000
0.000000
0.000000
0.000000
0.000000
0.014788
0.004006
0.000000
0.018294
0.000000
0.000048
0.000000
0.000000
0.000000
0.000031
0.000000
0.000001
0.000000
0.000001
0.000000
0.838742
0.047992
0.000000
0.000000
0.000000
0.000000
0.000000
0.000056
0.000000
0.000000
0.038316
0.000000
0.000000
0.000000
0.000000
0.000000
0.000000
0.000035
0.000000
0.000000
0.000000
0.027503
0.000000
0.000000
0.000000
0.008865
0.000000
0.000309
0.000000
0.000000
0.000000
0.000000
0.000000
0.000000
0.000000
0.005313
0.000000
0.000000
0.026660
0.000000
0.000187
0.053501
0.000000
0.000000
0.000000
0.034961
0.000000
0.000000
0.000000
0.000000
0.029269
0.000000
0.000000
0.000000
0.000000
0.000000
0.119965
0.000000
0.000000
0.001839
0.001063
0.030744
0.000000
0.785499
0.000000
0.000000
0.000000
0.000000
0.000106
0.000000
0.000000
0.583193
0.218687
0.000000
0.000000
0.000000
0.000006
0.000000
0.000000
0.000003
0.000000
0.000116
0.083934
0.595442
0.000000
0.000000
0.253672
0.000003
0.419515
0.000000
0.000000
0.000000
0.000000
0.000000
0.000000
0.004591
0.000000
0.000000
0.000000
0.000000
0.000000
0.000000
0.000000
0.000000
0.000000
0.000000
0.000000
0.000000
0.000000
0.000000
0.000000
0.000000
0.000000
0.000000
0.001620
0.000000
0.000000
0.000000
0.000000
0.000000
0.000000
0.000000
0.000000
0.000000
0.000000
0.000000
0.110219
0.000000
0.000000
0.214918
0.000000
0.007846
0.094112
0.000000
0.000000
0.000000
0.000000
0.140184
0.000000
0.091906
0.000000
0.000000
0.000000
0.000000
0.000000
0.000000
0.004109
0.000000
0.000000
0.000000
0.000000
0.115212
0.000000
0.000000
0.000000
0.000000
0.345227
0.025375
0.000000
0.000000
0.000000
0.000000
0.000000
0.000006
0.000128
0.000000
0.000000
0.000000
0.000004
0.000000
0.000000
0.000000
0.000000
0.000000
0.000000
0.010277
0.000000
0.018269
0.000000
0.000000
0.000000
0.000000
0.000069
0.551926
0.000000
0.000000
0.000132
0.000000
0.000000
0.000000
0.000000
0.000000
0.000000
0.000000
0.000000
0.000002
0.000000
0.000000
0.000000
0.000000
0.000211
0.000000
0.000000
0.000000
0.769199
0.000000
0.000000
0.000402
0.000000
0.000000
0.000000
0.000000
0.000000
0.000000
0.435505
0.000000
0.000000
0.000000
0.880588
0.000000
0.000000
0.000000
0.000000
0.227819
0.000000
0.045416
0.000000
0.016741
0.570766
0.001852
0.000000
0.000052
0.000000
0.000000
0.000000
0.000000
0.000000
0.000000
0.000000
0.000000
0.000000
0.000000
0.000000
0.007433
0.000000
0.000000
0.000000
0.000000
0.000000
0.000000
0.000000
0.162396
0.003403
0.000000
0.000000
0.000000
0.000000
0.000000
0.000000
0.000000
0.000000
0.000000
0.000000
0.000000
0.000000
0.000000
0.000000
0.516807
0.000000
0.000000
0.000000
0.000000
0.000000
0.000000
0.000000
0.000000
0.000000
0.000000
0.000000
0.235000
0.000000
0.000000
0.000000
0.000000
0.000000
0.000000
0.000000
0.000000
0.000000
0.000000
0.037445
0.000000
0.000000
0.000000
0.004955
0.000001
0.000000
0.000000
0.005720
0.124182
0.000000
0.000000
0.000000
0.000000
0.000000
0.000000
0.023935
0.000000
0.000000
0.000000
0.181137
0.000000
0.000000
0.000000
0.000000
0.036064
0.000000
0.000000
0.000000
0.000474
0.000000
0.001324
0.000000
0.000000
0.000000
0.005712
0.000000
0.000000
0.000000
0.000018
0.000000
0.000000
0.000182
0.000000
0.000009
0.000000
0.000000
0.000000
0.000000
0.029324
0.000000
0.000000
0.000000
0.166988
0.000000
0.000000
0.000000
0.135454
0.000000
0.000000
0.000000
0.000000
0.000002
0.000000
0.001525
0.000000
0.000000
0.470053
0.002113
0.000000
0.000000
0.000000
0.000000
0.023636
0.000000
0.000000
0.000000
0.000000
0.766480
0.000000
0.387779
0.000000
0.000000
0.011058
0.000000
0.000000
0.072726
0.000000
0.000000
0.000406
0.000000
0.000000
0.000000
0.000000
0.000000
0.000149
0.048920
0.000000
0.000000
0.000000
0.000051
0.003585
0.000000
0.000000
0.000000
0.001153
0.077481
0.000000
0.000000
0.000000
0.000484
0.000000
0.000580
0.003695
0.000000
0.000000
0.005705
0.000000
0.000000
0.000000
0.000000
0.026790
0.000000
0.000000
0.000000
0.000000
0.000000
0.000000
0.000137
0.000000
0.000000
0.000000
0.000000
0.000000
0.000000
0.000000
0.000001
0.000253
0.000684
0.000000
0.000000
0.000000
0.000057
0.000000
0.000000
0.000000
0.000000
0.000000
0.000000
0.010942
0.000000
0.000000
0.000000
0.000000
0.000000
0.000000
0.000000
0.000000
0.000000
0.000000
0.010494
0.008487
0.000000
0.000000
0.000000
0.000000
0.000000
0.000000
0.000000
0.001397
0.000000
0.759144
0.238220
0.032487
0.000006
0.000000
0.590783
0.000000
0.000000
0.000000
0.000000
0.000000
0.000000
0.000003
0.000000
0.000000
0.000000
0.436564
0.000000
0.000000
0.000000
0.000000
0.000000
0.004305
0.000000
0.242594
0.000000
0.000000
0.331078
0.000000
0.000000
0.133290
0.000000
0.001536
0.000000
0.000000
0.000000
0.000000
0.000000
0.031258
0.000000
0.000000
0.000000
0.000000
0.000000
0.112288
0.000000
0.000000
0.000000
0.037167
0.000000
0.000141
0.000000
0.000000
0.000000
0.000000
0.000000
0.000000
0.003257
0.005289
0.000000
0.000000
0.000000
0.000000
0.000000
0.000000
0.000000
0.000000
0.000000
0.000000
0.000000
0.000000
0.002079
0.000000
0.000000
0.000001
0.000000
0.000037
0.000000
0.455808
0.000000
0.000000
0.000000
0.000000
0.000000
0.000000
0.000243
0.000000
0.000000
0.000000
0.000722
0.000000
0.000000
0.000000
0.000000
0.000000
0.000000
0.000000
0.000000
0.000000
0.000000
0.000000
0.000000
0.000000
0.000000
0.000000
0.000000
0.000000
0.028850
0.000000
0.000000
0.000000
0.000000
0.000000
0.000000
0.000000
0.000000
0.000000
0.000000
0.000000
0.021079
0.009632
0.000000
0.000000
0.000000
0.042299
0.000466
0.000000
0.000000
0.000000
0.748063
0.000000
0.000113
0.000000
0.000000
0.000000
0.000000
0.000000
0.007241
0.000000
0.000000
0.000000
0.000000
0.000000
0.015491
0.000000
0.000000
0.000245
0.000000
0.000000
0.000000
0.000000
0.000000
0.000000
0.000168
0.000000
0.000000
0.000000
0.000000
0.000000
0.000000
0.000199
0.000000
0.000000
0.001439
0.000000
0.021511
0.000000
0.000000
0.000000
0.000000
0.014767
0.000000
0.000000
0.000001
0.000000
0.000000
0.000000
0.000000
0.000000
0.000000
0.000000
0.000000
0.000000
0.000000
0.000000
0.031435
0.000000
0.000112
0.007574
0.000000
0.000000
0.000000
0.096435
0.000000
0.000028
0.125416
0.000000
0.022340
0.000000
0.000000
0.000000
0.000000
0.000000
0.000000
0.000029
0.000232
0.073919
0.000000
0.000000
0.000000
0.182901
0.000000
0.000000
0.000000
0.000000
0.406743
0.000000
0.000000
0.000000
0.000000
0.000000
0.457713
0.000000
0.000000
0.001300
0.067760
0.000000
0.377277
0.134084
0.000000
0.000000
0.000000
0.000000
0.000000
0.000000
0.000000
0.017610
0.000000
0.000000
0.000000
0.000000
0.000002
0.000000
0.481403
0.000000
0.000000
0.000000
0.000000
0.000000
0.000000
0.000000
0.000000
0.000000
0.000000
0.000000
0.000000
0.000000
0.000000
0.000000
0.002104
0.323388
0.000000
0.001189
0.000000
0.000000
0.042049
0.000122
0.000952
0.000000
0.000000
0.001382
0.000000
0.000000
0.000521
0.000039
0.000000
0.000943
0.000000
0.000000
0.000000
0.000020
0.069880
0.000000
0.000000
0.000000
0.012163
0.114605
0.000000
0.000000
0.000000
0.000000
0.009658
0.004654
0.006575
0.000000
0.000000
0.000000
0.000000
0.000000
0.000000
0.000000
0.020480
0.000000
0.000000
0.000000
0.004498
0.000000
0.000089
0.000000
0.000000
0.000000
0.000000
0.000000
0.000000
0.000000
0.000000
0.000000
0.000000
0.022172
0.000000
0.000000
0.000000
0.000000
0.106195
0.000000
0.009355
0.147394
0.000000
0.687505
0.000000
0.000000
0.157882
0.000000
0.000000
0.000000
0.000000
0.000000
0.000058
0.000000
0.000000
0.000000
0.000000
0.027657
0.001204
0.000000
0.000000
0.001921
0.000000
0.000000
0.000000
0.000000
0.000000
0.000000
0.000000
0.000442
0.000000
0.001219
0.304599
0.000000
0.000000
0.000000
0.000000
0.000000
0.000000
0.000000
0.107072
0.061851
0.000000
0.000000
0.000000
0.000000
0.000000
0.000000
0.000000
0.000000
1.000000
0.000000
0.000000
0.000000
0.000000
0.010889
0.000000
0.000000
0.000000
0.000000
0.000000
0.150883
0.000000
0.000000
0.281668
0.000000
0.000000
0.000000
0.000000
0.000000
0.000000
0.000000
0.342669
0.000000
0.000000
0.012765
0.000000
0.000000
0.000000
0.000000
0.000000
0.000000
0.000000
0.000000
0.000000
0.000000
0.000000
0.051261
0.000000
0.000000
0.000000
0.000000
0.000000
0.001187
0.000000
0.000000
0.000000
0.000000
0.000000
0.000000
0.000000
0.000000
0.000000
0.000000
0.000000
0.000000
0.000000
0.000000
0.000000
0.000000
0.000000
0.000000
0.566036
0.000000
0.049619
0.604223
0.041516
0.000000
0.000000
0.000000
0.000000
0.000000
0.000000
0.000000
0.000000
0.000000
0.000036
0.000004
0.000000
0.000000
0.242687
0.000000
0.000000
0.000000
0.000000
0.000004
0.000000
0.000000
0.000000
0.000000
0.000000
0.000000
0.000000
0.000000
0.156795
0.000000
0.000000
0.000000
0.000002
0.438164
0.000000
0.000000
0.000000
0.000000
0.000000
0.000000
0.000045
0.000000
0.000000
0.000000
0.039526
0.019787
0.000000
0.000000
0.000000
0.000000
0.000000
0.000000
0.000000
0.000000
0.016660
0.000150
0.003064
0.000000
0.000000
0.026692
0.000353
0.000000
0.062019
0.000000
0.000000
0.000000
0.008405
0.000000
0.000000
0.000000
0.068600
0.000000
0.000000
0.000000
0.000000
0.000000
0.000000
0.000000
0.004251
0.000000
0.000063
0.000000
0.000000
0.000000
0.000000
0.000000
0.000000
0.000596
0.000000
0.000000
0.000000
0.000000
0.000000
0.000000
0.547868
0.015671
0.000000
0.000000
0.000000
0.000000
0.009607
0.000000
0.000000
0.000000
0.000000
0.000000
0.000180
0.000000
0.000000
0.000000
0.000000
0.000000
0.000000
0.000000
0.999868
0.035691
0.000043
0.000000
0.356149
0.305878
0.000000
0.000000
0.000211
0.000000
0.000000
0.102643
0.170720
0.000000
0.381878
0.000000
0.000000
0.024350
0.000000
0.000000
0.000000
0.000290
0.000000
0.000000
0.071846
0.000092
0.109096
0.000000
0.000003
0.000000
0.000000
0.000000
0.000000
0.000000
0.000000
0.420344
0.000000
0.334641
0.001111
0.000000
0.000000
0.000000
0.000010
0.000000
0.000449
0.573708
0.000000
0.000000
0.073404
0.005286
0.000000
0.000000
0.000000
0.000000
0.000000
0.000000
0.000000
0.000000
0.000000
0.000000
0.000000
0.000815
0.000000
0.000000
0.000000
0.000000
0.000000
0.000000
0.000000
0.000000
0.000000
0.000000
0.000000
0.000000
0.000000
0.000000
0.000000
0.000464
0.000000
0.000000
0.000000
0.000000
0.000000
0.000000
0.000000
0.000000
0.000000
0.000000
0.000000
0.000000
0.000000
0.000000
0.000000
0.000000
0.951338
0.000000
0.000087
0.000000
0.000000
0.000000
0.000000
0.000000
0.000000
0.000000
0.000748
0.000000
0.000000
0.000000
0.000000
0.000000
0.000000
0.000000
0.006092
0.000000
0.000000
0.000000
0.000000
0.000000
0.000000
0.000000
0.000000
0.000017
0.000000
0.000540
0.000000
0.000000
0.000000
0.006720
0.000000
0.000057
0.000000
0.000941
0.000000
0.046319
0.000168
0.000000
0.000121
0.000000
0.000000
0.000466
0.009284
0.000000
0.000619
0.000000
0.000000
0.000000
0.000000
0.000000
0.000000
0.000000
0.000000
0.000000
0.003580
0.000000
0.000000
0.000000
0.000000
0.000000
0.000000
0.000000
0.000000
0.000000
0.000000
0.000000
0.202992
0.020610
0.000000
0.000000
0.000000
0.000000
0.000000
0.000000
0.000000
0.000000
0.000000
0.000000
0.000000
0.000000
0.754094
0.000000
0.000000
0.000372
0.054143
0.000000
0.000000
0.000000
0.000000
0.000000
0.000000
0.000000
0.000000
0.000000
0.000000
0.000000
0.000000
0.426103
0.000000
0.251082
0.000000
0.000000
0.000000
0.000000
0.000000
0.236247
0.000000
0.007491
0.000000
0.000003
0.000000
0.199588
0.000000
0.000000
0.000000
0.000000
0.000000
0.000000
0.004041
0.070274
0.000000
0.000000
0.000000
0.000000
0.000000
0.000000
0.000000
0.000000
0.000000
0.000000
0.000000
0.000000
0.000000
0.000000
0.000000
0.000000
0.000006
0.261398
0.000000
0.000000
0.000000
0.000000
0.022425
0.000000
0.000000
0.000000
0.000000
0.571887
0.000000
0.000000
0.000000
0.000000
0.000000
0.000000
0.000000
0.000000
0.000000
0.000000
0.000000
0.000000
0.000000
0.000000
0.000000
0.000000
0.002871
0.000047
0.000000
0.000020
0.000000
0.000000
0.000000
0.000000
0.390775
0.000000
0.000000
0.000000
0.000000
0.000000
0.000000
0.000000
0.000554
0.000000
0.000000
0.000000
0.000000
0.000000
0.000000
0.000000
0.000000
0.156905
0.000000
0.105539
0.000000
0.000000
0.000000
0.000441
0.000736
0.000000
0.000000
0.000000
0.000000
0.000000
0.000000
0.044056
0.000000
0.000002
0.000000
0.000000
0.000000
0.000000
0.000000
0.000000
0.000000
0.000000
0.000000
0.000000
0.000000
0.000000
0.000000
0.000000
0.000000
0.000000
0.000000
0.000000
0.000000
0.000000
0.000000
0.000000
0.000000
0.000000
0.000000
0.000000
0.000018
0.000000
0.000000
0.000000
0.000000
0.000000
0.000000
0.000000
0.000000
0.000000
0.000000
0.442339
0.000000
0.000002
0.000000
0.000000
0.000000
0.000000
0.000000
0.000000
0.000000
0.000000
0.000000
0.524407
0.000021
0.022916
0.000000
0.000000
0.000000
0.061556
0.000144
0.097301
0.000000
0.000000
0.001387
0.000000
0.367493
0.051229
0.000000
0.607261
0.000000
0.000000
0.000000
0.000000
0.038147
0.000000
0.000000
0.005909
0.000000
0.000137
0.039555
0.002751
0.000000
0.000000
0.000000
0.000000
0.000000
0.000005
0.000000
0.000000
0.000000
0.000000
0.000000
0.000000
0.000212
0.000006
0.000000
0.000000
0.000000
0.000000
0.000000
0.002029
0.000000
0.000000
0.000161
0.131720
0.000000
0.000000
0.045984
0.000000
0.717262
0.001145
0.000000
0.000000
0.000000
0.000000
0.000000
0.000000
0.000000
0.000000
0.000000
0.000000
0.000000
0.000000
0.000000
0.002842
0.000000
0.000000
0.001916
0.000000
0.000000
0.000000
0.000000
0.000000
0.000000
0.030017
0.000000
0.000001
0.000106
0.000000
0.000000
0.000000
0.000000
0.000000
0.000000
0.000000
0.000000
0.000000
0.000000
0.948141
0.000000
0.000000
0.000000
0.028193
0.000000
0.000000
0.000000
0.000000
0.000000
0.000000
0.000000
0.000000
0.000000
0.000000
0.000014
0.000000
0.000000
0.000122
0.000000
0.000581
0.000000
0.000000
0.000000
0.221985
0.000038
0.000000
0.248241
0.000000
0.270273
0.000000
0.000000
0.000000
0.017793
0.000000
0.000000
0.063319
0.018138
0.000000
0.000000
0.000000
0.000000
0.000000
0.000000
0.001115
0.000820
0.000000
0.014238
0.000000
0.000000
0.000000
0.000000
0.000000
0.000000
0.000000
0.111672
0.000000
0.000201
0.997059
0.000000
0.016941
0.000000
0.000059
0.000000
0.000000
0.000000
0.293518
0.000000
0.000000
0.000000
0.000003
0.000000
0.643692
0.000000
0.000000
0.000000
0.000000
0.003061
0.000016
0.001972
0.019096
0.063773
0.001132
0.502614
0.000778
0.000000
0.000523
0.000000
0.000000
0.000000
0.000003
0.000000
0.000000
0.000000
0.000000
0.000000
0.000000
0.000000
0.000000
0.000298
0.000000
0.000000
0.000000
0.000177
0.017731
0.000000
0.000000
0.000205
0.000000
0.257179
0.576813
0.000000
0.000000
0.000000
0.000000
0.000000
0.001009
0.000000
0.164561
0.028366
0.000009
0.000000
0.000000
0.199152
0.020419
0.000000
0.000000
0.000000
0.000000
0.000000
0.000000
0.000000
0.000000
0.038885
0.000000
0.000000
0.000000
0.000000
0.960863
0.000000
0.000000
0.000000
0.589729
0.000000
0.000000
0.006474
0.000000
0.000000
0.087497
0.000000
0.000000
0.000023
0.000005
0.000000
0.000000
0.013457
0.000000
0.000000
0.000000
0.000000
0.000000
0.001663
0.000000
0.203269
0.000000
0.000000
0.000000
0.000000
0.000104
0.000507
0.220220
0.000003
0.008316
0.000000
0.000000
0.000001
0.000000
0.000000
0.000018
0.000000
0.000000
0.000000
0.000000
0.000000
0.000000
0.000000
0.000021
0.000000
0.000000
0.000000
0.000000
0.000000
0.000000
0.007745
0.000000
0.000222
0.000000
0.000000
0.000000
0.000000
0.000000
0.000000
0.000004
0.000000
0.000000
0.000036
0.000000
0.145520
0.472215
0.511355
0.011939
0.000000
0.000000
0.000000
0.000000
0.000000
0.379648
0.000000
0.000000
0.000000
0.000000
0.000000
0.000000
0.000000
0.003686
0.000000
0.000000
0.000000
0.000000
0.000000
0.000261
0.000000
0.090139
0.000280
0.002598
0.000000
0.076844
0.000000
0.000000
0.000001
0.000000
0.000000
0.000000
0.010260
0.000000
0.302287
0.000000
0.000000
0.000000
0.000000
0.000000
0.000000
0.000000
0.000000
0.000000
0.000000
0.000000
0.000000
0.000000
0.000000
0.000000
0.000039
0.000000
0.000000
0.000000
0.000000
0.000000
0.000000
0.000000
0.000000
0.000000
0.000000
0.000000
0.000000
0.094665
0.000000
0.000000
0.125278
0.000000
0.000000
0.000000
0.017428
0.000000
0.000000
0.000000
0.000006
0.182150
0.000000
0.000000
0.000131
0.000000
0.000000
0.000000
0.002881
0.000000
0.000000
0.000000
0.000000
0.000000
0.000843
0.000000
0.000000
0.000000
0.000000
0.000000
0.000000
0.000000
0.000000
0.000000
0.000000
0.000000
0.001036
0.000000
0.000000
0.000000
0.100253
0.354256
0.202379
0.007827
0.000000
0.000000
0.808081
0.000000
0.000000
0.000000
0.000000
0.000000
0.470718
0.006248
0.000069
0.000008
0.000000
0.000000
0.000000
0.000000
0.000000
0.000000
0.000000
0.000000
0.000000
0.000000
0.000000
0.001240
0.000000
0.000000
0.000000
0.000000
0.000000
0.151483
0.000000
0.016522
0.075524
0.000122
0.000000
0.000000
0.002240
0.000000
0.000023
0.000000
0.793182
0.000000
0.617801
0.000000
0.000000
0.000000
0.000000
0.000000
0.000000
0.010820
0.000000
0.106789
0.000000
0.000000
0.000000
0.000000
0.000000
0.000000
0.000000
0.000000
0.000000
0.000260
0.000000
0.000000
0.000037
0.182204
0.000000
0.000000
0.000417
0.000000
0.000000
0.000000
0.000000
0.019153
0.000000
0.000000
0.000000
0.000000
0.000000
0.000000
0.000000
0.000000
0.000000
0.000000
0.000061
0.281137
0.000202
0.000000
0.197138
0.000000
0.114600
0.000000
0.000000
0.000000
0.000000
0.000000
0.000000
0.000000
0.000000
0.000000
0.000000
0.000000
0.006092
0.000000
0.000008
0.000000
0.000022
0.000000
0.000000
0.000000
0.000000
0.000000
0.173519
0.000000
0.000000
0.000000
0.000000
0.000000
0.000000
0.000000
0.000000
0.000000
0.000001
0.000000
0.000000
0.000000
0.000000
0.000000
0.914924
0.000000
0.014510
0.000000
0.000000
0.000000
0.000000
0.000000
0.000000
0.000000
0.000000
0.000000
0.000000
0.000000
0.000000
0.000000
0.000000
0.003996
0.000000
0.000000
0.000000
0.000000
0.000000
0.000000
0.018499
0.000000
0.000000
0.000000
0.000000
0.000000
0.022952
0.000000
0.000000
0.000000
0.000000
0.000000
0.000000
0.000000
0.000000
0.683949
0.027857
0.000000
0.063266
0.713229
0.020465
0.000000
0.000000
0.000000
0.000000
0.009178
0.000000
0.000000
0.000000
0.000000
0.128923
0.000000
0.000000
0.000000
0.003190
0.000000
0.000000
0.000000
0.000000
0.001405
0.000000
0.000000
0.000000
0.019534
0.000000
0.000778
0.000000
0.000000
0.000000
0.101486
0.046265
0.000000
0.001797
0.005119
0.000000
0.000000
0.000000
0.000000
0.063781
0.000000
0.007051
0.000000
0.000000
0.000000
0.000000
0.000000
0.000000
0.190484
0.042231
0.000000
0.000000
0.131053
0.025666
0.000000
0.000000
0.000000
0.000151
0.000000
0.959617
0.000000
0.165603
0.065376
0.001199
0.000000
0.208321
0.000000
0.000000
0.000006
0.031355
0.000000
0.005074
0.493555
0.000000
0.012614
0.000000
0.008934
0.000000
0.000000
0.000000
0.000000
0.000000
0.000000
0.000000
0.000000
0.000000
0.000000
0.000000
0.000000
0.000000
0.000000
0.000000
0.416798
0.000000
0.000000
0.000000
0.000000
0.000000
0.000000
0.000000
0.000000
0.000000
0.000002
0.000000
0.000093
0.000000
0.000000
0.000520
0.000000
0.000000
0.000000
0.001034
0.000000
0.000000
0.000000
0.068359
0.000000
0.000000
0.000000
0.000055
0.000000
0.000000
0.175886
0.000000
0.000013
0.000000
0.000000
0.000000
0.000000
0.000000
0.000000
0.000000
0.000325
0.000000
0.000000
0.000000
0.000000
0.000000
0.000000
0.000000
0.000000
0.000000
0.000000
0.000000
0.000000
0.000031
0.003398
0.000000
0.000000
0.000000
0.000000
0.000000
0.006065
0.000000
0.000000
0.000000
0.000000
0.000000
0.000000
0.000000
0.000000
0.000000
0.000000
0.000000
0.000000
0.000000
0.000000
0.000000
0.000000
0.000000
0.017683
0.000000
0.000000
0.000000
0.000000
0.000000
0.000000
0.006261
0.000000
0.000000
0.000000
0.000000
0.000000
0.000000
0.589788
0.000000
0.000090
0.000000
0.602463
0.055770
0.000000
0.000000
0.000000
0.000000
0.000000
0.000000
0.000000
0.175526
0.436991
0.337815
0.000000
0.000000
0.029883
0.000000
0.000000
0.000000
0.000000
0.000000
0.012799
0.000000
0.025587
0.000000
0.017288
0.000000
0.003925
0.000000
0.000000
0.000000
0.000000
0.012228
0.000000
0.000000
0.000000
0.000000
0.070711
0.000000
0.000000
0.000000
0.000000
0.000000
0.000000
0.000000
0.000000
0.021424
0.000000
0.000000
0.000000
0.000000
0.000000
0.000000
0.000000
0.000410
0.000000
0.000000
0.000000
0.000000
0.078193
0.000000
0.000002
0.000000
0.000000
0.000000
0.000000
0.000000
0.000000
0.000000
0.000000
0.000000
0.000000
0.000000
0.000003
0.000000
0.000000
0.000000
0.439637
0.000030
0.048341
0.001396
0.006099
0.000000
0.000000
0.000007
0.000000
0.000000
0.000000
0.000000
0.000000
0.000639
0.000000
0.000000
0.000252
0.000000
0.000061
0.000030
0.000000
0.000000
0.000000
0.000000
0.000000
0.018186
0.002177
0.003403
0.264782
0.000000
0.006111
0.000000
0.000000
0.000000
0.000000
0.482577
0.022554
0.000000
0.002503
0.000017
0.000000
0.000000
0.000000
0.000000
0.000017
0.000000
0.000000
0.000000
0.000084
0.000000
0.000000
0.000000
0.000000
0.094812
0.000000
0.000000
0.111773
0.000000
0.000000
0.000000
0.000734
0.000000
0.039172
0.000000
0.000000
0.000000
0.000000
0.071394
0.439203
0.000000
0.000000
0.000000
0.000000
0.000000
0.000000
0.000000
0.760333
0.000093
0.000000
0.000000
0.000029
0.000003
0.088134
0.000000
0.009839
0.028243
0.000000
0.149192
0.000000
0.000000
0.000000
0.000000
0.000000
0.000000
0.000000
0.000000
0.000000
0.238992
0.000000
0.467906
0.000000
0.000000
0.000041
0.000000
0.000000
0.000000
0.000000
0.000000
0.000000
0.000000
0.332439
0.000000
0.000000
0.000000
0.000000
0.000000
0.000000
0.000000
0.008748
0.000000
0.000000
0.000000
0.000000
0.000000
0.000000
0.000000
0.000000
0.000000
0.000000
0.000405
0.000000
0.000000
0.000000
0.000000
0.383824
0.000000
0.000000
0.000000
0.000000
0.000000
0.000000
0.000000
0.000000
0.000000
0.000000
0.000000
0.000000
0.000000
0.000000
0.000000
0.000000
0.000000
0.000000
0.000000
0.558675
0.000000
0.000000
0.021993
0.000000
0.003588
0.000000
0.000000
0.000000
0.011049
0.000000
0.000004
0.000000
0.000000
0.000000
0.000000
0.000000
0.026579
0.000000
0.000473
0.316377
0.000000
0.000000
0.000000
0.000000
0.000865
0.000000
0.061979
0.194933
0.000000
0.000000
0.000000
0.000000
0.000052
0.000000
0.000000
0.000012
0.000000
0.016530
0.000000
0.033052
0.000000
0.280775
0.000000
0.000000
0.000000
0.000000
0.000000
0.000032
0.000000
0.000000
0.000000
0.000000
0.000000
0.000000
0.000000
0.000000
0.000224
0.000291
0.000000
0.000000
0.000000
0.000000
0.000000
0.000000
0.000000
0.000000
0.000000
0.000000
0.000000
0.000000
0.000000
0.000000
0.000000
0.000000
0.000000
0.000580
0.000000
0.000000
0.000000
0.091817
0.000000
0.650864
0.000000
0.097019
0.000000
0.000167
0.000000
0.000000
0.007244
0.000000
0.852168
0.000000
0.000000
0.000000
0.000000
0.000000
0.000000
0.356642
0.000000
0.000000
0.062565
0.000000
0.000000
0.000000
0.000000
0.055288
0.038858
0.000000
0.000000
0.000000
0.029774
0.058274
0.000000
0.000000
0.000016
0.053608
0.000000
0.000000
0.000000
0.000000
0.000000
0.000000
0.000000
0.107772
0.000000
0.001167
0.000001
0.000000
0.000000
0.000246
0.000000
0.000000
0.000000
0.000000
0.000000
0.000000
0.000000
0.000000
0.000000
0.000028
0.000000
0.000000
0.000000
0.002957
0.000000
0.000000
0.000000
0.000000
0.174461
0.225183
0.001476
0.000000
0.000000
0.018875
0.000002
0.000000
0.000000
0.086381
0.081243
0.000000
0.000197
0.000000
0.000035
0.000000
0.000000
0.000000
0.173938
0.000000
0.000000
0.000000
0.000103
0.199429
0.000000
0.000000
0.000000
0.000000
0.231839
0.000000
0.000005
0.000000
0.000000
0.000000
0.000000
0.000000
0.000000
0.000000
0.000000
0.006861
0.000068
0.092677
0.038684
0.000000
0.000000
0.000000
0.000000
0.016806
0.000000
0.000000
0.000094
0.000000
0.000000
0.276330
0.435625
0.000000
0.000000
0.000000
0.000000
0.000000
0.000000
0.000000
0.000000
0.000290
0.000000
0.000000
0.000000
0.000000
0.000000
0.000000
0.007282
0.000000
0.000000
0.000000
0.000000
0.000000
0.000000
0.043405
0.203106
0.000000
0.110886
0.000000
0.000042
0.000000
0.000000
0.000000
0.004102
0.000000
0.000000
0.000000
0.000000
0.000000
0.000000
0.000000
0.000000
0.000000
0.000000
0.000000
0.000000
0.032126
0.000000
0.000000
0.000000
0.000000
0.000000
0.000000
0.000000
0.000000
0.000000
0.000000
0.000000
0.000000
0.000000
0.000000
0.000000
0.000000
0.000000
0.000000
0.000000
0.000000
0.000000
0.000000
0.513573
0.002063
0.000517
0.000000
0.000000
0.000000
0.000000
0.000146
0.000859
0.000000
0.000000
0.000000
0.000000
0.000000
0.000000
0.000000
0.000000
0.000000
0.000000
0.007167
0.000000
0.000000
0.000000
0.000000
0.000000
0.000000
0.000000
0.000000
0.000000
0.000000
0.000000
0.000014
0.175475
0.000000
0.000000
0.000000
0.000000
0.000000
0.000000
0.000000
0.000000
0.000452
0.000000
0.000000
0.264278
0.530464
0.022003
0.004665
0.000000
0.000000
0.000000
0.000000
0.000000
0.000085
0.000000
0.000000
0.003040
0.000000
0.000000
0.000000
0.000000
0.000000
0.000001
0.000000
0.915145
0.000000
0.000000
0.000000
0.000000
0.000000
0.000000
0.000000
0.000000
0.000000
0.000000
0.000000
0.010950
0.000970
0.000000
0.000000
0.000000
0.000000
0.063855
0.000037
0.000000
0.000000
0.000000
0.000000
0.000000
0.000000
0.005439
0.000000
0.014211
0.000000
0.018613
0.000000
0.000000
0.014497
0.000000
0.000000
0.054509
0.000000
0.000819
0.000000
0.000000
0.000000
0.000455
0.000000
0.033638
0.000000
0.000000
0.000000
0.017249
0.000000
0.000000
0.000000
0.000000
0.000016
0.000681
0.000037
0.000000
0.000000
0.000000
0.001122
0.944225
0.000000
0.000000
0.000000
0.000000
0.000000
0.000000
0.000000
0.000000
0.000000
0.000000
0.000000
0.017241
0.000000
0.000000
0.000000
0.000003
0.000258
0.000000
0.000000
0.000000
0.000000
0.000000
0.000000
0.000000
0.001780
0.000000
0.000000
0.027896
0.000000
0.000000
0.000015
0.093410
0.000000
0.000000
0.000000
0.000000
0.062149
0.235249
0.000000
0.000000
0.000000
0.000000
0.000000
0.000000
0.000000
0.000000
0.000000
0.010803
0.000000
0.000000
0.000140
0.000000
0.000000
0.000000
0.000000
0.288129
0.047856
0.000000
0.000000
0.192134
0.000000
0.000000
0.000000
0.000000
0.002311
0.000000
0.000000
0.380274
0.000000
0.000000
0.000085
0.000000
0.000000
0.000000
0.000000
0.345519
0.000000
0.442664
0.000000
0.000461
0.000000
0.000000
0.000000
0.000000
0.000000
0.038665
0.000012
0.000000
0.000137
0.000000
0.000000
0.000000
0.000886
0.000000
0.000000
0.049625
0.000000
0.000000
0.032565
0.003805
0.000000
0.000000
0.038582
0.000000
0.000125
0.000000
0.000000
0.000000
0.000000
0.000000
0.000000
0.000000
0.000000
0.000000
0.009966
0.000000
0.000000
0.013554
0.000000
0.000000
0.000000
0.209700
0.000000
0.000000
0.000000
0.000553
0.000000
0.000000
0.000000
0.000000
0.000418
0.000000
0.001779
0.000000
0.000000
0.000000
0.000000
0.000000
0.013555
0.000000
0.000000
0.002013
0.000000
0.000000
0.000000
0.000000
0.073999
0.000000
0.070551
0.000000
0.000000
0.000000
0.000000
0.000031
0.000000
0.000000
0.000000
0.000000
0.000001
0.402022
0.000000
0.000000
0.000000
0.173682
0.000000
0.000000
0.505625
0.090441
0.000000
0.000000
0.000000
0.003013
0.000000
0.000000
0.055073
0.000000
0.018779
0.000000
0.000000
0.000000
0.000000
0.000000
0.000000
0.000000
0.000000
0.000000
0.000000
0.000000
0.000000
0.019739
0.000000
0.000000
0.131681
0.000000
0.000000
0.000000
0.186248
0.020404
0.000000
0.000000
0.000006
0.000001
0.119086
0.000000
0.000000
0.000000
0.000000
0.000000
0.000000
0.000000
0.000000
0.000000
0.000000
0.000000
0.000000
0.000163
0.000000
0.000000
0.000000
0.000153
0.000000
0.000000
0.000000
0.007256
0.086851
0.377877
0.000121
0.000000
0.660219
0.000000
0.035575
0.000000
0.293352
0.000000
0.000000
0.000000
0.000000
0.804977
0.847181
0.000000
0.904132
0.000000
0.000000
0.000000
0.383388
0.024350
0.000000
0.004643
0.000000
0.149154
0.000000
0.000000
0.000000
0.000000
0.000000
0.000000
0.000029
0.048729
0.000000
0.000000
0.000000
0.000000
0.000000
0.000000
0.030668
0.000000
0.000000
0.000000
0.064431
0.123418
0.000000
0.000000
0.000353
0.003468
0.000000
0.001041
0.000000
0.000004
0.000000
0.902779
0.102736
0.000000
0.000000
0.005851
0.000000
0.000000
0.000000
0.000000
0.437522
0.187626
0.000000
0.000000
0.000000
0.000000
0.000000
0.000000
0.000000
0.000062
0.000000
0.018810
0.000000
0.000000
0.000000
0.000000
0.000000
0.011328
0.000000
0.000000
0.000000
0.000000
0.000000
0.000000
0.341305
0.000000
0.001283
0.000000
0.000000
0.000000
0.000000
0.034820
0.000000
0.000184
0.000000
0.000000
0.000000
0.078159
0.000000
0.000000
0.000000
0.000000
0.000000
0.000000
0.000000
0.000000
0.082385
0.443770
0.000000
0.000000
0.000000
0.000000
0.000000
0.000000
0.336775
0.000000
0.000000
0.048042
0.000000
0.000000
0.000000
0.000000
0.000000
0.000000
0.000000
0.000000
0.003569
0.780665
0.000000
0.000000
0.188297
0.000000
0.000000
0.000000
0.000000
0.000000
0.000000
0.000000
0.000000
0.000000
0.000000
0.000000
0.000000
0.000000
0.000000
0.000000
0.000000
0.110225
0.000000
0.670119
0.000000
0.000000
0.150018
0.000000
0.000000
0.000000
0.000095
0.000000
0.017380
0.029817
0.000000
0.004681
0.000000
0.000000
0.000457
0.000000
0.000000
0.000000
0.000000
0.000000
0.000000
0.008331
0.000000
0.000000
0.000000
0.000114
0.000000
0.000000
0.000000
0.000000
0.000000
0.000000
0.000000
0.000000
0.000000
0.000000
0.000000
0.000000
0.000000
0.000000
0.000064
0.000000
0.000000
0.000000
0.000000
0.000000
0.000000
0.000000
0.000000
0.000000
0.110278
0.000000
0.000000
0.000000
0.000000
0.000000
0.000000
0.004749
0.000000
0.000000
0.000000
0.000000
0.000024
0.000000
0.000000
0.000000
0.018164
0.000000
0.000000
0.000000
0.000000
0.000000
0.861343
0.000000
0.000000
0.000000
0.000000
0.000028
0.000000
0.000000
0.000000
0.000000
0.000000
0.000000
0.000000
0.000000
0.000000
0.000000
0.000000
0.000000
0.000000
0.000000
0.000000
0.010239
0.000000
0.271310
0.000000
0.030534
0.000000
0.000000
0.000000
0.000000
0.008256
0.000000
0.000179
0.000000
0.000000
0.000000
0.000086
0.000000
0.000000
0.000009
0.000000
0.000000
0.000000
0.000000
0.000000
0.000000
0.000000
0.000000
0.055065
0.000000
0.000000
0.000000
0.000000
0.000000
0.000000
0.000000
0.000000
0.000000
0.000000
0.000000
0.000000
0.000000
0.000000
0.000001
0.000000
0.000000
0.000000
0.000000
0.000003
0.000000
0.000000
0.000000
0.000000
0.000000
0.000000
0.035661
0.000000
0.000000
0.114237
0.000000
0.000000
0.000000
0.830333
0.000000
0.000000
0.000000
0.000000
0.521931
0.000000
0.000000
0.004026
0.000000
0.000000
0.000000
0.000000
0.000003
0.000000
0.000000
0.004824
0.000000
0.015901
0.000000
0.000086
0.000000
0.007241
0.000000
0.000000
0.000878
0.000087
0.000000
0.000000
0.000000
0.000000
0.000000
0.000000
0.000000
0.000000
0.000000
0.000000
0.109374
0.000000
0.000000
0.000000
0.119914
0.000000
0.000000
0.000000
0.000000
0.000000
0.000000
0.000000
0.000000
0.054509
0.000000
0.000000
0.000000
0.006441
0.000000
0.000953
0.025978
0.107038
0.000000
0.000000
0.000000
0.010734
0.984503
0.054655
0.000000
0.000000
0.000000
0.048398
0.000000
0.000000
0.000000
0.000000
0.000000
0.000000
0.182073
0.000000
0.007770
0.000000
0.000000
0.000000
0.000000
0.000000
0.000000
0.001047
0.000000
0.000000
0.000000
0.000000
0.000163
0.000000
0.000000
0.169487
0.000000
0.000000
0.257475
0.000000
0.000000
0.004438
0.000000
0.000000
0.000000
0.000000
0.000000
0.000000
0.000000
0.000000
0.075908
0.000000
0.000000
0.036205
0.003021
0.000000
0.000000
0.076607
0.030541
0.000005
0.000000
0.000000
0.000000
0.193208
0.000440
0.030766
0.000000
0.000000
0.000000
0.012215
0.000000
0.033187
0.013460
0.000000
0.000000
0.000000
0.000000
0.239094
0.000000
0.000237
0.751793
0.000000
0.000000
0.000037
0.000000
0.327424
0.000000
0.000000
0.000000
0.000000
0.000000
0.000038
0.000000
0.000000
0.455070
0.000000
0.000000
0.000000
0.000000
0.000000
0.000000
0.000000
0.078796
0.000000
0.139680
0.000000
0.000000
0.000000
0.000000
0.000000
0.000000
0.000000
0.000000
0.000000
0.081237
0.000000
0.000000
0.000000
0.000000
0.907356
0.000000
0.000000
0.884089
0.000000
0.000000
0.000000
0.000000
0.011039
0.000000
0.000000
0.000000
0.130677
0.000000
0.000000
0.000671
0.000000
0.000000
0.000000
0.000159
0.000000
0.000000
0.000000
0.038089
0.000000
0.000000
0.000000
0.000000
0.000000
0.000000
0.000000
0.000154
0.000000
0.000000
0.000000
0.000000
0.000000
0.000000
0.000000
0.000000
0.000000
0.000000
0.000000
0.437985
0.000000
0.000000
0.000000
0.084302
0.000000
0.000000
0.000000
0.000000
0.244326
0.000000
0.000000
0.000000
0.000000
0.000000
0.332768
0.000000
0.144493
0.054021
0.000000
0.000000
0.000000
0.000007
0.000000
0.000168
0.613873
0.004696
0.000000
0.000000
0.000007
0.000000
0.008707
0.000000
0.000000
0.002032
0.000000
0.000000
0.000000
0.000000
0.085896
0.279372
0.000000
0.000000
0.000000
0.000000
0.000051
0.000000
0.047722
0.000000
0.000000
0.000556
0.000203
0.000000
0.000000
0.000000
0.000000
0.000000
0.000178
0.000000
0.000000
0.000516
0.000000
0.000191
0.029888
0.246961
0.000000
0.000000
0.000000
0.000000
0.000000
0.000000
0.000000
0.000000
0.000000
0.524927
0.118630
0.000000
0.000026
0.000000
0.000000
0.000067
0.000000
0.000000
0.000000
0.012768
0.000000
0.000000
0.000000
0.013653
0.000188
0.077641
0.001042
0.000000
0.000000
0.000000
0.006633
0.000000
0.000000
0.000000
0.000033
0.000000
0.000000
0.512354
0.000000
0.774247
0.000000
0.032194
0.000000
0.000000
0.000000
0.000000
0.000000
0.000000
0.000000
0.000000
0.179256
0.000000
0.000000
0.000000
0.000000
0.000000
0.000000
0.000000
0.000000
0.000000
0.000000
0.004891
0.000000
0.182853
0.000000
0.000000
0.000000
0.000000
0.100458
0.000000
0.000000
0.002923
0.011978
0.000000
0.000000
0.000000
0.000000
0.000227
0.000000
0.000000
0.000000
0.000000
0.000000
0.000000
0.000000
0.000000
0.000000
0.000845
0.000000
0.198787
0.000000
0.000000
0.000000
0.000000
0.000000
0.000000
0.000000
0.000037
0.000000
0.000000
0.000000
0.950142
0.000000
0.000052
0.000000
0.000000
0.049847
0.000000
0.588881
0.000000
0.000000
0.233366
0.000000
0.000000
0.000000
0.000000
0.000000
0.000000
0.000000
0.000000
0.000000
0.000000
0.000000
0.000000
0.000000
0.568420
0.000057
0.000000
0.000000
0.000000
0.000000
0.000000
0.000000
0.000000
0.000000
0.024792
0.040138
0.539498
0.001104
0.000000
0.000002
0.002736
0.000000
0.000000
0.000000
0.000000
0.017376
0.000000
0.001247
0.000000
0.000000
0.000000
0.000000
0.004724
0.000000
0.000000
0.000000
0.000000
0.000000
0.000000
0.002561
0.000000
0.001356
0.000000
0.000000
0.000184
0.000000
0.000000
0.000000
0.000000
0.000000
0.000000
0.000000
0.000000
0.000132
0.000000
0.000000
0.000000
0.000000
0.000074
0.000000
0.000000
0.000000
0.000000
0.003109
0.000000
0.000000
0.015383
0.000379
0.000000
0.000000
0.000246
0.000000
0.000142
0.000000
0.000000
0.000000
0.000553
0.000000
0.000000
0.000000
0.000000
0.000000
0.040209
0.000000
0.000000
0.009485
0.000000
0.000000
0.000000
0.000000
0.000000
0.000000
0.000000
0.000012
0.135556
0.000000
0.000000
0.000000
0.000000
0.000000
0.000000
0.000000
0.000000
0.000001
0.000000
0.000000
0.005683
0.000000
0.000000
0.000000
0.000000
0.005689
0.000000
0.000000
0.899063
0.000001
0.000000
0.013849
0.000000
0.000000
0.000000
0.000000
0.000000
0.000000
0.000000
0.000000
0.000000
0.000000
0.000000
0.584567
0.002654
0.000000
0.000000
0.000018
0.000000
0.000029
0.160680
0.000000
0.000000
0.000000
0.000003
0.000000
0.000000
0.000000
0.000000
0.040454
0.000000
0.000000
0.191941
0.000000
0.000000
0.000000
0.000000
0.005957
0.000000
0.000000
0.000000
0.000000
0.000000
0.000000
0.163263
0.000000
0.000000
0.000945
0.000000
0.000000
0.000000
0.000016
0.000000
0.000103
0.000000
0.000000
0.000000
0.033944
0.000000
0.000000
0.000000
0.000000
0.000000
0.000000
0.000000
0.000000
0.000000
0.000000
0.000000
0.006707
0.040098
0.000286
0.879636
0.000000
0.000713
0.008485
0.000000
0.000000
0.006042
0.000000
0.000000
0.000000
0.000000
0.000000
0.000000
0.000000
0.000000
0.000000
0.000000
0.002332
0.000000
0.000000
0.000000
0.000000
0.026570
0.000000
0.000000
0.000000
0.000000
0.000000
0.000000
0.673901
0.325861
0.000000
0.000000
0.000000
0.000002
0.000000
0.000000
0.000000
0.000189
0.000000
0.000000
0.000364
0.000726
0.000000
0.000000
0.000000
0.000000
0.000000
0.000000
0.000000
0.000000
0.000000
0.000000
0.000000
0.000000
0.000000
0.001871
0.000000
0.000000
0.000000
0.000000
0.000000
0.000000
0.000000
0.000000
0.000000
0.000000
0.000000
0.000000
0.000000
0.000218
0.000000
0.000000
0.000000
0.001258
0.069388
0.000000
0.000000
0.000000
0.000000
0.000000
0.000000
0.000000
0.000000
0.000000
1.000000
0.000000
0.000000
0.000000
0.000000
0.036093
0.086048
0.000000
0.000000
0.000000
0.000000
0.000000
0.000000
0.000000
0.012162
0.000000
0.000000
0.016971
0.000000
0.000000
0.000000
0.000000
0.000000
0.000000
0.000000
0.000000
0.006923
0.000000
0.000000
0.017203
0.000000
0.000000
0.000000
0.000000
0.091101
0.000891
0.000022
0.000000
0.000000
0.000000
0.000000
0.015463
0.002360
0.000000
0.000187
0.000000
0.000000
0.000000
0.000000
0.000000
0.000000
0.000000
0.000000
0.000000
0.000002
0.000000
0.039747
0.429470
0.000000
0.000000
0.000000
0.000000
0.000000
0.000000
0.003709
0.000759
0.000000
0.903779
0.000000
0.000000
0.000000
0.050995
0.000000
0.251339
0.000000
0.000000
0.000000
0.000000
0.000000
0.000002
0.221793
0.000000
0.000000
0.000068
0.000000
0.000000
0.000000
0.000275
0.000000
0.000000
0.049695
0.000000
0.000000
0.000000
0.000000
0.000000
0.000000
0.542223
0.000000
0.000597
0.000216
0.000000
0.000000
0.000000
0.000000
0.000000
0.000000
0.000000
0.000000
0.000000
0.000000
0.000206
0.001735
0.000000
0.000000
0.000000
0.001479
0.000000
0.073517
0.000039
0.000000
0.000026
0.000000
0.000000
0.000000
0.000000
0.000000
0.000000
0.000000
0.000000
0.000000
0.000000
0.045473
0.000000
0.000000
0.000000
0.001151
0.000000
0.000000
0.000000
0.000000
0.001231
0.000000
0.000000
0.000000
0.000000
0.000000
0.000000
0.000000
0.001800
0.000000
0.000000
0.006015
0.000000
0.000000
0.049493
0.000144
0.000000
0.000000
0.000000
0.013222
0.000000
0.000000
0.000000
0.000000
0.000000
0.000700
0.000000
0.000000
0.000000
0.000000
0.016354
0.000000
0.000000
0.000000
0.000000
0.000007
0.030354
0.000000
0.826348
0.000000
0.000286
0.000000
0.000000
0.924633
0.000000
0.000000
0.000000
0.000000
0.000145
0.001418
0.000000
0.009335
0.000000
0.000000
0.000000
0.000000
0.000000
0.006388
0.000000
0.004473
0.000000
0.000000
0.000000
0.000000
0.000026
0.000000
0.000000
0.002803
0.000000
0.001285
0.000000
0.000000
0.000000
0.000000
0.000000
0.000000
0.000000
0.000000
0.000000
0.000000
0.000000
0.000000
0.000000
0.000000
0.000000
0.000000
0.000000
0.000000
0.000000
0.000000
0.000000
0.000000
0.221941
0.000000
0.000000
0.000000
0.000001
0.000000
0.000000
1.000000
0.000034
0.000000
0.000000
0.000000
0.000000
0.002238
0.000000
0.000000
0.000000
0.000000
0.000000
0.000000
0.000000
0.000000
0.000000
0.000000
0.000000
0.000000
0.000000
0.000000
0.000000
0.000677
0.508783
0.000000
0.010540
0.000000
0.000000
0.671919
0.000000
0.000000
0.000000
0.000000
0.000000
0.000000
0.325244
0.000000
0.056114
0.000000
0.058228
0.000000
0.000000
0.000000
0.000000
0.000000
0.000000
0.001634
0.000128
0.000000
0.000000
0.032434
0.000000
0.000000
0.000000
0.361892
0.000000
0.000012
0.000000
0.000000
0.000000
0.000000
0.000000
0.000000
0.017561
0.000592
0.000000
0.000000
0.000000
0.055940
0.000078
0.000000
0.000000
0.000000
0.000000
0.000000
0.000000
0.000000
0.000000
0.000000
0.000116
0.101875
0.000000
0.000000
0.000000
0.000000
0.000000
0.000000
0.000000
0.000000
0.049926
0.008340
0.000000
0.000001
0.000000
0.000000
0.000014
0.000000
0.000000
0.000000
0.000000
0.005975
0.000000
0.001654
0.000000
0.000000
0.037771
0.007560
0.000000
0.854492
0.000909
0.921544
0.012614
0.000000
0.000000
0.001267
0.000000
0.000000
0.000000
0.000000
0.000000
0.000425
0.000000
0.000000
0.000000
0.016829
0.000000
0.000000
0.000000
0.000000
0.000000
0.000003
0.000000
0.000000
0.000000
0.000000
0.000000
0.000000
0.000000
0.000139
0.000000
0.000000
0.402793
0.000000
0.000000
0.000000
0.000279
0.000000
0.000000
0.000000
0.000711
0.000000
0.000000
0.000000
0.240123
0.000000
0.763479
0.000000
0.039035
0.009113
0.052358
0.000000
0.007103
0.000000
0.000000
0.000000
0.000000
0.000000
0.000000
0.020242
0.000000
0.000000
0.000000
0.000000
0.000000
0.000000
0.000000
0.000000
0.000000
0.000000
0.000000
0.000000
0.000000
0.000000
0.000000
0.000000
0.000089
0.000000
0.000000
0.000000
0.000000
0.001295
0.000000
0.185619
0.002370
0.000000
0.000000
0.186533
0.000000
0.000000
0.000000
0.000000
0.000000
0.000000
0.000002
0.000000
0.000000
0.000000
0.524414
0.000000
0.000000
0.000000
0.013302
0.023965
0.000000
0.000000
0.000000
0.028914
0.000000
0.001273
0.000000
0.013893
0.000000
0.000000
0.000000
0.000000
0.000000
0.000000
0.000000
0.000000
0.000000
0.000000
0.000000
0.000000
0.633822
0.000000
0.000000
0.000000
0.000000
0.000000
0.000538
0.002052
0.000000
0.000000
0.000000
0.000052
0.000000
0.000000
0.000000
0.000000
0.000035
0.000108
0.000002
0.000000
0.000000
0.000000
0.000000
0.000360
0.088716
0.000000
0.000000
0.000000
0.000079
0.000000
0.000000
0.000720
0.000000
0.000000
0.000000
0.000000
0.000000
0.002056
0.000158
0.000000
0.002798
0.095897
0.000000
0.377518
0.000000
0.000000
0.000532
0.000000
0.000000
0.000001
0.000000
0.004431
0.000000
0.000000
0.000000
0.000000
0.000000
0.000000
0.000000
0.000396
0.000000
0.000000
0.005076
0.000000
0.000000
0.000000
0.107607
0.026988
0.000000
0.000000
0.150357
0.000000
0.000088
0.000000
0.000000
0.000000
0.016758
0.000000
0.000000
0.000000
0.000000
0.000000
0.000000
0.003091
0.000000
0.000001
0.000000
0.000000
0.000000
0.000000
0.000000
0.000000
0.000000
0.000000
0.000000
0.000000
0.000000
0.000000
0.012002
0.000000
0.000000
0.000000
0.356024
0.000029
0.000000
0.000000
0.000000
0.000761
0.000000
0.003306
0.000107
0.000000
0.269009
0.000000
0.000000
0.000000
0.000000
0.228073
0.000000
0.009491
0.000057
0.000000
0.004358
0.000000
0.000000
0.240078
0.000000
0.000000
0.000000
0.000000
0.000000
0.128802
0.000000
0.000083
0.000000
0.000000
0.000000
0.000000
0.012385
0.000000
0.000000
0.000000
0.000000
0.000000
0.000000
0.000000
0.000000
0.000312
0.000000
0.000000
0.000000
0.000000
0.000000
0.000000
0.000000
0.000057
0.000000
0.000000
0.000000
0.000000
0.000000
0.000000
0.004779
0.000000
0.000011
0.001093
0.000000
0.000000
0.000000
0.001373
0.000000
0.000000
0.000000
0.000000
0.000000
0.000000
0.035967
0.000000
0.503450
0.000000
0.000038
0.381831
0.000000
0.000000
0.000000
0.000000
0.000000
0.000000
0.000000
0.000000
0.001087
0.000112
0.000000
0.000040
0.000007
0.000000
0.000000
0.000002
0.000000
0.000000
0.000000
0.007600
0.000000
0.000000
0.000000
0.001420
0.000000
0.000000
0.000000
0.008038
0.000000
0.000000
0.000000
0.000000
0.000000
0.000000
0.000000
0.000000
0.010004
0.000000
0.000000
0.000000
0.000000
0.001112
0.000000
0.000000
0.000000
0.000000
0.000000
0.000000
0.000000
0.000000
0.032358
0.000000
0.338228
0.000000
0.000000
0.000000
0.090040
0.000000
0.000000
0.000000
0.018463
0.000041
0.336297
0.000000
0.000458
0.000000
0.023964
0.238122
0.000000
0.000000
0.000000
0.000000
0.000000
0.000031
0.000000
0.000000
0.018084
0.000000
0.000000
0.000000
0.000126
0.000000
0.105630
0.000000
0.000000
0.000000
0.000000
0.000000
0.000000
0.000000
0.000000
0.000006
0.999935
0.000000
0.007777
0.000000
0.000000
0.000000
0.000000
0.000000
0.000000
0.000000
0.000000
0.000000
0.000000
0.663710
0.000000
0.093745
0.064548
0.072988
0.000000
0.000000
0.000031
0.000000
0.000000
0.000054
0.000000
0.000000
0.000000
0.000000
0.000210
0.005088
0.000000
0.000000
0.000000
0.000070
0.000000
0.620754
0.000000
0.000000
0.000000
0.000000
0.000000
0.000000
0.002941
0.000000
0.000000
0.000000
0.000000
0.000000
0.000000
0.000000
0.011550
0.000000
0.000000
0.000000
0.000000
0.000000
0.000000
0.000000
0.000000
0.000000
0.000000
0.000000
0.000000
0.000000
0.000000
0.097655
0.000000
0.000000
0.000000
0.003972
0.052540
0.000000
0.000000
0.042530
0.000065
0.000000
0.048482
0.000000
0.000001
0.000000
0.000000
0.000000
0.000000
0.000000
0.056617
0.000000
0.000000
0.000000
0.000000
0.000000
0.000000
0.000000
0.000043
0.000000
0.000000
0.000000
0.000000
0.000000
0.000000
0.000035
0.000000
0.000103
0.004662
0.000000
0.000000
0.000000
0.000000
0.000000
0.017616
0.000000
0.000000
0.000000
0.000000
0.000000
0.000000
0.125899
0.000000
0.000000
0.000000
0.000000
0.000000
0.013251
0.000000
0.000000
0.000000
0.002190
0.061787
0.000000
0.000000
0.000000
0.000000
0.000000
0.000000
0.000000
0.000000
0.000000
0.000000
0.000000
0.000017
0.000000
0.000014
0.056759
0.000000
0.000000
0.000000
0.000000
0.000000
0.000000
0.000000
0.000000
0.000005
0.000000
0.000009
0.000000
0.000132
0.000324
0.000000
0.000000
0.000000
0.000000
0.000000
0.000000
0.044846
0.000000
0.000000
0.000000
0.000000
0.000000
0.003858
0.002423
0.000000
0.010199
0.000000
0.000000
0.000000
0.000000
0.000155
0.000000
0.000008
0.001551
0.000000
0.000000
0.000000
0.000016
0.000000
0.190729
0.154368
0.000000
0.000322
0.000000
0.003193
0.000000
0.000193
0.000000
0.000000
0.035737
0.000000
0.145560
0.000000
0.000000
0.000000
0.000000
0.000000
0.000000
0.000000
0.000000
0.000174
0.000000
0.000000
0.000000
0.000000
0.000000
0.000000
0.000000
0.026440
0.000000
0.000000
0.000000
0.000000
0.000316
0.000000
0.000000
0.000000
0.000000
0.499674
0.000117
0.000000
0.000000
0.000000
0.637875
0.000000
0.000860
0.000000
0.085818
0.000000
0.000000
0.000000
0.000000
0.000000
0.000000
0.000000
0.000000
0.000864
0.000000
0.000000
0.000059
0.000000
0.000000
0.000000
0.000000
0.000000
0.000000
0.000000
0.000000
0.000000
0.000000
0.048876
0.000000
0.000000
0.000000
0.000000
0.000000
0.000000
0.000000
0.000001
0.000001
0.000000
0.000000
0.000000
0.000000
0.028860
0.000000
0.000000
0.000087
0.000000
0.000000
0.000000
0.000000
0.000000
0.000000
0.000000
0.000000
0.000000
0.000000
0.000000
0.000000
0.000000
0.000000
0.000000
0.000000
0.000000
0.000752
0.000000
0.000000
0.000000
0.000000
0.000000
0.000000
0.000000
0.000000
0.001323
0.000000
0.000000
0.000000
0.314990
0.000000
0.000000
0.305802
0.000000
0.000000
0.000000
0.000000
0.000000
0.658154
0.000000
0.000000
0.000000
0.000024
0.000000
0.362694
0.000000
0.033314
0.000342
0.000002
0.000000
0.000000
0.000000
0.000000
0.000059
0.000000
0.000000
0.044606
0.000000
0.000000
0.036065
0.000000
0.031449
0.000000
0.460145
0.000000
0.121340
0.000000
0.000000
0.000000
0.000000
0.000000
0.000000
0.000000
0.000000
0.000000
0.000000
0.000000
0.039435
0.000000
0.004816
0.000184
0.000000
0.000000
0.000000
0.000000
0.000000
0.000000
0.000000
0.000000
0.000021
0.000000
0.000000
0.000000
0.000000
0.000290
0.000000
0.191929
0.000000
0.000000
0.707118
0.000000
0.000000
0.000000
0.000099
0.000000
0.000000
0.000000
0.000073
0.000000
0.000000
0.284725
0.000000
0.089680
0.000000
0.000695
0.000000
0.001592
0.000000
0.780929
0.000000
0.000000
0.000000
0.008890
0.000000
0.000000
0.000028
0.161545
0.000000
0.185006
0.000000
0.000000
0.000000
0.000000
0.000000
0.000000
0.000000
0.000000
0.013482
0.000000
0.000000
0.000000
0.000000
0.218187
0.000000
0.012230
0.001580
0.000751
0.000000
0.000018
0.001563
0.000000
0.000000
0.000000
0.000000
0.000000
0.000000
0.000000
0.000000
0.000000
0.122946
0.000000
0.000000
0.000666
0.000000
0.254418
0.000000
0.022247
0.000000
0.000000
0.001237
0.000000
0.000000
0.000000
0.000000
0.000000
0.000000
0.000000
0.000000
0.000000
0.000000
0.000000
0.000000
0.000000
0.172232
0.000000
0.000000
0.000000
0.005417
0.000000
0.000000
0.368416
0.000000
0.000000
0.000000
0.000000
0.033684
0.039441
0.000000
0.000000
0.000000
0.000000
0.000000
0.544137
0.000000
0.001123
0.000000
0.000000
0.000000
0.000000
0.014232
0.000000
0.000000
0.023367
0.000000
0.000000
0.075053
0.000000
0.000129
0.000002
0.000000
0.000000
0.000000
0.000010
0.000000
0.000000
0.009452
0.000180
0.000000
0.000800
0.000000
0.000006
0.000000
0.000000
0.000000
0.000000
0.015350
0.000000
0.001390
0.000000
0.061533
0.630044
0.000029
0.000000
0.000042
0.000027
0.000000
0.000000
0.000000
0.524261
0.000014
0.000000
0.533441
0.051435
0.000000
0.000000
0.000000
0.000000
0.000000
0.000000
0.000000
0.020575
0.000000
0.000000
0.000000
0.000000
0.000000
0.001569
0.000081
0.000000
0.000000
0.000390
0.000000
0.000000
0.000095
0.000000
0.000000
0.016009
0.000000
0.000000
0.000000
0.000000
0.000000
0.000000
0.029762
0.000000
0.000000
0.000000
0.000000
0.000000
0.000000
0.000129
0.000000
0.002257
0.000000
0.000000
0.000000
0.000000
0.000000
0.000000
0.000000
0.000000
0.000000
0.000000
0.000000
0.000000
0.000000
0.000000
0.558209
0.000914
0.000000
0.000000
0.000000
0.000000
0.000000
0.028345
0.000083
0.000000
0.010180
0.000000
0.000000
0.000000
0.000000
0.000000
0.000000
0.000000
0.000000
0.000000
0.000000
0.000000
0.000000
0.000000
0.000000
0.000000
0.000000
0.000000
0.026852
0.103203
0.001556
0.000000
0.000000
0.000000
0.000000
0.000000
0.101860
0.000000
0.000000
0.000000
0.000000
0.017233
0.000312
0.052955
0.000000
0.000000
0.000000
0.000000
0.000000
0.000000
0.000000
0.000000
0.000000
0.000000
0.000000
0.000249
0.000000
0.000036
0.000000
0.000000
0.524868
0.000000
0.000184
0.000163
0.000000
0.000000
0.000000
0.000000
0.014074
0.000000
0.000000
0.000000
0.015974
0.000000
0.000000
0.000000
0.000000
0.000608
0.000000
0.450584
0.000014
0.000000
0.000000
0.000000
0.000000
0.000000
0.000000
0.000000
0.000000
0.000000
0.000000
0.000000
0.000000
0.000021
0.000000
0.000000
0.001016
0.000000
0.585741
0.000000
0.000000
0.000000
0.000000
0.000275
0.000001
0.000000
0.000000
0.000412
0.000000
0.000000
0.224618
0.000000
0.000000
0.000000
0.000000
0.000000
0.004222
0.000000
0.000000
0.000000
0.013647
0.000000
0.013290
0.998594
0.000000
0.000000
0.000431
0.000001
0.000000
0.000000
0.000000
0.000000
0.000000
0.000000
0.000000
0.000000
0.000000
0.000000
0.000000
0.000000
0.000000
0.010326
0.000000
0.000000
0.000000
0.000000
0.052917
0.000000
0.000000
0.000000
0.371985
0.000000
0.000000
0.000000
0.000000
0.000000
0.000425
0.000109
0.000000
0.000000
0.000000
0.000000
0.000000
0.000000
0.000000
0.000000
0.000000
0.000000
0.000000
0.000000
0.000000
0.000000
0.000000
0.000000
0.004114
0.000000
0.001194
0.000000
0.000000
0.002754
0.000000
0.000000
0.000000
0.002575
0.000151
0.000000
0.821917
0.000000
0.000000
0.000000
0.000000
0.000791
0.000000
0.000000
0.000000
0.000000
0.009681
0.000000
0.000000
0.000000
0.000000
0.042295
0.075249
0.000000
0.000000
0.000000
0.000000
0.000000
0.000000
0.000000
0.000000
0.000000
0.000000
0.000225
0.016061
0.000009
0.000000
0.067606
0.006980
0.000000
0.000000
0.000000
0.000000
0.000000
0.000000
0.111847
0.694856
0.000000
0.000000
0.000000
0.000000
0.000000
0.000000
0.000000
0.000000
0.000000
0.000000
0.000000
0.000000
0.000000
0.000000
0.000000
0.000000
0.000000
0.000000
0.000000
0.000000
0.005749
0.114819
0.000000
0.000000
0.000000
0.080163
0.000000
0.000000
0.000000
0.000000
0.000000
0.000000
0.000000
0.000001
0.000000
0.000000
0.000000
0.000000
0.000000
0.000000
0.000000
0.000000
0.000000
0.000000
0.000000
0.000000
0.000000
0.000000
0.000000
0.000006
0.000000
0.000000
0.636259
0.003141
0.386004
0.000000
0.000000
0.000000
0.000223
0.000000
0.000000
0.000000
0.000000
0.000000
0.000000
0.000000
0.342961
0.000000
0.000167
0.000047
0.000000
0.019160
0.000000
0.000000
0.000000
0.000113
0.000000
0.000000
0.000000
0.000000
0.000023
0.000000
0.049776
0.000000
0.000009
0.084268
0.000000
0.000000
0.000000
0.000000
0.007971
0.000000
0.000000
0.000000
0.519105
0.000000
0.000000
0.000000
0.000031
0.000000
0.000000
0.134703
0.000000
0.000000
0.000000
0.000000
0.000000
0.000000
0.000331
0.417861
0.000000
0.000000
0.019073
0.000000
