0.853275
0.000000
1.000000
0.092557
0.903838
0.056771
0.561605
0.234313
0.501008
0.000000
0.060567
0.231397
0.259214
0.992046
0.433234
0.207512
0.213153
0.999659
0.945869
0.020426
0.866421
0.079501
0.495951
0.725732
0.999175
0.136223
0.041185
0.035773
0.844416
0.159270
0.041117
0.474016
0.318836
0.806367
0.267613
0.399277
0.541517
0.500919
0.669543
0.900419
0.000000
0.464503
0.509215
0.079375
0.842120
0.078087
0.830096
0.697821
0.024047
0.415369
0.054340
0.387121
0.039030
1.000000
0.000000
0.032319
0.327510
0.995722
0.119103
0.111734
0.992749
0.030794
0.204857
0.180881
0.763912
0.935824
0.065636
0.486851
0.389228
0.275592
0.999966
0.143395
1.000000
0.973360
1.000000
0.378398
0.110761
0.755254
0.243945
0.000000
1.000000
1.000000
0.939722
0.988020
0.035451
0.431156
0.023438
0.922713
0.000000
0.206828
0.893353
0.330637
0.998635
0.010089
0.679703
1.000000
0.999667
0.765269
0.377086
0.000000
0.041717
0.424164
0.999991
0.000000
0.998345
1.000000
0.118412
0.674072
0.683192
0.851283
0.457946
0.744739
0.309135
0.000000
0.709683
1.000000
1.000000
0.437276
0.279314
0.355048
0.000000
0.322545
0.891385
0.922155
0.218290
0.030942
0.000000
1.000000
0.000000
0.277481
1.000000
0.110992
0.999631
0.235098
0.115185
0.880610
0.106650
0.288931
0.564189
0.134035
0.000000
0.999999
0.309643
0.409793
0.312077
0.000000
0.000000
0.038392
0.532914
0.756199
0.024521
0.503279
0.821973
0.792094
0.051530
0.909514
0.355356
0.635137
0.903913
0.000000
0.000000
0.000000
0.763474
0.704479
0.058647
0.029851
0.914706
0.802324
0.985534
0.941656
0.999850
0.293507
0.400088
0.900547
0.952613
0.820544
0.910096
0.102685
0.618325
0.023358
0.514141
0.824618
0.152025
0.907928
0.008655
0.080050
0.807233
0.105704
0.327769
0.162791
1.000000
0.837861
0.778252
0.046876
0.898011
0.725056
0.735443
0.104802
0.996575
0.073680
0.086265
0.637321
0.706397
0.997220
0.482885
1.000000
0.137205
0.874833
0.908595
0.527209
0.544284
0.117950
0.021145
0.953126
0.998239
0.021725
0.771506
0.599807
0.255150
0.999995
0.608401
0.237565
0.196215
0.725760
0.042553
0.101964
1.000000
0.341656
0.165719
0.221903
0.335211
0.990118
0.000000
0.301382
0.415532
0.157330
0.089269
0.069099
0.044045
0.000000
0.422294
0.111235
0.922513
0.992481
0.476851
0.310215
0.453488
0.629064
0.119510
0.067719
0.500056
0.919084
0.999905
0.906639
0.082618
0.289785
0.149084
1.000000
0.038739
0.004009
0.754507
0.914451
0.119725
0.312584
0.818132
0.567667
0.130858
0.513466
0.219590
0.033714
0.987998
0.473175
0.999998
0.696148
0.245535
0.566756
0.583276
0.668129
0.000000
0.761180
0.213606
0.347608
0.585038
0.172203
0.042456
0.587104
0.158232
0.229315
0.997540
0.999993
0.475093
0.045945
0.269241
0.109174
0.139048
0.150249
0.353782
0.000000
0.131193
0.905510
0.816604
0.689670
0.287653
0.607226
0.976433
0.270371
0.061239
0.020231
0.610349
0.057404
0.000000
0.000000
0.807551
0.475737
0.886227
0.449803
0.516036
0.734026
1.000000
0.310396
0.066845
0.029470
0.707208
1.000000
1.000000
0.999949
0.791464
0.106536
0.179660
1.000000
0.033935
0.898733
1.000000
0.080408
0.316256
0.476537
0.463838
0.090383
0.955959
0.000000
0.782935
0.984074
0.913131
0.068877
0.565169
0.699827
0.817590
0.742314
0.708850
0.627045
0.439716
0.267867
0.941241
0.756061
0.006056
0.047977
0.149341
0.085881
0.946646
0.092138
0.875925
0.997274
0.926860
0.213773
0.452070
0.031937
0.889667
0.232172
0.464740
0.185949
1.000000
0.986798
0.217076
0.849783
0.129268
0.054226
0.276096
0.999650
0.592642
0.982642
0.137334
0.292395
0.199399
0.155065
0.188317
0.778475
0.198781
0.439233
0.396237
0.482033
0.814571
0.000000
0.500850
0.463821
0.498496
0.276497
0.799968
0.212825
0.950165
0.117539
0.469554
0.229972
0.832619
0.600032
0.620181
0.551314
0.849779
0.999858
0.673612
0.018940
0.676586
0.643009
1.000000
0.822579
0.921172
0.319300
0.131415
0.577028
0.110405
0.028565
0.937482
0.061174
0.081591
0.858195
0.368950
0.960452
0.000000
0.061013
0.830193
0.000000
0.779898
1.000000
0.057879
1.000000
0.735259
0.961960
0.252380
0.059224
0.138949
0.226222
0.981465
0.993157
0.985798
0.462958
0.893006
0.287806
0.196636
0.252817
0.723956
0.001505
0.470140
0.651780
0.077072
0.972703
0.041529
0.072405
0.079995
0.000000
0.283773
0.601455
0.088906
0.925322
0.442204
0.831803
0.138587
0.000000
0.844612
0.000000
0.986720
0.998065
1.000000
0.035942
0.196170
0.658019
0.055421
0.019210
0.693335
0.225640
0.781190
0.945442
0.103404
0.023250
0.360600
0.191565
0.556991
0.111507
0.023105
0.096294
0.200354
0.527991
0.315140
0.000000
0.060854
0.396448
0.354290
0.203758
0.912463
0.120937
0.999999
0.999680
0.968224
0.240236
0.311070
0.921800
0.999999
0.074381
0.564347
0.999984
0.605553
0.146819
0.553701
0.060987
0.993365
0.393747
0.011000
0.641417
0.497693
0.037531
0.018056
0.303989
0.982324
1.000000
0.440827
0.492110
0.998026
0.000000
0.848190
0.000000
0.103224
0.705530
0.744600
0.357816
0.992938
0.338398
0.990623
0.527630
0.078318
0.465024
0.744672
0.999940
0.669591
0.974502
0.091919
0.458233
0.575781
0.960519
0.946253
0.141200
0.758231
0.936881
0.910357
0.000000
0.089084
1.000000
0.000000
0.058702
0.134173
0.635930
0.769358
0.263525
0.541886
0.999823
0.172045
0.940466
0.996162
0.144134
0.816865
0.397488
0.786477
0.051118
0.162262
1.000000
0.593186
0.029022
0.062794
0.973512
0.128198
0.431508
1.000000
0.035614
0.998949
0.069500
0.762309
0.435714
0.437836
0.890417
0.635099
0.410034
0.781146
0.485592
0.999995
0.363475
0.054197
0.190956
1.000000
0.682926
0.996278
0.278691
0.000000
0.854163
0.000000
0.691688
0.727508
0.606970
1.000000
0.497055
0.257498
0.973916
0.930864
0.355136
0.806437
0.515695
0.263675
0.854988
0.178268
0.971872
0.986736
0.755489
0.116309
0.923040
0.169057
0.091269
0.880456
0.493845
0.286613
0.997181
0.749316
0.380351
0.299979
0.000000
0.422719
0.083613
0.000000
0.337652
0.000000
0.000000
0.941536
0.475579
0.294129
0.264459
0.779616
0.159770
0.016720
0.334675
0.071132
0.663648
0.436187
0.100294
0.000000
0.463618
0.000000
0.071755
1.000000
0.999962
0.267785
0.584214
1.000000
0.909176
0.173048
0.306989
0.015170
1.000000
0.962378
0.080089
0.506580
0.495437
0.851649
0.184042
0.313349
0.167956
1.000000
0.020673
0.758736
0.070675
0.077605
0.057236
0.695449
0.125402
0.252735
0.209552
0.403298
0.458581
0.007505
0.999895
0.869516
0.711394
1.000000
0.960403
0.096876
0.211233
0.872589
0.058605
0.000000
0.144932
0.479402
0.067778
0.356444
0.999782
0.771969
0.077649
0.762504
0.261440
0.000000
0.982375
0.095570
0.567681
0.904294
0.999888
0.424515
0.151161
0.856296
0.332855
0.880687
0.083108
0.404057
0.038462
0.534364
0.929115
0.968627
1.000000
0.000000
0.960800
0.000000
0.638123
0.000000
0.000000
0.000000
0.949317
0.998831
0.302824
0.123187
0.895457
0.196595
0.474655
0.343866
0.160561
0.373035
0.752498
0.092538
0.290879
0.255557
0.062757
0.429087
0.162092
0.167795
0.775220
0.000000
0.638456
0.256471
0.494778
0.825579
0.000000
0.137602
0.235918
0.500177
0.824903
0.065757
0.759418
0.994609
0.000000
0.184947
0.839583
0.000000
0.557924
0.349075
0.295980
0.605456
0.062043
0.148882
0.086774
0.041140
0.408272
0.623661
0.068441
0.696461
1.000000
0.999963
0.000000
0.550780
0.255881
0.945906
0.124879
0.052153
0.445746
0.206173
0.525631
0.905716
1.000000
0.981438
0.067636
0.044498
0.767456
0.988505
0.017917
0.946447
0.199626
0.999442
0.985774
0.046790
0.000000
0.037485
1.000000
0.910718
0.999999
0.493424
0.000000
0.600550
0.109349
1.000000
0.082623
0.016077
0.592763
0.999895
1.000000
0.396142
0.000000
0.564061
1.000000
0.048354
0.234017
0.010288
0.000000
0.190344
0.999454
0.591642
0.760164
0.110889
0.000000
0.660642
0.906033
0.824027
0.894332
0.783559
0.123397
0.997809
0.084969
0.201012
0.261801
1.000000
0.768497
0.397085
0.814873
0.000000
0.552809
0.801046
0.086061
0.141924
0.926748
0.094483
0.997252
0.220989
0.023464
0.257961
0.868875
0.922255
0.192518
0.148347
0.950282
0.859566
1.000000
0.998716
0.187857
0.153409
0.069032
0.995735
0.980941
1.000000
1.000000
0.020541
0.065088
0.985245
0.064278
0.664174
0.952510
0.999999
0.436567
0.015243
0.894551
0.000000
0.000000
0.915646
0.635338
0.137814
0.624358
0.000000
0.000000
0.160527
0.999653
0.619086
0.712950
0.999946
0.214390
0.085267
0.372829
0.699033
0.612516
0.958472
0.113508
0.923186
0.000000
1.000000
0.201446
0.325690
1.000000
0.216595
0.383880
0.000000
0.026575
0.926339
0.999887
0.412377
0.869488
0.274070
1.000000
0.059260
0.856489
0.069881
0.550471
0.879264
0.000000
1.000000
0.186963
0.010560
0.167043
0.016219
0.000000
0.071025
0.252901
0.104941
0.179972
0.000000
0.412537
0.188249
0.030291
0.176372
0.994229
0.194918
0.293715
0.025727
0.000000
0.012205
0.629504
0.143820
0.187422
1.000000
0.046399
0.416761
0.000000
0.514160
0.943132
0.041325
0.030612
0.000000
0.441136
0.395158
0.887799
0.554833
0.978739
0.070161
0.504259
0.000000
0.858656
0.847187
0.747490
0.801935
0.072678
0.007000
0.403524
0.281658
0.992466
0.999999
0.851772
0.479091
0.896487
0.882766
0.998410
0.492908
0.051785
0.000000
0.000000
0.683198
0.109625
0.274765
0.167672
0.780915
0.999388
0.434833
0.032059
0.024993
0.999618
1.000000
0.000000
0.308235
0.265184
0.164265
0.168968
0.124811
0.210246
0.036123
0.993580
0.457521
0.900212
0.085953
0.009693
0.386332
0.000000
0.925633
0.726737
0.834635
0.662883
0.210909
0.879434
0.999854
0.000000
0.608744
0.097538
0.532918
0.893008
0.191335
0.198289
0.000000
0.296373
0.463389
0.275685
0.965435
0.141480
0.999996
0.680241
0.150943
0.000000
0.043966
0.849947
0.930021
0.337452
0.969444
0.321975
0.846464
0.404517
1.000000
0.966418
0.999771
0.005524
1.000000
0.054030
0.330865
0.110444
0.178809
0.442991
0.305498
0.000000
0.269162
0.106845
0.472366
0.973177
0.236811
0.296133
0.113235
0.296913
0.012961
0.866856
0.015343
0.155398
0.250897
0.000000
0.615751
0.300394
0.000000
0.786891
0.026589
0.731844
0.004693
0.791804
0.409676
0.799668
0.664032
0.883666
0.289261
0.373970
0.985212
0.220450
0.193013
0.013858
0.999999
0.038588
0.567595
0.591774
0.632219
0.114164
0.359278
1.000000
1.000000
0.258470
0.560164
0.970445
0.211162
0.828522
0.000000
0.999929
0.794330
0.318032
0.103944
0.431235
0.093699
0.467155
0.310494
0.077315
0.678323
0.273008
0.852311
0.296031
0.997971
0.995057
0.956125
0.084402
0.973903
0.148363
0.127484
0.092765
0.408309
0.666616
1.000000
0.071003
0.692242
0.335520
0.000000
0.109844
0.987796
0.676572
0.648805
0.471832
0.234626
0.493728
0.283066
0.077244
0.009262
0.031181
0.184049
0.952969
1.000000
0.991660
0.307504
0.084360
0.187507
0.464028
0.675811
0.875714
0.115115
0.432717
0.881395
0.391090
0.971976
0.988019
0.000000
0.000000
0.814594
0.831210
0.766868
0.000000
0.000000
0.187402
1.000000
0.211422
0.622487
0.823916
0.999330
0.174059
0.098961
0.123670
0.992774
0.324211
0.099184
0.624392
0.482149
0.936677
0.819044
0.374544
0.974636
0.506404
0.275360
0.055074
0.722811
0.568060
0.042123
0.295828
0.696339
0.000000
0.294368
0.101754
0.117669
0.726421
0.996240
0.000000
0.010962
0.008778
0.611346
0.934988
0.860172
0.147505
0.981058
0.384297
0.927945
0.330848
0.999912
0.275620
0.000000
0.704335
0.415182
0.462822
0.829878
0.016863
0.970694
0.936541
0.000000
0.090828
0.741427
0.618640
0.483967
0.137561
0.186195
0.633198
0.750629
0.994393
0.427900
0.932620
0.161609
0.627685
0.000000
0.000000
0.945553
0.434329
0.935702
0.546390
0.944409
0.891727
0.457655
0.190950
0.896087
0.981251
1.000000
0.045869
0.973510
0.995140
0.039824
0.452314
0.941252
1.000000
0.011868
0.755425
0.350163
0.261641
0.710353
0.343823
0.009654
0.581503
0.116673
1.000000
0.946543
0.291345
0.453923
0.579629
0.817481
0.547604
0.268413
0.502802
0.147805
0.164305
0.074141
0.310817
0.998865
0.181720
0.165018
0.229654
0.034706
0.209258
0.000000
0.221059
0.453436
0.214720
0.097954
0.039181
0.999975
0.805295
0.096909
0.727040
0.968263
0.443702
0.736167
0.574056
0.022112
0.513190
0.000000
0.189156
0.581021
0.188397
0.475272
0.461159
0.638680
0.000000
0.099285
0.135970
0.000000
0.400728
0.753015
0.000000
1.000000
0.790597
0.987711
0.688903
0.047793
0.807279
0.000000
0.822276
0.780585
1.000000
0.047519
0.999996
0.996365
0.849574
0.000000
0.861548
0.185728
0.000000
0.612810
0.025688
0.000000
0.208542
0.029345
1.000000
1.000000
0.000000
0.000000
0.156802
0.437912
0.337266
0.999998
1.000000
0.581057
0.696686
0.010523
0.897296
0.458706
0.000000
0.893163
0.048834
0.123128
0.194503
0.114851
0.071341
0.000000
0.730956
0.339969
0.229574
0.000000
0.365424
0.110744
0.089791
0.015608
0.339672
0.654547
0.481787
0.972552
0.182962
0.178711
0.238802
0.183671
0.897495
0.176721
0.952472
0.999999
0.000000
0.229197
0.383098
0.265880
1.000000
0.848345
0.470915
0.000000
0.590685
0.687908
0.072727
0.076433
0.091729
0.958500
0.742873
0.069572
0.162174
0.074945
0.448545
1.000000
0.547931
0.000000
0.038806
0.912350
0.868831
0.000000
1.000000
0.233961
0.884493
0.793712
0.120469
0.000000
0.632278
0.999336
0.302546
0.000000
0.038188
0.136888
0.135842
0.673412
0.710450
0.225454
0.184160
0.505150
0.523186
0.853216
0.231585
0.999926
0.997757
0.365970
0.511618
0.861636
0.000000
0.581981
1.000000
0.150763
0.986605
0.745554
0.219875
0.000000
0.646711
0.332311
0.000000
0.960260
0.283875
0.903469
0.539655
0.116828
0.701403
0.060545
0.337390
0.030395
0.999995
0.524161
0.000000
1.000000
1.000000
0.017176
0.223556
0.999996
0.980179
0.070156
0.957890
0.241193
0.819939
0.998403
0.020459
0.753965
0.056962
0.136014
0.140088
0.226810
0.785143
0.778740
0.181925
0.016972
0.455694
0.301232
0.057549
0.000000
0.124076
0.082207
0.689863
0.139352
0.732222
0.035958
0.082648
0.728743
0.999914
0.785115
0.524720
0.950742
0.780254
0.603165
0.000000
0.328156
0.186945
0.117150
0.032676
0.677748
0.087881
0.213774
0.999988
0.390392
0.047600
0.458121
0.020781
0.987976
1.000000
0.997887
0.999916
0.350169
0.733361
0.096141
0.364651
0.815594
0.723968
0.000000
0.036873
0.000000
0.522681
0.999994
0.868785
0.999810
0.033260
0.492371
0.551598
0.000000
0.075146
0.121075
0.187486
0.000000
0.365946
0.116878
0.965215
0.751853
0.346100
0.239883
0.999994
1.000000
0.000000
0.992207
0.988739
0.996903
0.019783
0.253575
0.781187
0.020296
0.783848
0.057623
0.569843
0.142129
0.851529
0.000000
0.187865
0.014757
0.021196
0.482106
1.000000
0.565688
0.351385
0.176399
0.102912
0.000000
0.897786
0.000000
0.483901
1.000000
0.004615
0.017048
0.013420
0.363524
0.213313
0.955568
1.000000
0.000000
0.309752
0.096817
0.113565
0.000000
0.999999
0.076323
0.493859
0.153558
0.966570
0.134946
0.095984
0.762582
0.508051
0.137872
0.999166
0.000000
0.241172
0.071355
0.161012
0.066029
0.066100
0.258700
0.000000
1.000000
0.998517
1.000000
0.305093
0.991821
0.638984
0.856739
0.011509
0.000000
0.144729
1.000000
0.000000
0.019418
0.000000
0.588690
0.432533
0.460005
0.980669
0.539799
0.284968
0.000000
0.269775
0.259696
0.973040
0.815669
0.010689
0.409690
0.562396
1.000000
0.363408
0.130723
0.119430
0.816089
0.162578
0.071231
0.382937
0.999891
0.717210
1.000000
0.039607
0.070962
0.177041
1.000000
0.838090
0.048372
0.621658
0.045591
0.999957
0.979331
0.447335
0.079411
0.034506
0.331819
0.997953
0.719503
0.015822
0.985045
0.541107
0.985474
0.768993
0.164372
0.408002
0.196069
0.712664
0.164837
0.039345
0.466357
1.000000
0.713094
0.403497
0.286171
0.767672
0.231882
0.175124
0.000000
0.007685
1.000000
0.999430
0.152288
0.035985
0.331440
0.083634
0.124525
0.000000
0.692283
0.044972
0.157146
0.033838
0.544712
0.223534
0.361510
0.163661
0.999970
0.480688
0.000000
0.711537
0.219133
0.017557
0.597383
0.015788
0.761629
0.318027
0.948894
0.101959
0.893064
0.142539
0.305074
1.000000
0.054946
0.000000
0.739339
0.039590
0.006977
0.459949
0.000000
0.098768
0.000000
0.075998
0.748546
0.578194
0.153571
1.000000
0.296047
0.000000
0.015694
0.956767
0.688142
0.000000
0.225463
0.869884
0.194649
0.265213
0.824450
0.193472
0.793529
0.262792
0.060279
0.052448
0.016591
0.256129
0.246672
0.944415
0.988340
0.019014
0.274996
0.019989
0.984027
0.941418
0.000000
0.480375
0.022136
0.999992
1.000000
0.380652
0.765669
0.000000
0.044339
0.993025
0.101081
0.000000
0.304728
0.056557
0.497525
0.702783
0.134646
0.307908
0.221000
0.711799
0.043881
0.010495
0.171883
0.000000
0.731077
0.231283
0.140893
0.074795
0.000000
0.150788
0.021547
0.000000
0.895630
0.027664
0.501779
0.213012
0.717802
0.190150
1.000000
0.665635
0.999991
0.999402
0.154330
1.000000
0.380624
0.728515
0.721342
0.091731
0.158912
0.336441
0.422280
0.161519
0.000000
0.164006
0.946831
0.963277
0.000000
0.575894
0.039106
0.044363
0.415238
0.680891
0.558257
0.631076
0.177997
0.197256
0.885915
0.537092
0.919131
0.454286
0.274468
0.847603
0.417192
0.105341
0.493141
0.192903
0.386151
0.999982
1.000000
0.207983
0.039277
0.866514
0.099962
0.545911
0.859904
0.044126
0.017351
0.220317
0.560839
0.000000
1.000000
0.609072
0.129637
1.000000
0.733740
0.016519
0.053257
0.396358
0.400384
0.804483
0.651018
0.487639
0.000000
0.010716
0.922467
0.958301
1.000000
0.949262
0.623321
1.000000
0.187109
0.031052
0.143726
0.179270
0.035801
0.043233
0.170837
0.204509
0.931877
0.756167
0.216931
0.892426
0.998749
0.077391
0.265328
0.000000
0.195194
0.607837
0.049780
0.134765
0.901752
0.999977
1.000000
0.795300
0.000000
0.079293
0.571619
0.235716
0.000000
0.956761
0.956645
0.327705
0.917422
0.108102
0.999999
0.623479
0.491929
0.000000
0.669418
0.016465
0.973849
0.989038
0.120457
0.864741
0.709606
1.000000
0.266935
0.267104
0.599497
1.000000
0.303295
0.588230
0.958987
0.531110
0.174233
0.269398
0.052420
0.707703
0.000000
0.118409
0.999470
0.778396
0.935297
0.319087
0.252979
0.000000
1.000000
0.999407
0.677182
0.242301
0.062329
0.797000
0.840392
0.339632
0.369755
0.000000
0.999632
0.766056
0.645236
0.309481
0.429457
0.033018
0.267121
0.962915
0.984579
0.537193
0.048097
0.000000
0.832319
0.592748
0.517502
0.980879
0.201171
0.684210
0.362479
0.108199
0.826352
0.328697
0.725335
0.058146
0.946631
0.869709
0.000000
0.040931
0.339045
0.487386
0.657032
0.660707
0.999761
0.014342
0.367359
0.046270
0.315977
0.064875
0.004073
0.134863
1.000000
0.051215
0.052198
0.721536
0.474477
0.262600
0.578010
0.026461
0.107285
0.876912
0.989301
0.852996
0.000000
0.295080
0.068566
0.057492
0.009199
0.246547
0.077099
0.999998
0.075361
0.505936
0.083553
0.073548
0.045439
0.039511
0.176135
0.841474
0.858869
0.883000
0.955038
0.970119
0.038254
0.259546
0.770898
0.735928
0.926423
0.995014
0.268137
0.966022
0.432219
0.993732
0.708470
0.116555
0.134616
0.022877
0.138376
0.005785
0.763381
0.980563
0.264002
0.028981
1.000000
0.280253
0.949242
0.156696
0.988541
0.010599
0.045317
0.471578
0.227366
0.934387
0.989854
0.040895
0.379600
1.000000
1.000000
0.253687
0.688802
0.999989
0.383512
1.000000
0.052878
0.999999
0.253852
0.138615
0.000000
0.169267
0.139109
0.594984
0.501839
0.000000
0.648760
0.231624
0.999987
0.000000
0.174381
0.018734
0.898558
0.941807
0.999998
0.242759
0.026582
0.255101
0.842067
0.209523
0.241999
0.121455
0.729470
0.192687
0.998906
0.119330
0.000000
0.000000
0.413592
0.000000
0.079126
0.045323
0.312948
0.974467
0.981158
1.000000
0.082794
0.518509
0.017276
0.999356
0.987532
0.271019
0.232325
0.979577
0.058057
0.708140
0.887178
0.907644
1.000000
0.992418
0.878220
0.000000
0.544691
0.124574
0.995681
0.982431
0.907468
0.995288
0.053244
0.039151
0.677512
0.000000
0.053543
0.654268
0.429634
0.137954
0.038419
0.159689
0.128977
1.000000
0.101202
0.097325
0.858233
0.006314
0.103032
0.119908
0.970845
0.985778
0.372603
0.026055
0.128158
0.997420
0.595879
0.297917
0.130359
0.930459
0.097993
0.000000
0.172226
0.054983
0.057555
0.157974
0.204690
0.447353
0.494261
0.161171
0.138237
0.074623
0.019616
1.000000
0.021387
0.606903
0.467442
0.051870
0.995676
0.377771
0.160760
1.000000
0.899980
0.561763
0.457844
0.820857
0.128265
0.776076
0.996364
0.460790
0.911923
0.385129
0.124973
0.870769
0.056609
0.798343
0.984661
0.161364
0.223948
0.416510
0.000000
0.365424
0.929534
1.000000
0.932218
0.634478
0.520664
0.130237
0.999060
1.000000
0.211642
0.156010
0.153314
0.905843
1.000000
0.079119
0.999999
0.083830
0.806254
0.999619
0.158090
0.999904
0.727908
0.447463
0.982068
1.000000
0.242928
0.025968
0.770895
0.992514
0.998718
0.264283
0.283108
1.000000
0.427246
1.000000
0.899178
0.000000
0.666362
0.487112
1.000000
0.190238
0.068278
0.433054
0.469293
0.983087
0.673250
0.619431
0.456360
0.286503
0.129584
0.761880
0.152996
0.193355
0.078066
0.254767
0.638793
0.140396
0.769981
0.000000
0.054506
0.000000
0.234018
0.000000
0.371330
0.304052
0.349950
0.859693
1.000000
0.824373
0.774451
0.043105
1.000000
0.233191
0.996982
0.944483
0.828821
0.765290
0.098802
0.239690
0.655993
0.874665
0.283527
0.182807
0.213186
0.000738
0.277220
0.737103
0.999970
0.172834
0.495666
0.030338
0.361028
0.509380
0.317773
0.129312
0.036100
0.893857
0.260503
0.444854
0.291799
0.758755
0.000000
0.325580
0.047405
0.705706
0.019308
0.000000
0.836889
0.847239
0.632806
0.853831
0.988671
0.276262
0.261822
0.417631
0.879051
1.000000
0.694598
0.213187
0.835325
0.000000
0.063250
0.172886
0.051338
0.046205
0.055258
0.181688
0.747034
0.117981
0.646187
0.292298
0.718452
0.606806
0.456470
0.018926
0.309811
0.470431
0.998004
0.843991
0.306685
0.965124
0.000000
0.999879
0.651947
1.000000
0.979892
0.147885
0.988264
0.991663
0.408181
0.379556
0.104663
0.824647
0.016417
0.999987
0.192133
0.245121
0.137679
0.000000
0.000000
0.023797
0.415092
0.497159
0.163144
0.999992
0.997182
0.357740
0.000000
0.610046
0.795250
0.876935
0.497574
0.700850
0.516547
0.715329
1.000000
0.198824
0.940228
0.555994
0.125226
0.622360
0.497294
0.017329
0.856987
0.998693
0.765993
0.890978
0.413773
0.416280
0.333681
0.956026
0.778834
0.666983
0.345115
0.406211
0.315898
0.124042
0.225523
0.381539
0.127313
0.105967
0.949429
0.301463
0.621560
0.032609
0.355815
0.017778
0.643128
0.981531
0.999990
0.991820
1.000000
0.021360
0.916681
0.850916
0.200188
0.487895
0.493583
0.902668
0.989116
0.320262
0.845515
0.681971
0.295419
0.912385
0.994900
0.186786
0.463849
0.715490
0.992983
0.039669
0.999983
0.451954
0.043566
0.201092
0.343967
0.024122
0.801082
0.135425
0.566065
0.041477
0.007035
0.944863
0.073829
1.000000
0.395703
1.000000
1.000000
0.281959
0.000000
0.907878
0.644079
0.003897
0.000000
0.419345
0.349703
0.000000
0.722555
0.305251
0.986645
0.000000
0.251996
0.876732
0.434144
0.258550
0.260657
0.000000
0.000000
0.145730
0.020476
0.071021
0.032935
0.000000
0.479180
0.134771
0.233699
0.492075
0.000000
0.966693
0.526314
0.938008
0.797745
0.053351
0.070822
0.150161
0.000000
0.790800
0.943887
0.330220
0.898979
1.000000
0.057991
0.095542
0.859525
1.000000
0.419186
0.078398
0.852376
0.296552
0.335180
0.999321
0.761733
1.000000
0.992173
0.210416
0.066863
0.000000
0.164396
0.000000
0.999896
0.699722
0.967479
0.999967
0.577916
0.867772
0.999917
0.972453
0.431822
0.999765
0.359568
0.038220
0.000000
0.000000
0.607620
0.616645
0.393034
1.000000
0.541139
0.280146
0.489878
0.818173
0.104017
0.530118
0.305699
0.615852
0.892494
0.304612
0.842267
0.253431
0.737319
0.796081
0.402205
0.847179
0.226518
0.996335
0.994018
0.000000
0.276202
1.000000
0.126203
0.288521
0.212927
0.522738
0.194782
0.706183
0.260402
0.999049
0.059118
0.108462
0.044461
0.839698
0.999999
0.227861
0.279038
0.013569
0.060388
0.072727
0.067193
0.215793
0.148237
0.253162
0.996069
0.000000
0.023236
1.000000
0.079212
0.656970
0.993184
0.535081
0.039051
0.990720
0.064407
0.350966
0.000000
0.714481
0.767315
0.876713
0.060487
0.161256
0.053049
0.071406
0.071609
0.000000
0.061196
0.956796
0.926526
0.009321
0.045704
0.506581
0.732468
1.000000
0.854765
0.612016
0.991421
0.000000
0.005698
0.999851
0.223544
0.948722
0.089747
0.336164
0.156883
0.121808
0.066544
0.076048
0.325980
0.537763
0.112947
0.749671
0.000000
0.410677
0.715497
0.790996
0.689348
0.650417
0.530804
0.266063
0.192255
0.896264
0.475989
0.791880
0.029936
0.244029
0.928194
0.969554
0.149808
0.131670
0.464454
0.255483
0.643969
1.000000
0.893032
0.111187
0.785975
0.105508
0.819112
0.683822
0.801085
0.189615
0.902540
0.982738
0.196351
0.281600
0.021109
0.014747
0.297172
0.571222
0.897245
0.406198
0.040121
0.260280
0.577811
0.000000
1.000000
0.875599
0.043828
0.923839
0.477304
0.110163
0.124327
0.132350
0.031321
0.107709
0.916325
0.444540
0.000000
0.000000
0.389177
0.000000
0.536325
0.398097
0.000000
0.381694
0.198812
0.999436
0.231108
0.001582
0.045475
0.095987
0.208612
0.568467
0.137933
0.000000
0.120429
0.508044
0.515187
0.170867
0.918518
0.831939
0.384869
0.908398
0.742435
0.338775
0.000000
0.409998
0.321677
0.000000
0.108019
0.325067
0.281698
1.000000
0.984955
0.000000
0.058722
0.252046
0.000000
0.908021
0.001774
0.040114
0.634383
0.000000
0.320144
0.753092
0.999996
0.875104
0.995477
0.808434
0.000000
0.090474
0.487689
0.169410
0.323126
0.129827
0.980004
0.999982
0.870407
0.108283
0.075656
0.000000
0.821499
0.233935
0.053882
0.108908
0.111090
0.577888
0.137814
0.154394
0.160404
0.057064
0.898814
0.022076
0.978386
0.037727
0.267560
0.644126
0.295278
0.417219
1.000000
0.050477
0.484781
0.958535
0.056967
0.033021
0.170719
0.494977
0.125515
0.589330
0.044389
0.076954
0.156987
0.678741
1.000000
0.007734
0.461198
0.166274
1.000000
0.000000
0.120492
0.000000
0.119338
0.063813
0.000000
0.045117
0.000000
1.000000
0.084229
0.451024
0.085976
0.699284
0.567395
0.503016
0.200508
0.441004
0.167198
0.237780
0.744033
0.631191
0.224431
0.000000
0.138607
0.961695
0.000000
0.871086
0.031781
0.000000
0.036386
0.465757
0.038286
0.049767
0.105834
0.268636
1.000000
1.000000
0.813068
0.675545
0.163899
0.057138
0.227931
0.811472
0.450080
0.726587
0.990285
0.061217
0.150940
1.000000
0.999997
0.867743
0.132906
0.000000
0.784227
0.999019
0.028685
0.180023
0.994680
0.140014
0.802898
0.000000
0.998861
0.749710
0.871040
0.691687
0.049974
0.124392
0.920479
0.090258
0.083922
0.867559
0.032299
0.140015
0.993816
0.462024
0.841654
0.044978
1.000000
0.563047
0.244544
0.380081
0.000000
0.983557
0.000000
0.488756
0.140300
0.582670
0.155206
0.071954
0.879532
0.742326
0.999829
0.876602
0.000000
0.798493
0.424920
0.056304
0.107023
0.023156
0.991712
0.990039
0.600671
0.699522
0.427523
0.388770
0.701507
0.688012
0.247694
0.303119
0.108938
0.999975
0.047366
0.552367
0.025865
0.521730
0.175379
0.086434
0.999999
0.153195
0.717947
0.979768
0.027755
0.659890
0.926217
0.632854
0.008511
0.987031
0.000000
0.132658
0.767740
1.000000
0.295283
0.131071
0.889825
0.999977
0.826605
0.916326
0.163650
0.601058
0.172991
0.522755
0.790870
0.800884
1.000000
0.000000
0.000000
0.880840
0.045918
0.104499
0.467151
0.069095
0.505727
0.175085
1.000000
0.000000
0.496990
0.000000
0.494069
0.155020
0.000000
0.831273
0.043898
0.998752
0.988088
0.177327
0.175730
0.551865
0.422472
0.181574
1.000000
0.242505
0.065154
1.000000
0.219912
0.567678
0.946947
0.265466
0.990178
0.000000
0.944133
0.632426
0.898801
0.526394
1.000000
0.154583
1.000000
0.998479
0.084546
0.395867
0.107513
0.987930
1.000000
0.803287
0.603880
0.009946
0.165320
0.389054
0.164668
0.092314
0.090209
0.746792
0.636265
0.202095
0.847369
0.315485
0.666264
1.000000
0.985601
0.000000
0.799800
0.000000
0.159198
1.000000
0.946349
0.663435
0.140414
0.121560
0.195556
0.147803
0.356791
0.964917
0.000000
0.000000
0.998802
0.981880
0.371984
0.103731
0.185766
0.998867
0.961821
0.295320
0.564771
0.069780
0.806449
0.000000
0.424372
0.636781
0.708522
0.430213
0.901384
0.929499
1.000000
0.999167
0.207633
0.122915
0.903916
0.765905
0.379734
0.751726
0.687289
0.696007
0.555613
0.858276
0.021874
1.000000
0.530792
0.657474
0.191795
0.452754
0.045290
0.707968
0.072716
0.066798
0.132288
0.506963
0.000000
0.049191
0.322490
0.630756
0.082190
0.066830
0.995234
0.404601
0.183927
0.098296
1.000000
0.901841
0.547995
0.113527
0.783414
0.526238
0.897702
0.116944
0.083750
0.576554
0.000000
0.485217
0.896004
0.706276
0.999236
0.253657
0.025038
0.201211
0.358403
0.704140
0.000000
0.000000
0.058401
0.029701
0.013938
0.379482
0.065003
0.411298
0.905600
0.313874
0.083667
0.908745
0.803747
0.989496
0.000000
0.658286
0.121803
0.920099
0.815414
0.056487
0.240856
1.000000
0.035123
0.650492
0.043303
0.281295
1.000000
1.000000
0.733280
0.858408
0.843426
0.569441
0.544163
0.413572
0.582820
0.049490
0.817066
0.999637
0.110979
0.179104
0.569579
0.999993
1.000000
0.242566
0.545439
0.141857
0.359249
0.143218
0.707026
0.133864
0.337800
0.999522
0.470251
0.006215
0.313313
0.985356
0.000000
0.323505
1.000000
0.167242
0.069611
0.315100
0.682375
0.528535
1.000000
0.038917
0.024147
0.015121
0.975127
1.000000
1.000000
0.996694
0.024749
0.038675
0.000000
0.810752
0.027155
0.745812
0.999754
0.000000
0.641408
0.939791
0.187028
0.552972
0.005100
0.296355
0.725489
0.079212
0.636284
0.039003
0.999941
0.022688
0.662020
0.180921
0.034020
0.063565
0.110750
0.368535
0.100280
0.379093
0.022343
0.136266
0.765182
0.302432
0.142388
0.825473
0.999973
0.918544
0.645349
0.878204
0.300691
0.358366
0.999984
0.409792
0.305485
0.240644
0.076487
0.310311
0.595192
0.000000
0.046440
0.113593
0.174266
0.720678
0.546117
0.151233
0.168550
0.752284
0.283005
0.131045
0.124609
0.084656
0.224790
0.148769
0.022550
0.261353
0.241374
0.524685
0.055888
0.999937
0.125468
0.417564
0.148981
0.157120
0.116288
0.429061
0.351923
0.688805
0.649214
0.017331
0.999933
0.034888
0.964033
0.585645
0.064718
0.997072
0.133362
0.018799
0.326802
0.576023
0.993108
0.995418
0.332395
0.991974
0.067984
0.767175
0.087285
0.031239
0.998536
0.999910
0.060607
0.030415
0.789362
0.998188
0.152172
0.723043
0.759289
0.000000
0.006923
0.000000
0.000000
0.916033
0.999762
0.115871
0.048954
0.801186
0.023150
0.865349
0.949587
0.766071
0.296235
0.884547
0.014041
0.242882
0.999396
0.499103
0.985007
0.868809
0.977162
0.999980
0.236359
0.254788
0.530108
0.292781
0.954521
0.639269
0.074145
0.153462
0.000000
0.764902
0.440844
0.295225
0.917554
0.000000
0.857661
0.745470
0.322358
0.255216
0.062928
0.999438
0.461257
0.460257
0.614468
0.543058
0.161372
0.999865
1.000000
0.065352
0.063132
0.086871
0.686951
0.999703
0.110775
0.890931
0.956382
0.225160
0.486271
0.997960
0.999231
0.310153
0.653229
0.104864
0.000000
0.568085
0.515845
0.829221
0.016757
0.000000
0.489483
0.228577
0.996403
0.367426
0.243530
0.107121
0.434195
0.842735
0.627797
0.000000
0.149517
0.072228
0.000000
0.019724
0.578816
0.987898
0.000000
0.985355
0.036445
0.868924
0.098736
0.075723
0.122140
1.000000
0.198887
0.086774
0.038418
0.913589
0.492473
0.805596
0.960083
0.136586
0.031821
0.278640
0.000000
0.139234
0.531651
0.214351
0.042246
0.191226
0.999913
0.838031
0.282469
0.169692
0.760622
0.277145
1.000000
0.999990
0.489088
0.828181
1.000000
0.258477
0.113882
0.176428
0.516500
0.324455
0.043614
0.096982
0.063625
0.078525
0.087272
0.000000
0.927521
0.884812
0.018333
0.596190
0.711407
0.999607
0.000000
0.999983
0.078944
0.630192
0.134953
0.386666
1.000000
0.276739
0.032851
0.018717
0.145498
0.178449
0.632799
0.292566
0.939591
0.943068
0.011892
1.000000
0.917717
0.000000
0.125153
0.017978
0.954146
0.739691
0.999995
0.951722
0.992220
0.685887
0.621442
0.067475
0.505783
0.000000
0.075979
0.016547
1.000000
0.019700
0.133908
0.023242
0.818930
0.491211
0.196683
0.992182
1.000000
0.000000
0.134245
0.287041
0.460148
0.671225
0.552147
0.924584
0.195437
0.748354
0.898492
0.495441
0.000000
0.572239
0.237864
0.981608
0.000000
0.298119
0.597071
0.965119
0.745556
0.876884
0.589859
0.689860
0.096299
0.138688
0.047199
0.355603
0.472515
0.922510
0.999074
0.242005
0.063512
0.207722
0.306935
0.054704
0.000000
0.026980
0.347584
0.122157
0.000000
0.931408
0.239754
0.999283
0.000000
0.105413
0.279546
0.000000
0.947104
0.999856
0.931370
0.386569
0.229168
0.120530
0.499271
0.057750
0.696723
0.154622
0.690614
0.787498
0.613315
0.647215
0.586955
0.089552
0.161322
0.997920
0.992612
0.122008
0.000000
0.000000
0.984719
0.053300
0.078377
0.915076
0.520064
0.119017
0.018860
0.264357
0.711705
0.190363
0.982122
0.024861
0.151060
0.000000
0.234865
0.539597
0.000000
0.926995
0.031468
0.979551
0.849806
0.579017
0.944643
1.000000
0.743144
0.164792
0.995326
0.604543
0.000000
0.078958
0.095940
0.645932
1.000000
0.087059
0.810295
0.972994
0.110868
0.561154
0.867313
0.228171
0.833724
0.693800
0.384777
0.583775
1.000000
0.617432
0.649475
0.153819
0.000000
0.924554
0.330481
0.000000
0.648147
0.043964
0.567069
0.083759
0.065720
0.166287
0.775016
0.899007
0.467804
0.998996
0.990171
0.854183
0.988836
0.983462
1.000000
0.095423
0.384205
0.887845
0.919292
0.000000
0.270473
0.549998
0.000000
0.755906
0.973930
0.540291
1.000000
0.579099
0.000000
0.000000
0.748013
0.952712
0.000000
1.000000
0.095456
0.713490
0.022832
0.977483
0.912974
0.237396
0.026071
0.031480
0.115301
0.316513
0.139246
0.222428
0.051778
0.454803
0.081298
0.627790
0.030433
0.134200
0.028948
0.655418
0.277200
0.000000
0.000000
0.192232
0.518146
0.000000
0.620728
0.224686
0.365144
0.567982
0.612824
0.532294
0.664385
0.000000
0.078202
0.745725
0.514083
0.992846
0.000000
0.102616
0.094700
0.000000
0.022769
0.389577
0.474370
0.168468
0.822842
0.994342
0.064019
0.000000
0.113559
0.133136
0.300832
0.071154
0.169531
0.016250
0.977890
0.257379
0.782684
0.708921
0.040952
0.202236
0.905759
0.029032
0.436063
0.012052
0.999999
0.142361
0.000000
0.532085
0.079036
0.945611
0.528075
0.512073
0.524198
0.110595
0.166167
0.316355
0.999877
0.979550
0.000000
1.000000
0.993807
0.723052
0.173707
0.649815
0.787750
0.185159
0.206168
0.999534
0.052395
0.962362
0.571669
0.757147
0.992366
0.933720
0.453829
0.136135
0.071420
0.007577
0.995563
0.129582
0.900230
0.999987
0.000000
0.999999
0.568942
0.751307
0.948159
0.063047
1.000000
0.753877
0.008912
0.176383
0.954375
0.038229
0.684651
0.169830
0.596135
0.056754
0.057333
0.590418
0.652129
0.395917
0.633910
0.966449
0.452879
0.793588
0.167526
0.432883
1.000000
0.079246
0.994531
0.111221
0.374278
0.017567
0.142949
0.244761
0.170847
0.310296
0.729488
0.461343
0.559099
0.497295
0.000000
0.038824
0.066369
0.067088
0.634714
0.987489
0.999911
0.000000
0.049898
0.569718
0.481505
0.697955
0.924651
0.038576
0.866585
0.285186
0.280992
0.808095
0.999898
0.599558
0.950311
0.237954
0.998805
0.630729
0.196163
0.140957
0.084911
0.999952
0.412653
0.993054
0.024894
0.889054
0.580933
0.980663
0.038381
0.933882
0.516502
0.403784
0.100894
0.356860
0.977700
0.000000
0.702195
1.000000
0.315816
0.000000
0.083161
0.421748
0.160646
0.050576
0.000000
0.955698
0.699625
1.000000
0.970078
1.000000
0.976184
0.308789
0.867024
0.068290
0.031405
0.181267
0.069908
1.000000
0.387504
0.304804
0.470121
0.883758
0.025411
0.637684
0.000000
1.000000
0.340108
0.999990
0.747977
0.993853
0.978961
0.425954
0.056784
0.177907
0.004879
0.505829
0.000000
0.047366
0.033338
0.631075
1.000000
0.271265
1.000000
0.023488
0.142138
0.122574
0.946074
0.899492
0.806662
0.108238
1.000000
0.173364
0.508290
0.615952
0.848077
0.000000
0.025428
0.055730
0.278568
0.030959
0.514310
0.180939
0.062255
0.683743
0.109698
0.845465
0.367328
0.757692
0.236462
1.000000
0.153364
0.347845
0.064328
0.996518
0.300409
0.000000
0.999590
0.191397
0.450542
0.282437
0.941543
0.239704
0.810735
0.334555
0.965760
0.726778
0.187719
0.990910
0.393918
0.639993
0.914253
0.096719
0.857082
0.045467
0.809895
0.653380
0.000000
0.963900
0.150778
0.257508
0.798973
1.000000
0.041160
0.066215
0.220385
0.032488
0.549637
0.924018
0.931475
1.000000
0.044731
0.102623
0.078294
1.000000
0.393488
0.611303
0.052579
0.044929
0.486553
0.635419
0.461663
0.010627
0.538080
0.960598
1.000000
0.516108
1.000000
0.074311
0.411330
0.554853
0.394512
0.119514
0.000000
0.050895
0.024098
0.055435
0.808526
0.177847
0.422581
0.049227
0.287205
0.947553
0.000000
1.000000
1.000000
0.912344
0.593280
0.009435
0.140956
0.699268
0.321431
0.573190
0.137775
0.490377
0.277305
0.104575
0.979628
0.288387
0.619659
0.000000
0.472317
0.917432
0.906871
0.527941
0.949258
0.097179
0.999874
0.022208
0.912936
0.642127
0.825210
1.000000
0.573995
0.995194
0.638209
1.000000
0.405341
0.079129
0.624536
0.306112
0.134017
0.953928
0.229392
0.568342
0.826570
0.599903
0.999926
0.883694
0.374630
0.997979
1.000000
0.999985
0.127496
0.330906
0.309266
0.054303
0.847092
0.874940
0.998213
0.160608
0.000000
0.639346
0.067184
0.389952
0.017055
1.000000
0.967662
0.431086
0.863702
0.738125
0.716688
0.717798
0.006514
0.454518
0.998402
0.499395
0.000000
1.000000
0.488852
0.221918
0.894440
0.404357
0.999800
0.475137
0.937492
0.030764
0.999742
0.055010
0.109180
0.259341
0.000000
0.889543
0.407041
0.193374
0.095700
0.406368
0.371828
0.601282
0.069579
0.587310
0.297798
0.146031
0.078708
0.000000
0.947361
0.000000
0.149094
0.055063
0.000000
0.988923
0.666502
1.000000
0.482229
0.485312
0.039146
0.548782
0.354538
0.808940
0.188346
0.568654
0.046332
0.895633
0.199849
0.620078
0.128605
0.928246
0.972017
0.786745
0.459028
0.999598
0.559364
0.309021
0.949870
0.005852
0.569246
0.317494
0.998189
0.999985
0.999994
0.557586
0.605267
0.045222
0.066173
0.034220
0.487619
0.186774
0.247510
0.107057
0.169398
0.909301
0.924925
0.076250
0.964095
1.000000
0.512184
0.199439
0.049369
0.000000
1.000000
0.048333
0.064625
0.100891
0.999410
0.680982
0.463660
0.993546
0.000000
0.086833
0.719131
0.547260
0.717000
0.000000
0.969126
0.954242
0.870514
0.021295
0.996181
0.315864
0.031672
0.053361
0.984425
0.012742
0.187947
0.989838
0.274943
1.000000
0.072345
0.000000
0.292654
0.672569
0.401216
0.283441
0.233405
0.120712
0.035337
0.668443
0.825224
0.751729
0.607454
0.316405
0.043639
0.008062
0.794098
0.068899
0.642861
0.499385
0.203068
0.594273
1.000000
0.119934
0.000000
0.890428
0.745047
0.572621
0.266831
0.475163
0.575804
0.923051
0.000000
0.276003
0.070355
0.082960
0.000000
0.097827
0.009553
0.937087
0.782948
0.389114
0.017118
0.839923
0.884651
0.768769
0.995638
0.329659
0.225670
0.040951
0.345503
0.000000
0.819257
0.054409
0.185196
0.806202
0.121703
0.881850
1.000000
0.205138
0.000000
0.027804
0.421098
0.058421
0.098694
0.547726
0.000000
1.000000
0.740219
0.054108
1.000000
0.456350
0.250358
0.000000
0.939782
0.711185
1.000000
1.000000
0.488674
1.000000
0.662698
0.041652
0.318954
0.663769
0.655580
0.416575
0.123252
0.984587
0.999984
0.275023
1.000000
0.149485
0.005422
0.340019
0.043265
0.849886
0.692993
0.087153
0.065503
0.146026
0.057757
0.111587
0.996877
0.036624
0.745900
0.103898
0.358221
0.966054
0.481275
0.123865
0.944252
0.155895
0.063324
0.070912
0.947548
0.133786
0.817169
0.318719
0.494638
0.875818
0.700579
0.437021
0.317744
0.061511
0.999999
0.245982
0.367151
0.032632
0.841221
0.184421
0.286500
0.935566
0.380352
0.503643
0.987724
0.324211
0.253430
0.449553
0.999725
0.882059
0.999990
1.000000
0.714586
0.131819
0.587753
0.501015
0.996684
0.417860
0.302896
0.265119
0.208871
0.040947
0.304918
0.156127
1.000000
1.000000
0.038874
0.990262
0.158181
0.311545
0.435976
0.664457
0.243550
0.777204
0.397700
0.143415
0.413137
0.038481
0.880510
0.066390
0.879211
0.563016
0.427320
0.204717
0.172343
0.156848
0.002292
0.045199
0.080541
0.857575
0.375322
0.160928
0.916538
0.030544
0.000000
0.161069
0.042870
0.599661
0.154476
0.145877
0.391727
0.841973
0.059276
0.000000
0.989688
0.116126
0.112003
0.487234
0.000000
0.018844
0.383341
0.715757
0.849869
0.115617
0.000000
0.840675
0.548514
0.453444
0.053902
0.573476
0.977751
0.696499
0.991441
0.979883
0.748657
0.998023
0.854888
0.065223
0.135183
0.231316
0.947438
0.072863
0.037043
0.995414
0.290792
0.087744
0.923251
0.027607
0.689174
0.167072
0.285888
0.354234
0.057636
0.099144
0.000000
0.059566
0.551309
0.621434
0.000000
0.648910
0.000000
0.871879
0.351940
0.191138
1.000000
0.036837
0.153333
0.030219
0.162384
0.167233
1.000000
0.000000
0.798376
0.254134
0.040171
0.317762
0.013401
0.178740
1.000000
0.186129
0.975159
0.009646
0.687618
0.498331
1.000000
0.389278
0.117362
0.829791
0.243791
0.841179
0.314522
0.691282
0.885842
0.175002
0.863644
0.065935
0.184359
1.000000
0.173016
0.958890
0.461691
0.173394
0.061479
0.668814
0.808088
0.737476
0.167017
0.665682
0.288479
0.551913
0.377966
0.159212
1.000000
0.601260
0.711451
0.298343
0.988773
0.038450
0.769863
0.358832
0.031770
0.973941
0.028937
1.000000
0.277726
0.390257
0.206358
0.084048
1.000000
0.332686
0.976940
0.433428
0.067624
0.091981
0.577822
0.581857
0.025215
0.870421
0.809007
0.096873
0.514312
0.534163
0.974610
0.999944
0.198330
0.999998
0.014460
0.000000
0.057622
0.249864
0.839332
0.148047
0.075111
0.056950
0.140961
0.147856
0.397676
0.970389
0.000000
0.980201
0.348099
0.455706
0.021887
0.165562
0.901155
0.842070
0.462903
0.022514
0.235827
0.000000
0.427210
0.212394
0.944521
0.075826
0.068468
0.114176
0.524918
0.407201
0.671523
0.196726
0.439251
0.082991
0.568315
0.643404
0.055342
0.000000
0.966792
0.330273
0.866892
0.690372
0.535816
0.086969
0.773678
0.670584
0.782138
0.034383
0.934913
0.551184
0.078964
0.196897
0.998375
0.999257
1.000000
0.000000
0.999358
0.000000
0.000000
0.133250
0.294691
0.064718
0.171523
0.454375
1.000000
0.065047
0.536181
0.057365
1.000000
0.000000
0.999947
0.127496
0.901187
0.000000
0.475159
0.972960
0.730106
0.020678
0.034034
0.572510
0.621163
0.999999
0.089491
0.812221
0.000000
0.000000
0.000000
0.919976
0.098125
0.998222
0.261573
0.056149
1.000000
0.000000
0.325583
0.029930
0.053504
0.000000
0.829131
0.007935
0.055219
0.865056
0.920838
0.279336
0.000000
0.984565
0.113104
0.295344
0.031233
0.392664
0.934421
0.244131
1.000000
0.250253
0.782589
0.101255
0.888611
0.536246
0.930204
0.058295
1.000000
0.068233
0.264558
0.874332
0.977673
0.282286
0.058463
0.654941
0.015520
0.111978
1.000000
0.094164
0.250950
0.311170
0.996202
0.298313
0.046386
0.851827
0.648863
0.902710
0.968326
0.781893
0.754269
0.186751
0.718591
1.000000
0.000000
0.149463
0.148931
0.459958
0.019864
0.196055
0.075115
0.635726
0.528128
0.240862
0.999851
0.507106
0.910356
0.184472
0.995956
0.158362
0.795294
0.890735
0.140707
0.036943
0.000000
0.387455
0.826994
0.328933
0.251514
0.398390
0.092268
0.058030
0.347264
0.230353
1.000000
0.636064
0.090235
0.622904
0.315086
0.042712
0.843678
0.230664
0.999382
0.980794
0.015033
0.545287
0.413809
0.742657
0.635216
0.231191
1.000000
0.998768
0.037724
0.238130
0.913912
0.370332
0.556375
0.368391
0.037983
0.011704
0.710266
0.059875
0.935659
0.344737
0.548863
0.982693
0.023295
0.126153
0.103683
0.644621
0.376589
0.997839
0.999216
0.169380
0.049843
1.000000
0.050074
0.417600
0.178033
0.000000
0.664648
0.573544
0.956428
0.718510
0.653873
0.950183
0.575377
0.020511
0.208450
0.000000
0.015769
1.000000
0.577434
0.141150
0.028967
1.000000
0.831794
0.199338
0.281012
0.999618
0.344066
0.793396
0.038580
0.000000
1.000000
0.706154
0.196741
0.923175
0.999021
0.379778
0.000000
0.601300
0.167566
0.110783
0.402371
0.100758
0.041525
0.108950
0.969202
0.489074
0.519121
1.000000
0.169524
0.402257
0.445914
0.416935
0.692793
0.521232
1.000000
0.944737
0.111894
0.019030
0.901499
0.000000
0.902575
0.000000
0.714821
0.920653
0.012305
0.375238
0.066911
0.323446
0.960595
0.131589
0.165630
0.888233
0.460270
0.907523
0.000000
0.992268
0.869263
0.000000
0.000000
0.907558
0.025594
0.066173
0.364305
0.952705
0.147870
0.371591
0.837527
0.108554
0.049961
0.525987
0.162554
0.932110
0.029846
0.993988
1.000000
0.704455
0.080566
0.569880
0.785638
0.888810
0.528359
0.043160
0.058539
1.000000
0.390212
0.786275
0.161287
0.154784
0.326093
0.262210
0.810041
0.407401
0.761711
0.000000
0.195868
0.272275
0.771244
0.383206
0.325455
0.999969
0.581803
0.927263
0.646519
0.072147
0.984302
0.161728
0.782717
0.999995
0.993744
0.118975
1.000000
0.000000
0.441678
0.250152
0.988699
0.086859
0.942265
0.056192
0.000000
0.050246
0.927691
0.382430
0.257147
0.000000
0.955398
0.157956
0.099239
0.516724
0.611077
0.151744
0.347265
0.916550
0.556125
0.954104
0.675035
1.000000
0.569507
0.783041
0.119094
0.085865
1.000000
0.544151
0.625511
0.913807
0.806615
0.000000
0.000000
0.985439
0.104909
0.132185
0.677409
0.070608
0.976345
0.788825
0.743074
0.522050
0.836727
0.884371
0.658486
0.155827
0.860187
0.540142
0.463171
0.143025
0.446388
0.047832
0.020738
0.026280
0.995079
0.000000
0.874483
0.698995
0.660150
0.444106
0.079764
0.923030
0.000000
0.277849
0.051730
0.601829
0.483367
0.440628
0.097134
0.338774
0.070895
0.447706
0.812874
0.000000
0.357539
0.000000
0.497068
0.057092
0.213009
0.056825
0.029524
0.019895
0.000000
0.625698
0.095550
0.000000
0.480138
0.999946
0.995749
0.143266
0.185859
0.103349
0.121314
0.085588
0.575452
0.000000
0.202730
0.027275
0.448355
0.301567
0.383680
0.031543
0.817211
0.083638
0.066452
0.219916
0.999907
0.000000
0.994264
0.992237
0.967709
0.099349
0.957180
0.106465
0.020699
0.195172
0.114751
0.999963
0.246169
0.187685
0.767840
0.380684
1.000000
0.601927
0.591009
0.033272
0.022988
0.611896
0.583103
0.340260
0.409711
0.301593
0.077314
0.108145
0.017295
0.260634
0.483199
0.097646
0.978178
0.018957
0.000000
0.000000
0.513783
0.529851
0.009213
0.578299
0.939278
0.000000
0.255474
0.638638
0.910233
0.164481
0.835649
0.000000
0.718771
1.000000
1.000000
0.653129
0.698949
0.998303
0.795341
0.102515
0.293451
0.068173
0.989743
0.683210
0.718580
0.083581
0.000000
0.983540
0.265524
0.994972
0.616562
0.927139
0.635494
0.255034
0.195267
0.000000
1.000000
0.136041
0.947636
0.996629
0.631660
0.981584
0.983460
0.999975
0.583695
0.116024
0.081266
0.090005
0.191940
0.145438
0.842266
0.000000
0.293286
0.175480
0.762374
0.987069
0.002690
0.366077
0.040017
0.139472
0.000000
0.813140
0.444841
0.044913
0.177161
0.135947
0.869810
0.100309
0.373644
0.217107
0.275686
0.957863
0.216067
0.747308
0.322864
0.186399
0.309776
0.000000
0.957978
0.115828
0.135785
0.744168
0.692510
0.004102
0.397564
1.000000
0.929061
0.691916
0.142694
0.084656
0.997254
0.622368
0.961880
0.233736
0.021207
0.328802
1.000000
0.587357
0.106530
0.068766
0.995725
0.249219
0.091957
0.988395
0.816770
0.998747
0.000000
0.327983
0.000000
0.997380
0.010020
0.597115
0.641685
1.000000
0.055174
0.000000
0.999836
0.356575
0.999255
0.961528
0.068698
0.062044
0.522251
0.836029
0.169604
0.057974
0.329706
0.487061
0.257490
0.101024
0.795633
0.100546
0.550319
0.968483
0.356892
0.953422
0.144347
0.957454
0.999992
0.753714
0.893039
0.314920
0.028268
0.000000
0.713362
0.050704
0.971209
0.505066
0.015053
0.496001
0.931846
0.953617
0.210758
0.014866
0.799277
0.183099
0.401253
0.945429
0.000000
0.377700
0.098887
0.683877
0.751943
0.102193
0.870259
0.418254
0.507928
0.982961
0.910605
0.999540
0.491813
0.334948
0.297814
0.979757
0.999489
0.645452
0.081705
0.204217
0.966021
0.705036
0.286708
0.979790
0.890531
0.088838
0.781822
0.078518
0.709315
0.840743
0.915344
0.424228
0.772582
0.746442
0.794258
0.292698
0.000000
0.454917
0.000000
0.363819
0.855294
0.269060
0.809758
0.222641
0.143182
0.999977
0.046737
0.481651
0.446997
1.000000
0.905601
0.694512
0.294421
0.092420
0.690742
0.681967
0.957860
1.000000
0.168027
0.000000
0.945849
0.023184
0.359041
0.651092
0.828439
0.076172
0.059440
0.594047
0.247366
0.998982
0.041573
0.095904
1.000000
0.969903
0.272051
0.504520
0.017030
0.050928
0.164895
0.094331
0.084899
0.263006
0.063605
0.240510
0.243108
0.330225
0.499048
1.000000
0.199725
0.981397
0.133404
0.453006
0.209865
0.663607
0.000000
0.441809
0.566450
0.921706
0.499696
0.046675
0.000000
0.125757
0.956876
0.688477
0.785200
0.026854
0.058386
0.000000
0.099927
0.585596
0.500807
0.731169
0.244099
0.528362
0.999999
0.449986
0.572543
0.055742
0.325766
0.138959
0.262244
0.145382
0.364701
0.000000
0.435958
0.511435
1.000000
0.060467
0.662993
0.491027
1.000000
0.105991
0.054080
0.737698
0.435843
0.737172
0.008727
0.240533
0.596334
0.775930
1.000000
0.879101
0.553843
0.809890
0.006286
0.683996
0.786677
0.999959
0.366323
0.914292
0.970254
0.091173
1.000000
0.953257
0.738059
0.399967
0.361750
0.568788
0.020771
0.967742
1.000000
0.000000
0.660862
0.545015
0.096765
0.075791
0.309353
0.571676
0.678170
0.762239
0.000000
0.996598
1.000000
0.223990
0.113543
0.038511
0.654230
0.000000
0.040387
0.706869
0.081838
0.895610
0.598386
0.154341
0.530876
0.999495
0.297851
0.037618
0.313019
0.491265
0.979979
0.220388
0.366726
0.120861
0.275645
0.355351
0.000000
0.332308
0.443992
0.931069
0.105045
0.982026
0.000000
0.966887
0.633802
0.031640
0.995033
0.973089
0.465079
0.000000
0.037997
0.091949
0.218131
0.313480
0.999586
0.403056
0.570525
0.244166
0.022430
0.026230
0.437862
0.377722
0.779157
0.031553
0.261001
0.841798
0.251268
0.091125
1.000000
0.987144
0.816039
0.000000
0.040189
0.301487
0.887078
0.112250
0.554461
0.995890
0.068051
0.012650
0.218251
0.519339
0.972930
0.033683
0.520725
0.000000
0.089927
0.962703
0.367087
0.114613
0.156157
0.475274
0.026263
0.451099
0.149048
0.559443
0.066263
0.000000
0.455724
0.085711
0.209781
0.275684
0.043772
0.630529
0.055979
0.036171
1.000000
0.065205
0.989067
0.283022
0.984353
0.713697
0.945450
0.864332
0.019494
0.006324
0.096937
0.541945
1.000000
0.107252
1.000000
0.114285
0.382530
0.907145
0.000000
0.101791
0.320615
0.415851
0.518563
0.084995
0.903558
0.460731
0.447527
0.072846
0.000000
0.187101
0.185063
0.675544
0.000000
0.031036
0.800170
0.288484
0.000000
0.663123
0.999994
0.997397
0.666115
0.390913
0.323458
0.867176
0.010414
1.000000
0.116796
0.033297
0.081387
0.993393
0.010860
0.834841
0.064673
0.625627
0.062283
0.215466
0.476812
0.951838
0.112881
0.993903
0.264009
0.857325
0.736117
0.833532
0.444936
0.928515
0.025050
0.571080
0.220764
0.132341
0.276920
0.229300
0.009270
0.038544
0.972210
0.457286
0.749194
0.007356
0.936924
0.238883
0.965365
0.015206
0.003418
0.101411
0.619372
0.566357
0.868074
0.316628
0.152071
0.094178
0.894481
0.125651
0.780551
0.041829
0.029533
0.611375
0.000000
0.572440
0.215153
0.000000
0.000000
0.041654
0.147042
0.157871
0.660095
1.000000
0.000000
1.000000
0.094537
0.956694
0.572621
0.102847
0.112837
0.999908
0.918624
0.810607
0.614628
0.000000
0.959170
0.130762
0.284581
0.660421
0.026050
0.801064
0.546224
0.888731
0.223002
0.726776
0.566543
1.000000
1.000000
0.874736
0.686490
0.000000
1.000000
0.774216
1.000000
0.474163
0.240758
0.551580
0.000000
0.114805
0.401131
0.018550
0.000000
0.459427
0.644325
0.677624
0.387817
0.420191
0.000000
0.997497
0.033327
0.167636
0.017467
0.979612
0.764623
0.061254
0.731731
0.268471
0.023618
0.065663
0.131385
0.000000
0.000000
0.153359
0.924231
0.224022
0.373224
0.703204
0.882344
0.062266
0.121453
0.596693
0.349289
0.842840
0.247749
0.785353
0.220393
0.048863
1.000000
0.001177
0.170998
0.856502
0.000000
0.516194
0.286844
0.840408
0.808411
0.030081
0.581650
0.077110
0.037075
0.931270
1.000000
0.253390
0.999985
1.000000
0.570416
0.823708
0.118305
0.122271
0.324584
0.072451
0.243772
0.881986
0.993336
0.337926
0.851010
0.499817
0.161082
0.904897
0.877049
0.095474
0.024582
0.107427
0.893624
0.305195
1.000000
0.024351
0.999609
0.111441
0.999876
0.064393
0.668426
0.587102
0.045814
0.000000
0.999481
0.100046
0.598131
0.782473
0.000000
0.968670
0.761398
0.207850
0.754412
0.103268
0.005936
0.469004
0.468205
1.000000
0.590437
0.168879
0.268065
0.017006
0.100281
0.789376
0.138176
0.035216
0.275944
0.154251
0.074752
0.004356
0.000000
0.204361
0.627562
0.008754
0.156345
0.755606
0.000000
1.000000
0.205017
0.000000
0.516701
0.987819
0.704231
0.791791
0.349696
0.501397
0.127184
0.166890
0.876455
0.303797
1.000000
0.301466
1.000000
0.956820
0.901589
0.332509
0.296450
0.000000
0.137136
0.644483
0.404546
0.161592
0.935316
0.785467
0.038066
0.972794
1.000000
0.064791
0.732912
0.999989
0.256510
0.061885
0.916408
0.013273
0.947109
0.208938
0.319032
0.663602
0.359462
0.673136
0.708052
1.000000
0.080704
0.921395
0.994084
0.983745
0.210325
0.435918
0.000000
0.560298
0.071861
0.637345
0.102177
0.357920
0.857911
0.998796
0.238224
0.032302
0.856973
0.595269
0.000000
0.992238
0.071981
0.832544
0.022335
0.187374
0.000000
0.183207
0.196005
0.283633
0.286950
0.031361
0.228244
0.902167
0.218895
0.076788
0.943266
1.000000
0.150515
0.054089
0.971697
0.772666
0.056232
0.290756
0.000000
0.169409
0.095273
0.551742
0.468988
0.963028
1.000000
0.538747
0.042863
0.837951
0.999731
0.007664
0.513978
0.040740
0.179132
0.906600
1.000000
1.000000
0.785704
0.041146
0.997471
0.984323
0.115540
0.000000
0.839514
0.225134
0.000000
0.299777
0.021869
0.026882
0.794841
0.215453
1.000000
0.105544
0.062549
0.128976
0.614080
0.222024
0.391240
0.292663
1.000000
0.597406
0.170557
0.276676
0.347457
0.595964
0.988402
0.205072
0.000000
0.047166
0.998793
0.062218
0.285847
0.023082
0.099346
0.381638
0.635496
0.193711
0.077874
0.942437
0.176088
0.999994
0.127543
0.994863
0.322860
0.986507
0.006086
1.000000
1.000000
0.061460
0.573767
0.772740
0.025304
0.719959
0.841035
0.867411
0.352268
0.989908
0.313370
0.017638
0.000000
0.417140
0.783707
0.798449
0.534118
0.000000
0.306781
0.812327
0.900616
0.926734
0.046730
0.098122
0.162405
0.509655
0.836823
0.000000
0.863627
0.098120
0.067312
0.000000
0.120535
0.991912
0.033462
0.232460
0.420782
0.000000
0.101585
0.589655
0.000000
0.978698
0.497744
0.170324
0.030121
0.680638
0.027525
0.493615
0.442061
0.957743
1.000000
0.181019
0.188921
0.161669
1.000000
0.259496
0.089363
1.000000
0.326594
0.316526
0.092695
0.088462
0.119994
0.087084
0.944513
0.017742
0.181088
0.952921
0.115031
0.483904
0.474528
0.161066
0.417787
0.850761
0.229426
0.000000
0.301783
0.013325
0.429992
0.544486
0.000000
0.494345
0.964172
0.998804
0.419261
0.422392
0.606630
0.710311
0.110049
0.393533
0.095378
0.982596
1.000000
0.000000
0.076660
0.999820
0.160700
0.111608
0.000000
0.305416
0.998201
0.930927
0.943812
0.902478
0.174424
0.387657
0.122123
0.000000
0.527462
0.924463
0.044647
0.059878
0.075753
0.977151
0.244668
0.240941
0.978482
0.101878
0.253149
0.899804
0.320784
0.897425
0.002435
0.026850
0.999999
0.030744
0.889561
0.519181
0.375242
0.417484
0.432740
0.000000
0.314579
0.077923
0.972551
0.127304
0.953778
0.032813
0.433126
0.999997
0.396392
0.264630
0.751654
0.030172
0.350254
0.000000
0.402320
0.052488
0.181978
0.998924
0.439167
0.971168
0.997767
0.206077
0.078876
0.212892
0.461374
0.974497
0.873110
0.509444
0.000000
1.000000
0.590170
0.999954
0.852994
0.643089
0.014899
0.971315
0.037284
0.873946
0.096610
0.000000
0.672786
0.000000
0.992748
0.381729
0.637678
1.000000
0.432603
0.999902
0.450574
0.973516
0.138097
0.219189
0.590663
0.359189
0.106185
0.875054
0.159697
0.588227
0.000000
0.000000
0.439996
0.974932
0.035421
0.000000
0.668855
0.178257
0.818259
0.396369
1.000000
0.754836
0.341437
0.146178
0.028333
0.927662
0.526297
0.840885
0.144636
0.663489
0.461970
0.332070
0.051984
0.167319
0.023741
0.135211
0.337409
0.084489
0.459722
0.283614
0.016537
0.556905
0.735898
0.111960
0.196607
0.285721
0.033003
0.948192
0.381845
0.913331
0.999001
0.422655
0.998075
0.410439
0.203196
0.161150
0.000000
0.334362
0.000000
0.507390
0.503159
0.559139
0.908861
0.048465
0.000000
0.302815
0.798506
0.635559
0.840454
0.000000
0.998870
0.853931
0.986641
0.258693
0.722050
0.208003
0.172492
0.991607
0.046806
1.000000
0.438982
0.066076
0.901887
0.204693
0.277247
0.959351
1.000000
0.142995
0.036666
0.050028
0.978157
0.189357
0.226298
0.097610
0.968437
0.634391
0.737077
0.926598
0.838427
0.731577
0.763448
0.852284
0.368557
0.372898
0.163655
0.163111
0.557975
0.051371
0.842435
0.061153
0.000000
0.510773
1.000000
0.255728
1.000000
0.932291
0.116445
1.000000
0.993069
0.994767
0.914977
0.000000
0.423839
0.047260
0.063732
0.002567
0.155046
0.027242
0.306354
0.578332
0.000000
0.182174
0.955437
0.998561
0.070691
0.917964
0.989297
1.000000
0.000000
0.901410
0.145329
0.115531
0.073365
0.401419
0.000000
0.746418
0.522475
0.139464
0.630919
0.104881
0.262556
0.090977
0.023631
0.949516
0.030321
0.000000
0.997008
0.974436
0.147892
0.668324
0.017708
0.344534
0.079478
0.991662
0.150610
0.797332
0.325617
0.462311
0.461565
0.148050
0.485480
0.092022
0.999979
0.999976
0.665647
0.018542
0.061782
0.747334
0.700622
0.990010
0.636109
0.169241
0.994525
0.918237
0.514264
0.719825
0.423784
0.483482
0.919641
0.271282
0.802894
1.000000
0.473861
0.570168
0.528653
0.223198
0.716889
0.289303
0.021164
0.203796
0.000000
0.877786
0.636263
0.932877
0.954576
0.997137
0.945028
0.018929
0.157516
0.015377
0.281803
0.083753
0.999937
0.999923
0.576310
0.147153
0.496488
0.172164
0.380023
0.106712
0.000000
0.920164
0.664350
0.678327
0.000000
0.288960
0.860638
0.999994
0.000000
0.021936
0.263779
0.049109
0.999999
0.999267
0.000000
0.057571
0.352395
0.215733
0.000000
0.935965
0.143934
0.170055
0.183560
0.145133
0.021986
0.000000
0.058084
1.000000
0.975187
0.364813
0.599400
0.994736
0.559912
0.996021
0.085334
0.085883
0.503710
0.000000
0.960635
0.398055
0.986122
0.149642
0.000000
0.690378
0.041332
0.705733
0.004628
0.828097
0.900133
0.998644
0.136149
0.107607
0.948942
0.588903
0.617947
0.753684
0.187683
0.070517
0.029708
1.000000
0.000000
0.289924
0.860458
0.637398
0.084249
0.000000
0.965739
0.015326
0.327238
0.995466
0.215644
0.974577
0.777212
0.552280
0.781647
0.256450
0.718931
0.086945
0.792430
0.296212
0.202883
0.016458
0.096315
0.620441
0.701759
0.487654
0.809848
0.461912
0.988055
0.355439
0.274360
0.707945
0.576786
0.095220
0.259930
0.191630
0.445225
0.615736
0.945628
0.998748
0.076704
0.748132
0.999998
0.875859
0.996734
0.207378
0.675077
0.383235
0.410112
0.019724
0.666207
0.830721
0.802550
0.379315
0.371686
0.000000
0.041429
0.490329
1.000000
0.310342
0.000000
0.152137
0.977254
0.155014
0.100882
0.990063
0.513328
0.946017
0.814053
0.225733
0.434161
0.195874
0.243540
0.034278
0.133662
0.556282
0.817157
0.999951
0.853211
0.448007
0.071865
1.000000
0.047395
0.660154
0.931296
0.044067
0.680046
0.233819
0.889116
0.313096
0.133661
0.987388
0.185293
0.697257
0.476962
0.541772
1.000000
0.609786
0.956943
0.966120
0.423151
0.260649
0.077776
1.000000
0.000000
0.052732
0.924754
0.267237
0.009075
0.351760
1.000000
0.738181
0.157656
0.945828
0.997218
0.793731
0.300540
0.121972
0.897969
0.981338
0.504235
0.171403
0.083277
0.999999
1.000000
0.898918
0.139998
0.011598
0.123122
0.087789
0.454634
0.975986
0.591308
0.189101
0.032607
0.051730
0.054904
0.143321
0.117728
0.697605
0.688315
0.177206
0.077470
0.074458
0.965233
1.000000
0.862633
0.787308
0.482741
0.141691
0.905364
0.008775
0.911803
0.987975
0.990728
0.388789
0.478695
0.129222
0.000000
0.245296
0.483606
0.487273
0.568869
0.802306
0.999998
0.995637
0.099161
0.860654
0.142932
0.068464
0.000000
0.976791
0.164850
0.993382
0.075642
0.900879
0.221456
0.141052
0.955269
0.577384
0.069950
0.324446
0.601698
0.062085
0.167747
0.208128
0.453631
0.069030
0.026130
0.074884
0.752284
0.469657
0.000000
0.406213
0.980042
0.271631
0.000000
0.122034
0.923420
0.000000
0.000000
0.102867
0.561259
0.984871
0.392963
0.188735
0.332817
0.683716
0.130554
0.379382
0.000000
0.168542
1.000000
0.114228
0.024453
0.000000
0.068950
0.030727
1.000000
0.125959
0.083559
0.796658
0.213496
0.302644
0.988075
0.872234
0.288683
0.889653
0.574058
0.105022
0.025584
0.999943
0.175943
0.737963
0.997732
1.000000
0.155975
0.010857
0.702623
0.065045
0.068403
0.906653
0.983539
0.158666
0.136157
0.000000
1.000000
0.197972
0.821082
0.926752
0.955072
0.994829
0.199512
0.967765
0.143977
0.771061
0.000000
0.842383
0.089774
0.334420
0.246405
0.242351
0.318919
0.144585
0.000000
0.098501
0.341913
0.393845
0.868526
0.000000
0.054499
0.840420
0.649452
0.999365
0.978266
0.213110
0.770208
0.049256
0.389546
0.999982
0.593186
0.394527
0.397340
0.108834
0.120452
0.056288
0.235619
0.896419
0.695199
1.000000
0.399673
0.081942
0.000000
0.880710
0.000000
0.936138
0.296837
0.124798
0.859060
0.101530
0.120818
0.631274
0.243021
1.000000
0.518155
0.999982
0.999998
0.169605
0.998938
0.580117
0.025724
1.000000
0.226023
0.745238
0.257365
0.094212
0.644410
0.484042
0.560140
0.002688
0.858872
0.047115
0.475109
0.842343
0.048266
0.000000
0.246455
0.389930
0.062333
0.270976
0.037572
0.065585
0.602378
0.558187
1.000000
0.000000
0.116817
0.012497
0.418674
0.183997
0.037949
0.727198
0.660389
0.596273
0.442224
1.000000
0.050573
0.983468
0.832536
0.182028
0.207281
0.987074
0.000000
0.098890
0.000000
0.638318
0.081191
0.843249
0.185127
0.609577
1.000000
0.999761
0.653207
0.838643
0.116356
0.859765
0.221290
0.571872
0.526190
0.999999
0.999997
0.842860
0.000000
0.141286
0.170933
0.412504
0.999998
0.999989
0.960932
0.999886
0.932246
0.312781
0.919405
0.453863
0.223026
0.112193
0.815204
0.932129
0.811895
0.198665
0.132388
0.000000
1.000000
0.877158
0.013869
0.048143
0.995430
0.999924
0.272343
0.740391
0.496330
0.887493
0.289487
0.390274
0.000000
0.408569
0.000000
0.974385
0.187182
0.824154
0.135158
0.328121
0.634662
0.380935
0.690926
0.567450
0.773857
0.661280
0.071991
0.667889
0.058199
0.312617
0.947149
0.999589
0.998135
0.999761
0.114467
0.439308
0.046681
0.980308
0.266047
0.219803
0.852166
0.269867
1.000000
0.000000
0.749880
0.981161
0.038054
0.268934
1.000000
0.409178
0.000000
0.000000
0.029802
0.864614
0.742388
1.000000
0.644918
0.034186
1.000000
0.980582
0.032140
0.052777
0.999997
0.037201
0.355075
0.233600
0.000000
0.417524
0.302853
0.141263
0.104794
0.231736
0.000000
0.038104
0.104073
0.730689
0.092061
0.491751
0.058614
0.000000
0.111208
0.176017
0.323909
0.439465
0.030362
0.000000
0.394886
0.068322
0.637645
0.037305
0.000000
0.114699
0.735072
0.486601
0.114087
0.000000
0.532937
0.168069
0.376852
0.026474
0.028827
0.052746
0.149702
0.002858
0.000000
0.142353
0.138360
0.006742
0.687022
0.267705
0.000000
0.662923
0.965600
0.261960
0.784977
0.989192
0.093133
0.037827
0.173012
0.996831
0.647619
0.597834
1.000000
1.000000
0.720785
0.012281
0.127269
0.000000
0.994228
0.110723
0.951733
0.027447
0.358280
1.000000
0.999987
0.999940
0.953969
0.727683
0.926360
0.886660
0.662809
0.911730
1.000000
0.133242
0.027351
0.047002
0.979706
0.180381
0.999906
0.920361
0.853863
0.029167
0.663543
1.000000
0.120093
0.160917
0.202858
0.356649
0.404101
0.000000
0.551438
0.146799
0.091269
0.136979
0.046581
0.464675
0.138088
0.153146
0.000000
0.069405
1.000000
0.116275
0.975814
0.000000
1.000000
0.010759
0.086995
0.297745
0.132533
0.113500
0.205228
0.030788
0.970145
1.000000
0.042679
0.069201
0.998038
0.000000
0.352454
0.096311
0.100182
0.113936
0.330263
0.000000
0.025718
0.039111
0.797389
0.980710
0.819271
0.666882
0.193817
0.000000
0.058967
0.497365
0.917107
0.176377
0.736517
0.110932
0.075205
0.720064
0.468244
0.748079
0.313764
0.783390
0.739501
0.841278
0.710109
0.991163
0.000000
0.000000
0.792780
0.026354
0.000000
0.947136
0.758867
0.019584
0.072513
0.396643
0.000000
0.992817
0.672059
0.946117
0.663066
0.106896
0.096677
0.596328
0.082169
0.960090
0.452127
0.999671
0.118467
0.000000
1.000000
0.984963
0.000000
0.140400
0.110105
0.453235
0.628261
0.112818
0.830063
0.514458
0.571137
0.128390
0.937427
0.584667
0.552670
0.000000
0.523652
0.856691
0.050331
0.045781
0.995741
0.646376
0.996418
0.169595
0.991247
0.446485
0.044663
0.887308
0.995056
0.981240
0.556341
0.225905
0.604615
0.315810
0.875991
0.992300
0.000000
0.189816
0.781673
0.020053
0.922902
0.291804
0.843840
0.472128
0.806600
0.996653
0.104496
0.915994
0.000000
0.102966
0.994468
0.453011
0.193908
0.999997
1.000000
0.244510
0.133901
0.079380
0.999962
0.090443
1.000000
1.000000
0.985891
0.376939
0.294847
0.467047
0.592034
0.000000
0.030211
0.456371
0.062001
0.118492
0.000000
0.063422
0.621118
0.410186
0.101365
0.099255
0.199634
0.995813
0.706402
0.227484
0.215747
0.292754
0.994706
0.779722
0.970264
0.398014
0.200839
0.215115
0.551873
0.370312
0.000000
0.655467
0.095448
0.515804
0.091721
0.000000
0.897797
0.000000
0.922786
0.430010
0.752142
0.357857
0.052451
0.429539
0.904738
0.000000
0.543007
0.000000
0.088737
0.033178
0.946540
0.347770
0.625523
0.055558
0.122878
0.278366
0.991889
0.317055
0.737949
0.140478
0.000000
0.015750
0.997227
0.098160
0.278398
0.842283
0.193669
0.064662
0.506686
0.089998
0.334019
0.003838
0.299050
0.114046
0.497697
0.967164
0.167927
0.181071
0.280523
0.868907
0.209680
0.660723
1.000000
0.272156
0.988465
0.729176
0.057543
0.216171
0.241278
0.475318
0.000000
0.949921
0.131727
0.126380
0.029517
0.117599
0.153820
0.354358
0.200402
0.654454
0.004564
1.000000
0.114449
0.063187
0.965326
0.134258
0.997948
0.262749
0.150136
0.000000
0.669250
0.000000
0.790177
0.096157
0.124166
0.305487
0.559032
0.999967
0.192777
0.541080
0.993873
0.057602
0.582383
0.068502
0.405339
0.821599
0.108441
0.000000
0.861289
0.083866
0.387744
0.830125
0.790279
0.893222
0.056433
0.019480
0.091990
0.277915
0.268490
0.999314
0.998732
0.976126
0.996124
0.750064
0.325529
0.091033
0.064130
0.173708
0.446789
0.026236
0.000000
0.712343
0.316838
0.000000
0.414532
1.000000
0.036622
0.530096
0.234316
0.999918
0.247714
0.193714
0.259392
0.736884
0.393774
0.000000
0.656970
0.212249
0.552088
0.552087
0.000000
0.008859
0.501780
0.782190
0.085426
0.998530
0.925310
0.189235
0.276626
1.000000
0.091074
0.515718
0.838554
0.106133
0.455136
0.709553
0.926690
0.008543
0.657110
0.953326
0.039683
0.155813
0.998200
0.228577
0.442184
0.999346
0.635920
0.231322
0.526923
0.086771
0.457814
0.909957
0.775848
0.066292
0.730858
0.165398
1.000000
0.174577
0.306471
0.093348
0.999266
0.019002
0.587492
0.999998
0.067832
0.296747
0.052130
1.000000
0.600394
0.646089
0.828811
0.089002
0.649996
0.150432
0.000000
0.255573
0.024469
0.677793
0.029955
0.033436
0.629043
0.132816
0.044821
0.924735
0.359388
0.174948
0.769922
0.892375
0.116370
0.521386
0.164604
0.470582
0.825184
0.496645
0.031313
1.000000
0.472716
0.895748
0.269187
0.188919
0.229395
0.064329
0.154983
0.999999
0.034865
0.250074
0.494386
0.953829
0.091138
0.154381
0.331509
0.802137
0.133621
0.879657
0.998677
0.165107
0.999351
0.904635
0.957331
0.754661
0.591337
0.100959
1.000000
1.000000
0.731879
0.016902
0.961885
0.000000
0.995895
0.997239
0.364046
0.046889
0.459168
0.982871
0.554616
0.265632
0.053362
0.000000
0.372382
0.943812
1.000000
0.304656
0.280168
0.087996
1.000000
0.808791
0.000000
0.690838
0.111798
0.000000
0.080906
0.243612
0.082721
0.291221
0.002373
0.087727
0.250075
0.463841
0.762665
0.000000
0.134596
0.241025
0.361823
0.746012
1.000000
0.034688
0.019259
0.983199
0.091545
0.124562
0.154487
0.577031
0.040296
0.734541
1.000000
0.120393
0.291752
0.973065
0.632131
0.000000
0.917321
0.812955
0.996861
0.112885
0.871785
0.041833
0.483373
1.000000
0.688136
0.999242
1.000000
0.117811
0.825885
0.887577
1.000000
0.854805
0.123342
0.251824
0.078853
0.508604
0.732830
0.405800
0.776720
0.951994
0.269467
0.896576
0.141363
0.109682
0.765594
0.551775
0.922887
0.229367
0.183812
0.641254
0.905270
0.000000
0.996316
0.452862
0.149925
0.514737
0.560805
0.999958
0.061466
0.019725
0.214718
0.234164
0.932743
0.593151
0.000000
0.271572
0.159929
0.970568
0.713977
0.726908
0.014965
0.139889
0.386373
0.171891
0.169738
0.204859
0.424802
0.904961
0.698011
0.949052
0.491266
0.391181
0.371436
0.000000
0.414342
0.309617
0.099839
0.035405
0.188652
0.070001
0.132168
0.759118
0.114443
0.032890
0.254950
0.359493
0.043756
1.000000
0.160946
0.884322
0.984123
0.945850
0.888020
0.640041
0.573085
0.343058
0.164719
0.997430
0.734415
0.037566
1.000000
0.999855
0.381619
0.097594
0.090724
0.000000
0.174443
0.249005
0.298627
0.264788
0.767210
0.046229
0.000000
0.578790
0.747259
0.896179
0.868383
0.049324
0.086221
0.000000
0.244914
0.505561
0.830652
0.000000
0.049640
0.301251
0.207908
0.927496
0.193670
0.723007
0.644459
0.020951
0.025726
0.293481
0.465181
0.898263
0.000000
0.989755
0.142557
0.068762
0.972435
0.969722
0.536999
0.900462
0.000000
0.283398
0.060999
0.681095
0.137472
0.045798
0.601788
0.767328
0.179593
0.061794
0.000000
0.052999
0.551052
0.025984
0.943195
0.528670
0.383899
0.877183
0.205691
0.028044
0.713414
0.378527
0.000000
0.067856
0.933670
0.233324
0.464359
0.459386
0.357947
0.364424
0.000000
0.048748
0.999999
0.580463
0.857284
0.626994
0.312286
0.110141
1.000000
0.541181
0.580855
0.042029
0.000000
0.000000
1.000000
0.809661
0.151143
1.000000
0.178212
0.040370
0.000000
0.004778
0.236528
0.999808
0.999687
0.000000
0.963692
0.882234
1.000000
1.000000
0.054674
0.977110
0.000000
0.285440
0.134713
1.000000
0.154644
0.368429
0.406404
0.257849
0.000000
0.124830
0.285211
0.293185
0.124218
0.344066
0.998974
0.999971
0.000000
0.360447
0.028838
0.999395
0.989688
0.214335
0.811294
0.329308
0.193777
0.293804
0.000000
0.978207
0.246064
0.773003
0.902172
0.031384
0.120634
0.163005
0.645974
0.323428
1.000000
0.634487
0.122889
0.373065
0.242591
0.389946
1.000000
0.370195
0.314629
0.738037
0.906385
0.045678
0.873515
0.165959
0.441877
1.000000
0.155244
0.139812
0.380160
0.456027
0.204986
0.059100
0.664316
0.135642
0.598507
0.925221
0.000000
0.127647
0.252260
0.072244
0.028747
0.992796
0.658030
0.111672
0.131448
0.027734
1.000000
0.181743
0.049605
0.185793
0.074801
0.122603
0.250937
0.829694
0.770676
0.142445
0.052965
0.741967
0.496924
0.019514
0.904640
1.000000
1.000000
0.988406
0.479246
0.202402
0.418129
1.000000
0.440818
0.452825
0.999962
0.148382
0.883861
0.300386
0.140077
0.110559
0.000000
0.964571
0.140279
0.463067
0.664686
0.221211
0.570711
0.000000
0.085242
0.049715
0.702681
0.646096
0.152541
0.364718
0.376770
0.070725
0.000000
0.000033
0.589314
0.031938
0.074587
0.021371
0.773446
0.000000
0.723537
0.194723
0.027779
0.438877
0.000000
0.327501
0.999987
1.000000
0.078303
1.000000
0.995483
0.149173
0.879047
0.004325
0.025626
0.214651
0.031424
0.000000
0.362184
0.970833
0.516980
0.663572
1.000000
1.000000
0.999989
0.187219
0.906078
0.773590
0.999777
0.728162
0.204712
0.078028
0.595944
0.129278
0.939117
0.967294
0.741129
0.395590
0.083859
0.471426
0.240381
0.971339
0.000000
0.061641
0.179105
0.463536
1.000000
0.447386
0.710930
1.000000
0.000000
0.803018
0.151833
0.811063
0.017514
0.594089
0.999966
0.689417
0.031256
0.265753
0.214425
0.271244
0.985363
0.993934
0.338305
0.960836
0.000000
0.000000
0.105195
1.000000
0.998280
0.435415
0.996044
0.016016
0.999934
1.000000
0.140439
0.037569
0.726506
0.000000
0.184281
0.766742
0.921975
0.526710
0.100046
0.374972
0.999951
0.385854
0.448892
0.000000
0.999987
0.000000
0.098682
0.000000
0.000000
0.174191
0.070263
0.765742
0.788938
0.057360
1.000000
0.175234
0.762601
0.168374
0.994918
0.830761
0.357428
0.182688
0.027302
0.009627
0.169293
0.131354
0.284378
0.420462
0.091492
0.953933
0.999998
0.203681
0.926667
0.758370
0.078877
0.999996
0.951717
0.825473
0.000000
0.718103
0.000000
0.076683
0.768386
0.999765
0.161902
0.376113
0.328419
0.081612
0.433890
0.000000
0.164860
0.525177
1.000000
0.029788
0.801827
0.000000
0.869572
0.421149
0.453215
1.000000
0.221644
0.061187
0.047121
0.359925
0.072076
0.774006
0.069041
0.296135
1.000000
0.925413
0.205000
1.000000
0.558314
0.404836
0.721220
0.266095
0.897916
0.766391
0.506245
0.068966
0.134152
1.000000
0.729563
0.423225
0.166129
0.935119
0.150808
0.085653
0.325576
0.869880
0.202531
1.000000
0.072359
0.868283
0.030083
0.184161
0.073590
0.373322
0.750727
0.138490
0.246412
0.402230
0.000000
0.999274
0.203949
0.250084
0.000000
0.124645
0.058422
0.063654
0.426257
0.526936
0.800410
0.051103
0.206114
0.000000
0.910432
0.076435
0.024419
0.721342
0.630224
0.454454
0.075732
0.808519
0.060386
0.977638
0.249584
0.464381
0.405285
0.087816
0.476021
0.436346
0.999821
0.029274
0.517429
1.000000
0.000000
0.505795
0.218745
0.939595
0.999142
0.266586
0.059082
0.180247
0.268812
0.093366
0.090803
0.097934
0.029754
0.213291
0.596240
1.000000
0.054266
0.209857
0.207386
0.000000
0.634888
0.000000
1.000000
0.213385
0.068589
0.874655
0.135651
0.882148
0.007934
0.126993
0.040692
0.054021
0.362177
0.691561
0.803095
0.692102
0.797493
0.003904
0.778511
0.000000
0.179737
0.823245
0.285967
0.035406
0.060219
0.470135
0.809591
0.161481
0.015032
0.066262
0.026395
0.525194
0.554667
0.974709
0.269351
0.533258
0.075532
0.997590
0.455335
0.034650
0.051185
0.619134
0.188331
0.358341
0.992151
0.962087
0.489980
0.260292
1.000000
0.902623
0.997570
0.325128
0.995161
0.076034
0.015725
0.019259
0.962253
0.284234
0.047983
0.926266
0.162423
0.010481
0.092163
0.999923
0.422208
0.057214
0.193920
0.816745
0.864685
0.000000
0.036029
0.524674
0.829542
0.035887
0.992323
0.511875
0.933628
0.478687
0.736217
0.033471
0.265505
1.000000
0.079984
0.098950
0.018159
0.901896
0.433852
0.409267
0.878027
0.000000
0.290256
0.011847
0.000000
1.000000
0.686716
0.692894
0.000000
0.071204
0.999990
0.029078
0.999869
0.161791
0.017048
1.000000
0.050858
0.014614
0.000000
0.000000
0.158510
0.370501
0.093043
0.845975
0.962792
0.721627
0.259657
0.442161
0.658846
0.997812
0.011159
0.586231
0.033993
0.991330
0.405723
0.364625
0.083204
0.735304
0.300947
0.997032
0.267074
0.651826
0.999205
0.043205
0.235345
0.062267
0.974720
0.042424
0.252919
0.999145
0.223995
0.151361
0.000000
0.589511
0.000000
0.158773
0.934959
0.000000
0.053011
0.937767
0.409719
0.443536
0.438165
0.970800
0.645063
0.333217
0.035457
0.769554
0.718100
0.953499
0.319311
0.418313
0.442399
0.025715
0.088034
0.999760
0.067517
0.050810
0.145978
0.300436
0.959392
0.130233
0.000000
0.000000
0.999997
0.000000
0.000000
0.862872
0.419397
0.020144
0.000000
0.092939
0.696088
0.937111
0.125827
0.286554
0.430894
1.000000
1.000000
0.000000
0.542698
0.834447
0.152300
0.347570
0.904821
0.000000
0.999936
0.746917
0.111076
0.219333
0.050530
0.011961
1.000000
0.280166
0.000000
0.991127
1.000000
0.066437
0.000000
0.971446
0.000000
1.000000
1.000000
0.841852
0.532615
1.000000
0.257699
1.000000
0.059031
0.103616
0.084212
0.002062
0.190730
0.127945
0.969895
0.179919
0.069883
0.054096
0.027958
0.999917
0.000000
0.466682
0.187570
0.049570
0.068822
0.157388
0.918249
0.898808
0.090554
0.230916
0.100004
0.659404
0.006541
0.898756
0.478467
0.200882
0.000000
0.214023
0.375624
0.023794
0.587187
0.243188
1.000000
0.410080
0.142147
0.616337
0.713750
0.101038
0.000000
0.422875
0.574718
0.050049
0.365967
0.399907
0.798814
1.000000
0.454313
0.607829
0.335886
0.331049
0.100424
0.000000
0.999999
0.060897
0.970359
0.404155
0.425661
0.258536
0.950213
1.000000
0.076171
0.142921
0.787646
0.678040
0.115814
0.586839
0.108735
0.581976
0.316335
0.028100
0.422811
0.683328
0.228814
0.280296
0.995126
0.707028
0.499900
0.168518
0.241011
0.848989
0.999999
0.011936
0.999385
0.135002
0.134697
0.736672
0.992746
0.841199
0.470302
0.616121
0.000000
0.404229
0.117950
0.204464
0.185443
0.016704
0.632928
0.505343
0.427870
0.765163
0.853587
0.112422
0.000000
0.914688
0.027613
0.021598
0.040259
0.516753
0.190747
0.069259
0.479378
0.952052
0.260215
0.937501
0.670703
0.291697
0.995013
0.056003
0.392995
0.608263
0.222847
0.078485
0.426591
0.581834
0.067122
0.954666
0.853708
0.347488
0.195007
0.981500
0.076378
0.219260
0.016156
0.000000
0.004906
0.892881
0.496273
0.714537
0.939287
0.506661
0.987915
0.881532
0.635256
0.844321
0.639829
0.293112
0.952604
0.789043
0.028134
0.310669
0.470573
0.168931
0.604079
0.237388
1.000000
0.023485
0.224410
0.291321
0.280921
0.491544
0.215602
0.762847
0.038424
0.870966
0.741775
0.000000
0.996535
0.253499
0.641547
0.095673
0.680072
1.000000
0.150296
0.455705
0.954865
0.631003
0.012251
0.479369
0.728447
0.188078
0.626367
0.917164
0.005926
0.139664
0.120574
0.286839
0.195091
0.704187
0.143814
0.721420
0.380311
0.925445
0.261381
0.247663
0.741019
0.298543
0.085876
0.940089
0.850013
0.052399
0.529630
0.491095
0.384724
0.015644
0.962501
0.038146
1.000000
1.000000
0.512077
0.997486
0.491955
0.482802
0.190363
0.319793
0.992602
0.999989
0.577060
0.923986
0.147023
0.119768
0.365837
0.387724
0.000000
0.307335
0.641485
0.581591
0.999965
0.999919
0.972131
1.000000
0.287702
0.025475
0.000000
0.106484
0.644775
0.017477
0.103478
0.533458
0.874917
0.098337
0.095845
0.998293
0.645600
0.000000
0.999999
0.649596
0.774004
0.729547
0.163039
0.212940
0.097865
0.196543
0.000000
0.916699
0.836129
0.998078
0.241795
0.168491
0.958614
0.195460
0.768318
0.182418
0.999996
0.193583
0.490912
0.452694
1.000000
1.000000
0.784126
0.828034
0.182993
0.036843
0.043055
0.536406
0.704261
0.239307
0.072075
0.199263
0.558634
0.536833
0.594483
0.436668
0.299333
0.244210
0.863714
0.980806
0.850737
0.022154
0.000000
0.000000
0.030909
0.673489
0.000000
0.993613
0.520222
0.776052
0.459208
0.193560
0.999991
0.379037
0.315794
0.122930
0.999813
0.649006
0.950827
0.278673
0.022283
0.034169
0.142756
0.986443
0.057647
0.049732
0.360387
0.436148
0.074467
0.000000
1.000000
0.000000
0.298259
0.527982
0.874674
0.267728
0.850033
0.000000
0.464329
0.000000
0.481191
0.029620
0.518923
0.000000
0.456919
0.819256
0.869208
0.130850
0.000000
0.491844
0.999060
0.081993
0.814075
0.035291
0.623729
0.015320
0.019802
0.995270
0.552951
0.091368
0.012030
0.050118
0.135551
0.958046
0.338153
0.496336
0.960234
0.879683
0.096540
0.273520
0.144945
1.000000
0.073373
0.321741
0.322851
0.000000
0.471247
0.187397
0.134061
0.283498
0.000000
0.367757
0.997723
0.000000
0.625735
0.000000
0.640418
0.423953
0.000000
0.010047
0.235547
0.916218
0.938070
0.247099
1.000000
0.077520
1.000000
0.776082
0.624153
1.000000
0.000000
0.156797
0.000000
0.557629
0.283851
0.792467
0.036173
0.036033
1.000000
0.160460
0.848690
0.731394
0.091705
0.044391
0.103173
0.629139
0.088517
0.986388
0.267476
0.216810
0.134599
0.000000
0.629811
0.763663
0.159074
0.006307
0.668666
0.683163
0.816257
0.968519
0.000000
0.817673
0.999726
0.190889
0.271165
0.199566
0.127789
0.532779
0.102394
0.135418
1.000000
0.150835
0.203978
0.978318
0.537330
0.946049
0.340882
0.134488
0.129236
0.771533
0.104885
0.397009
0.527015
0.984791
0.216652
0.755765
0.840016
0.994014
0.265172
0.130813
0.049692
0.831954
1.000000
0.645502
0.171298
0.262545
0.000000
0.794182
0.226167
0.054750
0.839405
0.516819
0.990380
0.083671
0.180208
0.911755
0.001798
0.367184
0.034710
0.935028
0.596535
0.400172
0.691136
0.624857
0.185842
0.357131
0.288007
0.000000
0.482997
0.000000
0.479491
0.085708
0.594024
0.185643
0.777130
0.266415
0.228583
0.158780
0.545099
1.000000
0.955905
0.979354
0.401605
0.337367
0.626268
0.385498
0.945916
0.477208
0.085499
0.981304
0.999686
0.917381
0.881120
0.318275
0.317619
0.033298
0.473910
0.585487
0.688641
0.076265
0.104570
0.457150
0.354424
0.077998
0.755139
0.752096
0.999357
0.520063
0.078192
0.085927
0.066903
0.891725
0.104147
0.000000
0.148926
0.304452
0.999999
0.589392
