1.000000
0.000000
0.000000
0.002490
0.176688
0.000000
0.000000
0.000000
0.998158
0.000000
0.000000
1.000000
0.000000
0.000000
0.000000
1.000000
0.663507
1.000000
0.753163
0.990048
0.317807
0.000000
0.706060
0.000000
0.971936
0.000000
0.000000
0.000000
1.000000
0.999991
0.000000
0.000000
1.000000
0.993609
0.000000
0.000000
1.000000
1.000000
1.000000
1.000000
0.000000
0.706699
0.000000
0.155621
0.000000
0.000000
0.000000
0.000000
0.000000
1.000000
0.000000
0.000000
0.000000
0.992132
0.000000
0.000000
0.000000
0.000000
0.000000
0.000000
0.000000
0.535178
0.000021
0.000000
0.000000
0.000000
0.000000
0.996907
0.000000
1.000000
0.038445
0.937051
0.000000
0.000000
0.000000
0.690404
0.999537
0.000000
1.000000
0.000000
0.000000
0.000000
0.000000
0.000000
0.681166
1.000000
0.000000
1.000000
0.000000
0.000000
0.002761
0.994084
0.612629
0.999991
0.000000
1.000000
0.000000
0.000000
1.000000
0.000000
0.000000
0.000000
0.000000
0.000000
0.000000
0.837952
1.000000
0.949281
0.701360
0.843229
0.000000
0.000000
0.000000
0.000000
0.000000
0.000000
1.000000
0.986093
0.000000
0.999864
0.000000
0.606418
0.000000
0.821088
0.000000
0.847320
0.053452
0.018971
1.000000
0.000000
1.000000
0.989178
0.000000
0.000000
0.000000
0.999993
1.000000
0.000000
0.000000
0.000000
0.000000
0.000000
0.000000
0.000000
0.000000
0.000000
0.000000
0.086688
0.832662
0.000000
1.000000
0.007254
0.000000
0.000000
0.000000
0.999998
0.014928
0.000000
0.998278
0.000000
0.000000
0.000000
0.000000
0.000000
1.000000
0.000000
0.000000
0.000000
1.000000
0.985181
0.975390
0.999918
0.000000
0.003381
0.997267
0.000000
0.000000
0.000000
0.000000
0.900586
1.000000
1.000000
0.000000
0.592679
0.999556
1.000000
0.000000
0.999827
1.000000
0.000000
0.000000
0.000000
0.073705
0.000000
0.999961
0.000000
0.000000
0.000000
0.004796
1.000000
0.328695
0.000000
0.420907
0.000000
0.000000
0.000000
0.000000
0.000000
0.999965
0.000000
0.000000
1.000000
0.000000
0.000000
0.000000
0.000000
0.736032
0.000000
1.000000
0.000088
0.000000
0.000000
0.000000
0.000000
0.998349
0.000000
0.000000
0.000000
0.000000
0.011486
1.000000
0.000000
0.983483
0.000000
0.000000
0.000000
0.000000
0.127589
0.999991
1.000000
0.000000
0.000000
0.000000
0.871810
0.995842
0.459756
0.000000
0.999960
1.000000
1.000000
0.602202
0.000000
0.999930
1.000000
0.000000
0.000000
0.000000
1.000000
0.000000
0.923278
0.736262
0.401031
0.000119
0.030832
0.000000
0.000000
0.927039
0.000000
0.000000
0.000000
0.000000
0.555151
0.890376
1.000000
0.999905
0.000000
0.000000
0.000000
0.000000
0.000000
0.000000
0.112785
0.850306
0.999581
1.000000
1.000000
0.000752
0.291100
0.551861
0.891814
1.000000
0.000000
1.000000
0.000000
0.000000
0.000000
0.987089
0.934745
0.961023
1.000000
0.000000
0.000000
0.000000
1.000000
0.000000
0.000000
0.250542
0.000000
0.000000
0.930212
0.000000
1.000000
0.000000
0.000000
0.022190
0.000000
0.000000
0.806790
0.000000
0.999972
0.000000
0.000000
1.000000
0.919446
0.812532
0.000000
0.703813
1.000000
0.999454
0.999947
0.106102
0.353733
1.000000
0.000000
0.000000
0.000000
0.000000
0.992071
1.000000
1.000000
0.929461
0.000000
1.000000
0.000000
0.000000
0.000000
0.000000
0.000000
1.000000
0.000000
0.000000
0.000000
0.000000
0.000000
0.000000
0.000000
0.000000
1.000000
0.000000
0.924038
0.303305
0.000000
0.000000
0.431776
0.015051
0.999804
0.000000
0.000000
0.000000
0.000000
0.999999
0.000000
0.000001
0.000000
0.000000
0.000000
0.000000
0.859452
0.998057
0.000000
1.000000
0.000000
0.000000
0.000000
0.392670
0.000000
0.852921
0.000000
0.000000
0.000000
0.000000
0.000000
1.000000
0.000000
0.000000
0.000000
1.000000
0.054071
0.713496
0.996540
0.000000
0.000000
0.000000
0.590638
0.999859
0.000000
0.125565
0.935842
0.999998
0.000000
0.990147
0.895917
1.000000
0.551929
0.000000
0.000000
0.006477
0.000000
0.999999
0.000000
0.000000
0.999997
0.000000
0.808631
0.000000
0.136115
1.000000
0.000000
0.000000
0.000000
0.989101
1.000000
0.000000
0.075096
0.497133
0.000000
0.000000
0.000000
0.000000
0.000000
1.000000
0.000002
0.000000
0.182005
1.000000
0.000000
0.000000
1.000000
0.052750
0.257815
0.000000
0.000000
0.472567
0.985153
1.000000
0.000000
0.000000
0.000000
0.996289
0.000000
0.097602
0.957510
1.000000
0.000000
0.030042
1.000000
0.000000
1.000000
0.471704
1.000000
0.000000
0.999997
0.164315
0.000000
1.000000
0.000000
0.232203
0.000000
0.000000
0.000000
0.000000
0.000000
0.000000
0.000000
0.000000
0.111395
0.000000
0.982059
0.000000
0.000000
0.000000
0.000000
0.543449
0.999998
1.000000
0.000000
0.000000
1.000000
0.001777
1.000000
0.733901
0.999719
0.000000
0.780245
0.997588
0.023686
0.000000
0.000000
0.000000
0.000000
0.000000
0.000000
0.000000
1.000000
0.478278
0.000000
0.860031
0.000000
1.000000
0.000435
0.000000
0.992583
0.000000
0.000000
0.000000
0.056692
0.086491
0.000000
0.000000
0.000000
1.000000
1.000000
1.000000
0.000000
0.000000
0.000000
0.972519
0.000000
0.999990
1.000000
0.000000
0.067282
0.842004
0.000000
0.999996
0.000000
0.000000
0.999290
0.058381
0.000000
0.000000
0.999999
0.000000
1.000000
0.014792
0.000000
0.126927
0.527532
0.000000
0.000000
0.000000
0.000000
0.000058
0.501566
0.000000
1.000000
0.000000
0.169927
0.999552
1.000000
0.000000
0.000000
0.000000
0.000000
0.999998
1.000000
0.999999
0.000000
0.000000
0.999939
0.000121
1.000000
0.000000
1.000000
0.000000
0.000000
0.000000
1.000000
0.000000
0.998537
0.000000
0.955271
0.000000
1.000000
1.000000
0.000000
0.337187
0.000707
1.000000
0.000000
0.000000
0.999984
1.000000
0.902653
0.980911
0.995415
0.000000
0.290835
0.000000
1.000000
0.000000
1.000000
1.000000
0.000000
0.289336
0.000000
0.000000
0.000000
1.000000
0.014591
0.000000
0.000000
0.000000
0.000000
0.000000
0.000000
0.090371
0.000000
1.000000
0.000000
1.000000
0.000000
0.000000
0.867597
0.000000
0.000000
0.563987
0.000000
0.053684
0.991531
0.461866
0.000000
0.000000
0.000000
0.000000
0.000000
0.766088
1.000000
0.000000
0.168330
0.019325
0.919154
0.036217
0.000000
0.000000
0.000000
0.003217
1.000000
0.000000
0.002451
0.020830
0.989800
0.000000
0.000000
0.000000
0.999997
0.000000
0.000000
0.000000
0.529295
0.000000
0.000000
1.000000
0.000000
0.785071
0.012514
0.000000
0.000000
0.000000
0.000000
0.227003
0.000000
1.000000
0.000000
0.000000
0.000000
0.932983
0.817605
0.000000
0.778481
0.996198
0.000000
0.000000
1.000000
0.000000
0.995242
0.078278
0.000000
0.621548
0.018035
0.000000
0.000000
1.000000
0.000000
0.000000
0.999988
0.055368
1.000000
0.000000
0.000000
0.000000
0.012485
0.000000
0.000000
0.961535
0.999781
0.454506
0.000000
0.178208
0.000000
0.667104
0.000000
0.053636
0.000000
0.000000
0.000000
0.999998
0.000000
0.000000
1.000000
0.003403
0.967602
1.000000
0.000000
0.000000
0.000000
0.874938
0.000000
0.000000
0.000000
0.000014
0.005668
1.000000
0.000000
0.000000
0.000000
0.000000
0.000000
1.000000
0.000000
0.000000
0.000000
0.000000
0.000000
1.000000
0.000000
0.000000
0.000000
0.000000
0.371838
1.000000
0.000000
0.000000
1.000000
0.000000
0.390572
0.132463
0.000000
0.000000
1.000000
1.000000
0.216312
0.999726
0.782430
0.000000
1.000000
0.000000
1.000000
0.006744
0.000000
0.000000
0.000000
0.000000
1.000000
0.000000
0.999998
0.000000
1.000000
0.174053
0.392666
0.450747
0.071232
0.000000
0.297712
1.000000
0.000007
0.000000
1.000000
1.000000
0.000000
0.989546
1.000000
0.236919
0.972755
0.000000
0.002427
0.000000
0.956104
0.000000
0.908116
0.000000
0.936411
0.000000
0.000000
0.000000
0.000000
0.000000
0.000000
0.000000
0.020096
1.000000
0.000000
0.000000
0.999962
0.999999
1.000000
0.103354
1.000000
0.000000
0.028114
0.999469
0.000000
0.562269
0.991394
0.999958
0.219416
0.000000
0.000000
0.908075
1.000000
0.000000
0.915794
0.000000
0.618076
0.000660
0.000000
0.994045
0.000000
1.000000
0.000000
0.175248
0.988543
1.000000
0.000000
0.000000
0.987411
0.000000
0.722460
1.000000
0.000000
1.000000
0.895332
0.888164
1.000000
0.000000
0.000000
0.000000
0.000000
0.000000
1.000000
1.000000
0.000000
1.000000
0.000000
0.999888
1.000000
0.000000
0.000000
1.000000
0.000000
0.902282
0.000000
0.995731
0.431476
0.999998
0.323194
0.358775
0.000000
0.229434
0.999871
0.000000
0.000000
0.000000
0.000000
0.000000
0.000000
0.999997
0.000000
1.000000
0.000000
0.000000
0.000000
0.000000
0.000000
0.188812
0.000000
0.000000
0.000000
1.000000
0.000000
0.000000
1.000000
0.000000
0.998416
1.000000
0.000000
1.000000
0.000000
0.000000
0.005489
1.000000
0.000000
0.000000
0.000000
0.000000
0.000000
0.000000
1.000000
0.000000
0.419868
0.000000
0.000000
0.999998
0.972600
0.000000
0.000000
0.000000
0.000015
0.000000
1.000000
0.999239
0.000000
0.000000
0.000000
0.998898
0.000000
0.000000
0.000000
0.000000
0.000000
0.000000
0.931402
0.000536
0.000000
0.999977
0.206761
1.000000
0.150001
0.114963
0.658572
0.000000
0.989462
0.000000
0.000000
0.000000
1.000000
1.000000
0.037778
0.999590
0.000000
0.000000
1.000000
0.000000
0.000000
0.731095
0.000000
0.003685
0.000000
1.000000
0.203044
0.806792
0.000000
0.000000
0.000000
0.000000
0.659611
0.000000
0.000000
0.000000
0.643616
0.000000
1.000000
0.000000
0.000000
0.000000
0.000000
0.128689
0.897643
0.742487
0.000000
0.000000
0.998696
0.000000
0.999543
0.000000
0.317799
0.000000
0.000000
0.987980
0.000000
1.000000
0.999457
0.000000
0.824983
0.000000
0.934752
1.000000
0.000000
0.000000
0.000000
0.411989
1.000000
0.999808
0.000000
0.000000
0.000000
0.000000
0.000000
0.998235
0.633390
0.000000
0.000000
0.000000
1.000000
0.348480
0.000000
0.037619
0.000000
1.000000
0.000000
1.000000
0.000000
0.000000
0.000000
0.000000
0.362847
0.982918
0.000000
0.000000
0.000000
1.000000
1.000000
0.000000
0.000000
0.999985
0.830481
0.000000
0.410068
0.250661
0.005668
0.000000
0.896258
0.927751
0.007871
1.000000
0.246679
1.000000
0.938691
0.000000
0.000000
0.000000
0.285780
0.000000
1.000000
0.780584
1.000000
0.000000
0.000000
0.000000
0.000000
0.016721
0.766029
0.999966
0.000000
0.000000
1.000000
0.000000
0.060768
0.000000
0.000000
0.000000
0.000000
0.699204
0.000000
0.946768
0.000000
0.000000
0.000000
0.000000
0.000000
0.992312
0.651211
0.000000
0.000000
0.000000
0.999215
1.000000
1.000000
0.000000
0.999998
1.000000
0.000000
1.000000
0.629590
1.000000
0.000000
0.000000
0.003722
0.049979
0.712869
0.000000
1.000000
0.000000
0.918145
0.000000
1.000000
0.000000
0.000000
0.288197
0.424314
1.000000
0.000000
0.000000
0.914612
0.622809
0.000000
0.594207
0.000000
0.999626
1.000000
0.018394
0.976992
0.000000
0.000000
1.000000
0.380482
0.000000
0.993586
0.566934
0.000000
0.000000
0.999930
0.000000
0.000000
1.000000
0.999996
0.159619
0.000000
1.000000
0.740180
1.000000
1.000000
0.000000
1.000000
1.000000
1.000000
0.000000
1.000000
0.000000
1.000000
1.000000
0.000000
0.000000
1.000000
0.380464
0.000453
1.000000
0.999538
0.000000
0.999997
0.945050
0.001105
0.000000
0.000000
0.000000
0.000000
0.098453
0.000000
0.000000
1.000000
0.909395
1.000000
0.113408
0.000118
0.000000
0.997732
0.864267
0.999990
0.000000
1.000000
0.000000
0.019317
0.109201
1.000000
0.000000
0.183782
0.000000
0.000000
0.000000
0.000000
0.000000
0.159798
0.000000
1.000000
0.968150
0.000000
0.000000
0.903561
0.000000
1.000000
0.000000
0.000000
0.000000
0.000000
0.954669
0.000000
0.000000
0.000000
0.000000
0.790406
1.000000
0.000000
1.000000
0.000000
0.000000
0.000000
0.000000
1.000000
0.999989
0.456566
0.000000
0.999995
0.353943
0.000000
0.000000
0.056428
0.233872
0.000000
0.000000
0.000000
1.000000
0.000000
1.000000
0.000000
1.000000
1.000000
0.000000
0.049010
0.415687
0.000000
0.000000
1.000000
0.810081
1.000000
1.000000
0.000000
1.000000
0.000000
0.996311
0.725186
0.214895
0.000000
0.000000
0.129018
0.000000
0.999927
0.000000
0.000000
0.000000
0.718175
0.000000
0.660172
0.389135
0.000000
0.000000
0.000000
0.000000
0.951828
0.000000
0.000000
0.997699
0.000000
0.143536
0.000000
0.000000
0.000016
0.000000
0.000000
1.000000
0.000000
0.000000
0.999998
0.000944
0.000000
0.000000
0.000000
0.999996
0.041185
1.000000
0.000000
0.242599
0.450904
0.000396
0.000000
0.677903
0.000000
0.555618
1.000000
0.191214
0.000000
1.000000
0.000000
0.940028
0.000000
0.000000
0.419742
0.999530
0.000000
0.000000
0.000000
0.000000
1.000000
0.998628
0.896196
1.000000
0.000000
1.000000
0.000000
0.000000
1.000000
1.000000
0.000000
0.000000
0.000000
0.000000
0.021243
0.000000
0.000000
0.000000
0.990322
0.000000
0.000000
0.000000
0.934256
0.000000
0.000000
0.999276
0.000000
0.000000
0.000000
1.000000
0.000000
1.000000
0.718195
0.001362
1.000000
1.000000
0.132473
0.385301
0.981970
0.000000
1.000000
0.325967
0.999843
1.000000
0.000000
0.000000
0.000000
1.000000
0.627936
0.997693
0.000000
0.560503
0.000000
0.000000
0.000000
0.000000
0.000000
0.000000
0.797655
0.000000
0.000000
0.974693
0.010462
0.001578
0.870249
1.000000
1.000000
0.000000
1.000000
0.998843
0.999981
0.000000
0.993430
0.999970
0.000000
0.000000
1.000000
0.000000
0.907618
0.000000
0.000000
0.000000
0.000000
0.000000
0.000000
1.000000
0.000000
0.117426
0.003432
0.000000
0.000000
0.000000
0.194095
0.999528
0.000000
0.970733
1.000000
0.126810
0.000000
0.000000
0.000000
1.000000
0.000000
0.999715
0.107079
0.000000
0.918542
0.000000
0.999997
1.000000
0.999997
0.000000
0.990220
0.625184
0.623998
0.000000
0.000000
0.967713
0.995869
0.000000
0.999612
0.000000
0.683655
0.000000
0.000000
1.000000
0.000000
0.000000
0.000000
0.000000
0.000000
0.000000
0.000000
0.996856
0.003562
0.000000
0.999902
0.002506
0.999979
0.995755
0.000000
0.000000
0.000000
0.999999
0.000000
0.000000
0.413403
0.000000
0.999995
0.000000
0.000000
1.000000
0.000000
0.000004
0.000000
0.000000
0.000000
0.033293
0.000000
0.000000
1.000000
0.004054
0.000000
0.000000
0.000000
0.989856
0.000000
0.948369
0.000000
0.981251
0.000000
0.999843
0.000000
0.971446
0.000000
0.000000
0.000739
0.000000
0.000000
0.000000
0.000000
0.000000
0.999873
0.000000
0.780388
0.000000
1.000000
0.000000
0.000000
1.000000
0.294881
0.082533
0.000000
0.000000
0.999989
0.000000
1.000000
1.000000
1.000000
0.000000
0.892561
0.000000
0.000000
0.502595
0.000000
0.000000
0.000000
0.000000
1.000000
0.000000
0.000000
0.216109
1.000000
0.999519
1.000000
0.000000
1.000000
0.000000
0.000000
0.000000
1.000000
1.000000
0.000000
0.000000
0.000000
0.000000
1.000000
0.000000
0.000000
0.969257
0.000000
0.000000
0.544451
0.998351
1.000000
1.000000
0.000000
0.000000
0.000000
0.000000
0.000000
0.000000
0.000000
0.000000
0.000000
0.000000
0.000000
0.000000
0.000000
0.000000
0.000000
0.000000
0.000000
0.478204
0.999993
0.000000
1.000000
0.000000
0.925216
0.000000
0.999963
0.000000
0.000000
0.000000
0.000000
0.000000
0.000000
0.852746
0.999891
1.000000
0.000000
0.000000
0.875368
1.000000
0.000023
0.000000
0.087194
0.000000
0.037857
0.000000
0.792228
0.000000
0.000000
0.999983
0.000000
0.000000
0.604645
0.000000
0.000000
1.000000
0.000000
0.999993
0.000000
0.000000
0.113703
0.999726
0.000000
1.000000
1.000000
0.748904
0.000000
1.000000
0.024526
0.000000
0.149889
0.075959
0.000000
0.000000
0.205455
0.000000
1.000000
0.000000
0.999981
0.000000
0.000000
0.000000
0.000000
0.000000
0.000000
1.000000
0.000000
1.000000
1.000000
0.000000
0.000000
0.659622
0.994969
0.000000
0.000000
0.000000
0.000000
0.358649
0.517656
1.000000
0.000049
0.119647
0.000000
0.000000
0.000000
0.000000
0.563983
0.000000
0.013490
0.000000
0.464673
0.000000
0.000000
0.726925
0.000000
0.000000
0.000000
0.995482
0.998373
0.000000
1.000000
0.000000
0.000000
0.000000
0.000000
1.000000
1.000000
0.000000
0.000000
0.000000
0.000000
0.828872
0.000000
0.999803
0.000000
0.000000
0.858623
0.000000
0.000000
0.000000
0.000000
0.001494
0.901304
0.000000
0.000000
0.151798
0.000000
1.000000
0.000000
0.611866
0.000000
1.000000
0.999931
0.000000
1.000000
0.999999
0.000000
0.000000
0.000000
1.000000
1.000000
0.606355
0.980222
0.000000
0.000000
0.000000
0.356979
0.806828
0.000000
0.997136
0.000000
0.000000
1.000000
0.800753
0.000000
0.000000
0.000180
0.999293
0.000000
0.000000
0.923397
0.014261
0.000000
1.000000
0.000000
0.000000
0.017381
0.000000
0.000000
0.000000
0.000000
1.000000
0.000000
0.000000
0.000000
0.000000
0.000000
0.015858
1.000000
0.999997
0.000000
0.997267
0.000000
0.000000
0.000000
0.000000
0.000000
0.000000
0.656401
0.000000
0.000000
1.000000
0.000000
0.004902
0.000000
0.000000
0.029926
1.000000
0.000000
0.000000
0.000000
0.000000
0.000000
0.000000
0.000000
0.999725
0.000000
0.000000
0.000000
0.000000
0.000000
0.000000
0.000000
0.837324
0.000000
0.000000
0.000000
0.992078
0.000000
1.000000
1.000000
0.947439
0.000000
0.000000
0.000207
0.054635
0.000000
1.000000
0.999986
0.000000
0.000000
0.000000
0.000000
0.000000
0.001318
0.615599
1.000000
0.000000
1.000000
0.000000
0.000000
0.303041
0.737249
0.997491
0.144781
0.000000
1.000000
0.000329
0.000000
0.319728
0.000000
0.000000
0.000000
0.000000
0.999774
0.000000
0.000000
1.000000
0.126892
0.000000
0.000000
0.999997
0.000000
1.000000
0.000000
0.999998
0.106403
0.987433
0.210384
0.000000
0.000000
0.999987
0.861396
0.000000
0.000000
0.000000
0.985237
0.000000
0.000000
0.287134
0.000000
0.208006
0.622190
0.000000
0.000000
1.000000
0.000000
1.000000
0.000000
0.999920
0.000000
0.000000
0.774682
1.000000
0.983537
0.000000
1.000000
0.000000
0.998396
1.000000
1.000000
1.000000
0.913407
0.964615
0.000000
0.000000
1.000000
0.766289
0.000000
0.000002
1.000000
0.000000
0.996323
0.000000
0.000000
0.999689
1.000000
0.000000
0.000000
0.000000
0.371889
0.000000
0.000000
0.988110
0.000000
0.000000
0.000000
0.000000
0.576296
1.000000
0.000000
0.000747
1.000000
0.000000
1.000000
0.000000
0.000000
0.000000
0.000000
0.000000
0.000000
0.653605
0.000000
0.000000
0.999921
0.999729
0.000000
0.000000
0.000000
0.000000
0.000000
0.000000
0.000000
0.000000
0.000000
0.000000
0.000000
0.000000
0.000000
0.000000
0.270196
0.000000
0.000000
0.000000
0.098677
0.362596
0.000000
0.000000
1.000000
0.000000
0.000000
1.000000
0.000000
0.000000
1.000000
0.000031
0.000000
0.953491
0.000000
0.021321
0.962377
0.999715
0.000827
1.000000
0.734153
0.999988
0.000000
1.000000
0.000000
1.000000
1.000000
0.000000
0.774327
0.000000
0.000000
0.094410
0.000000
1.000000
0.999030
0.996112
0.263885
0.005940
0.000000
0.000000
0.007272
1.000000
0.000617
1.000000
0.000000
1.000000
0.000000
0.000000
0.000000
0.000000
0.000000
0.064183
1.000000
0.741366
0.000000
0.000000
1.000000
0.132155
0.000000
0.000000
1.000000
0.771195
0.000000
0.996808
0.000000
0.000000
0.000000
0.000000
0.588099
0.000000
0.000000
0.000000
1.000000
0.000000
0.000000
0.000000
1.000000
0.000000
1.000000
0.000000
0.000000
0.000000
0.788049
0.000000
0.000000
1.000000
0.999996
0.000000
0.000000
1.000000
1.000000
0.000000
0.478830
0.000000
0.988332
0.000000
1.000000
0.999996
0.999993
0.000000
0.292035
0.000000
0.000007
1.000000
0.000000
1.000000
0.000000
0.992810
0.000000
0.000000
0.357821
0.000000
0.998435
0.860573
0.000000
0.000000
0.000000
0.000000
0.029986
0.000000
0.000000
0.000000
0.035490
0.995344
0.000000
0.982068
1.000000
0.000000
0.000000
0.000000
0.000000
0.000000
0.000000
0.767387
0.000000
0.000338
0.000000
0.000000
0.000000
0.000000
0.000000
0.000000
1.000000
0.000000
0.000000
0.000000
0.000000
1.000000
0.000000
0.000000
0.999986
0.000346
0.950412
0.999982
0.000000
0.000000
0.000000
0.000000
0.000000
0.000000
0.000000
0.000000
0.000000
0.000000
0.000000
0.998749
0.941025
0.953027
1.000000
0.000000
0.635928
0.000000
0.000000
1.000000
0.951655
0.999874
0.000000
0.000000
0.999343
0.303909
0.000000
0.000000
0.000000
0.918583
1.000000
0.000000
0.000000
0.738857
0.000000
0.000000
0.000000
0.000000
0.476904
0.000001
0.411933
0.007589
0.285398
0.000000
0.752394
0.000000
0.000000
0.940768
1.000000
0.000000
1.000000
0.000000
0.000000
0.934802
0.000000
0.000000
1.000000
0.964961
0.000000
0.999930
1.000000
0.000000
0.000000
0.000000
0.000000
1.000000
0.000000
0.000000
0.000000
1.000000
0.000000
0.032264
0.473711
0.292616
0.000000
0.999999
0.000000
0.000000
0.000000
0.000000
1.000000
0.000000
0.000000
0.000000
0.000000
0.000000
0.315291
0.000000
0.820323
0.000000
0.897495
0.000000
0.000031
1.000000
0.000000
0.000000
0.724728
0.000000
0.000000
0.000000
0.946592
0.000000
0.000000
0.598232
0.000000
0.000000
0.901127
0.000000
0.000000
0.000000
0.000000
0.000000
0.000000
0.000000
0.999427
0.000000
0.000000
0.000000
0.000000
0.000000
0.000000
0.000000
0.000000
0.873918
0.000000
0.000000
0.004234
0.076486
1.000000
0.975148
0.000000
0.007762
0.000000
0.000000
0.978389
0.999783
0.000000
0.000000
0.000000
0.000000
0.147297
1.000000
0.005596
0.000000
0.000000
0.000000
0.000000
0.000000
0.000000
0.000000
1.000000
0.000000
0.000000
0.000000
0.000000
0.000000
0.000000
0.000000
0.095801
0.896549
0.000000
0.000000
0.000000
1.000000
0.000000
1.000000
0.873060
1.000000
0.999635
0.954104
0.752092
0.888773
0.000000
0.000000
0.000000
0.000000
0.000000
0.000000
0.000000
0.000000
0.000000
0.000000
1.000000
0.000000
0.999924
0.999218
0.804444
0.085765
0.000017
0.000000
0.000000
1.000000
1.000000
0.000000
0.000000
0.000000
0.000000
0.000000
0.999939
0.000000
0.000000
0.997103
0.060979
0.001608
0.000000
0.000000
1.000000
0.000000
1.000000
0.090847
1.000000
0.000000
0.000000
0.000000
0.000000
1.000000
1.000000
0.995708
0.000000
0.141439
0.260568
1.000000
0.000000
1.000000
0.000000
0.571329
0.143185
0.000000
0.000000
0.038101
0.178626
0.000000
0.000000
0.047108
1.000000
0.000000
0.966638
0.000000
0.000000
0.825358
0.000000
0.000000
0.000000
0.973994
1.000000
1.000000
1.000000
0.000000
0.000000
0.000000
0.000000
0.000001
0.149204
1.000000
0.000000
0.000000
0.000000
0.965790
0.128116
0.067891
0.154440
0.000000
0.000000
0.000000
0.279470
0.000000
0.173714
0.345368
0.989384
1.000000
0.000000
0.000000
0.000000
0.162815
0.000000
0.000000
0.999883
1.000000
0.000000
0.000000
0.700187
0.000000
0.000000
0.827242
0.000000
0.999936
0.000000
0.000000
0.000000
0.000000
0.000000
0.000000
0.000000
0.963003
0.885762
0.000000
0.987947
0.128958
0.000064
0.000412
0.999930
1.000000
0.987650
0.000000
0.000000
1.000000
0.000000
0.000000
0.000044
0.096756
0.999462
0.931656
0.000000
0.000000
0.404382
0.879846
0.000000
0.982139
0.597522
1.000000
0.000000
0.000000
0.000000
1.000000
0.000000
0.000000
0.000000
0.000000
0.000000
0.000000
0.000000
1.000000
1.000000
0.000000
0.000000
0.000000
0.000000
0.000000
0.520594
0.976246
0.999998
0.418737
0.947979
1.000000
0.000000
0.000000
0.000000
0.999737
0.000000
0.816333
0.000000
0.000000
0.000000
0.000000
1.000000
0.000000
1.000000
0.804794
0.000000
0.447742
0.000000
0.000000
1.000000
0.000000
0.000000
0.190169
0.081201
0.000000
0.640201
0.000000
1.000000
0.997972
0.000000
0.000000
0.149995
0.000000
0.687984
0.000000
0.618701
0.000000
0.397925
0.034439
0.000000
0.000000
0.000000
0.000000
1.000000
0.999999
0.917529
0.000000
1.000000
0.000000
0.000000
0.393149
0.000482
0.116480
0.000260
0.000000
0.000000
1.000000
0.999990
0.000000
1.000000
0.000537
0.998173
0.000000
0.000000
0.000000
1.000000
0.999844
0.000000
0.465688
0.000000
0.349066
1.000000
0.922057
0.000000
0.690817
1.000000
1.000000
1.000000
0.162720
0.000000
0.999194
0.000000
1.000000
0.000000
1.000000
0.000026
0.000000
1.000000
0.000000
0.908589
0.450897
0.000000
0.000000
1.000000
0.978088
0.997192
1.000000
0.000000
1.000000
0.000000
0.804817
0.000000
0.961053
0.000000
0.036643
0.000000
0.720163
0.000000
1.000000
0.944740
0.000000
0.000000
0.997922
0.179227
0.999956
0.000000
0.747933
0.013213
0.000000
1.000000
0.000000
0.000000
0.886748
0.000000
0.445660
0.286307
0.000000
1.000000
0.000000
0.954007
0.000000
0.998426
0.000000
1.000000
0.000000
0.000000
0.959261
0.000000
0.000000
0.000000
0.000000
0.000000
0.000000
1.000000
0.000000
0.000000
1.000000
0.999519
0.000000
0.000000
0.003790
0.037207
0.992417
0.000066
1.000000
0.000000
1.000000
0.000000
0.000000
0.000000
0.461718
0.000000
1.000000
0.747668
0.000000
0.293001
0.000000
0.999631
0.000000
0.000000
0.000000
0.010988
0.000000
0.000000
1.000000
0.000000
0.126927
0.000000
0.990664
0.996931
0.987415
0.999800
0.470703
0.000000
1.000000
0.000000
0.000000
1.000000
0.998948
0.481848
0.000000
0.000000
0.000000
0.000000
0.000000
0.000000
0.597564
0.000000
0.999900
1.000000
0.000000
0.999968
0.000001
0.000000
0.000159
0.133270
0.000393
0.795247
1.000000
0.999981
0.800726
0.009649
0.977412
0.000000
1.000000
0.000000
0.000000
0.000000
1.000000
0.998177
0.522122
0.000000
1.000000
0.000000
1.000000
0.000000
0.000000
0.192395
0.000002
0.999997
0.000000
0.000000
0.000000
0.000000
0.000000
0.361053
0.000000
0.000000
0.798072
0.000000
0.000000
0.000000
0.000000
1.000000
0.000000
0.000000
0.000000
0.000000
0.000000
0.000000
0.000000
0.000000
0.200743
0.000000
0.000000
1.000000
1.000000
0.000000
0.000000
0.072959
0.000000
0.000000
0.000000
0.000000
1.000000
0.000000
0.000000
0.000000
0.000000
0.798402
0.483901
0.000000
0.000000
0.000000
0.000000
0.000000
0.000000
0.000000
0.000000
0.000000
0.000000
0.000000
1.000000
0.000000
0.000000
0.000000
0.000000
0.000000
0.000000
0.000000
0.000000
1.000000
1.000000
0.000000
0.000000
0.000000
0.000078
1.000000
0.000000
1.000000
0.000000
0.000000
0.017122
0.000000
0.000000
0.998970
0.000000
0.000000
0.001817
0.428749
1.000000
1.000000
0.000000
0.000000
0.000000
0.951079
0.736022
0.979617
0.999493
0.000000
0.984676
0.939534
0.999699
0.999992
1.000000
0.000000
0.413661
0.000000
0.000000
0.986685
0.000000
0.000000
0.000000
0.346490
0.000000
0.000000
0.953703
0.000000
0.683672
0.000000
0.000000
0.003588
1.000000
0.000000
1.000000
0.000000
1.000000
1.000000
0.000000
0.999939
0.999999
1.000000
0.000000
0.487672
0.000000
0.000000
0.000000
0.000000
0.000000
1.000000
0.258724
0.000000
0.000000
0.000174
0.000000
0.000000
0.000000
0.000000
0.214639
0.000000
0.000000
0.262988
0.000000
1.000000
0.046857
0.000000
1.000000
0.000000
0.965986
0.003681
0.000000
0.000000
0.000000
0.000000
0.000000
0.000000
0.000000
0.000000
0.000000
0.000000
0.993370
0.000000
0.000000
0.000000
0.067575
0.750889
0.000000
0.440655
0.000000
0.000000
0.000000
0.000000
0.999833
1.000000
1.000000
0.000000
1.000000
0.000000
0.919159
0.539567
0.750114
0.000000
0.000000
0.998251
0.000000
0.000000
0.000000
0.131885
0.000000
0.000000
0.968678
0.000000
0.000000
0.707512
0.999442
0.000000
0.999985
0.000000
0.833442
1.000000
0.000000
0.954548
0.688714
0.988261
0.000000
1.000000
0.000000
0.778585
0.817172
1.000000
0.997733
0.000000
0.000000
0.000000
0.528793
0.000000
0.000000
1.000000
0.000000
0.000002
0.959810
1.000000
0.000000
0.000000
1.000000
0.000000
0.000000
0.000000
0.000000
0.907339
1.000000
0.897495
0.946156
0.000000
0.000000
0.999912
0.000000
0.831633
0.000000
1.000000
0.860008
0.320925
0.000000
1.000000
0.999286
0.794563
0.000000
0.021144
0.000000
0.000000
0.000000
0.373141
0.999590
0.955659
0.000000
0.000000
0.885884
0.000000
0.832483
1.000000
0.999996
0.000000
0.000000
0.000000
0.010211
0.000000
0.000000
0.000000
0.028118
0.000000
0.000000
0.914773
0.180288
0.999218
0.000000
0.140539
0.000000
0.999290
1.000000
0.000000
0.000000
0.000000
0.000000
0.000000
0.000000
0.000000
0.000000
0.999994
0.000000
0.999993
0.000000
0.000000
0.000000
0.000000
0.000000
0.000000
0.000000
0.000000
0.999976
0.000000
0.180017
0.000000
0.003908
0.000000
0.000000
0.000000
0.000000
0.948473
0.000000
0.683712
0.038885
1.000000
0.137409
0.004123
0.134935
0.000000
1.000000
0.000000
0.000076
0.000009
0.000000
0.000000
0.999998
0.000000
0.993319
0.000000
0.000000
0.020874
1.000000
0.999958
0.000000
1.000000
0.984283
0.000000
0.000000
0.374922
0.336955
0.000000
0.000000
0.000000
1.000000
0.006416
1.000000
0.000000
0.072183
1.000000
0.096253
0.000000
0.957196
1.000000
0.000004
0.000000
0.000000
0.020504
0.999799
0.000000
0.000000
0.000000
0.000000
0.999175
0.000000
1.000000
0.000000
0.000000
1.000000
0.999998
0.139540
0.000000
0.818403
0.000000
0.031928
0.554254
0.766362
0.000000
0.191824
0.000000
1.000000
1.000000
0.999962
0.000000
0.000000
0.000000
0.000000
0.000000
0.360498
0.000000
0.000000
0.000000
0.995857
0.812152
0.080754
0.000000
0.000000
0.000000
0.000000
1.000000
0.000000
0.580765
0.000000
0.000000
0.000000
0.002875
1.000000
0.997596
0.673920
0.000000
0.996193
1.000000
0.979621
0.000000
0.000000
0.000000
1.000000
0.000000
0.000000
0.015629
0.000000
1.000000
0.000000
0.000000
0.648122
0.000000
0.000000
0.000000
1.000000
0.000000
1.000000
0.000000
1.000000
0.353740
0.999982
0.000000
0.000000
0.000000
0.000000
0.000000
0.000000
0.000000
0.000014
0.000000
1.000000
0.000000
1.000000
0.012012
0.336561
0.300031
1.000000
0.557674
0.947858
0.000000
0.000000
0.000000
0.000000
0.000000
0.682950
0.000000
0.999938
0.000000
0.000000
0.000000
0.000000
1.000000
0.000000
1.000000
0.000000
0.000000
1.000000
0.000000
0.000000
0.000000
0.000000
0.000000
0.000000
1.000000
0.999894
0.015761
0.977663
0.974850
0.000000
0.999587
0.887925
0.000000
0.000000
0.000000
1.000000
1.000000
0.999980
0.155224
1.000000
0.999998
1.000000
1.000000
0.779909
0.000000
0.000000
0.999989
0.000000
0.000000
1.000000
0.361045
0.000000
0.999903
0.994785
0.621669
0.013778
0.048657
0.000000
0.000000
0.000000
0.989904
0.000000
0.000000
0.000000
0.000000
0.000000
0.000000
0.000000
0.000000
1.000000
0.000000
0.796963
0.000000
0.960518
0.552031
0.000000
0.000000
0.000000
0.185724
1.000000
0.000000
0.996676
0.000000
0.000000
0.000000
0.342864
0.000000
0.004184
1.000000
0.998953
1.000000
0.000000
0.901689
0.999988
0.000000
0.998163
0.000000
0.998584
0.266787
0.000000
0.556826
0.000000
0.000000
1.000000
0.000000
0.999932
0.000001
0.997025
0.000000
0.003986
0.000000
0.000000
0.000000
0.007860
0.000000
0.000000
0.000000
0.000000
0.054411
0.000000
0.000000
0.999998
1.000000
0.851979
0.000000
1.000000
1.000000
0.000000
0.000000
0.000000
0.000000
1.000000
0.000000
0.000000
0.000000
0.931073
0.000000
0.999594
0.000000
0.000000
1.000000
0.000000
0.000000
0.948512
0.000000
0.000000
1.000000
0.000000
0.684164
0.000000
0.000000
1.000000
0.944647
0.000000
0.000000
0.000000
0.000000
0.000000
0.000000
0.000000
0.000000
0.000000
1.000000
1.000000
0.000000
0.989750
0.000000
0.997507
0.000000
1.000000
0.000000
0.000000
0.002356
0.000000
0.662193
0.000000
0.000000
0.999561
0.854027
1.000000
0.000000
1.000000
0.000000
0.000000
0.000000
0.577947
0.000000
0.999988
0.999675
0.000000
0.923333
0.002288
0.000000
0.000000
0.000000
0.491038
0.000000
0.000000
0.000000
1.000000
0.032644
1.000000
0.000000
0.999999
0.000000
0.334101
0.000000
0.000000
0.988548
0.248498
0.000000
0.000000
0.002356
0.947460
0.000000
0.979154
0.000000
0.000000
0.000000
0.000000
0.098094
0.000000
0.000000
1.000000
0.000000
0.000000
0.000000
0.000000
0.001940
0.000000
0.998398
0.000002
0.000000
0.000000
0.374656
0.000000
0.220223
1.000000
0.007225
0.000000
0.146666
1.000000
0.000000
1.000000
1.000000
0.000000
0.000000
0.000000
1.000000
0.000000
0.999942
0.000000
0.000000
0.000000
0.000000
0.000000
1.000000
0.999998
0.991903
0.000000
1.000000
1.000000
0.047461
1.000000
0.010497
0.000000
0.250765
0.999193
0.000000
0.052960
0.000000
0.000000
0.354433
0.298669
1.000000
1.000000
0.000000
1.000000
1.000000
0.098726
1.000000
0.000000
0.000000
0.000000
1.000000
0.000000
0.000000
0.000000
0.342608
0.000000
0.000000
0.000000
0.000000
0.000000
1.000000
0.000000
0.998689
0.000000
0.000000
0.000000
0.956475
1.000000
1.000000
0.000000
0.984705
0.000000
0.000000
0.000000
0.000000
0.995595
0.999323
0.341033
0.059575
0.000000
0.498550
0.000000
0.000000
1.000000
0.069413
0.000000
0.000000
0.000000
1.000000
1.000000
0.997948
0.000000
0.000000
0.000000
0.218334
0.000000
0.016155
0.000000
0.999103
0.000000
0.000000
0.784359
0.000000
0.215869
0.000000
0.988989
0.090700
0.707015
0.000000
0.000000
0.000000
0.000000
0.015745
0.000000
0.000000
0.000000
0.000365
0.000000
1.000000
1.000000
0.000000
0.992094
0.000000
0.000000
1.000000
0.949832
1.000000
1.000000
0.000000
0.025162
0.459036
0.980095
0.000000
0.999973
0.063770
0.999999
0.000000
0.000000
0.000000
0.000000
0.325746
0.000000
0.000000
1.000000
0.000000
0.000000
1.000000
0.000000
0.000000
0.000000
0.000000
0.000000
0.000000
0.000000
0.000000
1.000000
0.000000
1.000000
1.000000
1.000000
0.000000
0.000000
0.000000
0.000000
0.993898
0.000000
0.061625
0.000000
0.000000
0.493493
0.509424
0.999999
0.000000
0.975327
0.999920
0.000000
0.000000
0.000000
0.000000
1.000000
0.000000
0.000000
0.000000
1.000000
0.000000
0.000000
0.000000
0.000000
0.999651
0.999950
0.000000
0.000000
1.000000
0.106629
0.000000
0.000000
1.000000
0.000000
0.000000
0.001703
0.007351
0.149102
0.000000
0.011879
0.000000
1.000000
1.000000
0.893020
0.000000
0.000000
0.964304
0.000000
1.000000
1.000000
0.000000
0.000000
0.000000
0.000305
0.000000
0.999838
0.422111
0.912396
0.000000
1.000000
0.910413
0.999721
1.000000
0.929264
0.000000
0.000000
0.659336
0.665238
0.000000
0.000000
0.678462
0.000000
0.543829
1.000000
0.000000
0.000000
0.000000
0.000000
0.000000
0.000000
0.000000
0.583510
0.000000
1.000000
0.565085
0.000000
0.000000
0.000000
0.000353
0.000000
0.979501
0.293779
0.000000
0.000000
1.000000
0.000000
1.000000
0.982599
0.601352
0.000000
0.579588
0.000000
0.000360
0.000000
0.004008
0.000000
1.000000
1.000000
1.000000
0.000000
0.000000
0.480057
0.000000
0.000000
0.000000
0.000000
0.000117
0.000000
0.000000
0.763376
0.000000
0.000000
0.999996
0.000000
0.497147
0.000000
0.000000
0.000000
1.000000
0.000000
0.327719
0.000000
0.993583
0.122726
0.000000
0.000000
0.491420
0.854290
1.000000
1.000000
0.000000
1.000000
0.999992
0.000000
0.563977
0.000000
0.000000
0.000000
0.979542
0.000000
0.000000
0.999803
0.000000
1.000000
0.998790
1.000000
0.000000
0.903973
0.000000
0.771713
0.999215
0.000000
0.000054
0.110638
0.998755
1.000000
0.999949
1.000000
0.000000
0.277473
0.000000
0.000000
0.000000
0.944280
0.000000
0.998158
0.982466
0.999999
0.000000
0.000000
0.000000
0.000418
0.000000
0.454181
0.000000
0.000000
0.000000
0.000000
0.999925
0.000000
0.800992
0.000000
0.000000
0.000000
0.000000
1.000000
0.000000
0.000000
0.000000
0.000000
0.958230
0.226933
1.000000
0.031560
0.000000
0.275988
0.271552
0.995704
0.001874
0.000000
0.000000
1.000000
0.000000
0.000000
1.000000
0.441719
1.000000
0.000000
0.545461
0.923604
0.000000
0.998259
0.416090
0.468721
0.000000
0.000000
0.799228
0.428272
0.999649
0.000000
0.999565
0.689688
0.000000
0.000000
0.000000
0.000000
0.158267
0.872487
0.000000
0.000000
0.600833
0.991116
0.000000
0.000000
0.000000
0.000000
0.000000
0.000000
0.973665
0.000000
0.000000
1.000000
0.000000
0.139285
0.959813
1.000000
0.999998
0.417893
0.000000
0.991336
1.000000
0.426806
0.322701
0.000000
0.000000
0.000000
0.455295
0.000000
0.000000
0.000000
0.054994
0.949467
0.000000
0.009190
0.000000
0.000000
0.999997
0.000000
0.000000
0.000000
0.000000
0.282458
1.000000
0.000000
0.702061
0.000000
0.942827
0.984968
1.000000
1.000000
1.000000
0.000000
0.000000
0.000000
1.000000
0.000000
0.999445
1.000000
0.000000
0.000000
0.992970
0.000000
0.000000
0.000000
0.000000
0.296991
0.103661
0.000000
0.000000
0.000000
0.000000
0.000000
0.251330
0.643196
1.000000
1.000000
0.000000
0.000000
0.999817
1.000000
0.000000
0.000000
0.000000
0.045665
1.000000
0.897888
1.000000
0.000000
0.997113
0.000000
0.347321
0.000000
0.009720
0.000000
0.000000
0.000001
0.674011
1.000000
0.000000
0.000000
0.000000
0.000000
0.999859
0.000000
1.000000
0.000000
0.007070
1.000000
0.000000
0.818154
0.636978
0.000000
0.997091
0.000000
0.000000
0.203596
0.000000
0.000000
0.060958
0.000000
0.000000
0.000000
0.000000
0.000000
0.674102
0.988159
0.000000
0.000000
0.852444
0.000000
0.996934
0.289911
0.000000
0.851644
1.000000
0.996746
1.000000
0.763959
0.381358
0.000000
0.000000
0.000000
1.000000
0.000000
1.000000
0.000000
1.000000
0.667056
1.000000
0.000000
1.000000
0.000000
0.000000
0.174813
1.000000
0.000000
0.000000
0.000000
0.999761
0.000000
1.000000
0.000000
0.406861
0.723158
0.000000
0.000012
1.000000
0.000000
1.000000
0.999180
0.000000
0.999902
0.000000
0.748104
0.001301
1.000000
0.000000
1.000000
0.999978
1.000000
0.961405
1.000000
0.618343
0.000000
0.000000
0.000000
0.955382
1.000000
0.000000
0.000000
0.401585
0.000000
0.174386
0.000000
0.000026
0.000000
1.000000
0.999933
1.000000
0.000000
0.000000
0.000000
0.000000
0.000000
0.000000
0.000000
0.130602
0.000000
0.000000
0.000000
1.000000
0.999937
0.000000
0.605610
0.000000
0.000000
0.062285
1.000000
0.177794
0.000000
1.000000
0.000000
0.000000
1.000000
0.000000
0.999971
0.000000
0.000000
0.958150
0.000000
0.000000
0.000000
0.000000
0.000000
0.999172
0.000000
0.000000
1.000000
0.353356
0.998758
0.956791
1.000000
0.882121
0.000000
0.788576
0.000000
0.000000
0.405662
1.000000
0.000000
0.000000
0.001005
0.000000
0.000000
0.959216
0.354878
0.000000
0.000000
0.000000
0.000000
0.000000
0.000000
0.000000
0.717906
0.000000
0.961648
0.000000
0.000000
1.000000
0.000000
0.388449
0.000000
0.000000
0.000000
1.000000
0.978512
1.000000
0.064574
0.999850
0.000000
0.000000
0.000000
0.000000
0.115726
0.000000
0.000000
1.000000
1.000000
0.000000
0.877208
0.000000
1.000000
0.359898
0.000000
0.002357
0.999964
0.000000
0.999717
1.000000
1.000000
0.000000
0.000000
0.000000
0.733362
0.974058
0.000000
0.000000
0.987420
0.000000
0.915700
1.000000
0.000000
0.000000
0.993582
0.000000
0.000000
0.000000
0.000000
0.000000
0.000000
0.770292
1.000000
0.999998
0.000000
0.000000
1.000000
0.000000
0.000000
0.000000
1.000000
0.000000
0.000000
0.000000
0.000000
0.000000
1.000000
0.000000
0.000000
0.154428
0.000000
0.000000
0.987589
0.000000
0.999899
1.000000
0.000000
0.001288
0.991302
0.000000
0.943868
0.000000
1.000000
0.968153
0.900869
1.000000
0.000000
0.000000
0.000000
0.000000
0.987280
0.000000
0.999152
0.000000
0.000000
0.794854
0.000000
0.999763
0.710566
1.000000
0.000000
0.000000
0.000000
0.000000
0.000000
0.000000
1.000000
0.998489
0.000000
0.051390
0.000000
0.000000
0.000000
0.403954
0.999995
0.846607
0.000000
0.000000
0.000000
0.000000
1.000000
0.000000
0.000000
0.000000
0.000000
0.000000
0.517007
1.000000
0.000000
1.000000
0.999854
0.000000
0.000000
1.000000
0.000000
0.000000
0.000000
0.000000
1.000000
1.000000
0.000000
0.001384
0.000000
0.065633
0.000000
0.083193
0.419949
0.993592
0.000000
0.000000
0.621403
1.000000
0.000000
0.005084
1.000000
0.000000
0.000000
0.124283
0.000000
0.032091
0.000000
0.000000
0.000339
1.000000
0.999998
0.996316
0.000000
0.000000
0.890497
0.000000
0.000000
0.000000
0.000000
0.955968
0.000000
0.983206
1.000000
0.426848
0.868036
0.000000
0.000000
0.000000
0.000000
0.000000
0.555767
0.000000
0.000000
0.000000
0.022726
0.000000
1.000000
0.000000
0.000000
0.720297
0.000000
0.999991
0.000000
0.000000
0.999867
0.998905
0.000000
0.000000
0.000000
0.395355
0.000000
0.000000
0.000000
0.000000
0.000000
0.000000
0.000000
0.992015
1.000000
0.397803
0.000000
0.054539
0.938142
1.000000
0.000000
0.000000
0.000000
1.000000
0.000000
0.000000
1.000000
0.000000
0.999406
0.000000
0.562540
0.000000
0.000000
0.000000
0.998587
0.157623
0.000000
0.095522
0.968121
0.000000
0.000000
0.000000
0.247591
0.000000
0.865017
0.000000
0.000000
0.998626
0.000000
0.000000
0.000000
0.000000
0.000000
1.000000
1.000000
0.000000
0.996447
0.000000
0.000000
0.702512
0.000352
0.797992
0.000000
0.000000
0.032308
0.134315
0.000000
0.007127
0.000000
0.000000
0.000000
0.000000
0.000000
0.000000
0.000000
0.997398
1.000000
0.000001
0.000000
0.999873
0.102243
1.000000
0.000000
0.979118
0.979870
1.000000
0.000000
0.000000
0.962235
0.000000
0.000000
0.000000
0.000000
0.750200
0.148216
0.000000
0.000000
0.000000
0.000000
0.928405
1.000000
0.000000
1.000000
0.999999
1.000000
0.441506
1.000000
0.013532
1.000000
0.000000
0.879218
0.999658
1.000000
0.545708
0.903941
0.975355
0.000000
0.000000
0.000000
1.000000
0.000000
0.136720
0.000000
0.000000
0.999709
0.808254
1.000000
0.000000
