0.027751
0.010299
0.024990
0.020262
0.011130
0.459094
0.011029
0.074245
0.098569
0.094212
0.018337
0.017557
0.003413
0.004069
0.054045
0.163654
0.000647
0.002655
0.008640
0.005221
0.010462
0.001123
0.061491
0.025818
0.000000
0.000000
0.677787
0.053355
0.097790
0.000000
0.010396
0.071782
0.013329
0.212216
0.021727
0.001630
0.003329
0.130285
0.000000
0.617621
0.041175
0.019585
0.181293
0.934098
0.067955
0.387986
0.022798
0.097748
0.017446
0.009425
0.000426
0.000636
0.019632
0.029774
0.005894
0.026671
0.002353
0.813982
0.060709
0.011894
0.387179
0.140050
0.000000
0.016409
0.410978
0.008639
0.000612
0.247898
0.359901
0.142815
0.517251
0.010314
0.000000
0.197093
0.016945
0.000000
0.000000
0.176209
0.023278
0.057757
0.004695
0.026195
0.000283
0.268373
0.000927
0.055902
0.249886
0.372035
0.057764
0.010397
0.036225
0.105120
0.049833
0.066764
0.540008
0.023247
0.008213
0.023226
0.004283
0.002640
0.897589
0.000000
0.474383
0.056858
0.022008
0.012577
0.001656
0.155289
0.087431
0.000000
0.095592
0.104854
0.022180
0.105256
0.002346
0.999452
0.017765
0.009306
0.008279
0.024483
0.074336
0.012275
0.009992
0.510166
0.000549
0.030441
0.006702
0.001447
0.004285
0.028102
0.008752
0.074819
0.632361
0.000000
0.000427
0.055945
0.229037
0.088168
0.012227
0.344679
0.108251
0.794781
0.072363
0.999260
0.016166
0.495467
0.984843
0.011654
0.022661
0.111917
0.600253
0.015222
0.003476
0.067040
0.135800
0.022984
0.259623
0.005728
0.000000
0.223809
0.011071
0.088942
0.241368
0.013851
0.713212
0.029742
0.106414
0.243323
0.013293
0.002960
0.018889
0.013312
0.117385
0.037194
0.000000
0.023959
0.103901
0.023123
0.073947
0.754095
0.093802
0.006759
0.338473
0.217389
0.243970
0.055663
0.006671
0.004042
0.495988
0.021011
0.020715
0.009323
0.007351
0.016614
0.133019
0.020455
0.145173
0.060503
0.005918
0.017859
0.008338
0.009789
0.843774
0.008881
0.003853
0.049401
0.273088
0.071263
0.030951
0.077251
0.000000
0.109687
0.001785
0.006213
0.162492
0.023805
0.003907
0.000510
0.038486
0.024445
0.016155
0.311283
0.002624
0.087014
0.214873
0.002114
0.008256
0.052848
0.000000
0.046444
0.003385
0.047271
0.041429
0.908607
0.002519
0.235428
0.125881
0.159846
0.012743
0.450423
0.004900
0.077682
0.043040
0.060171
0.001831
0.016160
0.065973
0.499391
0.603438
0.090711
0.011438
0.000000
0.002444
0.112224
0.094928
0.050014
0.136587
0.163841
0.000000
0.020400
0.013733
0.063249
0.130330
0.081909
0.211953
0.003375
0.004196
0.008296
0.115724
0.018449
0.528286
0.000000
0.616754
0.078718
0.115948
0.107870
0.000000
0.469129
0.765627
0.004057
0.000618
0.137040
0.027220
0.036694
0.175529
0.009545
0.181780
0.046503
0.055456
0.141619
0.002437
0.011942
0.127729
0.003977
0.058958
0.001205
0.009932
0.024015
0.025055
0.411744
0.008817
0.213148
0.012388
0.027272
0.164141
0.023751
0.010616
0.170756
0.015080
0.020528
0.336331
0.062841
0.056577
0.020652
0.005430
0.046949
0.678355
0.469705
0.004573
0.985705
0.010433
1.000000
0.119560
0.000000
0.577707
0.173172
0.033658
0.010474
0.042927
0.061434
0.047310
0.064393
0.058124
0.013376
0.060160
0.008003
0.071269
0.001901
0.001194
0.997243
0.058223
0.428539
0.123252
0.000000
0.024648
0.037839
0.189136
0.059366
0.046566
0.047738
0.224714
0.000000
0.021469
0.146549
0.000000
0.276683
0.164094
0.001267
0.004916
0.015586
0.009414
0.036933
0.018945
0.212811
0.077658
0.105225
0.068695
0.009508
0.879966
0.008759
0.054806
0.090043
0.046478
0.021516
0.031384
0.005665
0.037158
0.602604
0.004543
0.012239
0.007344
0.679838
0.006890
0.020836
0.525518
0.047766
0.067189
0.013148
0.002176
0.207029
0.170855
0.369386
0.007055
0.591772
0.038625
0.072360
0.993839
0.018482
0.024087
1.000000
0.002715
0.007105
0.003725
0.038490
0.234915
0.167871
0.038460
0.016955
0.014642
0.723085
0.004539
0.295289
0.012246
0.019706
0.811034
0.997398
0.176829
0.010077
0.996218
0.037679
0.200479
0.005858
0.603255
0.112695
0.510209
0.194027
0.391917
0.041085
0.015913
0.001952
0.056302
0.003872
0.087991
1.000000
0.009374
0.006504
0.695231
0.122698
0.013052
0.019763
0.195575
0.359742
0.034803
0.057868
0.000000
0.000000
0.372553
0.006803
0.000000
0.018261
0.013802
0.163830
0.005377
0.000000
0.089015
0.000000
0.030806
0.026840
0.010070
0.026414
0.575321
0.009224
0.050092
0.048181
0.811752
0.562523
0.347372
0.000000
0.994820
0.024921
0.014489
0.101912
0.178004
0.003036
0.119257
0.088709
0.027728
0.048169
0.043036
0.014040
0.061887
0.027044
0.216349
0.046331
0.023021
0.158933
0.007086
0.016287
0.123953
0.023770
0.006368
0.011011
0.188270
0.000000
0.056655
0.091484
0.002504
0.035342
0.008892
0.000917
0.273539
0.013177
0.004219
0.049423
0.011264
0.024732
0.271654
0.002608
0.194841
0.119515
0.079839
0.061235
0.961145
0.000627
0.340548
0.489071
0.254876
0.045715
0.032381
0.000000
0.014430
0.201489
0.035290
0.050934
0.540013
0.008247
0.003673
0.006904
0.314469
0.000956
0.088872
0.008522
0.004005
0.074670
0.006080
0.062500
0.000000
0.000000
0.017068
0.052266
0.011917
0.012175
0.049728
0.022751
0.048705
0.008094
0.003051
0.089682
0.238788
0.054498
0.112262
0.036349
0.287069
0.066929
0.005883
0.185836
0.042230
0.003500
0.005571
0.010932
0.045625
0.078773
0.014206
0.033403
0.003695
0.034797
0.013054
0.020214
0.091879
0.003153
0.003725
0.119111
0.004807
0.649784
0.798235
0.192945
0.003289
0.230658
0.309037
0.026200
0.016529
0.032881
0.012343
0.092945
0.000000
0.021605
0.026134
0.001483
0.005189
0.000000
0.002094
0.007790
0.094086
0.047234
0.195664
0.149730
0.024987
0.018228
0.000000
0.933330
0.028666
0.034835
0.043876
0.026566
0.181380
0.132878
0.651663
0.023422
0.122001
0.005618
0.002132
0.015867
0.004921
0.018848
0.153779
0.007986
0.000000
0.005544
0.014130
0.325196
0.653891
0.806693
0.015503
0.019060
0.002668
0.038181
0.031433
0.049030
0.009387
0.911043
0.485484
0.015097
0.573458
0.138568
0.013695
0.072665
0.002890
0.030325
0.522723
0.148850
0.014332
0.004676
0.000000
0.150640
0.012193
0.011248
0.023066
0.061307
0.028418
0.165633
0.011715
0.024169
0.000000
0.009653
0.443848
0.408053
0.026413
0.044256
0.200861
0.023835
0.547374
0.065132
0.000628
0.021029
0.003790
0.039882
0.059822
0.044739
0.017781
0.873979
0.000000
0.005508
0.016275
0.152341
0.011467
0.173130
0.150399
0.011534
0.013956
0.013258
0.249313
0.026843
0.000000
0.010591
0.600031
0.905531
0.002504
0.159577
0.001513
0.834625
0.049298
0.163023
0.029355
0.032688
0.000000
0.020834
0.021604
0.035813
0.003166
0.017661
0.001191
0.108196
0.023576
0.027256
0.012378
0.039148
0.058010
0.020708
0.007686
0.009181
0.017477
0.025002
0.430217
0.002038
0.122782
0.000000
0.002395
0.089894
0.005829
0.989675
0.050983
0.004446
0.033968
0.000000
0.592110
0.015303
0.010158
0.050276
0.025396
0.000000
0.108975
0.688141
0.107863
0.005217
0.657252
0.018983
0.097809
0.019920
0.013236
0.005042
0.151089
0.300845
0.011810
0.583956
0.023227
0.044614
0.063917
0.008846
0.006908
0.003978
0.046883
0.000000
0.006929
0.057498
0.013658
0.057939
0.050554
0.000000
0.076581
0.014018
0.102918
0.002109
0.027436
0.004923
0.019354
0.727325
0.003267
0.015310
0.031068
0.110325
0.034172
0.161542
0.006004
0.197745
0.004733
0.151690
0.194999
0.286676
0.247400
0.116056
0.012095
0.023636
0.001407
0.001505
0.030211
0.067390
0.001718
0.473740
0.001933
0.007214
0.315776
0.001899
0.025392
0.003104
0.106553
0.033794
0.000000
0.000000
0.175753
0.045491
0.137090
0.125751
0.017436
0.089924
0.002066
0.000000
0.008522
0.000000
0.009468
0.997439
0.008531
0.935815
0.000847
0.155146
0.002670
0.003504
0.120039
0.215439
0.000000
0.000000
0.000770
0.012485
0.005836
0.003786
0.001977
0.001183
0.002004
0.000000
0.001221
0.015686
0.154083
0.077903
0.211854
0.167527
0.003622
0.009235
0.102668
0.034099
0.020842
0.030461
0.008687
0.921638
0.001339
0.107338
0.033111
0.100544
0.006854
0.245530
0.004540
0.010270
0.232670
0.004949
0.008497
0.001880
0.024878
0.041115
0.000000
0.009235
0.084981
0.043205
0.144217
0.069048
0.017194
0.073216
0.005554
0.000000
0.068949
0.134900
0.003897
0.008379
0.010514
0.028668
0.018551
0.138577
0.023223
0.000000
0.043602
0.000000
0.043255
0.007008
0.270173
0.042270
0.064509
0.004463
0.150517
0.004047
0.003411
0.002002
0.261252
0.017445
0.001570
0.014557
0.800047
0.018297
0.010643
0.009077
0.007498
0.151472
0.033906
0.013194
0.001076
0.029937
0.869452
0.224261
0.040134
0.319240
0.010352
0.000528
0.007566
0.069684
0.028003
0.274270
0.019465
0.183135
0.060059
0.183250
0.039374
0.953920
0.069490
0.003891
0.861584
0.030252
0.060858
0.214059
0.026765
0.000000
0.031093
0.032805
0.238712
0.006796
0.000000
0.177952
0.018468
0.060334
0.027512
0.898071
0.017425
0.202616
0.002122
0.075931
0.008964
0.062571
0.003121
0.028184
0.035883
0.017200
0.030517
0.004735
0.000876
0.008750
0.095296
0.179217
0.621737
0.016664
0.028810
0.047665
0.069070
0.012762
0.116326
0.150534
0.065074
0.013241
0.120332
0.039219
0.016667
0.409950
0.010116
0.035909
0.000000
0.010920
0.008262
0.039965
0.001055
0.008378
0.669735
0.152781
0.001176
0.511274
0.010174
0.021378
0.011470
0.067242
0.024510
0.000487
0.072801
0.000000
0.057721
0.000000
0.007267
0.030442
0.000000
0.162888
0.007805
0.017280
0.007272
0.204708
0.181470
0.019561
0.185439
0.002119
0.286940
0.002777
0.033851
0.019295
0.282759
0.249721
0.039100
0.001008
0.205807
0.998990
0.092722
0.114904
0.984791
0.003523
0.246367
0.000000
0.124741
0.000000
0.193034
0.013837
0.107697
0.238872
0.029302
0.085513
0.023380
0.013630
0.082720
0.008774
0.223828
0.068196
0.168771
0.522490
0.049742
0.076756
0.208347
0.006748
0.000510
0.021407
0.176653
0.075762
0.013251
0.027425
0.148578
0.029272
0.318080
0.029421
0.034996
0.097865
0.060913
0.037902
0.025851
0.089584
0.064704
0.002898
0.994427
0.054906
0.025181
0.144058
0.999614
0.019193
0.005280
0.046250
0.116307
0.173978
0.929741
0.102107
0.014592
0.228218
0.038709
0.014964
0.000000
0.016802
0.190652
0.164523
0.052169
0.013598
0.014133
0.286331
0.015385
0.548867
0.099618
0.000000
0.083598
0.000000
0.003392
0.022724
0.082528
0.860915
0.013918
0.008503
0.026453
0.019689
0.052917
0.796976
0.013621
0.022318
0.029959
0.011808
0.065422
0.018126
0.312192
0.072048
0.002772
0.095070
0.030815
0.016887
0.000000
0.030495
0.162717
0.030176
0.647749
0.013249
0.012702
0.000940
0.221444
0.047450
0.111493
0.037256
0.237982
0.005032
0.004329
0.005040
0.000000
0.060426
0.988053
0.169933
0.010650
0.024079
0.332008
0.050388
0.543552
0.001555
0.346396
0.015499
0.075439
0.000520
0.148010
0.010027
0.974083
0.001080
0.011790
0.065053
0.942639
0.491403
0.161475
0.047730
0.007962
0.029801
0.025713
0.025799
0.004482
0.076048
0.017362
0.059961
0.168115
0.106444
0.026364
0.017140
0.098417
0.748006
0.249509
0.072508
0.034131
0.046566
0.000000
0.022570
0.045119
0.007956
0.000000
0.435130
0.109714
0.379863
0.038681
0.576854
0.074789
0.008844
0.037930
0.046192
0.013888
0.014191
0.027442
0.013097
0.008100
0.244742
0.035027
0.356236
0.000000
0.137913
0.025127
0.000000
0.002316
0.013859
0.004037
0.005268
0.000000
0.537488
0.275533
0.007606
0.001955
0.028403
0.024116
0.000000
0.000675
0.052526
0.215412
0.029612
0.094102
0.130884
0.024741
0.007523
0.093382
0.045750
0.671612
0.023980
0.003808
0.011283
0.000000
0.020321
0.703724
0.019931
0.001689
0.006984
0.833289
0.017132
0.007150
0.044937
0.174146
0.070723
0.014231
0.138424
0.067587
0.006599
0.077761
0.012051
0.002521
0.024075
0.861045
0.009139
0.025046
0.401493
0.001940
0.019726
0.000000
0.016188
0.226711
0.003863
0.000000
0.179658
0.026414
0.006984
0.007321
0.707852
0.002219
0.040849
0.528242
0.028706
0.003898
0.952381
0.002451
0.247336
0.940565
0.025552
0.993421
0.025474
0.036783
0.000000
0.009409
0.293840
0.006832
0.002351
0.016809
0.199655
0.029069
0.032515
0.035732
0.128500
0.012720
0.301402
0.024724
0.004362
0.058903
0.017944
0.137278
0.753840
0.020839
0.000000
0.473974
0.222049
0.001823
0.004976
0.139901
0.148254
0.975279
0.001980
0.006946
0.007703
0.376227
0.018127
0.016257
0.007648
0.020904
0.728616
0.269102
0.029307
0.028945
0.598964
0.097682
0.000370
0.055060
0.060640
0.039509
0.071543
0.120134
0.005556
0.016024
0.009584
0.014807
0.810094
0.153187
0.040731
0.005430
0.000000
0.184126
0.898967
0.231230
0.010819
0.148251
0.088864
0.084139
0.038859
0.195956
0.006058
0.003416
0.603287
0.098918
0.023050
0.059952
0.279252
0.195077
0.711132
0.035519
0.338288
0.017397
0.004860
0.011783
0.018067
0.155934
0.630062
0.212647
0.015230
0.192746
0.002375
0.341103
0.116143
0.173202
0.005336
0.063751
0.003693
0.011927
0.007320
0.036437
0.015191
0.001727
0.005043
0.004649
0.042852
0.148365
0.166659
0.004718
0.815914
0.009574
0.028297
0.007444
0.059097
0.203924
0.023136
0.002240
0.014942
0.011247
0.986382
0.929546
0.106665
0.009554
0.007065
0.103217
0.036490
0.023677
0.064760
0.100265
0.040386
0.366095
0.163764
0.040225
0.119898
0.088782
0.247638
0.009466
0.014360
0.003172
0.007519
0.070551
0.015752
0.000000
0.002015
0.000000
0.034970
0.040031
0.958959
0.039788
0.001486
0.098730
0.001630
0.048825
0.119974
0.508528
0.078988
0.089065
0.085647
0.123609
0.000000
0.000000
0.026891
0.000000
0.000000
0.008023
0.002605
0.026391
0.131235
0.012169
0.077729
0.028567
0.292477
0.000000
0.038209
0.000000
0.980829
0.107333
0.002500
0.371442
0.050540
0.002438
0.028538
0.330937
0.999972
0.000000
0.058306
0.024240
0.029481
0.069441
0.075239
0.007369
0.090050
0.123997
0.695220
0.240530
0.008174
0.104482
0.004850
0.075189
0.054379
0.244092
0.056557
0.000000
0.063396
0.955555
0.027494
0.019457
0.009168
0.016800
0.732197
0.006676
0.015800
0.000000
0.002999
0.160924
0.006307
0.225755
0.037538
0.069325
0.003865
0.045864
0.011032
0.057253
0.000000
0.004105
0.062145
0.000000
0.023257
0.045975
0.036003
0.044038
0.005176
0.054222
0.036069
0.098109
0.005662
0.056263
0.006705
0.067820
0.011078
0.000000
0.523991
0.008957
0.666904
0.004724
0.163523
0.002271
0.133964
0.019083
0.033407
0.000785
0.098169
0.003110
0.057329
0.014651
0.033683
0.145538
0.008398
0.210639
0.212371
0.002514
0.023555
0.553177
0.000000
0.002556
0.033976
0.000000
0.166050
0.023619
0.002974
0.046432
0.166144
0.016291
0.000000
0.349257
0.325671
0.115002
0.019572
0.020197
0.353574
0.372971
0.927571
0.202858
0.031331
0.021091
0.011710
0.247510
0.001559
0.005731
0.002687
0.000669
0.044120
0.122235
0.000000
0.025556
0.145495
0.007316
0.008238
0.130456
0.035737
0.000000
0.029009
0.014031
0.614303
0.015984
0.001212
0.000000
0.854161
0.009771
0.013958
0.004985
0.001271
0.009252
0.006868
0.008646
0.018749
0.166659
0.019980
0.186579
0.133477
0.022601
0.448044
0.034634
0.043809
0.157818
0.136909
0.020853
0.008783
0.084350
0.120193
0.047032
0.025249
0.468116
0.000000
0.027870
0.053052
0.257737
0.012069
0.016781
0.019578
0.011417
0.027011
0.121264
0.925672
0.336739
0.183879
0.012462
0.001345
0.006314
0.076739
0.078389
0.115774
0.000000
0.216966
0.080112
0.014980
0.030696
0.131764
0.301990
0.044264
0.090481
0.007089
0.124072
0.038209
0.023612
0.099994
0.012561
0.014544
0.077003
0.032505
0.040480
0.021986
0.095083
0.005611
0.016756
0.021699
0.094391
0.012716
0.000000
0.011888
0.350874
0.000000
0.101731
0.042031
0.542846
0.000000
0.006637
0.156374
0.314241
0.087720
0.978948
0.001828
0.107871
0.000000
0.009297
0.965835
0.023465
0.001961
0.030658
0.036652
0.604149
0.003250
0.201839
0.861063
0.084030
0.110772
0.014760
0.095286
0.000000
0.433986
0.009020
0.045583
0.030969
0.027753
0.103591
0.001994
0.424343
0.000308
0.244426
0.225851
0.048935
0.008346
0.027223
0.132018
0.004995
0.031040
0.000872
0.000000
0.210459
0.188863
0.143442
0.011315
0.024510
0.000000
0.336787
0.039437
0.036447
0.030785
0.009340
0.007741
0.381705
0.048144
0.089271
0.949607
0.000000
0.400963
0.335097
0.190197
0.045551
0.028959
0.025579
0.001691
0.119689
0.608589
0.002317
0.024963
0.003293
0.003566
1.000000
0.011175
0.478514
0.000000
0.176040
0.035283
0.113465
0.001962
0.058466
0.005740
0.000769
0.140026
0.735868
0.281266
0.007365
0.030876
0.000000
0.029209
0.007438
0.003332
0.004144
0.124077
0.211632
0.093473
0.194992
0.104113
0.038381
0.035975
0.104651
0.009115
0.000000
0.008239
0.003219
0.010914
0.094238
0.068943
0.099734
0.006483
0.142031
0.004026
0.019445
0.090320
0.005477
0.069890
0.169692
0.084070
0.457294
0.050161
0.067302
0.063004
0.019858
0.019572
0.068228
0.034464
0.000481
0.004514
0.038979
0.143212
0.088485
0.050635
0.007999
0.072267
0.058906
0.059406
0.003907
0.003249
0.028181
0.000000
0.133531
0.111198
0.037738
0.060683
0.052953
0.085346
0.128260
0.466793
0.011101
0.045323
0.013099
0.341213
0.115550
0.475376
0.000000
0.019982
0.148479
0.058478
0.086652
0.000000
0.030631
0.949707
0.030586
0.093667
0.138534
0.011275
0.002665
0.006288
0.192948
0.088696
0.007360
0.021842
0.014656
0.006404
0.338301
0.085242
0.025001
0.032824
0.226982
0.031465
0.014757
0.421110
0.383800
0.306617
0.072251
0.896926
0.315528
0.000000
0.000000
0.349437
0.040109
0.011810
0.130115
0.068552
0.067550
0.012353
0.029122
0.072476
0.230266
0.016588
0.063939
0.039427
0.007647
0.091991
0.257014
0.088221
0.032130
0.075304
0.014295
0.019796
0.196371
0.994314
0.072681
0.058646
0.059358
0.092996
0.001028
0.009366
0.028251
0.049586
0.023248
0.058848
0.522438
0.024191
0.053811
0.009699
0.142226
0.030870
0.030316
0.232907
0.515211
0.002799
0.078031
0.948854
0.011814
0.019313
0.001362
0.045289
0.024158
0.118731
0.010478
0.006187
0.269842
0.000670
0.070641
0.000000
0.104029
0.118164
0.242555
0.003150
0.033888
0.001276
0.012793
0.167389
0.020501
0.016408
0.014563
0.202463
0.317224
0.032054
0.003669
0.095087
0.066017
0.209901
0.034760
0.040586
0.016602
0.016679
0.101444
0.136623
0.027142
0.005483
0.045031
0.046679
0.053093
0.000000
0.001969
0.047306
0.653253
0.010065
0.011311
0.000000
0.081372
0.035123
0.639756
0.012250
0.011615
0.079505
0.082056
0.151876
0.006772
0.009316
0.075367
0.116266
0.303833
0.069705
0.016323
0.042677
0.017041
0.293379
0.248467
0.026317
0.046844
0.071802
0.008853
0.000000
0.060182
0.033763
0.003449
0.059350
0.024446
0.029456
0.927597
0.031078
0.003761
0.024926
0.364380
0.079553
0.045096
0.013627
0.000000
0.013643
0.837824
0.011190
0.055075
0.258422
0.118717
0.062138
0.041504
0.039564
0.008974
0.000000
0.062998
0.430382
0.176087
0.037208
0.017652
0.134405
0.015103
0.000000
0.000000
0.048895
0.037270
0.027189
0.164232
0.292736
0.429475
0.008936
0.052089
0.100126
0.003226
0.007099
0.072673
0.008808
0.514461
0.034169
0.300524
0.043911
0.261085
0.007670
0.104365
0.131042
0.163670
0.020706
0.190517
0.020136
0.036048
0.002983
0.001901
0.124080
0.032049
0.066865
0.000000
0.035369
0.050345
0.003983
0.002711
0.367921
0.110791
0.402339
0.004885
0.008479
0.011293
0.341091
0.024925
0.084722
0.134466
0.008017
0.191526
0.004712
0.026042
0.017018
0.031174
0.248658
0.073861
0.003729
0.021526
0.024205
0.114513
0.067506
0.999846
0.063933
0.061377
0.297369
0.000000
0.069788
0.469023
0.210595
0.003707
0.038343
0.358619
0.605930
0.077473
0.099147
0.010341
0.174471
0.001600
0.001262
0.040310
0.432107
0.284065
0.001180
0.202452
0.894089
0.061510
0.027978
0.049049
0.007113
0.084959
0.040586
0.044935
0.547498
0.025955
0.150975
0.129805
0.017713
0.192658
0.020299
0.018959
0.125148
0.051572
0.061764
0.151488
0.083911
0.013203
0.024970
0.883168
0.031277
0.006153
0.000000
0.011356
0.228683
0.240583
0.016219
0.063019
0.004750
0.025245
0.000000
0.000000
0.057123
0.000000
0.116285
0.258452
0.962774
0.024992
0.055693
0.020686
0.000000
0.078279
0.005120
0.151472
0.048326
0.024336
0.005239
0.286032
0.016539
0.141970
0.471755
0.126859
0.000000
0.139171
0.204739
0.440684
0.083665
0.347528
0.233662
0.518506
0.011957
0.005867
0.022871
0.057262
0.782958
0.026451
0.030196
0.110991
0.038151
0.034228
0.075932
0.002467
0.061394
0.052908
0.130197
0.033116
0.002659
0.006960
0.006108
0.005032
0.022967
0.000000
0.525376
0.011056
0.041902
0.050596
0.028210
0.063637
0.016635
0.028801
0.026649
0.079249
0.024178
0.019854
0.001511
0.000000
0.068641
0.080866
0.049076
0.938589
0.728663
0.096526
0.015588
0.126359
0.002270
0.418560
0.144355
0.027531
0.095413
0.448495
0.051845
0.091793
0.074442
0.063443
0.000000
0.033634
0.035047
0.055078
0.002816
0.074304
0.000000
0.006763
0.030692
0.205031
0.140944
0.015872
0.003875
0.042178
0.001038
0.000000
0.059685
0.116189
0.004286
0.000000
0.048001
0.082249
1.000000
0.042480
0.014810
0.004652
0.000000
0.118867
0.044229
0.624495
0.015685
0.018854
0.000000
0.051651
0.051437
0.050425
0.071552
0.463449
0.021413
0.064825
0.004551
0.389923
0.066823
0.088394
0.000000
0.003469
0.023783
0.027607
0.412173
0.011421
0.032271
0.015267
0.135667
0.000000
0.551038
0.041165
0.026500
0.056610
0.067630
0.000972
0.003645
0.007009
0.011201
0.028698
0.021135
0.205325
0.157190
0.255677
0.472852
0.355557
0.018681
0.123920
0.215345
0.026969
0.015434
0.029974
0.157839
0.000000
0.011682
0.074507
0.027075
0.005561
0.060395
0.021307
0.184901
0.004573
0.017059
0.040963
0.016717
0.000000
0.027803
0.000000
0.059342
0.063064
0.063828
0.001740
0.014672
0.094674
0.006817
0.001803
0.062994
0.016137
0.000000
0.004295
0.055339
0.035374
0.000000
0.012397
0.022865
0.310626
0.003838
0.029238
0.011427
0.000000
0.014197
0.861213
0.053390
0.021297
0.049976
0.018723
0.059286
0.000000
0.200900
0.008709
0.555287
0.010707
0.999670
0.022448
0.983257
0.005377
0.001631
0.094352
0.000000
0.103874
0.014950
0.020450
0.093170
0.094842
0.172839
0.097319
0.019189
0.060984
0.104273
0.018443
0.017630
0.080225
0.007558
0.224809
0.408034
0.140037
0.021857
0.200661
0.012741
0.003751
0.000537
0.009303
0.057496
0.000000
0.058650
0.131804
0.094758
0.118709
0.044697
0.048164
0.017132
0.169992
0.005996
0.036085
0.042192
0.000000
0.085466
0.021108
0.004806
0.011779
0.016129
0.133856
0.217880
0.360053
0.501270
0.002647
0.236051
0.010539
0.000000
0.009379
0.000000
0.000000
0.106467
0.023366
0.021612
0.062764
0.381680
0.020408
0.005967
0.008937
0.100204
0.003001
0.015922
0.716062
0.094124
0.001584
0.058613
0.017459
0.184761
0.020891
0.000000
0.284247
0.003869
0.078760
0.005171
0.011148
0.000000
0.000000
0.047276
0.006702
0.000692
0.014658
0.310526
0.039587
0.019948
0.043522
0.018755
0.028900
0.027788
0.040671
0.043229
0.022977
0.048569
0.054928
0.080499
0.014604
0.029780
0.057681
0.066114
0.020069
0.120871
0.006936
0.021619
0.018235
0.055566
0.016723
0.087449
0.037415
0.024496
0.020647
0.010669
0.182277
0.010348
0.500738
0.129846
0.235293
0.000000
0.000815
0.581515
0.028858
0.000000
0.299174
0.029633
0.110664
0.310828
0.088455
0.005879
0.024776
0.004744
0.052865
0.037394
0.053498
0.009546
0.031077
0.006784
0.028622
0.068143
0.860348
0.035304
0.010691
0.009751
0.106491
0.020496
0.614268
0.014313
0.010311
0.952909
0.005735
0.095628
0.999598
0.237948
0.000000
0.008059
0.014388
0.133927
0.097027
0.983419
0.002357
0.027838
0.009146
0.036509
0.145536
0.015092
0.069457
0.340926
0.007017
0.087266
0.050000
0.103512
0.000000
0.063963
0.025226
0.148540
0.015246
0.066954
0.016587
0.143176
0.007842
0.044374
0.094321
0.192493
0.042215
0.223747
0.007689
0.048007
0.731063
0.008169
0.029076
0.009315
0.078766
0.977389
0.002389
0.009879
0.067580
0.291433
0.000000
0.043955
0.009068
0.501652
0.183275
0.001494
0.002210
0.002361
0.169153
0.007530
0.039468
0.040380
0.097294
0.037012
0.010690
0.000000
0.806487
0.155429
0.062950
0.395555
0.004433
0.086544
0.156597
0.051641
0.046379
0.056901
0.022376
0.131355
0.003514
0.034032
0.222415
0.003784
0.040029
0.148412
0.014255
0.000257
0.003421
0.049718
0.220565
0.489703
0.033738
0.021201
0.031815
0.103894
0.013772
0.076079
0.044508
0.046023
0.054616
0.008275
0.030478
0.010265
0.744827
0.073125
0.032986
0.001987
0.049288
0.037263
0.006621
0.033378
0.276720
0.021431
0.013497
0.339836
0.006296
0.018739
0.743198
0.018168
0.036907
0.075675
0.123593
0.013232
0.252091
0.014852
0.138711
0.266148
0.052428
0.221765
0.000000
0.047921
0.247326
0.020250
0.044654
0.029776
0.021940
0.104526
0.035432
0.032290
0.012211
0.320458
0.019175
0.991439
0.403360
0.114768
0.018521
0.000000
0.004765
0.012673
0.192290
0.011608
0.000000
0.673911
0.036675
0.004089
0.009494
0.000000
0.140779
0.144249
0.000000
0.305615
0.875386
0.054016
0.000000
0.040064
0.027823
0.056592
0.007918
0.010300
0.067022
0.035954
0.005736
0.046011
0.000000
0.279754
0.998145
0.375417
0.624780
0.028709
0.021946
0.000000
0.001559
0.005144
0.006017
0.366079
0.796541
0.218046
0.664327
0.008354
0.011369
0.015771
0.009909
0.000000
0.025671
0.162837
0.972167
0.307166
0.053408
0.896742
0.030050
0.002601
0.003798
0.999547
0.231524
0.001493
0.000000
0.196064
0.376713
0.000000
0.678720
0.010225
0.692834
0.007053
0.011429
0.020758
0.011335
0.002378
0.115109
0.001032
0.091542
0.025023
0.282908
0.007610
0.011239
0.037267
0.000000
0.015749
0.006643
0.071623
0.000000
0.122387
0.058025
0.000000
0.000000
0.039074
0.727094
0.022640
0.027912
0.003665
0.098249
0.020468
0.002345
0.114217
0.257878
0.144041
0.214423
0.182591
0.026312
0.053238
0.022933
0.020262
0.008884
0.035757
0.544242
0.014456
0.487351
0.011667
0.065630
0.014825
0.040227
0.016766
0.003898
0.005438
0.003839
0.336089
0.176974
0.001040
0.069800
0.011283
0.026438
0.008338
0.006369
0.011404
0.000843
0.019425
0.010787
0.206298
0.047857
0.145185
0.051930
0.009620
0.916143
0.006253
0.376796
0.050383
0.129581
0.011641
0.006971
0.032386
0.141423
0.032591
0.038650
0.023596
0.003471
0.090678
0.006383
0.000787
0.011091
0.008135
0.000000
0.001884
0.016080
0.177823
0.999584
0.006067
0.118890
0.001840
0.031187
0.006735
0.000000
0.000000
0.007895
0.057942
0.039692
0.002021
0.596239
0.124134
0.121876
0.024553
0.023052
0.005574
0.004909
0.000000
0.400197
0.020289
0.013573
0.058060
0.541936
0.071074
0.137559
0.007246
0.248432
0.003990
0.033723
0.047475
0.009032
0.003281
0.004679
0.015290
0.146877
0.238401
0.013185
0.000000
0.014717
0.006177
0.000000
0.262452
0.271294
0.009196
0.082823
0.010565
0.499289
0.041964
0.270944
0.000000
0.135345
0.260769
0.046377
0.016334
0.037685
0.038167
0.028424
0.048880
0.921043
0.082886
0.599285
0.005752
0.000974
0.005502
0.001557
0.097286
0.027838
0.407775
0.022749
0.154072
0.049178
0.184296
0.999570
0.042315
0.118295
0.004051
0.066093
0.022483
0.208859
0.042797
0.171616
0.006188
0.014913
0.000000
0.050332
0.055861
0.078645
0.036562
0.020277
0.512898
0.054698
0.021636
0.000000
0.032540
0.003205
0.067044
0.017058
0.000000
0.025874
0.000152
0.109112
0.021177
0.080977
0.415758
0.061175
0.000000
0.060658
0.177293
0.084050
0.001201
0.498056
0.032854
0.032939
0.001173
0.077779
0.007610
0.000000
1.000000
0.711406
0.334192
0.093803
0.084651
0.885324
0.011207
0.003250
0.008340
0.108953
0.014571
0.015952
0.000000
0.007097
0.017874
0.034369
0.012122
0.037579
0.285057
0.001347
0.044509
0.257733
0.005032
0.038845
0.001848
0.004964
0.057477
0.215607
0.018397
0.000617
0.004122
0.201607
0.002552
0.000000
0.006856
0.234952
0.005067
0.028810
0.045401
0.074693
0.317552
0.005445
0.001813
0.000721
0.034596
0.001394
0.530316
0.011698
0.001735
0.001705
0.009130
0.000000
0.031135
0.029801
0.000000
0.088847
0.005209
0.016561
0.017405
0.023175
0.000000
0.062275
0.071500
0.007791
0.177114
0.120174
0.998525
0.013673
0.510080
0.469273
0.102019
0.416889
0.026959
0.069723
0.038814
0.017638
0.004239
0.031718
0.039858
0.020659
0.024337
0.025908
0.053537
0.062545
0.990245
0.000000
0.015798
0.014842
0.281736
0.130796
0.077905
0.021739
0.024393
0.080674
0.000000
0.148546
0.038155
0.066861
0.275937
0.012522
0.018678
0.143669
0.020116
0.090447
0.208160
0.083100
0.061145
0.066271
0.013412
0.054972
0.003475
0.079888
0.035411
0.165588
0.010266
0.150437
0.009379
0.265782
0.843008
0.016665
0.127157
0.006960
0.000871
0.486349
0.475162
0.043512
0.009183
0.001995
0.395768
0.003446
0.030914
0.162155
0.019534
0.070744
0.069979
0.377844
0.013822
0.005898
0.056184
0.017141
0.021904
0.190010
0.008430
0.000000
0.187673
0.075463
0.000000
0.042719
0.001181
0.019931
0.010301
0.019374
0.006950
0.937026
0.003071
0.155787
0.043310
0.683896
0.011389
0.060107
0.011332
0.312639
0.205679
0.012592
0.104849
0.008599
0.017689
0.151472
0.410890
0.020929
0.074273
0.000913
0.048197
0.749800
0.022300
0.022724
0.022837
0.015610
0.096950
0.007573
0.005281
0.560181
0.054289
0.103881
0.040616
0.017955
0.062622
0.013729
0.592642
0.004031
0.578945
0.092685
0.017320
0.127920
0.000000
0.022013
0.027930
0.007042
0.150030
1.000000
0.024393
0.012993
0.089740
0.080550
0.277656
0.272365
0.031367
0.015390
0.012923
0.000000
0.777147
0.012648
0.320916
0.018981
0.949998
0.101048
0.069243
0.022432
0.000000
0.059804
0.005813
0.005346
0.018378
0.025202
0.053213
0.027943
0.720802
0.054184
0.005274
0.011354
0.007910
0.058081
0.008736
0.071771
0.140530
0.045019
0.015570
0.925465
0.000000
0.078036
0.079832
0.000000
0.037943
0.107988
0.000000
0.062002
0.004781
0.038637
0.495517
0.009318
0.049985
0.039078
0.079662
0.114638
0.088745
0.002043
0.023220
0.239918
0.883070
0.341900
0.117655
0.014802
0.005788
0.007434
0.069187
0.083540
0.019915
0.535841
0.012875
0.417476
0.134479
0.216493
0.133403
0.007747
0.004264
0.396676
0.004931
0.006598
0.092330
0.068972
0.031009
0.886554
0.137748
0.321345
0.281621
0.054486
0.041320
0.076243
0.368513
0.102703
0.163865
0.012821
0.001219
0.185324
0.078580
0.036098
0.051361
0.184005
0.113150
0.150982
0.061431
0.009817
0.108278
0.392214
0.085201
0.026017
0.031668
0.139052
0.059510
0.410895
0.008060
0.002005
0.089359
0.012452
0.020680
0.069901
0.020671
0.000000
0.008694
0.071365
0.034160
0.017620
0.053659
0.012555
0.053829
0.107558
0.127105
0.560255
0.002226
0.025118
0.029692
0.193534
0.473493
0.011056
0.069389
0.031430
0.881268
0.000704
0.851164
0.017646
0.028693
0.018440
0.066657
0.999378
0.011316
0.012909
0.213840
0.099701
0.034200
0.017863
0.155537
0.073085
0.007230
0.429871
0.062178
0.008071
0.008615
0.032135
0.010313
0.020645
0.000000
0.095706
0.799690
0.117896
0.011429
0.005591
0.233642
0.119105
0.009470
0.164423
0.006850
0.033607
0.833128
0.143469
0.027202
0.347844
0.031441
0.103370
0.004108
0.620769
0.100890
0.958967
0.018705
0.167643
0.031428
0.020807
0.019891
0.006200
0.015803
0.090000
0.367683
0.009236
0.183531
0.066453
0.334917
0.267479
0.041279
0.092255
0.092653
0.309137
0.015281
0.038526
0.063007
0.083490
0.006421
0.058310
0.033049
0.003609
0.105062
0.045772
0.003201
0.549791
0.021356
0.062598
0.102383
0.106978
0.351437
0.032636
0.019315
0.012855
0.004583
0.016324
0.005522
0.058922
0.001544
0.027695
0.020057
0.188170
0.245016
0.522577
0.002076
0.009426
0.029380
0.041827
0.020371
0.050228
0.013883
0.004228
0.232079
0.010198
0.700304
0.002688
0.082558
0.006282
0.100511
0.000644
0.199561
0.004837
0.013229
0.025708
0.173001
0.080889
0.134995
0.418916
0.025270
0.037446
0.351764
0.086902
0.203023
0.000000
0.355813
0.006541
0.080696
0.002747
0.004777
0.847884
0.145548
0.737433
0.295692
0.002303
1.000000
0.359072
0.022752
0.344782
0.000000
0.002639
0.000504
0.041039
0.662501
0.007562
0.024553
0.005750
0.055261
0.054376
0.104390
0.000000
0.032208
0.003773
0.061715
0.106491
0.308066
0.000956
0.058998
0.057784
0.007265
0.051307
0.329545
0.080971
0.016758
0.113172
0.559853
0.078661
0.058932
0.000380
0.111815
0.023116
0.439919
0.195145
0.044805
0.132095
0.074769
0.120226
0.095706
0.055755
0.558285
0.006906
0.000000
0.008994
0.000537
0.195718
0.008150
0.040144
0.003145
0.028424
0.000000
0.300312
0.026339
0.301499
0.010367
0.024557
0.050592
0.214693
0.012710
0.004309
0.362042
0.019015
0.075513
0.042199
0.005101
0.002931
0.459750
0.009331
0.007082
0.003250
0.068166
0.024949
0.272395
0.220478
0.007593
0.000000
0.763592
0.025581
0.069985
0.001620
0.154977
0.043917
0.013307
0.031471
0.003977
0.001844
0.118177
0.037389
0.016174
0.073958
0.187241
0.009191
0.080083
0.489918
0.331045
0.000000
0.001694
0.000000
0.005488
0.703330
0.056478
0.003939
0.051660
0.000000
0.220670
0.989751
0.086415
0.006712
0.076131
0.024628
0.010396
0.027754
0.015844
0.259128
0.239473
0.070802
0.004640
0.002660
0.083574
0.020665
0.045896
0.049744
0.129782
0.067724
0.020297
0.999997
0.040144
0.145613
0.010823
0.456007
0.587765
0.095286
0.028700
0.032724
0.040233
0.117237
0.025814
0.025760
0.016170
0.039806
0.275198
0.011734
0.169619
0.000000
0.037213
0.006083
0.053168
0.159953
0.137785
0.010813
0.111457
0.212992
0.041940
0.012067
0.999740
0.013507
0.013862
0.844298
0.092657
0.002294
0.215247
0.027574
0.014545
0.225796
0.083100
0.000897
0.530579
0.091494
0.003890
0.042041
0.003707
0.053206
0.589983
0.020543
0.022972
0.011841
0.093871
0.014884
0.004055
0.009334
0.804321
0.070783
0.178218
0.043789
0.006646
0.228027
0.361464
0.041015
0.008211
0.003464
0.102513
0.129226
0.012330
0.033320
0.391889
0.001861
0.027996
0.167000
0.300179
0.114892
0.011059
0.055879
0.013191
0.030978
0.040946
0.516290
0.038010
0.007708
0.038167
0.000000
0.051227
0.009421
0.064611
0.009755
0.041665
0.007853
0.197668
0.008301
0.015546
0.183720
0.121917
0.044283
0.134831
0.096850
0.008770
0.099113
0.657547
0.000000
0.013944
0.119397
0.161964
0.027857
0.015351
0.013126
0.996584
0.044694
0.019817
0.610206
0.036001
0.005478
0.008232
0.112878
0.687749
0.070740
0.036153
0.064626
0.032082
0.027808
0.026498
0.005985
0.005354
0.001660
0.002332
0.028177
0.028100
0.149508
0.035384
0.001020
0.019353
0.015258
0.331399
0.076354
0.000000
0.152899
0.042011
0.061551
0.006358
0.006103
0.002830
0.022228
0.001322
0.076886
0.299056
0.094816
0.072854
0.413584
0.048458
0.004283
0.014146
0.025345
0.000000
0.003931
0.000000
0.047618
0.008124
0.002283
0.000000
0.030631
0.012568
0.167908
0.007815
0.000705
0.028724
0.489385
0.020290
0.113192
0.614477
0.974840
0.060450
0.001000
0.000000
0.014956
0.006711
0.297660
0.002810
0.060042
0.002571
0.009561
0.017315
0.030758
0.017867
0.255564
0.176918
0.002247
0.212112
0.051051
0.012064
0.052103
0.016947
0.003476
0.707256
0.042894
0.822623
0.009424
0.033231
0.019455
0.009395
0.021779
0.028655
0.094231
0.106466
0.086934
0.018598
0.036813
0.104589
0.312337
0.133610
0.404606
0.000000
0.030294
0.000000
0.033005
0.083032
0.033970
0.015507
0.009504
0.086975
0.056457
0.028629
0.024013
0.034107
0.001732
0.029865
0.349034
0.017628
0.002956
0.091656
0.006591
0.071941
0.260189
0.120326
0.028931
0.330206
0.437190
0.025345
0.150424
0.115978
0.069772
0.024769
0.003349
0.016559
0.242378
0.791327
0.000000
0.305501
0.143211
0.159155
0.004451
0.045399
0.106454
0.188300
0.070159
0.042368
0.078126
0.014919
0.002987
0.949695
0.129727
0.013617
0.008335
0.567440
0.449665
0.060269
0.022415
0.029819
0.310015
0.000000
0.016441
0.004098
0.025428
0.005193
0.000613
0.000000
0.005424
0.826514
0.052402
0.066515
0.148555
0.004004
0.107091
0.014712
0.012589
0.001048
0.014598
0.000000
0.641128
0.035688
0.466656
0.890735
0.044226
0.040521
0.015380
0.026148
0.007243
0.009139
0.025880
0.060293
0.129747
0.002742
0.033892
0.250446
0.025710
0.003050
0.004776
0.331245
0.674035
0.028492
0.634479
0.244738
0.110577
0.026041
0.063993
0.014917
0.006701
0.016941
0.290605
0.020217
0.004017
0.129877
0.144294
0.086940
0.078670
0.010950
0.015157
0.017055
0.003813
0.020645
0.022815
0.048146
0.000000
0.064600
0.075913
0.153333
0.043292
0.000677
0.018878
0.017834
0.198106
0.000000
0.017357
0.008164
0.004186
0.058624
0.396614
0.008178
0.066070
0.045285
0.007408
0.092819
0.182381
0.024452
0.203643
0.813902
0.056839
0.179530
0.004776
0.028055
0.595836
0.082658
0.006145
0.044981
0.444188
0.117928
0.003476
0.343791
0.052234
0.074973
0.132479
0.243308
0.013602
0.040876
0.032374
0.000000
0.035282
0.000000
0.189973
0.037520
0.726922
0.069780
0.026221
0.005744
0.009916
0.054936
0.156214
0.005196
0.062260
0.000000
0.709561
0.103675
0.000000
0.065480
0.194294
0.048298
0.286205
0.567742
0.027964
0.069897
0.002461
0.021869
0.209189
0.005030
0.048166
0.013553
0.012531
0.070757
0.018418
0.370130
0.015210
0.113566
0.010317
0.048103
0.784389
0.032712
0.000000
0.019843
0.021401
0.023721
0.010991
0.000000
0.059187
0.008191
0.000983
0.148213
0.042876
0.020142
0.014090
0.071133
0.061645
0.032087
0.751505
0.048317
0.798137
0.065654
0.245491
0.383311
0.000000
0.012425
0.028033
0.030967
0.071435
0.064779
0.004225
0.077595
0.010843
0.298603
0.011438
0.042292
0.008078
0.191128
0.012819
0.018534
0.006674
0.007934
0.176335
0.023957
0.087687
0.089602
0.017406
0.026217
0.192736
0.000990
0.014437
0.122201
0.011540
0.299220
0.127620
0.572942
0.213958
0.027480
0.118755
0.000000
0.096619
0.035870
0.003444
0.199428
0.035765
0.061439
0.211294
0.132515
0.179960
0.054993
0.014456
0.034763
0.018991
0.017390
0.046348
0.017212
0.046258
0.000000
0.009204
0.904514
0.118946
0.032760
0.049817
0.087747
0.101086
0.051315
0.137625
0.014139
0.037271
0.001574
0.035613
0.041725
0.101774
0.342893
0.010544
0.031516
0.029866
0.004918
0.013689
0.517025
0.000000
0.384454
0.046283
0.000000
0.011555
0.032329
0.000000
0.547482
0.035404
0.000773
0.081613
0.019532
0.709286
0.041868
0.089323
0.102232
0.001247
0.018192
0.366016
0.034631
0.034097
0.000744
0.157238
0.937508
0.080365
0.052462
0.000000
0.032545
0.263611
0.002444
0.023462
0.067474
0.067024
0.006121
0.182331
0.005456
0.004572
0.030987
0.197982
0.052043
0.046842
0.058669
0.004021
0.027887
0.064856
0.009245
0.005970
0.014683
0.024925
0.013626
0.004012
0.094768
0.003790
0.000964
0.006529
0.092476
0.037637
0.000000
0.138568
0.359302
0.119437
0.085834
0.000000
0.004472
0.017640
0.326917
0.006270
0.020351
0.000000
0.014145
0.017127
0.172677
0.000000
0.042182
0.047713
0.000000
0.022391
0.004417
0.031607
0.020412
0.000000
0.019529
0.004642
0.000000
0.289059
0.017695
0.071914
0.788456
0.004227
0.304534
0.003948
0.000000
0.178170
0.072230
0.164684
0.016983
0.006578
0.032419
0.000000
0.010288
0.001621
0.078795
0.021504
0.008881
0.009921
0.075452
0.000000
0.284392
0.810009
0.034290
0.027287
0.122218
0.000000
0.052640
0.112064
0.382081
0.209159
0.971916
0.001458
0.028001
0.077663
0.026594
0.063696
0.001128
0.003034
0.255226
0.027574
0.052832
0.099399
0.034055
0.002440
0.017937
0.010089
0.914271
0.000000
0.028396
0.001311
0.009447
0.202539
0.089713
0.032945
0.028083
0.002544
0.002559
0.399189
0.436469
0.901394
0.332989
0.041307
0.249679
0.147680
0.078163
0.043965
0.004755
0.072161
1.000000
0.026950
0.000000
0.055150
0.118544
0.019144
0.164220
0.048397
0.064459
0.076218
0.044373
0.051089
0.000000
0.023124
0.826149
0.142061
0.004144
0.003790
0.421052
0.031617
0.004896
0.035129
0.032668
0.934606
0.008788
0.999845
0.101315
0.048515
0.090116
0.098134
0.053402
0.045860
0.356732
0.046940
1.000000
0.559189
0.012659
0.001500
0.100919
0.016151
0.015340
0.090179
0.048113
0.045093
0.085933
0.072978
0.013760
0.148254
0.045504
0.425466
0.004529
0.803240
0.005255
0.029068
0.028469
0.005821
0.071159
0.055707
0.041755
0.015060
0.039059
0.938192
0.042657
0.043759
0.987093
0.259615
0.028891
0.514368
0.009683
0.486825
0.187466
0.106599
0.088805
0.019609
0.002021
0.001019
0.339494
0.059231
0.011147
0.046556
0.095336
0.000000
0.040196
0.093466
0.328597
0.075710
0.085075
0.008345
0.403889
0.505404
0.133255
0.069415
0.174124
0.006427
0.008295
0.095076
0.026728
0.001302
0.053678
0.013936
0.006257
0.034813
0.002455
0.345756
0.033273
0.010347
0.115548
0.155072
0.133420
0.007568
0.460078
0.003173
0.087655
0.001575
0.027210
0.606817
0.025014
0.039418
0.047664
0.053632
0.018255
0.506515
0.073458
0.027386
0.010432
0.005474
0.375626
0.076408
0.237821
0.009924
0.383268
0.009479
0.004493
0.056991
0.007675
0.005051
0.000541
0.328587
0.028789
0.000593
0.024825
0.285285
0.011536
0.000000
0.005783
0.009802
0.124101
0.016983
0.004638
0.002313
0.255021
0.733419
0.006150
0.116161
0.016705
0.281539
0.032537
0.014143
0.060172
0.089329
0.006944
0.012050
0.800040
0.082928
0.999273
0.003471
0.008620
0.000000
0.015478
0.106314
0.000000
0.003201
0.002683
0.000000
0.012417
0.062193
0.022878
0.559059
0.101866
0.004676
0.000000
0.073233
0.105255
0.165419
0.050206
0.046084
0.000000
0.017721
0.292545
0.003604
0.643111
0.087647
0.029344
0.016606
0.010584
0.483567
0.138275
0.234934
0.008320
0.002139
0.037071
0.002167
0.054930
0.123640
0.008829
0.032538
0.060917
0.020977
0.056531
0.029936
0.095640
0.424936
0.022137
0.177297
0.133208
0.000438
0.004351
0.049584
0.000000
0.000000
0.031148
0.187504
0.077771
0.018304
0.517348
0.069201
0.000000
0.682578
0.024643
0.001255
0.000000
0.897711
0.000000
0.001383
0.007506
0.073857
0.010490
0.006655
0.000000
0.536441
0.012694
0.000000
0.080843
0.005019
0.269255
0.000633
0.025366
0.714063
0.002397
0.091972
0.012213
0.032604
0.015200
0.008887
0.959688
0.005841
0.002765
0.000000
0.322679
0.023960
0.021087
0.005803
0.776016
0.039728
0.001142
0.029776
0.040175
0.033898
0.139659
0.000000
0.048799
0.059100
0.185897
0.003807
0.019242
0.147774
0.029966
0.053851
0.201613
0.021427
0.004403
0.964728
0.018459
0.002608
0.007762
0.234274
0.089450
0.019235
0.052648
0.030702
0.448580
0.050004
0.165375
0.054360
0.904181
0.044485
0.000000
0.153334
0.278742
0.102217
0.261662
0.131954
1.000000
0.007528
0.285513
0.019894
0.000000
0.054548
0.961952
0.468778
0.034621
0.288998
0.075528
0.061249
0.010141
0.023763
0.011510
0.113150
0.002484
0.056841
0.007825
0.038522
0.090271
0.010005
0.232075
0.250236
0.191859
0.014817
0.201034
0.012004
0.028425
0.000000
0.088676
0.022163
0.006364
0.125571
0.065864
0.676173
0.556806
0.097383
0.000000
0.004220
0.035255
0.061330
0.039875
0.039920
0.004177
0.682483
0.000680
0.062239
0.199599
0.028887
0.012352
0.002390
0.004454
0.980749
0.240538
0.017208
0.415756
0.058988
0.011119
0.017898
0.002848
0.004979
0.012479
0.140184
0.019354
0.053119
0.005117
0.073560
0.029241
0.000000
0.022762
0.188465
0.038425
0.003093
0.087310
0.000000
0.024549
0.002818
0.218345
0.122186
0.111832
0.052927
0.006822
0.043539
0.010299
0.000710
0.918499
0.336970
0.100895
0.050678
0.023628
0.054894
0.000000
0.056340
0.061846
0.009206
0.326729
0.039005
0.035376
0.110929
0.102652
0.003910
0.193760
0.054441
0.171674
0.052337
0.010573
0.267321
0.587976
0.124777
0.004736
0.016352
0.956423
0.004299
0.050988
0.316098
0.495515
0.028578
0.001485
0.002654
0.009991
0.012686
0.012632
0.057554
0.057569
0.024517
0.017885
0.041874
0.764644
0.007074
0.149176
0.088133
0.105853
0.031133
0.032806
0.232676
0.645053
0.152831
0.000000
0.019038
0.092492
0.005910
0.178355
0.019554
0.013326
0.002698
0.151599
0.230364
0.060928
0.020273
0.005649
0.024481
0.194412
0.419630
0.120091
0.025446
0.207505
0.161372
0.165359
0.001226
0.024935
0.020940
0.147608
0.006079
0.027852
0.002979
0.009758
0.032063
0.126034
0.036782
0.018301
0.190568
0.076846
0.153722
0.120221
0.033858
0.024338
0.481640
0.061548
0.011633
0.257788
0.049457
0.001262
0.045157
0.573318
0.129815
0.031620
0.018592
0.000000
0.029548
0.033867
0.002297
0.167397
0.170541
0.161315
0.481311
0.290120
0.058903
0.092140
0.006878
0.005337
0.007173
0.534933
0.090118
0.016119
0.042954
0.006377
0.119371
0.006914
0.002225
0.284342
0.026702
0.036951
0.389533
0.012990
0.084100
0.002535
0.025919
0.008135
0.143041
0.017990
0.000814
0.007285
0.021066
0.077699
0.070384
0.030748
0.002585
0.053064
0.000000
0.015648
0.026103
0.038783
0.391313
0.152147
0.409863
0.996308
0.015617
0.004232
0.726777
0.001845
0.159718
0.052515
0.204332
0.089057
0.379353
0.078001
0.000000
0.004241
0.079845
0.026317
0.004589
0.021432
0.049211
0.001659
0.015640
0.001605
0.158816
0.243723
0.003953
0.065739
0.922250
0.007261
0.064678
0.009288
0.132157
0.013890
0.034817
0.000000
0.000000
0.005003
0.050937
0.008280
0.013809
0.074292
0.304865
0.003139
0.006740
0.006900
0.580101
0.042400
0.009660
0.067501
0.023541
0.005546
0.033019
0.012622
0.001948
0.000000
0.001454
0.048420
0.033351
0.014867
0.144493
0.760807
0.177233
0.070481
0.068967
0.021624
0.017043
0.065965
0.107638
0.039694
0.000000
0.030050
0.004319
0.014567
0.010867
0.135895
0.026613
0.003683
0.626502
0.001593
0.000000
0.694599
0.000000
0.041052
0.000000
0.534639
0.044520
0.010694
0.270334
0.014715
0.009129
0.002914
0.202532
0.683809
0.018372
0.049029
0.020679
0.000000
0.192684
0.049633
0.000000
0.035536
0.051941
0.046888
0.045045
1.000000
0.016156
0.018904
0.004677
0.011318
0.027271
0.287284
0.010715
0.037979
0.074292
0.510856
0.022280
0.069812
0.002274
0.018843
0.064607
0.008957
0.018320
0.579703
0.102562
0.028334
0.368947
0.783429
0.002474
0.011323
0.000000
0.072710
0.135867
0.009293
0.009072
0.038282
0.003041
0.010294
0.026434
0.050832
0.018798
0.008428
0.001443
0.200569
0.001717
0.018036
0.015949
0.962450
0.022407
0.091708
0.001069
0.053205
0.016416
0.022113
0.058529
0.067407
0.000000
0.050336
0.139165
0.000000
0.008663
0.044195
0.034125
0.036741
0.015128
0.001073
0.180647
0.027930
0.005115
0.006190
0.008438
0.000000
0.019846
0.021255
0.024393
0.040516
0.004897
0.001929
0.007619
0.004484
0.006062
0.003295
0.004003
0.002453
0.040543
0.021169
0.005283
0.117319
0.343994
0.000923
0.059077
0.083400
0.648369
0.204798
0.007395
0.374854
0.000000
0.018134
0.059084
0.217570
0.001829
0.020515
0.000000
0.097513
0.092997
0.038957
0.006178
0.000000
0.027899
0.193905
0.010397
0.280762
0.111872
0.130315
0.035701
0.668877
0.000000
0.464219
0.015507
0.022116
0.010290
0.108221
0.033907
0.096795
0.147438
0.007163
0.057820
0.009745
0.005231
0.492536
0.028999
0.120192
0.015662
0.201974
0.052138
0.255111
0.051756
0.101340
0.224912
0.001019
0.037759
0.000000
0.013631
0.048920
0.052033
0.016098
0.071139
0.017627
0.008341
0.146420
0.031722
0.030803
0.026787
0.001416
0.033243
0.391055
0.000981
0.029730
0.007378
0.028156
0.913201
0.030510
0.007513
0.032785
0.307843
0.044052
0.069077
0.002368
0.003368
0.025903
0.003534
0.454352
0.008909
0.055156
0.076857
0.027758
0.010005
0.007322
0.259110
0.068315
0.018383
0.494214
0.046977
0.000000
0.009321
0.028897
0.032682
0.010513
0.019439
0.007031
0.017212
0.020205
0.067166
0.012138
0.112245
0.276846
0.001915
0.043952
0.178882
0.011181
0.022739
0.006632
0.069798
0.000000
0.061347
0.003704
0.079547
0.046063
0.115971
0.027286
0.046739
0.000000
0.164969
0.003687
0.051353
0.023282
0.087511
0.030177
0.037266
0.913168
0.595672
0.612074
0.034276
0.045082
0.271545
0.014384
0.079215
0.011816
0.015603
0.047881
0.103836
0.025353
0.007743
0.088829
0.019686
0.039166
0.088348
0.102959
0.051000
0.025291
0.007963
0.038062
0.097947
0.006167
0.038752
0.129016
0.032955
0.905929
0.611525
0.009770
0.053689
0.025513
0.000000
0.008845
0.002492
0.087650
0.001473
0.025477
0.057544
0.142355
0.224321
0.011695
0.001871
0.004947
0.194823
0.103008
0.013404
0.033908
0.008818
0.181149
0.000000
0.065541
0.036346
0.479829
0.014720
0.176778
0.047288
0.050194
0.875650
0.025093
0.078666
0.031786
0.056569
0.398434
0.000000
0.060298
0.230074
0.006442
0.024445
0.003235
0.027743
0.019996
0.000000
0.020425
0.012946
0.125061
0.027649
0.290818
0.080123
0.061531
0.076539
0.005900
0.004593
0.032976
0.000000
0.465389
0.126540
0.061271
0.001499
0.008259
0.360795
0.016893
0.985824
0.013437
0.149294
0.102588
0.114893
0.942679
0.085124
0.018887
0.027386
0.016396
0.001342
0.045727
0.004006
0.005145
0.115783
0.138493
0.233364
0.124972
0.001463
0.119914
0.073523
0.115701
0.068116
0.579390
0.544163
0.018098
0.017640
0.040373
0.092561
0.112549
0.027675
0.868783
0.258219
0.039354
0.066700
0.369433
0.005540
0.000000
0.024715
0.010339
0.040660
0.043394
0.035186
0.003085
0.163869
0.017955
0.050804
0.023468
0.010127
0.534296
0.072408
0.097720
0.043631
0.003023
0.065634
0.015546
0.002097
0.000000
0.024679
0.080591
0.363698
0.152281
0.000000
0.000000
0.016459
0.003564
0.042422
0.057380
0.034107
0.022276
0.007652
0.133815
0.000000
0.115530
0.034123
0.000812
0.031505
0.793985
0.009902
0.026715
0.000000
0.645522
0.345011
0.765245
0.016252
0.008278
0.080258
0.709704
0.539437
0.003883
0.828226
0.131116
0.921796
0.183585
0.039280
0.026136
0.251438
0.011670
0.015656
0.015671
0.009709
0.000000
0.046662
0.047907
0.548848
0.958157
0.002700
0.000000
0.411747
0.002648
0.045227
0.031104
0.006162
0.032459
0.010455
0.005081
0.021602
0.335508
0.203432
0.209081
0.071963
0.173898
0.016440
0.097137
0.833942
0.015920
0.012169
0.010278
0.346722
0.086608
0.027176
0.004010
0.163249
0.182808
0.003481
0.009900
0.053376
0.090235
0.035055
0.007426
0.145114
0.956510
0.999093
0.026611
0.287085
0.423598
0.017090
0.000000
0.003596
0.285673
0.000000
0.000000
0.897246
0.087674
0.010201
0.006502
0.202189
0.173483
0.561723
0.007558
0.012292
0.006293
0.010267
0.025182
0.032013
0.186245
0.054467
0.129571
0.228790
0.000000
0.049494
0.227581
0.016044
0.132259
0.858779
0.262532
0.025376
0.041009
0.117280
0.031701
0.457918
0.080033
0.000568
0.022367
0.067401
0.025227
0.001933
0.029421
0.770073
0.030714
0.015962
0.060154
0.004953
0.046589
0.000000
0.005253
0.021829
0.000000
0.020518
0.339774
0.000851
0.535557
0.026862
0.000000
0.002119
0.008690
0.591475
0.020462
0.086369
0.018890
0.019145
0.048816
0.023880
0.132618
0.006477
0.067517
0.000000
0.055840
0.000000
0.017065
0.000000
0.437263
0.000000
0.001837
0.337214
0.005851
0.054265
0.004790
0.974915
0.044413
0.211931
0.007406
0.046517
0.351204
0.106515
0.145460
0.194964
0.000000
0.037969
0.011191
0.037138
0.041424
0.143504
0.020662
0.130529
0.073353
0.165934
0.000000
0.004412
0.000000
0.452693
0.026842
0.014553
0.349982
0.067401
0.423226
0.035225
0.024108
0.040080
0.132827
0.080152
0.105243
0.016850
0.022713
0.013393
0.033884
0.022273
0.058740
0.009362
0.058641
0.081377
0.002365
0.000894
0.017142
0.015241
0.062933
0.005275
0.140562
0.227868
0.020795
0.004124
0.006687
0.046113
0.009683
0.028629
0.101990
0.388562
0.034902
0.050949
0.062877
0.094326
0.023291
0.032176
0.072145
0.025602
0.091350
0.417665
0.014583
0.015774
0.051083
0.340604
0.005806
0.018740
0.006309
0.038275
0.512261
0.152324
0.012952
0.002388
0.023648
0.015943
0.107987
0.002688
0.013122
0.012070
0.021775
0.000000
0.138748
0.036446
0.108462
0.086805
0.048378
0.020125
0.089083
0.012842
0.001222
0.000000
0.000000
0.999983
0.010815
0.066033
0.017637
0.004090
0.104563
0.037008
0.000000
0.267983
0.982726
0.366535
0.012622
0.049581
0.076492
0.011739
0.010938
0.012190
0.122477
0.041908
0.020566
0.057013
0.041680
0.073102
0.144487
0.024114
0.163050
0.000000
0.025256
0.011699
0.004962
0.000000
0.110775
0.012589
0.090004
0.189664
0.045029
0.033260
0.077447
0.000000
0.546488
0.045391
0.018276
0.046584
0.010165
0.046688
0.001577
0.005738
0.012504
0.004558
0.001976
0.015702
0.014752
0.020647
0.896769
0.000000
0.074420
0.000000
0.001964
0.004016
0.011766
0.035235
0.113311
0.516160
0.018702
0.016230
0.001999
0.362481
0.007997
0.106884
0.128260
0.000000
0.420020
0.000000
0.016211
0.002707
0.996127
0.023393
0.019866
0.789606
0.047387
0.018343
0.057619
0.611608
0.048848
0.020594
0.829440
0.837172
0.730795
0.005139
0.121034
0.039795
0.143639
0.018011
0.277241
0.000000
0.000000
0.011757
0.132520
0.000000
0.019615
0.105960
0.004347
0.013251
0.255287
0.999899
0.000000
0.285546
0.005719
0.026809
0.574810
0.027517
0.025002
0.156153
0.107527
0.260388
0.044119
0.011250
0.007547
0.005170
0.264465
0.186604
0.051044
0.006140
0.012333
0.012810
0.992851
0.013982
0.656723
0.605028
0.013793
0.164752
0.276667
0.005044
0.781350
0.016819
0.162481
0.015054
0.103026
0.062484
0.000000
0.141363
0.173922
0.128248
0.009852
0.004808
0.046495
0.024990
0.010564
0.042077
0.065661
0.008506
0.000000
0.008132
0.069896
0.017437
0.502073
0.028933
0.035393
0.004822
0.005354
0.000000
0.243062
0.006143
0.011009
0.005765
0.042937
0.029175
0.134193
0.627402
0.006111
0.000000
0.088598
0.008163
0.032857
0.462534
0.000000
0.018033
0.018025
0.015701
0.034704
0.002425
0.014834
0.007379
0.202964
0.217176
0.140545
0.003547
0.009255
0.298720
0.165956
0.035354
0.222545
0.089977
0.073502
0.011920
0.007765
0.002011
0.019875
0.004561
0.001936
0.000000
0.002313
0.866517
0.075465
0.858632
0.389497
0.022741
0.080384
0.018816
0.010624
0.008979
0.219569
0.480322
0.948332
0.004339
0.000000
0.047457
0.000000
0.027182
0.002678
0.008156
0.037554
0.010808
0.262794
0.066868
0.032562
0.019079
0.030974
0.344734
0.532131
0.032821
0.002683
0.000000
0.011257
0.018967
0.215387
0.001814
0.080945
0.000000
0.157708
0.169645
0.021320
0.056869
0.007763
0.005337
0.026691
0.144759
0.002559
0.059999
0.149254
0.643224
0.009176
0.000669
0.001804
0.157553
0.032819
0.005049
0.027390
0.014471
0.093922
0.030287
0.000971
0.145573
0.066178
0.086637
0.560668
0.041817
0.150285
0.017129
0.001321
0.049915
0.092111
0.034920
0.158923
0.006072
0.127018
0.070785
0.038833
0.008736
0.009244
0.000000
0.000457
0.096903
0.859606
0.064066
0.004792
0.000000
0.030657
0.000000
0.042282
0.007413
0.035662
0.256193
0.021649
0.012460
0.107718
0.004935
0.329171
0.022354
0.000000
0.005357
0.149949
0.014507
0.027289
0.019875
0.033356
0.257331
0.036330
0.003026
0.007806
0.217584
0.649721
0.004301
0.047896
0.000000
0.183302
0.091621
0.002994
0.000000
0.002541
0.252021
0.006037
0.223484
0.002880
0.438410
0.068206
0.009886
0.018120
0.000000
0.015618
0.111115
0.023852
0.127055
0.043472
0.015328
0.033264
0.035883
0.043012
0.112258
0.021590
0.004526
0.003726
0.582902
0.365760
0.114934
0.027687
0.024343
0.114618
0.002920
0.015503
0.009260
0.016968
0.021937
0.993140
0.483660
0.052320
0.002206
0.008808
0.301882
0.030351
0.121524
0.036865
0.860396
0.069389
0.072272
0.047704
0.004718
0.044211
0.019984
0.015227
0.507759
0.000590
0.168875
0.052084
0.022820
0.564560
0.005636
0.093596
0.016725
0.005624
0.003724
0.069226
0.170375
0.001380
0.117757
0.031684
0.274765
0.003903
0.945023
0.377253
0.013945
0.145748
0.018935
0.055450
0.301797
0.049877
0.214904
0.039857
0.005409
0.188834
0.057210
0.061497
0.102887
0.002069
0.003688
0.010648
0.019480
0.028783
0.016260
0.000000
0.006544
0.274889
0.089202
0.004702
0.133051
0.179557
0.002218
0.210879
0.022010
0.049066
0.010310
0.153411
0.165944
0.019296
0.003841
0.153276
0.021903
0.059968
0.069535
0.119448
0.992248
0.014778
0.000000
0.009577
0.766402
0.151572
0.810800
0.044646
0.039193
0.998367
0.839446
0.070509
0.000000
0.085074
0.001831
0.225767
0.003251
0.003536
0.000000
0.203419
0.165595
0.093564
0.008880
0.010811
0.035239
0.018504
0.223927
0.000000
0.000000
0.023335
0.000000
0.131673
0.084376
0.467511
0.002495
0.006555
0.011874
0.011573
0.255732
0.075381
0.022451
0.532931
0.037877
0.979156
0.108147
0.049039
0.000000
0.253662
0.205176
0.030392
0.036422
0.036881
0.004300
0.126187
0.017091
0.273031
0.010547
0.130043
0.042026
0.003038
0.421253
0.021876
0.024772
0.004598
0.323621
0.037287
0.145372
0.201434
0.291416
0.000000
0.278700
0.009045
0.143305
0.028892
0.014203
0.012219
0.006964
0.118077
0.004666
0.133508
0.030770
0.210869
0.002325
0.279011
0.008702
0.070382
0.031130
0.016314
0.074975
0.731309
0.007429
0.135248
0.000000
0.003491
0.088139
0.330051
0.287958
0.008041
0.469030
0.080403
0.006875
0.010112
0.024915
0.194848
0.135159
0.018422
0.027497
0.004704
0.030855
0.024441
0.029542
0.000000
0.013302
0.066077
0.211562
0.016728
0.014315
0.089153
0.010488
0.031698
0.045784
0.010185
0.464378
0.003232
0.001092
0.228683
0.563605
0.142308
0.004446
0.337313
0.002682
0.000000
0.012912
0.039782
0.007752
0.194554
0.504155
0.648166
0.000000
0.030854
0.773316
0.097242
0.033610
0.003955
0.015645
0.175561
0.025917
0.223033
0.009636
0.141466
0.009690
0.017506
0.014843
0.205910
0.168617
0.000000
0.948287
0.105888
0.017223
0.013480
0.063195
0.599851
0.224285
0.112949
0.471527
0.015169
0.000000
0.003975
0.000000
0.999625
0.013643
0.007240
0.033949
0.009603
0.011655
0.130974
0.034937
0.005362
0.092382
0.000000
0.075062
0.002611
0.056907
0.044408
0.000000
0.036057
0.373275
0.649167
0.000000
0.082078
0.318195
0.044563
0.000000
0.007499
0.576298
0.002369
0.152515
0.254534
0.432207
0.029527
0.118075
0.096271
0.085323
0.006488
0.065652
0.041559
0.065870
0.005987
0.014506
0.124029
0.019475
0.107615
0.999997
0.007943
0.169078
0.017814
0.110348
0.000936
0.224258
0.011009
0.383639
0.000797
0.258392
0.021321
0.004095
0.005459
0.164382
0.045983
0.717815
0.000000
0.179509
0.161189
0.122156
0.015309
0.058427
0.058301
0.000000
0.062902
0.171170
0.075101
0.021796
0.003324
0.078320
0.002584
0.115578
0.158660
0.011825
0.039282
0.000000
0.003304
0.388750
0.016210
0.482009
0.342702
0.067875
0.003687
0.110787
0.028748
0.057386
0.132546
0.465176
0.004814
0.032141
0.002180
0.021064
0.049986
0.298253
0.061506
0.033614
0.007135
0.041944
0.023252
0.002753
0.351421
0.006739
0.013903
0.011952
0.013702
0.071650
0.008188
0.042230
0.006229
0.097975
0.011605
0.025325
0.996995
0.091649
0.130721
0.020454
0.052343
0.642518
0.044828
0.000000
0.124397
0.000000
0.651002
0.055848
0.000000
0.004568
0.000000
0.047114
0.000000
0.061405
0.001829
0.016811
0.007094
0.229947
0.483146
0.094756
0.890628
0.354494
0.009653
0.025044
0.580103
0.020614
0.068087
0.011891
0.014921
0.068720
0.015605
0.227483
0.024108
0.012534
0.760375
0.002792
0.021932
0.300759
0.076819
0.019892
0.000000
0.079389
0.022443
0.115787
0.032222
0.027240
0.001929
0.007608
0.864341
0.026784
0.022280
0.017594
0.047578
0.000706
0.025022
0.108335
0.024033
0.070172
0.000000
0.698398
0.101921
0.102297
0.112283
0.032150
0.033771
0.958510
0.077301
0.107770
0.596522
0.073183
0.063713
0.014225
0.020566
0.052774
0.065373
0.000919
0.024688
0.025231
0.028564
0.004547
0.012875
0.255003
0.004444
0.233503
0.003292
0.005652
0.006361
0.008727
0.002955
0.008062
0.006745
0.022585
0.040584
0.019640
0.003904
0.528240
0.086109
0.034741
0.219826
0.076749
0.069817
0.018393
0.009445
0.009390
0.006936
0.042168
0.216340
0.013226
0.048936
0.450287
0.107080
0.071612
0.020561
0.016145
0.069765
0.008756
0.061730
0.841611
0.171569
0.003571
0.165736
0.231368
0.003997
0.309411
0.002735
0.103092
0.056700
0.003220
0.048564
0.023320
0.013823
0.345233
0.015238
0.994130
0.315987
0.112855
0.008229
0.118210
0.045924
0.044197
0.012577
0.056142
0.000909
0.703469
0.084798
0.041559
0.010754
0.020851
0.001347
0.950740
0.000000
0.003201
0.068705
0.009963
0.568772
0.007761
0.031892
0.024578
0.769298
0.020203
0.939478
0.033727
0.137949
0.047662
0.144757
0.001668
0.959266
0.089789
0.020197
0.050993
0.634598
0.031226
0.116278
0.109423
0.074994
0.066208
0.016023
0.127069
0.141965
0.002980
0.051410
0.171250
0.008177
0.042659
0.052210
0.013109
0.064453
0.772680
0.139794
0.048995
0.000000
0.020341
0.047770
0.009269
0.095011
0.000000
0.022486
0.035993
0.138565
0.079358
0.002324
0.664535
0.146553
0.100007
0.023286
0.071116
0.043346
0.007521
0.057472
0.071644
0.023015
0.028836
0.036896
0.178305
0.992745
0.118851
0.003836
0.002340
0.038684
0.008091
0.061836
0.011500
0.081598
0.010664
0.583868
0.166091
0.004585
0.358227
0.046941
0.123804
0.128918
0.019628
0.000828
0.728942
0.011831
0.034749
0.214766
0.162104
0.088827
0.088110
0.002835
0.001541
0.328485
0.041854
0.213199
0.016303
0.204891
0.115238
0.021571
0.057155
0.023888
0.217481
0.957307
0.039316
0.021953
0.008354
0.017225
0.023471
0.111175
0.083555
0.048118
0.182772
0.008364
0.002115
0.075845
0.038634
0.226704
0.402813
0.339842
0.027658
0.024138
0.035421
0.038205
0.013494
0.026005
0.020024
0.084081
0.225766
0.004415
0.052791
0.016282
0.084245
0.047929
0.005916
0.013919
0.000000
0.098041
0.048531
0.029093
0.003758
0.031737
0.015162
0.758722
0.000000
0.289112
0.000000
0.019828
0.872170
0.015047
0.032428
0.161329
0.035212
0.037478
0.016904
0.018867
0.834969
0.096266
0.157961
0.004995
0.006252
0.182729
0.002492
0.011067
0.030246
0.001379
0.336080
0.004112
0.011345
0.019047
0.543432
0.136834
0.012247
0.311071
0.036156
0.000000
0.190681
0.007882
0.035627
0.002079
0.073584
0.001704
0.005465
0.959045
0.015851
0.017080
0.370437
0.039623
0.030409
0.003563
0.002217
0.365346
0.008060
0.007083
0.327445
0.382086
0.028205
0.000000
0.041830
0.011301
0.004253
0.049173
0.071986
0.027577
0.012736
0.009621
0.000000
0.013648
0.000000
0.022581
0.244381
0.198586
0.036800
0.057719
0.165596
0.847127
0.016624
0.000705
0.537874
0.020888
0.021810
0.209198
0.015642
0.171017
0.193664
0.010511
0.745272
0.033583
0.138237
0.047655
0.035721
0.977388
0.008389
0.314346
0.477988
0.059150
0.386382
0.030296
0.031424
0.007522
0.283591
0.005728
0.069685
0.072796
0.071275
0.135972
0.022098
0.084743
0.000415
0.152050
0.007015
0.035632
0.004581
0.383102
0.025418
0.146809
0.008466
0.122969
0.059082
0.882923
0.276548
0.498162
0.145779
0.221326
0.036884
1.000000
0.145392
0.000000
0.035229
0.045214
0.290652
0.002051
0.007651
0.094283
0.013214
0.119584
0.174649
0.020493
0.128181
0.038331
0.031118
0.443707
0.931967
0.329949
0.021593
0.011754
0.284598
0.847105
0.025928
0.013526
0.013451
0.010614
0.100052
0.001825
0.064642
0.025272
0.544887
0.030737
0.000000
0.030005
0.006059
0.138370
0.265736
0.353357
0.023936
0.000000
0.168594
0.028537
0.033627
0.048430
0.096897
0.009149
0.000000
0.152283
0.001632
0.551786
0.561345
0.106439
0.430880
0.567369
0.061431
0.158829
0.003733
0.015080
0.003438
0.008955
0.087865
0.225869
0.588872
0.003554
0.067156
0.104479
0.000000
0.583953
0.020702
0.006304
0.000000
0.061170
0.010215
0.205189
0.000000
0.038851
0.014182
0.021664
0.475856
0.024919
0.010089
0.010341
0.023314
0.060787
0.053834
0.185918
0.353162
0.403931
0.015865
0.153604
0.062436
0.000000
0.002818
0.131821
0.358952
0.000000
0.001628
0.020665
0.235608
0.107970
0.012096
0.065933
0.145669
0.034013
0.999944
0.024201
0.257059
0.005135
0.343097
0.002791
0.008115
0.004313
0.000000
0.009062
0.000689
0.073829
0.063360
0.027316
0.057401
0.008963
0.046607
0.000000
0.144142
0.013172
0.024470
0.001337
0.420792
0.006092
0.000000
0.078080
0.005739
0.024824
0.043898
0.001706
0.082431
0.031157
0.002534
0.035458
0.047318
0.003196
0.017991
0.019018
0.439100
0.081484
0.018686
0.064922
0.034737
0.026003
0.004683
0.110385
0.049285
0.003957
0.037028
0.045112
0.932001
0.003949
0.079803
0.004729
0.006396
0.053438
0.070680
0.781283
0.533417
0.018321
0.368441
0.008937
0.038717
0.008803
0.984014
0.003558
0.098801
0.357066
0.001267
0.016998
0.202742
0.059299
0.024874
0.059272
0.040560
0.682729
0.000752
0.003438
0.002757
0.000000
0.316702
0.117594
0.101358
0.065163
0.001604
0.075388
0.049734
0.089833
0.000000
0.150697
0.635501
0.032450
0.074730
0.011887
0.025227
0.000000
0.188856
0.009282
0.095829
0.015132
0.000765
0.002993
0.032718
0.335129
0.105342
0.159508
0.522990
0.209262
0.038808
0.185910
0.021792
0.262873
0.030253
0.029985
0.445064
0.267351
0.035059
0.000000
0.008679
0.010002
0.004548
0.137874
0.358037
0.119860
0.018374
0.049737
0.836982
0.000000
0.114324
0.085925
0.056201
0.004236
0.140860
0.310532
0.000000
0.139052
0.691955
0.005455
0.094981
0.498059
0.364998
0.000000
0.010644
0.301293
0.000000
0.950037
0.690138
0.015261
0.250327
0.007439
0.014480
0.014676
0.009423
0.162782
0.097572
0.107173
0.062217
0.133669
0.000000
0.914151
0.027572
0.374334
0.001907
0.012276
0.120994
0.147524
0.008591
0.013630
0.694832
0.068043
0.387073
0.978049
0.006354
0.007694
0.072763
0.008675
0.014568
0.029587
0.136984
0.007307
0.000000
0.685301
0.000000
0.027890
0.000000
0.310651
0.050055
0.096728
0.014487
0.651597
0.565037
0.018204
0.979864
0.075198
0.000000
0.027384
0.013575
0.149424
0.042958
0.066879
0.118447
0.282167
0.009100
0.230144
0.767756
0.068127
0.033568
0.014551
0.128768
0.128951
0.092367
0.822491
0.006452
0.000000
0.161772
0.003713
0.338937
0.014705
0.467836
0.116400
0.109731
0.001614
0.009302
0.134832
0.000000
0.639380
0.051832
0.110013
0.704578
0.058487
0.058405
0.669990
0.033378
0.034246
0.053611
0.009549
0.070028
0.004758
0.005019
0.013155
0.243628
0.870942
0.002483
0.167956
0.006146
0.064633
0.008023
0.000000
0.051481
0.059028
0.838886
0.154717
0.000000
0.221337
0.005918
0.015176
0.131298
0.020963
0.357079
0.604614
0.009854
0.014824
0.001116
0.587656
0.056539
0.030093
0.131258
0.053114
0.001702
0.000000
0.009873
0.733868
0.043346
0.026534
0.151033
0.042656
0.091525
0.219371
0.056243
0.095549
0.119989
0.079286
0.000579
0.083611
0.104119
0.033936
0.002087
0.119654
0.263363
0.161280
0.032465
0.001591
0.057706
0.010604
0.229277
0.222019
0.378488
0.242224
0.008069
0.247929
0.079644
0.012611
0.004603
0.000000
0.053297
0.013682
0.427298
0.016300
0.151369
0.032612
0.061254
0.114134
0.911027
0.129376
0.003369
0.115424
0.776032
0.128989
0.026732
0.242270
0.007845
0.000000
0.107078
0.144494
0.234643
0.007705
0.009679
0.054780
0.013892
0.247014
0.897564
0.045251
0.032561
0.079696
0.019111
0.061157
0.008706
0.029031
0.207504
0.000000
0.009626
0.023630
0.046013
0.034702
0.004092
0.035415
0.058242
0.032261
0.051565
0.131575
0.145011
0.000000
0.016945
0.013356
0.020064
0.066734
0.042348
0.037423
0.373280
0.020359
0.067224
0.248513
0.014056
0.176052
0.000000
0.003551
0.013434
0.000000
0.098751
0.998616
0.061882
0.044503
0.059443
0.012781
0.130505
0.008500
0.007661
0.015948
0.142711
0.001366
0.069711
0.856358
0.014745
0.534753
0.010057
0.029988
0.016881
0.327233
0.821904
0.095487
0.036999
0.003778
0.161710
0.143770
0.056035
0.145213
0.092025
0.243808
0.001680
0.000000
0.046488
0.338395
0.000000
0.005710
0.029464
0.013851
0.004000
0.000000
0.309009
0.000000
0.066823
0.031710
1.000000
0.833170
0.010557
0.104429
0.011345
0.001850
