0.000000
0.000000
0.000029
0.000000
0.000000
0.000542
0.000019
0.000000
0.000000
0.000000
0.000000
0.000000
0.000000
0.000525
0.000000
0.000000
0.000000
0.000000
0.000000
0.000000
0.000000
0.005483
0.000543
0.012482
0.000000
0.002558
0.000000
0.000000
0.007563
0.000000
0.010531
0.000000
0.000000
0.000000
0.000000
0.000000
0.000000
0.000000
0.000000
0.000000
0.000000
0.002151
0.000000
0.022006
0.000000
0.001803
0.000000
0.000000
0.000357
0.000431
0.000000
0.000000
0.000000
0.000000
0.000000
0.002710
0.000000
0.000012
0.000000
0.000000
0.000282
0.000000
0.000000
0.000096
0.000000
0.001090
0.000000
0.000000
0.000000
0.000000
0.000000
0.000000
0.000003
0.000000
0.000000
0.000000
0.000000
0.000000
0.000000
0.000000
0.000002
0.000000
0.000000
0.000000
0.000516
0.000946
0.000000
0.000001
0.000000
0.000000
0.000000
0.000000
0.001927
0.000000
0.000000
0.000267
0.000000
0.000821
0.001734
0.000000
0.000000
0.000000
0.032748
0.000000
0.000000
0.000562
0.000000
0.000000
0.000000
0.000000
0.000000
0.000209
0.000020
0.000000
0.000000
0.000000
0.000000
0.000000
0.000000
0.000000
0.000000
0.000000
0.000000
0.000000
0.000000
0.000000
0.000000
0.000000
0.000156
0.000115
0.000000
0.000000
0.000881
0.001494
0.000000
0.000000
0.000000
0.000000
0.000450
0.000000
0.000000
0.000016
0.000000
0.000000
0.000372
0.000000
0.000000
0.001306
0.000000
0.000000
0.000000
0.000000
0.000000
0.000000
0.003336
0.003821
0.172745
0.000000
0.000285
0.000000
0.000000
0.000000
0.000000
0.000000
0.001069
0.000000
0.109132
0.000000
0.000000
0.000000
0.000000
0.058666
0.000000
0.000123
0.021080
0.000007
0.000000
0.000000
0.000147
0.000005
0.000000
0.000158
0.000000
0.000000
0.000000
0.000000
0.000000
0.000000
0.000000
0.000411
0.000000
0.000000
0.000000
0.000000
0.000000
0.000000
0.000128
0.000000
0.000000
0.005325
0.000000
0.034494
0.000000
0.000042
0.000000
0.001019
0.000000
0.000000
0.000000
0.000000
0.000000
0.001081
0.000000
0.000000
0.000109
0.001741
0.000000
0.000000
0.000000
0.000000
0.000000
0.000000
0.000000
0.000000
0.001132
0.000000
0.000089
0.000854
0.000000
0.000000
0.000000
0.000000
0.000000
0.001592
0.000062
0.000000
0.259554
0.000025
0.000000
0.000000
0.000000
0.000000
0.000000
0.000001
0.000000
0.000000
0.000000
0.000000
0.000000
0.000602
0.000039
0.014086
0.000000
0.000000
0.066193
0.000000
0.001126
0.000000
0.000000
0.000000
0.000000
0.000614
0.000000
0.000074
0.000000
0.000000
0.000000
0.010980
0.001982
0.000000
0.111984
0.000000
0.000000
0.101793
0.000000
0.000000
0.000000
0.001942
0.000000
0.000000
0.000000
0.000000
0.000000
0.000000
0.000000
0.000000
0.000000
0.000000
0.000000
0.000000
0.094931
0.057288
0.071880
0.000000
0.000000
0.000170
0.000000
0.000000
0.000000
0.015240
0.000000
0.000000
0.000000
0.000000
0.000000
0.000000
0.000000
0.001354
0.000000
0.000000
0.000004
0.000000
0.000000
0.000000
0.000445
0.000009
0.000000
0.000000
0.000079
0.000000
0.000000
0.000000
0.000000
0.000000
0.000000
0.000000
0.000000
0.000000
0.002711
0.000021
0.000000
0.000000
0.000000
0.000000
0.000000
0.000396
0.000000
0.000011
0.000000
0.000000
0.000000
0.000000
0.000000
0.000000
0.000000
0.000058
0.000000
0.000000
0.000000
0.000017
0.000000
0.000000
0.000101
0.000099
0.035794
0.000000
0.000487
0.000001
0.000000
0.000000
0.000000
0.000000
0.004822
0.000000
0.000000
0.000000
0.000000
0.000000
0.000034
0.000000
0.000000
0.000000
0.000000
0.000000
0.000000
0.000000
0.000000
0.000000
0.000000
0.000000
0.000000
0.000000
0.000210
0.009198
0.000000
0.000000
0.000035
0.000000
0.000000
0.000015
0.000000
0.000000
0.000000
0.000096
0.000000
0.000000
0.000000
0.000000
0.004860
0.000324
0.000000
0.000000
0.000000
0.000000
0.000000
0.000000
0.000118
0.002789
0.000003
0.001608
0.000000
0.000000
0.000050
0.000000
0.000000
0.000000
0.000000
0.000000
0.000000
0.000101
0.000000
0.000000
0.000000
0.000000
0.000000
0.000000
0.000000
0.000000
0.000000
0.000000
0.000000
0.000000
0.000252
0.000000
0.000000
0.000000
0.000000
0.001758
0.000000
0.000078
0.070860
0.000000
0.000000
0.000000
0.000000
0.000000
0.000000
0.000000
0.000000
0.000000
0.000000
0.000215
0.000000
0.019168
0.000000
0.005669
0.000000
0.000000
0.000000
0.000000
0.000000
0.000189
0.056243
0.000000
0.000000
0.000000
0.000000
0.000000
0.000000
0.001536
0.000000
0.003184
0.000237
0.000000
0.000000
0.000567
0.000009
0.000000
0.000047
0.008585
0.000000
0.000000
0.000000
0.000000
0.000000
0.000000
0.000000
0.000000
0.000000
0.000000
0.000000
0.000000
0.000032
0.000000
0.000000
0.000000
0.000000
0.000000
0.001066
0.000000
0.000000
0.000000
0.000119
0.000000
0.000000
0.000000
0.000000
0.043632
0.000000
0.000000
0.000000
0.000000
0.000000
0.000000
0.000000
0.000000
0.000000
0.004818
0.000000
0.000059
0.000489
0.000000
0.000528
0.000000
0.000000
0.000000
0.000831
0.000000
0.000000
0.000000
0.000000
0.000000
0.000000
0.000000
0.000000
0.001435
0.000000
0.000000
0.000000
0.000000
0.000000
0.000000
0.000000
0.000000
0.000000
0.000000
0.000000
0.132153
0.000660
0.000000
0.000000
0.000000
0.000364
0.000000
0.000000
0.000026
0.000000
0.000000
0.000000
0.000000
0.002270
0.000000
0.000000
0.000332
0.000000
0.000000
0.000567
0.000000
0.000000
0.000000
0.000000
0.000000
0.000578
0.002806
0.000000
0.000000
0.000000
0.000000
0.000000
0.000000
0.000067
0.000082
0.000000
0.000000
0.000000
0.007801
0.000000
0.000000
0.000000
0.000000
0.027975
0.000000
0.000000
0.000000
0.000000
0.000000
0.000674
0.001750
0.012094
0.000000
0.000000
0.000031
0.000000
0.000012
0.000000
0.000000
0.000000
0.000000
0.000000
0.002863
0.002439
0.000000
0.000178
0.000000
0.000020
0.000000
0.000006
0.000000
0.001965
0.000061
0.001596
0.000000
0.000000
0.000000
0.000000
0.000000
0.000000
0.086291
0.000000
0.000000
0.000000
0.000000
0.000000
0.000047
0.000000
0.000000
0.000000
0.000000
0.002430
0.000000
0.000000
0.000149
0.000042
0.000000
0.000000
0.000000
0.000000
0.000000
0.000000
0.000092
0.000000
0.000000
0.000000
0.000000
0.000095
0.000002
0.009827
0.000000
0.000000
0.000000
0.000000
0.000000
0.000000
0.000523
0.053873
0.000000
0.000000
0.000000
0.000000
0.000048
0.001824
0.000077
0.000000
0.006448
0.000000
0.000000
0.000000
0.000000
0.002574
0.000000
0.000000
0.000000
0.000000
0.000130
0.000000
0.000000
0.000000
0.000000
0.001730
0.000000
0.003009
0.000000
0.000000
0.000000
0.000000
0.000303
0.000000
0.000000
0.000000
0.000000
0.000000
0.000000
0.000000
0.000000
0.001406
0.000000
0.000000
0.000000
0.000000
0.000000
0.000000
0.000000
0.000000
0.000000
0.000000
0.000000
0.000004
0.000000
0.000000
0.000000
0.000000
0.000000
0.000000
0.001501
0.000000
0.000000
0.000024
0.000218
0.000000
0.000000
0.000000
0.000000
0.000000
0.000611
0.000000
0.001566
0.000000
0.003140
0.000000
0.000000
0.000000
0.000000
0.000895
0.000000
0.000614
0.000000
0.000000
0.000000
0.000000
0.000000
0.032357
0.000000
0.000000
0.000000
0.017513
0.000000
0.001046
0.000000
0.000031
0.000000
0.000216
0.000000
0.000000
0.000427
0.000000
0.000000
0.000000
0.000000
0.000000
0.000000
0.000000
0.000000
0.000000
0.000000
0.114711
0.000000
0.000025
0.014904
0.000000
0.000000
0.000000
0.000000
0.000000
0.000131
0.000000
0.010699
0.000000
0.000000
0.027778
0.000000
0.000000
0.000000
0.000000
0.000000
0.000000
0.000002
0.000000
0.002034
0.000000
0.000000
0.110515
0.000000
0.000000
0.000000
0.000000
0.000000
0.000000
0.000000
0.000000
0.000003
0.000000
0.000000
0.000000
0.024126
0.000000
0.000000
0.000000
0.000007
0.000000
0.000000
0.000010
0.000000
0.001006
0.000325
0.000000
0.000000
0.000765
0.000000
0.000000
0.000000
0.000000
0.000000
0.000000
0.005868
0.000000
0.000000
0.000000
0.000000
0.000000
0.000000
0.000000
0.006284
0.000000
0.000045
0.000000
0.000000
0.000000
0.000000
0.000000
0.015720
0.000000
0.000000
0.001233
0.000000
0.000000
0.000000
0.000000
0.000000
0.000001
0.000000
0.000000
0.000000
0.001684
0.000000
0.000000
0.002396
0.000000
0.000000
0.000000
0.000000
0.000000
0.000000
0.000000
0.064210
0.000000
0.000000
0.000000
0.000000
0.000000
0.000916
0.000000
0.000000
0.000000
0.000000
0.000000
0.000000
0.000000
0.000000
0.000000
0.000000
0.000000
0.000499
0.000347
0.000000
0.000000
0.000000
0.005486
0.000232
0.000000
0.000000
0.000000
0.000000
0.005990
0.000000
0.000000
0.000776
0.000000
0.000000
0.000000
0.000000
0.000000
0.000000
0.000000
0.040638
0.000000
0.000000
0.000000
0.000000
0.000000
0.000000
0.000000
0.020572
0.000021
0.000000
0.000000
0.001205
0.082835
0.000043
0.000000
0.000301
0.000000
0.000000
0.000000
0.000000
0.002921
0.000000
0.000003
0.000000
0.000017
0.000034
0.000000
0.000000
0.000000
0.000000
0.000000
0.000000
0.000000
0.000199
0.000000
0.000000
0.000000
0.000049
0.000773
0.000000
0.000270
0.000000
0.000000
0.000000
0.000000
0.000000
0.000000
0.000000
0.000001
0.000000
0.000000
0.000092
0.000638
0.000000
0.000000
0.000000
0.017460
0.000000
0.000000
0.000000
0.000000
0.093668
0.000000
0.000000
0.000000
0.000580
0.000000
0.000000
0.450315
0.000000
0.000000
0.000000
0.000000
0.000000
0.000000
0.000000
0.000000
0.000000
0.000000
0.000000
0.000000
0.000000
0.000000
0.000000
0.000000
0.000258
0.000000
0.003264
0.000000
0.000000
0.000000
0.000002
0.000000
0.000000
0.000122
0.000000
0.000000
0.000849
0.000000
0.000027
0.001581
0.000794
0.000000
0.002396
0.000000
0.000000
0.000000
0.000000
0.000000
0.000000
0.000092
0.000000
0.000000
0.000000
0.000039
0.061718
0.000000
0.000000
0.001771
0.000000
0.000000
0.000114
0.000000
0.000000
0.000000
0.000000
0.000000
0.000000
0.000000
0.000886
0.000000
0.000000
0.000000
0.000000
0.001657
0.000000
0.000000
0.053075
0.000000
0.349977
0.001396
0.002657
0.000000
0.000000
0.000000
0.000000
0.000000
0.000227
0.000000
0.000000
0.000000
0.004316
0.001533
0.000000
0.000009
0.000494
0.000000
0.000000
0.000810
0.000017
0.000000
0.034749
0.003084
0.000022
0.000000
0.000000
0.000000
0.000000
0.000000
0.000000
0.000000
0.008942
0.000000
0.000092
0.000000
0.000000
0.001288
0.000000
0.000000
0.000767
0.040910
0.000000
0.000000
0.000000
0.000000
0.000000
0.000000
0.000000
0.001067
0.000370
0.000000
0.001688
0.000000
0.000000
0.000014
0.012508
0.406968
0.000000
0.000000
0.000000
0.000000
0.000006
0.000080
0.000000
0.000000
0.000000
0.000000
0.000006
0.000000
0.000000
0.000000
0.000000
0.000000
0.000000
0.000000
0.000000
0.000000
0.000036
0.000000
0.000000
0.000000
0.000000
0.006543
0.000000
0.000000
0.000000
0.000000
0.000000
0.000000
0.002201
0.000000
0.000000
0.000000
0.000000
0.001251
0.000000
0.000000
0.003358
0.000000
0.000000
0.000253
0.000000
0.000000
0.000000
0.000000
0.000387
0.000000
0.002240
0.000000
0.000000
0.000000
0.000000
0.000021
0.123873
0.003459
0.000000
0.000000
0.000012
0.000000
0.000000
0.000000
0.000000
0.003776
0.000000
0.000000
0.000000
0.061416
0.000000
0.000000
0.000000
0.000000
0.000000
0.000000
0.000470
0.000000
0.000000
0.000000
0.000164
0.000000
0.000000
0.000000
0.034610
0.000000
0.000000
0.000018
0.000502
0.002072
0.000000
0.014033
0.000000
0.000000
0.000000
0.000787
0.000376
0.000000
0.000000
0.000000
0.000054
0.000118
0.000048
0.004491
0.000000
0.000000
0.000000
0.000000
0.000000
0.000000
0.000000
0.002687
0.000000
0.000000
0.000002
0.000002
0.000000
0.000000
0.000000
0.000000
0.004035
0.000000
0.000000
0.005078
0.001047
0.000000
0.000000
0.000000
0.000001
0.000000
0.000000
0.000000
0.000000
0.000424
0.000000
0.000000
0.000000
0.000000
0.000230
0.000217
0.000000
0.001001
0.000003
0.000000
0.000360
0.000000
0.000000
0.001323
0.000000
0.000000
0.000054
0.000000
0.000000
0.000000
0.000000
0.077713
0.015284
0.000000
0.000000
0.001980
0.000268
0.000000
0.000000
0.000000
0.000156
0.000000
0.002734
0.000129
0.000000
0.000000
0.000392
0.000000
0.000000
0.000000
0.000000
0.000221
0.000000
0.000000
0.000000
0.000000
0.001058
0.000005
0.000000
0.000000
0.000000
0.000000
0.000000
0.000000
0.000000
0.001064
0.017067
0.000000
0.000000
0.000000
0.000000
0.001661
0.000098
0.000040
0.000000
0.000000
0.000000
0.000000
0.043485
0.001115
0.003050
0.000000
0.000000
0.000000
0.000000
0.000000
0.000000
0.000000
0.000212
0.000000
0.000000
0.000007
0.000000
0.000000
0.000000
0.000000
0.000000
0.000000
0.000000
0.000000
0.000000
0.000000
0.000000
0.011113
0.000000
0.000000
0.000000
0.000000
0.000006
0.000000
0.000000
0.000671
0.000000
0.000000
0.000000
0.000000
0.000000
0.000180
0.000000
0.000000
0.000000
0.000000
0.013394
0.000000
0.000000
0.000444
0.000000
0.000000
0.000000
0.000007
0.000000
0.000000
0.000000
0.000000
0.000000
0.000000
0.000000
0.000000
0.000000
0.000000
0.000000
0.000000
0.000000
0.000256
0.000000
0.000000
0.000000
0.000000
0.000000
0.000000
0.001075
0.000000
0.000000
0.000043
0.000000
0.000025
0.000000
0.000000
0.003145
0.000000
0.000000
0.000000
0.000000
0.000000
0.000000
0.000000
0.000000
0.000000
0.000000
0.000000
0.000000
0.000000
0.000052
0.000315
0.000000
0.000000
0.000000
0.000000
0.000000
0.000000
0.000000
0.000000
0.000371
0.000000
0.000000
0.000000
0.000000
0.000000
0.000000
0.011214
0.000000
0.000000
0.000000
0.008749
0.000000
0.000000
0.070995
0.000000
0.003044
0.000000
0.000000
0.000000
0.000000
0.000000
0.000512
0.000000
0.000000
0.001609
0.000012
0.000000
0.000049
0.000000
0.000017
0.000000
0.000059
0.000000
0.000000
0.000000
0.000000
0.000000
0.000892
0.000000
0.000000
0.000077
0.000000
0.000000
0.000000
0.000033
0.000000
0.000000
0.000000
0.000000
0.000000
0.000000
0.000664
0.022175
0.000000
0.000000
0.000000
0.000000
0.000000
0.000000
0.000276
0.000010
0.000000
0.000000
0.000000
0.000000
0.000000
0.000000
0.000000
0.000000
0.000000
0.000000
0.000000
0.000000
0.000000
0.000000
0.002141
0.000000
0.000000
0.000000
0.000610
0.000000
0.000000
0.012670
0.000068
0.000000
0.000000
0.000003
0.000000
0.000000
0.400846
0.000000
0.000000
0.000000
0.000000
0.001301
0.003836
0.000000
0.000195
0.000000
0.000000
0.000004
0.000625
0.000000
0.000000
0.000000
0.000000
0.000000
0.000000
0.000000
0.000000
0.000000
0.000000
0.000000
0.000000
0.000000
0.059821
0.000000
0.000001
0.000246
0.000000
0.000000
0.000000
0.000000
0.001321
0.000000
0.000000
0.000000
0.000000
0.005382
0.000000
0.000000
0.001811
0.002234
0.000000
0.000000
0.000000
0.000000
0.000001
0.000000
0.000034
0.000000
0.006059
0.000189
0.000000
0.000000
0.000002
0.000084
0.000000
0.000000
0.000000
0.000000
0.000000
0.000000
0.000000
0.000000
0.000564
0.000406
0.001073
0.007768
0.000000
0.000000
0.000000
0.208474
0.000000
0.000964
0.003171
0.000000
0.000123
0.000000
0.000000
0.000000
0.000000
0.000004
0.000013
0.000000
0.000000
0.000000
0.000000
0.020933
0.000000
0.000000
0.000000
0.000000
0.000095
0.000000
0.000000
0.000000
0.000000
0.004508
0.000000
0.000000
0.000000
0.000584
0.000000
0.000000
0.000227
0.000000
0.000000
0.003786
0.000000
0.000000
0.000000
0.000000
0.006861
0.000000
0.000000
0.000000
0.001207
0.000000
0.000000
0.000000
0.000000
0.000000
0.000000
0.000000
0.022746
0.001633
0.000000
0.000000
0.000000
0.065012
0.000000
0.000000
0.000424
0.000000
0.083171
0.000000
0.000000
0.000000
0.000000
0.000000
0.000000
0.000013
0.000000
0.000000
0.000000
0.000000
0.000000
0.000000
0.000000
0.000447
0.000597
0.000000
0.000000
0.013767
0.000000
0.000000
0.000000
0.000000
0.000000
0.000051
0.000000
0.000025
0.007490
0.000000
0.000000
0.000000
0.000000
0.000000
0.001057
0.000000
0.000000
0.000000
0.000000
0.000000
0.649694
0.000000
0.000000
0.000000
0.000000
0.000000
0.006736
0.000000
0.000000
0.000006
0.000000
0.006295
0.000000
0.000096
0.000691
0.000000
0.000000
0.000049
0.000000
0.000000
0.000000
0.000000
0.000073
0.000000
0.001174
0.000008
0.000000
0.000000
0.000000
0.000966
0.001965
0.000023
0.000044
0.000000
0.000000
0.000000
0.000009
0.000000
0.000000
0.000389
0.000000
0.000000
0.000000
0.000000
0.010579
0.001400
0.000000
0.000000
0.000008
0.006223
0.000000
0.000000
0.125497
0.000000
0.000000
0.000000
0.000000
0.000474
0.000000
0.000000
0.000000
0.000000
0.000000
0.000000
0.000000
0.000000
0.000000
0.008541
0.000000
0.000000
0.000391
0.000001
0.000055
0.000000
0.000000
0.000000
0.000000
0.000000
0.000000
0.000000
0.002659
0.000000
0.000000
0.000000
0.016129
0.000000
0.000000
0.000000
0.000000
0.000000
0.000000
0.000000
0.001103
0.000000
0.000000
0.000000
0.000000
0.000000
0.000000
0.000000
0.001214
0.002747
0.000000
0.000000
0.000000
0.000000
0.000000
0.000008
0.000000
0.000000
0.000085
0.000000
0.001040
0.000000
0.000154
0.000000
0.002345
0.000000
0.000000
0.000000
0.000000
0.000410
0.000000
0.000000
0.000323
0.186314
0.000011
0.000000
0.000000
0.000000
0.000000
0.000000
0.002098
0.000471
0.000000
0.000000
0.000000
0.000454
0.000000
0.000000
0.000000
0.000000
0.000000
0.000000
0.003131
0.001923
0.000000
0.000000
0.000000
0.000018
0.000000
0.000000
0.000000
0.005621
0.000000
0.000000
0.000000
0.000000
0.000363
0.000000
0.005864
0.006176
0.000000
0.007454
0.000000
0.000000
0.000000
0.000000
0.000460
0.016895
0.000000
0.000000
0.000000
0.000000
0.000000
0.000000
0.001269
0.000000
0.000000
0.000000
0.000000
0.000000
0.000000
0.000000
0.000000
0.000000
0.000000
0.000626
0.000062
0.000000
0.000000
0.000000
0.000000
0.117346
0.002964
0.000000
0.000000
0.000003
0.000000
0.000000
0.000000
0.000000
0.000000
0.004915
0.000000
0.000000
0.000000
0.013143
0.000000
0.000000
0.000000
0.000003
0.000000
0.000000
0.000000
0.000099
0.000000
0.002162
0.000000
0.000000
0.000000
0.000000
0.217450
0.000000
0.000000
0.000000
0.022210
0.000000
0.000013
0.000000
0.000001
0.000032
0.000000
0.000000
0.000000
0.000000
0.000000
0.000101
0.000000
0.009273
0.000011
0.008234
0.000000
0.000002
0.000000
0.008523
0.000024
0.000000
0.000000
0.000000
0.000000
0.000002
0.000000
0.000002
0.000000
0.000000
0.000000
0.000000
0.000000
0.000000
0.000000
0.000000
0.000000
0.000000
0.000000
0.000000
0.000000
0.000038
0.000000
0.000000
0.000000
0.000000
0.000000
0.000167
0.000000
0.000000
0.000069
0.000000
0.000000
0.000000
0.000000
0.000000
0.000000
0.004745
0.000000
0.000000
0.007731
0.000000
0.000000
0.000000
0.002619
0.000000
0.000000
0.000000
0.000000
0.000000
0.000240
0.000000
0.000000
0.000000
0.000000
0.000000
0.000000
0.000000
0.000000
0.000000
0.000000
0.000000
0.000000
0.000008
0.000000
0.000000
0.000080
0.000000
0.000000
0.000000
0.000000
0.000000
0.000000
0.000000
0.000000
0.007975
0.000001
0.000000
0.000000
0.000000
0.000000
0.000000
0.000014
0.000000
0.003807
0.000208
0.000018
0.000000
0.000000
0.000004
0.000000
0.000000
0.000279
0.000000
0.000011
0.000000
0.000000
0.000000
0.001156
0.000000
0.000000
0.000000
0.000053
0.001100
0.000000
0.000000
0.000000
0.000000
0.000000
0.000000
0.000163
0.000000
0.000000
0.000000
0.000000
0.000000
0.000000
0.009398
0.000000
0.000000
0.000000
0.000000
0.000000
0.000000
0.003183
0.000000
0.001031
0.000047
0.000000
0.000002
0.000000
0.000000
0.000324
0.000000
0.000000
0.000000
0.000000
0.000000
0.000336
0.000000
0.000611
0.003619
0.000000
0.000000
0.000000
0.000021
0.000000
0.000000
0.000000
0.000000
0.000000
0.000000
0.011370
0.000000
0.000000
0.000000
0.000157
0.000000
0.000000
0.000000
0.000230
0.000000
0.000000
0.001346
0.000000
0.000000
0.000011
0.000000
0.002946
0.000000
0.000000
0.000000
0.000000
0.000000
0.000135
0.000000
0.000000
0.000000
0.000000
0.000000
0.000000
0.000000
0.000000
0.000000
0.000000
0.001901
0.000000
0.000000
0.000000
0.000145
0.000000
0.000000
0.000000
0.000000
0.004798
0.000262
0.000101
0.104403
0.000000
0.000000
0.000000
0.000000
0.000662
0.016154
0.000000
0.001659
0.000000
0.000000
0.000000
0.000000
0.000000
0.001150
0.000000
0.000000
0.000000
0.000000
0.005279
0.000000
0.000000
0.000000
0.000000
0.000000
0.001681
0.000000
0.000000
0.002666
0.000000
0.000000
0.007318
0.000281
0.000000
0.000000
0.000000
0.000000
0.000266
0.000000
0.000000
0.000000
0.041800
0.000000
0.038768
0.000000
0.062521
0.000000
0.000000
0.000000
0.000000
0.000000
0.000000
0.000121
0.000363
0.000001
0.000000
0.000000
0.000000
0.003594
0.000000
0.000000
0.000000
0.000587
0.000000
0.000000
0.004940
0.000000
0.000000
0.000000
0.008136
0.000000
0.000660
0.000000
0.001983
0.000000
0.000350
0.000087
0.000511
0.000179
0.000000
0.000000
0.000000
0.000000
0.000000
0.471053
0.000000
0.000000
0.000000
0.000000
0.000000
0.000000
0.000000
0.000000
0.000000
0.000000
0.000000
0.000000
0.001560
0.000220
0.000000
0.000003
0.000000
0.000000
0.000000
0.000000
0.000000
0.000000
0.000000
0.000073
0.000000
0.000000
0.000000
0.000165
0.000000
0.000000
0.000000
0.000000
0.000000
0.000000
0.000020
0.000000
0.005032
0.000000
0.021365
0.000000
0.002376
0.000000
0.000158
0.000000
0.000000
0.000000
0.000667
0.000000
0.001658
0.000000
0.000682
0.000000
0.000000
0.000642
0.000161
0.000000
0.000000
0.000277
0.000000
0.001254
0.000041
0.000000
0.000000
0.000000
0.006229
0.000000
0.000000
0.000387
0.000000
0.002098
0.000000
0.000000
0.003424
0.000000
0.000000
0.000000
0.047958
0.000000
0.000000
0.000000
0.000000
0.000000
0.000000
0.000000
0.000006
0.000000
0.000000
0.000000
0.000000
0.000010
0.000000
0.000000
0.000000
0.000000
0.000573
0.000000
0.000000
0.000000
0.000000
0.000000
0.000187
0.000000
0.000000
0.000121
0.007717
0.000000
0.000201
0.000000
0.000000
0.000000
0.000000
0.339293
0.000261
0.000071
0.000000
0.000000
0.000546
0.000000
0.009707
0.000000
0.003749
0.000000
0.000000
0.008449
0.000001
0.008196
0.000000
0.003567
0.000000
0.000000
0.000131
0.000000
0.000000
0.000000
0.000000
0.000000
0.000000
0.000000
0.000000
0.001072
0.000000
0.000000
0.000000
0.000000
0.000000
0.000000
0.000000
0.000000
0.000000
0.000000
0.001474
0.000026
0.000000
0.000123
0.005840
0.000000
0.000000
0.000000
0.000000
0.009794
0.000000
0.000000
0.000000
0.000000
0.000000
0.001030
0.000000
0.000000
0.000000
0.000000
0.000000
0.000061
0.000000
0.000000
0.000000
0.000000
0.000004
0.000000
0.000000
0.000007
0.000000
0.000008
0.000000
0.001151
0.000000
0.011502
0.000000
0.000000
0.000029
0.000000
0.001459
0.000037
0.000000
0.000000
0.000000
0.000000
0.000000
0.000000
0.007056
0.000000
0.000000
0.000863
0.000000
0.001469
0.000000
0.000364
0.001807
0.000000
0.000000
0.000000
0.000000
0.000040
0.000000
0.000000
0.000000
0.000000
0.000000
0.000000
0.000000
0.000000
0.000000
0.000000
0.000000
0.000000
0.000027
0.000000
0.000000
0.000000
0.000000
0.000013
0.000000
0.000000
0.000000
0.000000
0.000000
0.000416
0.000000
0.002199
0.000000
0.000005
0.000001
0.000000
0.000000
0.107261
0.000010
0.000000
0.000082
0.000000
0.000000
0.000435
0.001305
0.000000
0.000000
0.000000
0.000000
0.000134
0.000000
0.000214
0.000000
0.000001
0.000000
0.000000
0.000125
0.000098
0.000000
0.000000
0.000000
0.000000
0.003974
0.000081
0.004207
0.016780
0.000000
0.000000
0.000000
0.000000
0.000000
0.000000
0.000000
0.000000
0.000000
0.000000
0.000004
0.000066
0.000000
0.000000
0.000000
0.000246
0.000000
0.000397
0.000000
0.000000
0.002065
0.000000
0.000022
0.000112
0.000000
0.000000
0.000000
0.000000
0.000000
0.000221
0.000232
0.001291
0.000000
0.000000
0.000000
0.000000
0.000000
0.000000
0.000000
0.000000
0.000000
0.000000
0.005196
0.000000
0.000000
0.011705
0.000000
0.000000
0.000000
0.000000
0.000000
0.000124
0.000000
0.000000
0.000058
0.002612
0.000000
0.000000
0.000084
0.000000
0.000000
0.000000
0.000000
0.000000
0.000000
0.019736
0.000000
0.000000
0.000000
0.000000
0.000000
0.000000
0.000000
0.000000
0.000000
0.002784
0.104461
0.000000
0.000608
0.000000
0.000027
0.000019
0.000000
0.000000
0.002428
0.000792
0.000000
0.000000
0.000000
0.000072
0.031143
0.000004
0.000000
0.000000
0.001621
0.000000
0.000000
0.000000
0.000000
0.000001
0.000000
0.000000
0.000000
0.000000
0.000065
0.000000
0.000169
0.003045
0.000000
0.000000
0.000000
0.000000
0.000000
0.000000
0.000001
0.000005
0.000000
0.000000
0.000000
0.000000
0.000000
0.000000
0.001327
0.000000
0.000830
0.003349
0.000000
0.000000
0.000000
0.000061
0.000000
0.002187
0.000002
0.007018
0.000000
0.000000
0.000000
0.000000
0.000000
0.000000
0.000000
0.000000
0.026415
0.000000
0.000000
0.000041
0.000000
0.000000
0.000282
0.000060
0.000000
0.000000
0.000000
0.000000
0.000905
0.000000
0.000000
0.000000
0.000000
0.000000
0.000482
0.000000
0.000000
0.000000
0.000054
0.000000
0.003912
0.000000
0.000000
0.000000
0.000000
0.000000
0.000000
0.000000
0.000000
0.000000
0.000000
0.000000
0.000000
0.000000
0.000000
0.000000
0.000598
0.000743
0.000106
0.000000
0.000000
0.001008
0.000000
0.000980
0.000000
0.000000
0.000000
0.000000
0.000000
0.000000
0.033037
0.000640
0.000000
0.000000
0.000000
0.000004
0.000000
0.000010
0.000000
0.000000
0.000000
0.000000
0.000000
0.000000
0.000000
0.000000
0.002141
0.000000
0.040768
0.000000
0.005226
0.000000
0.008604
0.000000
0.000000
0.000000
0.000339
0.100064
0.001765
0.000000
0.000000
0.000000
0.000000
0.000000
0.000000
0.000000
0.007733
0.000000
0.000000
0.000000
0.000000
0.000000
0.000000
0.002638
0.000000
0.001445
0.003302
0.000002
0.000000
0.000000
0.000000
0.000000
0.001649
0.000000
0.004103
0.000000
0.000533
0.000015
0.000000
0.000000
0.002499
0.000000
0.000000
0.000011
0.000000
0.000000
0.000000
0.000021
0.000000
0.000000
0.000562
0.000000
0.000204
0.000000
0.000000
0.000234
0.036898
0.000000
0.000000
0.000000
0.000000
0.000000
0.000000
0.001225
0.000000
0.000097
0.000000
0.000000
0.000000
0.000000
0.000000
0.000000
0.000000
0.000000
0.000000
0.002674
0.000000
0.000112
0.001452
0.000000
0.000000
0.000000
0.000000
0.009401
0.002655
0.000000
0.000000
0.000000
0.000000
0.000000
0.000000
0.007214
0.000000
0.000000
0.001180
0.001975
0.000000
0.001405
0.000000
0.000000
0.001418
0.000000
0.000000
0.000000
0.000000
0.000000
0.000000
0.000083
0.004282
0.000000
0.000000
0.014394
0.012575
0.000000
0.000000
0.000000
0.000032
0.000000
0.000000
0.000000
0.000000
0.000595
0.000000
0.000000
0.000000
0.008969
0.000000
0.000000
0.004050
0.000000
0.000981
0.000000
0.000000
0.000000
0.000006
0.000000
0.000750
0.004658
0.000000
0.000000
0.000000
0.000000
0.000000
0.000000
0.000000
0.000422
0.000000
0.000486
0.000000
0.007633
0.000000
0.000000
0.000000
0.001130
0.000000
0.022271
0.000000
0.000000
0.000000
0.002949
0.000000
0.000000
0.000067
0.000000
0.000000
0.000000
0.000284
0.000000
0.000000
0.000267
0.000000
0.000000
0.043530
0.000000
0.000000
0.000000
0.000000
0.000000
0.000000
0.004298
0.000031
0.000000
0.000000
0.000000
0.000230
0.000164
0.000000
0.000000
0.000000
0.001878
0.000000
0.000000
0.010963
0.000000
0.000166
0.000000
0.006147
0.000123
0.010302
0.000000
0.024845
0.000053
0.000049
0.001519
0.000000
0.000000
0.000000
0.000000
0.000000
0.000000
0.000086
0.000000
0.000000
0.000000
0.000313
0.000000
0.000031
0.000000
0.000000
0.000000
0.000174
0.000000
0.000000
0.000009
0.000000
0.000000
0.000000
0.000000
0.000000
0.009731
0.002165
0.575326
0.000000
0.023376
0.000000
0.000000
0.000000
0.000000
0.033637
0.000001
0.000000
0.000000
0.000034
0.000000
0.001579
0.000000
0.000379
0.025183
0.000000
0.000184
0.000000
0.000000
0.000000
0.000218
0.000000
0.000500
0.219390
0.004288
0.000000
0.000000
0.113069
0.000000
0.000315
0.000000
0.000000
0.000778
0.000000
0.000000
0.000323
0.000000
0.084111
0.005442
0.000000
0.000000
0.000000
0.000000
0.000000
0.001358
0.000000
0.000001
0.000000
0.000000
0.000000
0.000000
0.000184
0.000000
0.001271
0.000002
0.000217
0.000000
0.000000
0.000000
0.000000
0.000000
0.000000
0.000066
0.000000
0.000000
0.000000
0.000000
0.000000
0.000000
0.000000
0.000000
0.000164
0.007759
0.000000
0.001937
0.000000
0.004511
0.000000
0.000000
0.011214
0.000000
0.000000
0.000000
0.000000
0.000000
0.000076
0.000000
0.000000
0.000000
0.001652
0.000037
0.000000
0.000000
0.000000
0.000000
0.000000
0.000000
0.000000
0.001974
0.000000
0.000000
0.006839
0.000000
0.001664
0.000000
0.000000
0.002762
0.000147
0.000000
0.000062
0.000000
0.000000
0.001648
0.000111
0.000017
0.000000
0.000274
0.000000
0.000000
0.000000
0.000803
0.001051
0.000673
0.000000
0.000000
0.001717
0.000000
0.000000
0.000000
0.000000
0.000077
0.000003
0.000000
0.005197
0.000000
0.000000
0.000000
0.000000
0.000000
0.001849
0.000000
0.000136
0.000000
0.000000
0.051970
0.000000
0.000000
0.000000
0.000000
0.000000
0.000000
0.000051
0.001213
0.052268
0.000000
0.000000
0.001238
0.000000
0.000000
0.000000
0.000929
0.000000
0.005118
0.000383
0.000000
0.000000
0.000000
0.000000
0.000122
0.000000
0.000012
0.000000
0.000000
0.000000
0.000000
0.000000
0.001593
0.000306
0.000266
0.000060
0.000000
0.000000
0.000000
0.000000
0.000000
0.000000
0.000000
0.000000
0.000000
0.000051
0.000000
0.002668
0.013325
0.000000
0.002458
0.000000
0.000000
0.002518
0.015481
0.000000
0.000016
0.000107
0.000000
0.000000
0.000000
0.000000
0.000000
0.000000
0.000000
0.000002
0.000000
0.000000
0.009786
0.000006
0.000000
0.000000
0.000058
0.000000
0.000000
0.000000
0.000000
0.000000
0.000000
0.000006
0.000000
0.000000
0.000000
0.000000
0.000000
0.000423
0.000000
0.000009
0.000012
0.000210
0.000710
0.000000
0.000000
0.000000
0.000000
0.000023
0.000000
0.000000
0.000000
0.000000
0.000000
0.000000
0.000136
0.000000
0.000000
0.000080
0.000611
0.000000
0.000000
0.000007
0.000000
0.000000
0.000045
0.140741
0.000000
0.001144
0.000000
0.000336
0.004513
0.000000
0.000000
0.000000
0.000000
0.000006
0.000000
0.000000
0.000000
0.000542
0.000000
0.000000
0.000000
0.000000
0.000055
0.000000
0.006748
0.000810
0.000719
0.000000
0.000000
0.000000
0.000466
0.000000
0.000000
0.000000
0.000000
0.000298
0.000458
0.000000
0.000035
0.000000
0.000088
0.000000
0.000000
0.000000
0.000000
0.000000
0.000000
0.000000
0.000000
0.002016
0.000000
0.000000
0.000000
0.000000
0.000000
0.000023
0.000000
0.000000
0.000010
0.000000
0.000000
0.000000
0.000000
0.001191
0.000000
0.000000
0.000000
0.000000
0.000519
0.006021
0.000000
0.000000
0.000000
0.000000
0.000000
0.000000
0.000204
0.000000
0.000553
0.000000
0.004588
0.000000
0.000000
0.039492
0.020300
0.000000
0.000000
0.000022
0.002421
0.000000
0.000014
0.000681
0.000000
0.000000
0.000000
0.000000
0.000000
0.001994
0.000000
0.000000
0.000000
0.000535
0.000000
0.000007
0.000070
0.002028
0.000139
0.000053
0.000000
0.000000
0.000000
0.000000
0.000128
0.000000
0.020607
0.000282
0.000000
0.003492
0.001965
0.000003
0.000000
0.008605
0.000098
0.000000
0.000000
0.000000
0.000000
0.000000
0.000000
0.000000
0.000000
0.000005
0.000000
0.000000
0.000000
0.000000
0.000000
0.000000
0.000000
0.000000
0.000000
0.000000
0.000002
0.000000
0.000000
0.000000
0.000029
0.000687
0.000000
0.000000
0.000100
0.000630
0.000000
0.000337
0.000000
0.000000
0.000000
0.000000
0.002482
0.000000
0.008364
0.000000
0.000037
0.000764
0.000000
0.000000
0.000000
0.000000
0.000000
0.000000
0.000000
0.000000
0.630128
0.000000
0.000000
0.000000
0.000000
0.000000
0.015172
0.000000
0.000000
0.000000
0.000108
0.000000
0.011277
0.000000
0.000000
0.000514
0.000000
0.000159
0.000054
0.000000
0.000000
0.000000
0.000000
0.000000
0.000000
0.000000
0.000000
0.000000
0.000000
0.000000
0.000000
0.000000
0.000000
0.000036
0.000000
0.000000
0.000000
0.000000
0.000118
0.000000
0.000000
0.000000
0.000000
0.000030
0.000000
0.090581
0.000000
0.000000
0.000000
0.000026
0.000442
0.000000
0.000000
0.000000
0.000000
0.002385
0.000000
0.000048
0.000000
0.000000
0.003710
0.000000
0.003364
0.000323
0.000000
0.000116
0.000007
0.000000
0.000000
0.000000
0.000000
0.000007
0.005725
0.000000
0.007522
0.000000
0.000000
0.000708
0.000000
0.000000
0.000000
0.000000
0.000004
0.000000
0.000000
0.000000
0.000000
0.000000
0.000133
0.000000
0.000000
0.000000
0.001129
0.000000
0.000021
0.000000
0.000000
0.000000
0.000000
0.000786
0.000000
0.000033
0.000000
0.009477
0.000000
0.000634
0.000000
0.000000
0.000000
0.000000
0.000000
0.000000
0.000000
0.000000
0.000012
0.000000
0.000615
0.000000
0.000684
0.000000
0.000000
0.000004
0.002643
0.000000
0.000000
0.000000
0.000000
0.000000
0.002306
0.000000
0.000035
0.000000
0.000000
0.000000
0.000000
0.000000
0.000000
0.000000
0.004327
0.001319
0.000000
0.000000
0.000105
0.000000
0.000000
0.000000
0.000000
0.001508
0.000000
0.000000
0.000000
0.000000
0.000000
0.000094
0.000000
0.000686
0.000000
0.000162
0.000000
0.000000
0.003652
0.000178
0.000000
0.000000
0.000079
0.000000
0.000000
0.000000
0.000000
0.000000
0.000559
0.000000
0.000100
0.000000
0.000218
0.000000
0.000000
0.000000
0.000000
0.000000
0.000000
0.000000
0.000000
0.000000
0.000059
0.000000
0.000000
0.000000
0.000000
0.000000
0.004909
0.000000
0.004514
0.000000
0.000000
0.001319
0.000000
0.000000
0.000000
0.000000
0.000000
0.000000
0.000000
0.000003
0.000001
0.000000
0.000000
0.000000
0.000660
0.000000
0.001050
0.000000
0.000296
0.000000
0.000000
0.000000
0.000181
0.000000
0.000866
0.000000
0.000000
0.000000
0.000001
0.000052
0.000050
0.000000
0.000000
0.000000
0.000000
0.000466
0.000000
0.001726
0.000133
0.000000
0.000000
0.000002
0.000391
0.000435
0.000000
0.000000
0.000000
0.000000
0.013953
0.000000
0.000000
0.001648
0.000000
0.000000
0.000017
0.000000
0.000018
0.000000
0.000000
0.000000
0.000000
0.000000
0.000000
0.000000
0.000313
0.000000
0.000000
0.000000
0.000205
0.000000
0.000000
0.002731
0.000000
0.000000
0.014274
0.000000
0.000000
0.000000
0.000000
0.000027
0.006271
0.000512
0.000000
0.000000
0.000802
0.000000
0.000000
0.000052
0.000000
0.022988
0.000000
0.000000
0.000000
0.000267
0.000000
0.000000
0.000000
0.000000
0.000000
0.000000
0.000000
0.000000
0.007602
0.000000
0.000000
0.000000
0.031760
0.000000
0.008566
0.000000
0.000428
0.000000
0.003516
0.000000
0.000000
0.000000
0.000000
0.000000
0.001212
0.000000
0.000000
0.043249
0.036203
0.000000
0.000000
0.552509
0.000000
0.000000
0.000000
0.022351
0.000000
0.000000
0.000000
0.000115
0.000000
0.000025
0.000000
0.000000
0.000417
0.000043
0.000000
0.000000
0.000095
0.000000
0.000000
0.000805
0.000000
0.002227
0.096484
0.000000
0.004423
0.000000
0.000000
0.003263
0.000000
0.000000
0.000921
0.146668
0.000088
0.000000
0.000000
0.000547
0.000009
0.000000
0.020286
0.000000
0.000000
0.000000
0.000000
0.000000
0.000000
0.000203
0.000000
0.000000
0.000000
0.000000
0.000161
0.004383
0.000000
0.000000
0.000285
0.000000
0.000000
0.000000
0.000247
0.000308
0.000000
0.000000
0.159834
0.000000
0.000000
0.000000
0.015556
0.001535
0.000000
0.000000
0.000000
0.000000
0.000000
0.000000
0.000000
0.000000
0.001010
0.000000
0.000020
0.000000
0.000000
0.000000
0.000000
0.000000
0.001182
0.000000
0.000000
0.000000
0.000000
0.000000
0.001429
0.009689
0.000000
0.000000
0.000000
0.000000
0.000000
0.000000
0.002041
0.000000
0.006740
0.000000
0.000000
0.000000
0.000000
0.000000
0.013850
0.000024
0.000000
0.000000
0.000090
0.000000
0.000448
0.000000
0.000000
0.000005
0.000000
0.000000
0.001705
0.000000
0.003816
0.000000
0.000000
0.000000
0.000000
0.012797
0.000000
0.000000
0.000921
0.000000
0.000000
0.000000
0.000000
0.000000
0.000000
0.000000
0.016064
0.000000
0.000000
0.000000
0.000048
0.000000
0.000000
0.000166
0.000000
0.000000
0.000000
0.000007
0.000000
0.000000
0.006579
0.000044
0.000000
0.000000
0.000081
0.000000
0.000121
0.016357
0.000000
0.000004
0.000000
0.000000
0.000000
0.000000
0.000000
0.000000
0.000000
0.000000
0.000000
0.000012
0.000000
0.000000
0.000000
0.001056
0.000000
0.000000
0.000000
0.000000
0.000012
0.000000
0.000000
0.000000
0.000000
0.000000
0.000418
0.002074
0.000000
0.000000
0.000000
0.000000
0.001225
0.000241
0.000000
0.000000
0.000000
0.000000
0.000000
0.000000
0.000000
0.019980
0.000000
0.000000
0.000000
0.000000
0.000041
0.000000
0.000000
0.000000
0.000000
0.000000
0.156534
0.000000
0.000870
0.000000
0.000000
0.000000
0.000593
0.000000
0.000000
0.000000
0.000000
0.000000
0.000000
0.000000
0.000000
0.000000
0.000000
0.000000
0.000000
0.000326
0.000001
0.000000
0.000626
0.001003
0.000000
0.000003
0.000620
0.000156
0.008065
0.006038
0.000000
0.000000
0.000000
0.000390
0.000000
0.000876
0.000000
0.000000
0.000000
0.000000
0.000000
0.000000
0.005600
0.000001
0.000012
0.000000
0.000000
0.000000
0.000023
0.000000
0.000282
0.000000
0.000000
0.000000
0.000175
0.000000
0.000000
0.000015
0.000000
0.000000
0.000000
0.002363
0.000000
0.000778
0.000000
0.000000
0.000000
0.000516
0.000000
0.000000
0.000000
0.000000
0.000000
0.000051
0.000000
0.000000
0.000000
0.000000
0.000368
0.000221
0.000000
0.003291
0.000000
0.001802
0.000000
0.000000
0.000000
0.000019
0.000312
0.000000
0.000000
0.000000
0.000000
0.000000
0.000664
0.000001
0.000638
0.000005
0.000270
0.000000
0.000000
0.002774
0.000000
0.000672
0.000000
0.000000
0.072546
0.000000
0.000337
0.000000
0.020797
0.000006
0.000486
0.000000
0.000000
0.000000
0.004368
0.000000
0.000000
0.000000
0.000000
0.000000
0.000000
0.000000
0.000000
0.000282
0.000266
0.000000
0.000006
0.000000
0.000000
0.000000
0.012199
0.000000
0.000000
0.000000
0.000000
0.000000
0.000000
0.000000
0.000000
0.006533
0.000000
0.053771
0.000195
0.002025
0.000026
0.000000
0.001081
0.000000
0.000000
0.000000
0.000000
0.000000
0.001097
0.000000
0.000000
0.000188
0.000009
0.000000
0.000000
0.001097
0.000005
0.000007
0.000000
0.000000
0.000000
0.004057
0.000335
0.000000
0.001652
0.000000
0.000000
0.000000
0.000000
0.000000
0.000000
0.000000
0.000000
0.000000
0.002246
0.000000
0.000000
0.000000
0.000000
0.000000
0.000000
0.000000
0.000014
0.000000
0.000026
0.000000
0.000000
0.000000
0.000000
0.000000
0.000000
0.000000
0.000939
0.000000
0.000000
0.003322
0.000000
0.000000
0.000000
0.000000
0.000000
0.001724
0.000002
0.000000
0.092205
0.000007
0.000071
0.000000
0.000000
0.000000
0.000000
0.000000
0.000000
0.000000
0.006248
0.000000
0.000000
0.002031
0.000000
0.000000
0.000000
0.000000
0.000000
0.012428
0.000000
0.000000
0.000000
0.000810
0.000462
0.000000
0.000000
0.000000
0.000010
0.000000
0.000092
0.000000
0.003480
0.000000
0.000000
0.000000
0.000000
0.003396
0.000000
0.000000
0.000178
0.047870
0.000000
0.000014
0.000026
0.000000
0.000000
0.000000
0.000000
0.000045
0.002821
0.000000
0.000000
0.000088
0.000421
0.000002
0.000000
0.000000
0.000000
0.000131
0.000092
0.000000
0.000000
0.000008
0.000456
0.000000
0.000000
0.000000
0.000000
0.000008
0.002445
0.000000
0.000000
0.000000
0.000000
0.000000
0.000910
0.016372
0.000000
0.000000
0.000000
0.000023
0.000018
0.000000
0.000000
0.000097
0.000000
0.000000
0.000000
0.000000
0.000000
0.000000
0.000006
0.000000
0.000000
0.000397
0.000000
0.000000
0.000151
0.000000
0.024666
0.000000
0.000000
0.000000
0.000023
0.000000
0.000000
0.000000
0.002755
0.000000
0.000000
0.000000
0.000000
0.000000
0.000000
0.000000
0.000000
0.000000
0.001035
0.002981
0.000000
0.000000
0.000000
0.000000
0.000000
0.000061
0.000000
0.000000
0.000486
0.000012
0.000000
0.000022
0.000000
0.000000
0.000000
0.000000
0.000000
0.000000
0.000219
0.000000
0.000000
0.006389
0.000000
0.000000
0.000000
0.000000
0.000000
0.000000
0.000000
0.001460
0.000000
0.000000
0.000000
0.000000
0.005380
0.000000
0.001968
0.000000
0.000165
0.000000
0.000000
0.000000
0.000000
0.000000
0.000000
0.000000
0.000000
0.000000
0.000000
0.153953
0.000000
0.000000
0.000000
0.000000
0.000000
0.131143
0.000000
0.000000
0.000150
0.000000
0.000000
0.000000
0.000000
0.000000
0.000000
0.000670
0.000000
0.000268
0.000000
0.000000
0.000000
0.000000
0.000000
0.000000
0.000000
0.000042
0.000000
0.000000
0.278659
0.000000
0.000000
0.000000
0.000000
0.000000
0.000000
0.000000
0.000000
0.000000
0.000000
0.000000
0.000000
0.000000
0.000000
0.000005
0.000000
0.000031
0.021048
0.000000
0.000000
0.000000
0.000000
0.000000
0.000000
0.000006
0.000367
0.000000
0.000000
0.000000
0.000000
0.000000
0.000000
0.000000
0.000000
0.000000
0.000000
0.000000
0.000000
0.000000
0.000000
0.000000
0.000000
0.000953
0.000000
0.000000
0.006745
0.000000
0.000000
0.000000
0.000000
0.000111
0.000000
0.000000
0.000000
0.000000
0.097360
0.000000
0.000000
0.000000
0.000187
0.000000
0.000000
0.000269
0.000000
0.000000
0.000319
0.000000
0.000000
0.000000
0.000000
0.000000
0.000204
0.000000
0.000000
0.000000
0.000000
0.015117
0.000000
0.000000
0.000061
0.005345
0.000000
0.000295
0.000153
0.000015
0.000015
0.000000
0.000000
0.000000
0.000903
0.000000
0.000000
0.149008
0.000000
0.000364
0.000000
0.000000
0.000000
0.000000
0.000000
0.000000
0.000071
0.000095
0.000000
0.000000
0.000000
0.012938
0.002802
0.000000
0.000000
0.006005
0.000000
0.000054
0.000000
0.000000
0.000000
0.000000
0.000000
0.021512
0.000000
0.000423
0.000000
0.000000
0.000000
0.000009
0.000011
0.000000
0.000000
0.000011
0.000000
0.000000
0.000000
0.000723
0.000000
0.000205
0.006344
0.000104
0.000000
0.000000
0.000000
0.000000
0.000000
0.001269
0.000000
0.000000
0.000079
0.000000
0.000000
0.103711
0.000000
0.000000
0.000000
0.000000
0.000219
0.000000
0.000000
0.000000
0.000000
0.000000
0.000000
0.000000
0.000000
0.000000
0.000433
0.000000
0.000520
0.000000
0.000000
0.000000
0.000000
0.000000
0.000000
0.000003
0.000000
0.000000
0.000377
0.003243
0.000000
0.004247
0.000000
0.000053
0.000013
0.000000
0.000000
0.000057
0.000000
0.000000
0.000000
0.000000
0.000111
0.000000
0.000015
0.000000
0.000000
0.000000
0.000000
0.000000
0.000000
0.000000
0.000000
0.000000
0.000444
0.000000
0.000000
0.000000
0.000000
0.000000
0.000000
0.000000
0.010800
0.000000
0.007133
0.000419
0.000003
0.000000
0.000000
0.033454
0.000000
0.000404
0.000000
0.000000
0.000000
0.000000
0.000612
0.000000
0.000000
0.000000
0.000000
0.000000
0.000000
0.000001
0.000000
0.001903
0.058283
0.000000
0.000000
0.000000
0.000000
0.000000
0.000000
0.000050
0.000000
0.000112
0.000000
0.000000
0.000000
0.000000
0.001418
0.000000
0.001585
0.000000
0.000000
0.000000
0.000000
0.000000
0.000000
0.000000
0.000598
0.001710
0.000046
0.000003
0.000000
0.000000
0.000000
0.000000
0.000000
0.000000
0.000000
0.001317
0.000000
0.001083
0.000000
0.000000
0.000000
0.002016
0.000000
0.000000
0.000000
0.000000
0.001616
0.000122
0.000000
0.000000
0.000000
0.000000
0.000000
0.000252
0.000000
0.001531
0.000000
0.000000
0.000000
0.000000
0.000000
0.000024
0.000000
0.000000
0.000000
0.082786
0.000000
0.232190
0.000000
0.000000
0.000000
0.000000
0.000169
0.000000
0.000000
0.000000
0.000000
0.004494
0.000000
0.000453
0.000000
0.000000
0.000000
0.003226
0.000000
0.000000
0.000000
0.000000
0.000000
0.000000
0.000000
0.000955
0.000000
0.001130
0.000000
0.000000
0.000000
0.000003
0.000000
0.003244
0.000000
0.000000
0.000000
0.000000
0.000000
0.000000
0.000000
0.000198
0.003489
0.000000
0.000000
0.000000
0.000000
0.000000
0.000287
0.000000
0.000000
0.000000
0.000000
0.000000
0.000000
0.000000
0.000000
0.000000
0.000176
0.000000
0.000006
0.002419
0.005582
0.000935
0.000067
0.000000
0.000018
0.000000
0.000000
0.002754
0.000000
0.000000
0.003199
0.000214
0.000029
0.000000
0.000000
0.000000
0.000000
0.000000
0.001138
0.000000
0.000000
0.000274
0.000081
0.000000
0.000000
0.000000
0.000000
0.000000
0.000000
0.000000
0.000000
0.000000
0.000000
0.000000
0.000000
0.000005
0.000000
0.000000
0.000000
0.000000
0.005370
0.000000
0.000000
0.000000
0.000000
0.000000
0.000000
0.000000
0.000000
0.000000
0.000000
0.000000
0.000110
0.000000
0.000000
0.000000
0.000000
0.000000
0.000034
0.000000
0.000000
0.000000
0.000000
0.000196
0.000000
0.000000
0.000000
0.000000
0.032775
0.000000
0.004326
0.000025
0.000000
0.001677
0.000000
0.000000
0.000000
0.030228
0.000000
0.000000
0.006613
0.001695
0.000220
0.003856
0.000000
0.004951
0.000000
0.000000
0.000000
0.000000
0.000000
0.000000
0.000029
0.000559
0.000000
0.000000
0.000000
0.000000
0.000000
0.003142
0.003660
0.000000
0.003658
0.000208
0.000353
0.248775
0.000000
0.000047
0.000000
0.000000
0.000000
0.288296
0.000000
0.052191
0.000000
0.000000
0.089319
0.000000
0.000000
0.000107
0.000000
0.000000
0.000000
0.061340
0.000005
0.000000
0.000000
0.000000
0.006879
0.000000
0.000024
0.000000
0.000000
0.000000
0.068909
0.000232
0.000273
0.000000
0.000000
0.000000
0.000676
0.190518
0.000000
0.000157
0.000000
0.000002
0.000035
0.000000
0.001429
0.000000
0.000000
0.000000
0.000000
0.000000
0.001964
0.000000
0.000000
0.000000
0.013804
0.000000
0.000001
0.002166
0.000000
0.000000
0.000000
0.001439
0.000001
0.000000
0.000000
0.000000
0.000039
0.000000
0.000000
0.000000
0.000000
0.000000
0.000000
0.000096
0.000209
0.000000
0.000000
0.000000
0.000000
0.000000
0.000000
0.000000
0.000000
0.000000
0.000000
0.000245
0.000000
0.000000
0.002174
0.000000
0.000000
0.000002
0.000000
0.000287
0.000000
0.000554
0.000000
0.000000
0.000000
0.000017
0.000000
0.000000
0.000000
0.000000
0.000000
0.000000
0.000000
0.000000
0.000000
0.000000
0.000000
0.000000
0.000000
0.000000
0.000000
0.000989
0.000999
0.000000
0.000000
0.000000
0.000686
0.020757
0.000101
0.000045
0.000000
0.000000
0.000863
0.000000
0.000000
0.000000
0.000000
0.002677
0.001073
0.000288
0.001360
0.000000
0.000199
0.000000
0.000060
0.000000
0.000000
0.000000
0.000033
0.000000
0.000000
0.000000
0.000009
0.000000
0.000000
0.000000
0.000754
0.000000
0.000000
0.000000
0.000000
0.000000
0.000000
0.000000
0.000000
0.000000
0.000304
0.000000
0.000000
0.000000
0.000000
0.000000
0.000000
0.000000
0.000000
0.000442
0.000000
0.000000
0.000000
0.000000
0.000062
0.000000
0.018052
0.000110
0.000000
0.000000
0.003964
0.000000
0.000000
0.000000
0.000048
0.000000
0.000000
0.000000
0.000000
0.000200
0.000000
0.000000
0.000000
0.000000
0.000130
0.000000
0.000000
0.000000
0.000000
0.000000
0.000009
0.000000
0.000000
0.000000
0.000000
0.000000
0.000000
0.000000
0.000000
0.000056
0.007542
0.000000
0.000000
0.000000
0.010579
0.000881
0.000000
0.000000
0.000000
0.002531
0.000000
0.000000
0.000000
0.000000
0.001618
0.000000
0.000000
0.005308
0.000000
0.000000
0.000292
0.000000
0.000424
0.000000
0.000002
0.000000
0.112367
0.000000
0.000000
0.000000
0.000153
0.001317
0.000000
0.000000
0.000000
0.000000
0.000000
0.000000
0.000000
0.000000
0.000000
0.000000
0.000000
0.049667
0.000239
0.000000
0.000057
0.000000
0.000000
0.000000
0.000000
0.000000
0.000000
0.000000
0.000000
0.000000
0.030051
0.000333
0.000000
0.000000
0.000000
0.000000
0.000000
0.000000
0.000000
0.000000
0.000000
0.000000
0.000000
0.000000
0.000000
0.000000
0.000000
0.005347
0.001756
0.000000
0.000000
0.000000
0.000000
0.000000
0.000000
0.000000
0.000000
0.000000
0.000000
0.000000
0.000252
0.000000
0.000000
0.000000
0.000000
0.000000
0.000390
0.000000
0.000000
0.000000
0.004554
0.000000
0.000000
0.000000
0.000000
0.000000
0.000000
0.000000
0.000000
0.000000
0.000000
0.000569
0.000000
0.000002
0.000000
0.000000
0.000000
0.003316
0.000000
0.000442
0.000000
0.000000
0.000000
0.002642
0.000096
0.000023
0.000016
0.000000
0.000000
0.000000
0.000000
0.000000
0.000000
0.000000
0.000000
0.000000
0.000000
0.000938
0.000000
0.000000
0.000000
0.000000
0.000000
0.000000
0.000379
0.041144
0.000000
0.000000
0.000000
0.000000
0.000000
0.000000
0.000000
0.003817
0.000003
0.000000
0.000000
0.000000
0.000504
0.000000
0.000000
0.000006
0.000000
0.007485
0.000000
0.000000
0.000000
0.000000
0.000000
0.000000
0.000000
0.000000
0.000000
0.000906
0.000000
0.000000
0.000000
0.000000
0.000000
0.000000
0.000028
0.001015
0.000000
0.002072
0.000350
0.000000
0.000000
0.000000
0.000000
0.000000
0.000564
0.000000
0.000000
0.000000
0.000000
0.000000
0.000000
0.000000
0.000000
0.003233
0.005093
0.003645
0.000000
0.000131
0.000000
0.000000
0.000000
0.000000
0.000000
0.000000
0.013614
0.000000
0.000000
0.000000
0.000000
0.000000
0.000000
0.000000
0.000000
0.000000
0.000000
0.021257
0.000409
0.000227
0.000000
0.000000
0.000000
0.000000
0.002919
0.000000
0.000000
0.000000
0.000320
0.000000
0.000000
0.000000
0.000000
0.000000
0.000000
0.000000
0.000000
0.000000
0.000000
0.000000
0.000000
0.000000
0.000000
0.001258
0.000000
0.000000
0.000000
0.000000
0.000000
0.025436
0.000000
0.001617
0.000000
0.000000
0.000000
0.000006
0.000000
0.000000
0.000000
0.000000
0.000000
0.000156
0.000000
0.000000
0.000040
0.000000
0.000000
0.005254
0.000000
0.000000
0.000000
0.000897
0.000000
0.000070
0.000379
0.000000
0.000000
0.000587
0.001231
0.000822
0.000000
0.002690
0.000000
0.000000
0.049943
0.000000
0.032125
0.000000
0.002135
0.000000
0.000000
0.002635
0.000062
0.000432
0.000000
0.000000
0.002133
0.000017
0.000002
0.000000
0.000000
0.041132
0.000000
0.003678
0.000252
0.000101
0.000000
0.000467
0.000000
0.000000
0.006739
0.000000
0.000000
0.000000
0.000000
0.000000
0.000000
0.000000
0.000000
0.000000
0.000000
0.000000
0.000000
0.000000
0.000000
0.000062
0.000000
0.000000
0.000000
0.000082
0.000000
0.000000
0.000000
0.000000
0.004098
0.000953
0.000000
0.000000
0.039406
0.000000
0.000000
0.000000
0.000000
0.000000
0.002288
0.000000
0.000000
0.000000
0.000000
0.000000
0.000034
0.000000
0.007938
0.000000
0.000000
0.000323
0.000227
0.000000
0.000186
0.000000
0.000000
0.000000
0.000000
0.000036
0.000696
0.000000
0.000000
0.000035
0.000218
0.000056
0.000000
0.004347
0.000438
0.000000
0.000000
0.000000
0.000000
0.000000
0.000000
0.000000
0.000002
0.000000
0.000000
0.000000
0.000000
0.000000
0.000086
0.000000
0.000000
0.000000
0.000000
0.032401
0.000175
0.000713
0.000000
0.000149
0.000000
0.000001
0.000000
0.000000
0.000000
0.000000
0.000000
0.000000
0.000000
0.000000
0.000315
0.000000
0.000000
0.000000
0.000000
0.000000
0.000000
0.000000
0.001118
0.000000
0.000000
0.000000
0.000000
0.000008
0.000000
0.000000
0.000000
0.000000
0.000000
0.000000
0.000000
0.000000
0.000000
0.000000
0.000000
0.000000
0.000000
0.000000
0.000183
0.000000
0.000000
0.000000
0.000000
0.002044
0.000000
0.000000
0.000000
0.000712
0.000000
0.000000
0.000000
0.000000
0.000000
0.000006
0.000000
0.000000
0.000000
0.000000
0.000162
0.000000
0.001370
0.000000
0.000000
0.003282
0.000000
0.000000
0.000000
0.000000
0.000000
0.000000
0.000000
0.009032
0.000000
0.000677
0.000000
0.000007
0.000000
0.000000
0.000000
0.008477
0.000665
0.000000
0.000000
0.000000
0.000000
0.000820
0.000274
0.000000
0.000000
0.000000
0.000000
0.000000
0.000138
0.000000
0.008038
0.000000
0.000000
0.000000
0.000000
0.000000
0.000000
0.000000
0.000000
0.006628
0.150285
0.000000
0.000000
0.000000
0.000000
0.002479
0.000378
0.000000
0.000000
0.000000
0.000092
0.000000
0.000000
0.000000
0.000000
0.000000
0.000000
0.000000
0.000000
0.000294
0.000000
0.000028
0.000004
0.000366
0.000000
0.000000
0.000000
0.000000
0.000105
0.000000
0.000000
0.001496
0.000000
0.000000
0.000000
0.000000
0.000000
0.000000
0.000000
0.000000
0.000000
0.000000
0.000000
0.000000
0.000576
0.000000
0.000000
0.000000
0.000000
0.000000
0.000000
0.000000
0.000000
0.000000
0.000000
0.000000
0.000017
0.000000
0.000596
0.033130
0.075105
0.000000
0.000478
0.000000
0.000000
0.000000
0.000000
0.000000
0.000000
0.000000
0.000000
0.000281
0.002820
0.000000
0.000000
0.000000
0.000000
0.000000
0.000000
0.000000
0.000010
0.000528
0.000000
0.000000
0.055307
0.000000
0.000000
0.000004
0.000212
0.000267
0.000000
0.015203
0.000475
0.000000
0.000000
0.000000
0.000000
0.000548
0.000000
0.000000
0.000199
0.000000
0.005619
0.000000
0.021501
0.000000
0.029473
0.000000
0.000000
0.000000
0.000000
0.001235
0.000000
0.026090
0.000006
0.000000
0.001432
0.000000
0.000000
0.000006
0.000000
0.000000
0.000000
0.090616
0.000000
0.000000
0.000000
0.000000
0.000000
0.000023
0.000000
0.000000
0.000000
0.000000
0.000000
0.000000
0.000000
0.000000
0.000000
0.000000
0.000217
0.148831
0.000000
0.000000
0.003119
0.000412
0.000000
0.006113
0.007362
0.000000
0.000000
0.000000
0.000000
0.001827
0.000000
0.005250
0.000000
0.000055
0.000000
0.000000
0.000000
0.000007
0.000000
0.000000
0.000000
0.000000
0.000000
0.000000
0.009923
0.000000
0.000000
0.000000
0.001927
0.000000
0.000000
0.000350
0.000949
0.000000
0.000114
0.000000
0.000000
0.000000
0.000000
0.000000
0.000136
0.000000
0.007005
0.000000
0.000008
0.000000
0.000000
0.003158
0.000000
0.000000
0.000000
0.000000
0.004856
0.001359
0.082179
0.000161
0.000001
0.000000
0.000000
0.000000
0.023844
0.000000
0.000049
0.000000
0.000000
0.000000
0.012909
0.000000
0.000000
0.000139
0.000000
0.000000
0.000000
0.001115
0.000000
0.000000
0.000033
0.000000
0.000000
0.000000
0.000000
0.000000
0.000000
0.000000
0.005682
0.000546
0.000000
0.000000
0.000000
0.000000
0.000000
0.000037
0.000000
0.025324
0.000000
0.000711
0.000100
0.000000
0.000000
0.000000
0.000000
0.000000
0.000000
0.000000
0.000408
0.000000
0.000000
0.007677
0.000000
0.000000
0.000000
0.000000
0.000762
0.000000
0.000000
0.000000
0.120488
0.000000
0.000118
0.000000
0.000041
0.000000
0.000000
0.000000
0.000577
0.000530
0.000000
0.000132
0.000000
0.000001
0.001371
0.000000
0.000000
0.000000
0.000000
0.000000
0.000000
0.173329
0.000000
0.000479
0.280764
0.000000
0.000000
0.000000
0.000000
0.000001
0.000516
0.000000
0.000842
0.000000
0.000000
0.000000
0.000169
0.000000
0.000000
0.000085
0.001115
0.000000
0.000000
0.000000
0.000000
0.000000
0.000000
0.000000
0.000000
0.000000
0.014346
0.000000
0.000038
0.000075
0.000000
0.000000
0.000000
0.000000
0.000000
0.000000
0.000000
0.000029
0.000688
0.000000
0.000000
0.000000
0.000000
0.000000
0.000028
0.000000
0.003398
0.000199
0.000000
0.000760
0.000000
0.000000
0.000000
0.000000
0.000000
0.000969
0.000000
0.000000
0.000000
0.000000
0.002646
0.040655
0.000000
0.000000
0.005316
0.000000
0.000000
0.000000
0.000014
0.000000
0.000000
0.000000
0.000000
0.000066
0.000000
0.000000
0.000000
0.000000
0.002527
0.019723
0.001174
0.000000
0.018626
0.000028
0.000000
0.000000
0.000000
0.000000
0.001104
0.009912
0.000000
0.000000
0.000000
0.000000
0.000179
0.023163
0.000000
0.000000
0.000000
0.000000
0.000000
0.000000
0.000000
0.000000
0.000000
0.000000
0.000796
0.000000
0.000000
0.000003
0.000000
0.000000
0.000000
0.000000
0.002197
0.000000
0.005711
0.000000
0.000000
0.000000
0.015273
0.000000
0.000000
0.003961
0.000000
0.000795
0.000000
0.000000
0.000866
0.000000
0.000000
0.003426
0.000000
0.000000
0.000000
0.000000
0.000000
0.000000
0.000985
0.000000
0.000000
0.000000
0.000000
0.000000
0.000000
0.000000
0.000000
0.000000
0.000000
0.002200
0.000653
0.000000
0.000000
0.000000
0.000000
0.000000
0.000058
0.007958
0.002289
0.000000
0.000000
0.009332
0.000000
0.000181
0.000000
0.008576
0.000000
0.000000
0.000000
0.000000
0.000000
0.000000
0.000000
0.000154
0.000000
0.000000
0.000000
0.000000
0.000000
0.001484
0.007205
0.000000
0.000000
0.000000
0.000000
0.000000
0.000000
0.000000
0.000014
0.000000
0.000172
0.000000
0.000000
0.000000
0.000499
0.000000
0.000000
0.000000
0.003261
0.000000
0.000000
0.000000
0.253959
0.000305
0.000000
0.001999
0.000000
0.000000
0.000010
0.000321
0.000000
0.000000
0.011166
0.000000
0.000000
0.000000
0.000000
0.000000
0.000000
0.000000
0.000029
0.000297
0.000000
0.000000
0.000000
0.000305
0.000000
0.000115
0.000000
0.000000
0.000164
0.000000
0.180436
0.000000
0.000000
0.001127
0.000000
0.000000
0.000000
0.000017
0.000000
0.000057
0.000734
0.005741
0.000000
0.000000
0.000000
0.000018
0.000170
0.000000
0.000000
0.000000
0.000176
0.000000
0.002487
0.000000
0.000000
0.000000
0.000000
0.000000
0.000107
0.000000
0.014347
0.000000
0.003188
0.000000
0.000000
0.000000
0.000000
0.000000
0.000000
0.000000
0.000000
0.018506
0.000000
0.000000
0.004331
0.000000
0.001705
0.000000
0.000000
0.000005
0.000964
0.007682
0.001995
0.000000
0.008996
0.000000
0.001269
0.000000
0.000000
0.000000
0.000107
0.000556
0.000148
0.000000
0.000000
0.002584
0.000020
0.000000
0.000000
0.000000
0.000000
0.000000
0.000000
0.000000
0.000000
0.000929
0.000000
0.000000
0.001158
0.000059
0.000000
0.000000
0.001301
0.000144
0.000873
0.000000
0.001113
0.000000
0.000000
0.000000
0.000000
0.000000
0.000000
0.000000
0.008302
0.000206
0.000000
0.000000
0.000000
0.002383
0.000879
0.000000
0.000151
0.000000
0.000000
0.000000
0.005012
0.000798
0.000000
0.000000
0.000000
0.003493
0.009898
0.000000
0.000985
0.000000
0.000000
0.000000
0.001312
0.000000
0.000000
0.004891
0.000000
0.000000
0.000000
0.000122
0.000084
0.000000
0.000152
0.000000
0.000022
0.000018
0.001114
0.000000
0.000055
0.000000
0.000000
0.006223
0.000000
0.007061
0.000000
0.000000
0.000000
0.000000
0.000000
0.000000
0.000000
0.000000
0.000000
0.000000
0.000233
0.000983
0.000000
0.000000
0.000000
0.000000
0.000000
0.000012
0.000000
0.000022
0.000017
0.000000
0.000000
0.000000
0.000000
0.000200
0.000000
0.000000
0.000000
0.000000
0.000000
0.000000
0.000006
0.000132
0.002109
0.005367
0.000163
0.000000
0.000000
0.001179
0.000000
0.000000
0.000000
0.000346
0.000000
0.000001
0.000035
0.001687
0.000969
0.000000
0.000000
0.014956
0.000000
0.000000
0.000000
0.000000
0.000000
0.000000
0.000000
0.000000
0.000008
0.000000
0.001086
0.000000
0.000000
0.000343
0.014494
0.026079
0.000000
0.000000
0.000000
0.000000
0.000000
0.000000
0.000000
0.000018
0.000000
0.000036
0.053182
0.018094
0.000000
0.000000
0.000000
0.000383
0.003534
0.000000
0.000000
0.000000
0.000061
0.000868
0.000000
0.000000
0.000000
0.001037
0.000000
0.000000
0.000000
0.000000
0.000000
0.020996
0.000000
0.000000
0.000000
0.000000
0.000000
0.000000
0.000000
0.000000
0.000305
0.000000
0.000390
0.000000
0.000000
0.000000
0.000000
0.000000
0.000001
0.000000
0.052281
0.000000
0.000516
0.000000
0.000003
0.000000
0.000000
0.000000
0.000000
0.000002
0.000000
0.000000
0.000000
0.000000
0.000000
0.000000
0.000000
0.000000
0.000066
0.000000
0.000032
0.000004
0.000000
0.000000
0.000285
0.000000
0.007710
0.000013
0.000000
0.000000
0.000002
0.000000
0.000000
0.249700
0.007634
0.032136
0.000000
0.000000
0.000000
0.000000
0.000612
0.000000
0.000415
0.000000
0.000000
0.000000
0.000000
0.000000
0.000000
0.000000
0.000000
0.000000
0.000000
0.001555
0.000000
0.071032
0.000000
0.000000
0.000000
0.000000
0.002436
0.000000
0.000000
0.000683
0.000000
0.000000
0.000000
0.000000
0.008514
0.000000
0.000180
0.011448
0.000000
0.000000
0.000000
0.000000
0.000024
0.000015
0.000000
0.000000
0.000124
0.000000
0.000114
0.001461
0.000000
0.001184
0.000000
0.000000
0.000000
0.000057
0.000006
0.003515
0.000000
0.000000
0.000000
0.000000
0.000000
0.000126
0.000000
0.000987
0.000000
0.000000
0.000000
0.000000
0.022941
0.001743
0.000000
0.000000
0.000068
0.000000
0.000000
0.000000
0.000000
0.000000
0.000000
0.006286
0.000000
0.000255
0.000000
0.000000
0.000107
0.000000
0.000000
0.000000
0.000000
0.000000
0.000154
0.000000
0.000000
0.000112
0.000000
0.006613
0.000000
0.003310
0.000000
0.000000
0.001553
0.000000
0.000000
0.000000
0.000000
0.000000
0.000000
0.000000
0.000000
0.000000
0.000343
0.000000
0.000000
0.001935
0.003466
0.000203
0.000000
0.000000
0.000000
0.000000
0.000000
0.255595
0.000000
0.000000
0.000000
0.000250
0.000000
0.000000
0.000000
0.000000
0.000000
0.000000
0.008427
0.000000
0.000000
0.000000
0.004959
0.000000
0.001005
0.000000
0.000000
0.000000
0.000279
0.022468
0.000000
0.000000
0.000001
0.000000
0.000000
0.000000
0.000000
0.006814
0.000115
0.000000
0.000000
0.033395
0.000005
0.002385
0.000000
0.000000
0.000000
0.000000
0.000000
0.000000
0.000000
0.000000
0.011552
0.000000
0.002799
0.000000
0.000000
0.000000
0.000000
0.000000
0.000000
0.000000
0.016330
0.000000
0.000000
0.000008
0.000120
0.004480
0.000000
0.000000
0.000000
0.000200
0.000000
0.000000
0.000000
0.000000
0.000000
0.024692
0.000000
0.000000
0.000000
0.000000
0.000000
0.000000
0.000000
0.000000
0.000000
0.000000
0.000000
0.000000
0.000000
0.000000
0.000000
0.000000
0.000000
0.000000
0.000000
0.000175
0.000000
0.000000
0.000170
0.000000
0.000000
0.000266
0.000089
0.000217
0.000480
0.000000
0.000000
0.004028
0.003389
0.000000
0.000000
0.000000
0.000000
0.012159
0.000000
0.003196
0.000000
0.000000
0.000000
0.000000
0.000000
0.000126
0.000000
0.000000
0.000000
0.000000
0.000000
0.000000
0.000030
0.000000
0.000000
0.000027
0.000001
0.000000
0.000000
0.000000
0.000000
0.000581
0.000074
0.000040
0.000000
0.000000
0.000000
0.000000
0.000000
0.000000
0.000000
0.000000
0.000000
0.000000
0.000000
0.000000
0.000000
0.000000
0.010020
0.000000
0.000000
0.000000
0.000000
0.000000
0.000023
0.000000
0.000007
0.000000
0.000000
0.000001
0.000000
0.000379
0.000000
0.000000
0.000261
0.094640
0.000000
0.000196
0.000000
0.000000
0.000000
0.000000
0.000000
0.000000
0.000000
0.000000
0.000041
0.000001
0.000000
0.000000
0.000000
0.000000
0.000000
0.000010
0.000000
0.000000
0.000000
0.000000
0.545427
0.000000
0.000000
0.000000
0.000007
0.038917
0.000000
0.050431
0.000000
0.000000
0.000000
0.000000
0.000000
0.000000
0.000000
0.000000
0.116406
0.000000
0.000000
0.000000
0.000341
0.000000
0.000000
0.000000
0.000000
0.000000
0.002090
0.000000
0.000000
0.000000
0.000000
0.000000
0.058422
0.000000
0.000000
0.004756
0.000000
0.000000
0.006852
0.000000
0.009563
0.000000
0.000000
0.000000
0.001406
0.000694
0.000000
0.003206
0.000000
0.000000
0.000000
0.000000
0.000000
0.000630
0.000000
0.000000
0.001044
0.000000
0.047210
0.000000
0.000000
0.000000
0.000000
0.000000
0.000000
0.000000
0.000000
0.000010
0.000000
0.000000
0.000000
0.000000
0.000000
0.000000
0.000008
0.000000
0.000101
0.000000
0.000000
0.000000
0.000000
0.000000
0.000000
0.000000
0.000000
0.000000
0.000000
0.000000
0.000000
0.000000
0.000000
0.000000
0.000000
0.000109
0.000000
0.001016
0.000000
0.000000
0.000000
0.000000
0.000000
0.011206
0.000000
0.000000
0.000000
0.000000
0.000640
0.000279
0.007592
0.000314
0.001035
0.000517
0.000049
0.000000
0.000000
0.000000
0.000000
0.000000
0.000000
0.000000
0.000000
0.000000
0.000000
0.000400
0.000000
0.000180
0.000000
0.000000
0.000000
0.000000
0.000000
0.000000
0.000000
0.000000
0.000095
0.000000
0.000000
0.000000
0.000000
0.000347
0.000315
0.000000
0.000000
0.108252
0.000000
0.000000
0.000000
0.000000
0.000000
0.000000
0.000009
0.000000
0.052142
0.001116
0.000961
0.000000
0.000000
0.000000
0.000147
0.000000
0.007055
0.000128
0.000000
0.028981
0.000000
0.000000
0.000000
0.000000
0.000000
0.000012
0.000000
0.000004
0.000000
0.000000
0.000000
0.000000
0.000000
0.000000
0.000000
0.000000
0.000000
0.000124
0.000000
0.000000
0.000000
0.000000
0.000000
0.000000
0.001554
0.016112
0.001377
0.000000
0.000000
0.001682
0.000000
0.000026
0.000000
0.000191
0.000112
0.014917
0.000000
0.000000
0.000164
0.000000
0.000000
0.000000
0.000000
0.000000
0.000000
0.000017
0.000000
0.000332
0.000000
0.000000
0.000119
0.000000
0.000000
0.000000
0.000054
0.000000
0.000000
0.000000
0.000970
0.144674
0.000000
0.000000
0.000000
0.000000
0.000000
0.000000
0.000000
0.000000
0.000000
0.000000
0.000000
0.000000
0.000063
0.000000
0.000000
0.000000
0.000000
0.000000
0.002822
0.000000
0.000000
0.000000
0.000000
0.166214
0.000211
0.000000
0.005463
0.000420
0.000000
0.000026
0.003401
0.000000
0.005581
0.000003
0.000000
0.000000
0.000000
0.000120
0.000124
0.000000
0.007093
0.000000
0.000057
0.001270
0.000000
0.000000
0.000000
0.000000
0.000000
0.000000
0.000000
0.000000
0.000000
0.000000
0.002344
0.000000
0.000000
0.000000
0.000000
0.000000
0.000000
0.000000
0.000000
0.000000
0.000000
0.000000
0.000000
0.000000
0.004513
0.000000
0.000000
0.000001
0.000000
0.000223
0.003578
0.000487
0.000000
0.000000
0.000000
0.000000
0.000000
0.000000
0.000008
0.000000
0.000000
0.000000
0.000000
0.000000
0.000000
0.000000
0.000000
0.000000
0.000000
0.000000
0.000079
0.000342
0.000000
0.004122
0.000000
0.000000
0.000422
0.000000
0.000000
0.000000
0.000000
0.000000
0.000452
0.002304
0.000000
0.000000
0.000000
0.000026
0.002205
0.000000
0.000000
0.000015
0.001783
0.000000
0.008259
0.000000
0.000000
0.000000
0.000000
0.000000
0.000376
0.000258
0.000000
0.000001
0.000000
0.000000
0.000908
0.000000
0.000000
0.000002
0.000000
0.000000
0.000000
0.000000
0.016729
0.000000
0.000000
0.000000
0.000000
0.000000
0.000055
0.000000
0.000000
0.000000
0.000000
0.000000
0.000000
0.000000
0.000100
0.000000
0.000182
0.000000
0.000000
0.000000
0.000033
0.000000
0.000000
0.000041
0.000000
0.000000
0.000000
0.000000
0.000000
0.000000
0.000000
0.000000
0.000000
0.000000
0.000020
0.000000
0.000000
0.000000
0.000026
0.008619
0.004090
0.000000
0.000006
0.000014
0.000000
0.000336
0.000000
0.027296
0.000000
0.000454
0.000000
0.000000
0.000000
0.000000
0.007651
0.000000
0.000000
0.000000
0.000000
0.000000
0.000917
0.000000
0.000000
0.000000
0.000221
0.000005
0.000000
0.000000
0.000000
0.000000
0.000027
0.000000
0.000000
0.000000
0.000000
0.000000
0.000000
0.000000
0.000000
0.000000
0.000000
0.000245
0.000000
0.000000
0.000000
0.000000
0.000000
0.000000
0.000000
0.000323
0.000000
0.000076
0.000000
0.000000
0.000000
0.000000
0.007090
0.000000
0.000000
0.000000
0.000000
0.001055
0.000000
0.122120
0.000000
0.003562
0.000000
0.000813
0.000000
0.000541
0.000000
0.000468
0.000000
0.022475
0.000182
0.000034
0.000000
0.000000
0.000000
0.000000
0.000000
0.000000
0.001132
0.000256
0.000000
0.000000
0.000000
0.000000
0.000000
0.010115
0.000000
0.000000
0.000000
0.000005
