1.000000
1.000000
0.000000
0.710031
0.021584
1.000000
1.000000
1.000000
0.430937
1.000000
0.999998
1.000000
1.000000
0.264038
0.000000
0.999835
0.477087
0.000000
0.968817
0.738207
0.992117
1.000000
0.000000
1.000000
1.000000
1.000000
0.006247
1.000000
0.000000
0.999903
0.000000
1.000000
1.000000
1.000000
1.000000
0.000000
0.999843
0.000000
1.000000
1.000000
0.000000
0.008223
0.021736
0.722451
1.000000
0.138855
0.965581
1.000000
0.704139
0.000000
0.791574
0.999965
0.242021
0.999989
0.944001
1.000000
0.983612
0.983781
1.000000
0.999980
1.000000
0.000000
1.000000
0.000000
0.994868
0.999950
0.976278
0.997392
0.890207
1.000000
1.000000
0.142636
0.695077
0.000000
1.000000
1.000000
0.173146
0.248884
0.953170
0.999498
1.000000
0.214326
1.000000
0.000000
1.000000
1.000000
1.000000
1.000000
0.577455
1.000000
0.553161
0.615761
0.000000
1.000000
0.000000
1.000000
1.000000
1.000000
1.000000
0.869792
1.000000
0.910515
0.801984
1.000000
0.000000
1.000000
0.000000
1.000000
0.000039
1.000000
0.999959
0.998914
0.000000
1.000000
0.999971
0.999997
0.995948
1.000000
1.000000
0.663126
0.990942
0.000000
0.000000
0.999976
1.000000
0.000000
0.000000
1.000000
0.000000
0.000000
1.000000
0.896435
0.999939
0.001733
0.000000
0.000000
0.000000
0.016734
1.000000
1.000000
1.000000
0.999891
1.000000
1.000000
1.000000
0.999971
0.999115
0.859930
0.639156
0.410561
0.000000
0.996076
1.000000
0.000000
0.000000
0.000000
0.000000
0.000109
0.540325
1.000000
0.999973
0.998601
1.000000
0.000000
0.000000
0.000000
0.925635
1.000000
1.000000
0.999999
1.000000
0.999950
0.016104
0.000000
1.000000
0.000000
0.017116
1.000000
0.014237
0.999999
1.000000
1.000000
0.680879
1.000000
0.871928
0.801379
1.000000
0.986895
0.999602
0.988858
1.000000
1.000000
0.000000
1.000000
0.999865
0.000000
0.000000
0.999849
0.915763
0.858134
1.000000
0.999201
0.402556
0.169108
1.000000
0.897092
0.999907
0.798626
1.000000
0.998322
0.000000
0.904749
1.000000
0.501207
0.922659
0.000000
0.959692
1.000000
0.999932
0.911036
0.583764
0.997744
0.987748
0.000000
0.913455
0.999999
0.998569
1.000000
0.510051
1.000000
0.000000
0.000000
0.801984
1.000000
0.000000
1.000000
1.000000
0.984605
0.448495
0.000000
0.001464
0.497003
0.951255
0.823870
1.000000
0.999430
1.000000
0.052545
1.000000
0.994529
1.000000
0.000000
1.000000
0.875809
1.000000
1.000000
0.063862
1.000000
0.999959
1.000000
0.000000
1.000000
1.000000
0.000000
0.000000
0.000000
1.000000
0.998541
1.000000
0.002637
0.000000
0.000000
1.000000
1.000000
0.999942
0.999996
0.999400
0.997900
0.991390
1.000000
1.000000
1.000000
0.710690
1.000000
0.994436
1.000000
0.000000
0.977632
0.140168
1.000000
0.997481
0.968990
0.945772
0.000000
0.958527
1.000000
0.824529
0.000000
1.000000
1.000000
1.000000
1.000000
0.000000
0.000000
0.000000
0.997926
1.000000
0.189727
0.943503
0.067585
0.776244
0.044931
1.000000
1.000000
1.000000
0.971712
1.000000
0.999373
1.000000
1.000000
1.000000
1.000000
1.000000
1.000000
0.725176
1.000000
0.000000
0.000000
1.000000
0.000000
0.100029
0.000000
0.000000
0.211090
1.000000
1.000000
0.190508
1.000000
0.520493
0.000000
0.990830
0.002383
1.000000
0.149513
0.995897
0.354575
0.999397
0.267090
0.000000
0.993339
0.000000
1.000000
0.000000
0.979223
0.711316
1.000000
0.962137
0.991661
1.000000
0.000000
0.000000
0.000000
0.010394
0.999993
1.000000
0.988651
1.000000
0.875817
0.000000
0.458149
0.902058
0.000000
0.575475
0.999443
0.999953
0.998639
1.000000
1.000000
1.000000
0.000000
0.000000
0.805840
1.000000
1.000000
0.000516
0.000000
0.999934
0.956775
1.000000
0.347806
0.000000
1.000000
1.000000
1.000000
1.000000
0.000000
0.335162
1.000000
0.622569
0.000000
0.000000
0.982208
1.000000
1.000000
0.943503
1.000000
0.000000
0.999997
0.841231
1.000000
0.937003
1.000000
0.972668
0.075373
0.791574
0.999308
0.947518
0.004564
1.000000
1.000000
0.990011
0.949895
0.999999
1.000000
1.000000
1.000000
1.000000
0.000000
0.996587
0.000000
1.000000
1.000000
0.108091
0.000000
1.000000
1.000000
0.957327
0.000000
1.000000
0.999832
0.996482
1.000000
1.000000
0.000000
0.538599
0.000000
0.999700
0.000000
0.680116
0.992661
1.000000
0.178360
0.997604
1.000000
0.277135
0.000000
0.942237
0.002679
0.013412
0.000000
0.999976
0.019683
0.000000
0.995089
0.000000
0.982223
0.000000
0.998940
0.909398
0.728797
0.000000
0.999980
0.758863
0.937069
0.000000
1.000000
0.995606
1.000000
1.000000
0.620273
1.000000
0.000000
1.000000
1.000000
0.011538
0.000000
0.378754
0.652297
1.000000
0.949456
0.000000
0.999997
1.000000
1.000000
0.000000
1.000000
1.000000
0.995772
1.000000
0.997744
1.000000
1.000000
0.995618
0.964660
1.000000
0.975867
1.000000
0.989412
0.000000
0.998509
0.000000
0.000000
0.911892
0.583764
1.000000
0.966109
1.000000
0.999808
1.000000
0.770939
1.000000
0.999926
0.015061
1.000000
1.000000
0.995331
0.000000
0.000000
1.000000
0.838967
0.000000
0.029262
1.000000
0.995786
0.000000
0.340322
0.982885
1.000000
0.000000
0.999911
0.273274
0.128385
0.938480
0.879359
1.000000
0.014416
0.286878
1.000000
1.000000
0.000000
0.626260
0.515586
1.000000
0.000000
1.000000
0.006684
0.184101
0.000000
0.000000
0.999995
0.109731
0.000000
0.999673
0.000000
0.940245
1.000000
0.808462
0.000000
0.000000
0.965791
1.000000
1.000000
0.001121
1.000000
0.000000
1.000000
0.000000
0.023183
1.000000
0.000057
0.000000
0.403525
1.000000
0.000000
1.000000
0.939183
0.000000
1.000000
1.000000
0.999859
1.000000
0.568114
0.350378
0.997749
0.000000
0.000000
1.000000
0.999816
0.945009
0.999790
0.000000
1.000000
1.000000
0.968803
1.000000
0.892775
1.000000
0.000000
1.000000
0.005208
0.000000
0.781194
0.846582
0.972817
1.000000
0.999949
0.847458
1.000000
0.998466
0.581506
0.869503
1.000000
1.000000
0.006267
1.000000
0.000000
0.000000
0.752567
1.000000
0.000000
0.012011
0.971951
0.000000
0.468993
0.000147
0.903459
0.999992
0.000000
0.170268
1.000000
0.852074
0.995772
0.999998
1.000000
0.071216
1.000000
0.985723
0.999813
1.000000
0.946352
0.162028
1.000000
0.958589
0.000000
1.000000
0.000000
0.995492
0.000000
1.000000
1.000000
0.994236
1.000000
0.969305
1.000000
1.000000
0.919394
1.000000
1.000000
1.000000
0.999999
0.113962
0.927805
0.999796
0.999918
0.801164
1.000000
0.000000
1.000000
1.000000
1.000000
1.000000
0.000000
1.000000
1.000000
1.000000
0.999998
0.999716
0.942833
0.504514
0.000000
0.000000
0.833273
1.000000
0.684519
1.000000
0.065211
0.999984
0.999999
0.002988
0.068684
1.000000
1.000000
1.000000
0.000000
0.999983
1.000000
0.962331
0.147089
0.000000
1.000000
1.000000
0.999638
1.000000
1.000000
1.000000
0.410561
0.000000
0.995294
0.999997
0.000311
1.000000
0.000000
0.999539
0.009996
1.000000
0.010086
0.000000
0.000000
0.999998
0.995832
0.000000
0.999945
0.983248
0.000000
1.000000
0.000000
0.000000
1.000000
0.993576
0.000000
1.000000
1.000000
1.000000
0.843063
0.000000
0.863594
0.000000
1.000000
0.000000
0.000000
0.999939
1.000000
0.000000
0.000721
0.003908
1.000000
1.000000
1.000000
0.886776
0.992432
1.000000
1.000000
0.001897
1.000000
1.000000
0.998970
1.000000
1.000000
0.727114
0.710914
1.000000
1.000000
1.000000
0.997400
1.000000
1.000000
1.000000
0.000000
1.000000
1.000000
0.999989
0.359510
0.000000
1.000000
0.995839
0.999852
0.000000
0.000000
0.000000
0.818860
1.000000
1.000000
0.999969
0.000000
1.000000
1.000000
0.002471
0.911398
1.000000
0.000545
0.999971
1.000000
0.973519
1.000000
1.000000
1.000000
0.730790
1.000000
0.999982
1.000000
0.813920
1.000000
0.964646
1.000000
0.000000
0.088785
1.000000
0.000000
1.000000
1.000000
1.000000
1.000000
0.999998
0.000000
0.000000
1.000000
1.000000
1.000000
0.999367
1.000000
0.388132
0.977056
0.256246
1.000000
1.000000
1.000000
0.508241
1.000000
1.000000
0.902182
0.000951
1.000000
0.002239
0.412015
1.000000
1.000000
1.000000
0.974724
0.573567
0.001897
0.012105
0.874998
0.000000
0.385446
0.000000
0.999995
0.000000
0.340013
0.000000
0.765611
0.000075
0.074567
1.000000
0.992600
0.000000
0.949326
0.120327
0.000000
0.999925
0.992563
0.999815
0.963062
1.000000
1.000000
0.000000
0.933859
1.000000
0.000000
0.943802
0.999544
0.015118
0.959072
0.000000
0.305438
0.000000
0.000000
0.203537
0.065211
1.000000
1.000000
0.970191
0.999997
1.000000
0.000000
1.000000
0.000000
1.000000
1.000000
0.975548
0.000000
0.076225
0.970996
1.000000
0.889348
1.000000
0.006094
0.000000
0.878491
1.000000
0.000000
0.994886
0.874641
0.000000
0.933517
0.000000
0.995378
1.000000
1.000000
0.456796
0.000000
1.000000
0.040699
0.019642
0.685125
0.212655
0.000000
0.000000
1.000000
1.000000
1.000000
0.500361
1.000000
0.985719
1.000000
0.570497
0.000000
1.000000
0.000000
0.997526
0.619150
1.000000
1.000000
0.999685
0.999954
0.000000
0.885793
1.000000
0.000000
0.032767
0.047207
1.000000
1.000000
0.910154
0.999824
1.000000
0.997799
1.000000
0.000000
1.000000
0.959680
1.000000
0.000000
0.259068
0.999996
0.243003
1.000000
0.988551
0.000000
0.999845
0.000000
1.000000
1.000000
0.934117
0.999957
0.986550
0.000000
0.999996
1.000000
0.988036
1.000000
0.999999
0.000000
1.000000
1.000000
0.572780
0.997594
0.000000
0.968706
1.000000
0.000000
1.000000
1.000000
0.000000
0.983451
1.000000
1.000000
1.000000
0.000004
0.853710
0.017432
0.000000
0.989295
0.179860
0.000000
0.000116
0.000000
1.000000
0.005595
0.000000
0.999733
0.000000
0.997839
1.000000
0.811566
0.999999
0.999302
1.000000
1.000000
1.000000
0.271128
1.000000
1.000000
1.000000
0.999966
1.000000
1.000000
1.000000
0.189237
0.999689
0.996276
0.000000
0.000000
0.633514
0.961480
0.999307
0.999493
1.000000
0.455814
0.150078
0.000000
0.000000
0.731743
1.000000
1.000000
1.000000
0.181090
0.999963
0.999999
1.000000
0.999998
0.106914
1.000000
0.000000
1.000000
1.000000
0.000000
0.000000
0.119631
1.000000
0.903459
1.000000
0.986022
0.000000
0.981097
1.000000
1.000000
0.000000
1.000000
0.999918
0.000000
0.673253
0.762434
0.000000
0.999924
0.999997
0.000000
1.000000
0.000000
1.000000
0.999308
1.000000
0.000000
1.000000
0.000000
1.000000
0.981843
1.000000
1.000000
1.000000
1.000000
1.000000
0.001907
1.000000
0.999708
0.043917
1.000000
0.999691
0.000000
0.000000
0.000000
1.000000
1.000000
0.000000
1.000000
1.000000
0.883811
0.999982
0.999991
0.000000
1.000000
0.000000
0.009561
1.000000
1.000000
1.000000
1.000000
0.001976
0.556744
1.000000
1.000000
0.972119
0.000000
1.000000
1.000000
0.899182
0.002171
0.907040
1.000000
0.999988
0.000000
1.000000
1.000000
0.999943
0.961073
0.007250
0.000000
1.000000
0.013990
1.000000
1.000000
0.000000
1.000000
0.000000
1.000000
0.000000
0.999853
0.000000
0.195682
0.974712
1.000000
0.208580
0.999999
1.000000
0.993568
1.000000
0.429679
0.999501
0.000000
1.000000
1.000000
1.000000
0.000000
0.999996
0.840677
0.949217
1.000000
1.000000
0.300690
0.998134
0.999745
0.999968
1.000000
0.000000
0.000000
0.057828
1.000000
0.000000
0.995745
1.000000
0.813117
0.846566
1.000000
0.000000
0.633129
1.000000
0.997518
1.000000
0.999998
1.000000
1.000000
1.000000
1.000000
0.000000
0.000000
0.000000
0.986165
1.000000
1.000000
0.219117
0.000000
0.996306
1.000000
0.966045
1.000000
0.926227
1.000000
0.000000
1.000000
1.000000
1.000000
0.998565
0.934546
1.000000
0.984921
0.999980
0.999915
1.000000
1.000000
0.997032
0.958589
0.000000
0.000000
1.000000
0.999373
1.000000
0.000000
0.000000
1.000000
1.000000
0.410660
0.986428
1.000000
0.999880
0.998654
0.942814
0.988965
1.000000
0.000000
0.032239
1.000000
0.996461
1.000000
0.941663
1.000000
1.000000
1.000000
0.000000
0.993860
0.000000
0.000000
0.995233
0.000000
0.998109
0.031228
0.082741
0.000000
1.000000
0.999969
1.000000
1.000000
1.000000
1.000000
0.000000
0.341534
1.000000
0.482761
1.000000
1.000000
0.999795
0.811313
0.999988
0.000000
0.999901
1.000000
1.000000
0.748234
0.065905
0.656191
0.000000
0.999499
0.000000
1.000000
1.000000
1.000000
0.999813
0.999996
0.999984
1.000000
0.082519
1.000000
0.000000
0.078015
0.999438
0.999342
0.162028
0.948129
0.999644
0.004490
0.000000
1.000000
1.000000
0.000000
0.112372
0.999957
1.000000
0.000000
1.000000
0.999971
1.000000
1.000000
0.999970
0.665205
1.000000
0.785499
0.000000
0.997594
1.000000
0.226035
0.000000
1.000000
1.000000
1.000000
1.000000
0.014395
0.005675
0.999270
0.870732
0.547329
1.000000
0.000000
0.791020
1.000000
0.999923
0.000000
0.363215
1.000000
1.000000
0.000000
0.000000
0.001955
0.998535
0.000000
1.000000
1.000000
0.000000
0.914918
0.999380
0.790607
1.000000
0.268477
1.000000
0.991980
1.000000
1.000000
0.993327
0.954592
0.856749
0.999996
0.001869
0.986644
0.000000
0.999850
0.279547
0.122204
1.000000
1.000000
0.997063
0.983171
0.000000
0.999998
0.009533
1.000000
0.441650
1.000000
0.973097
1.000000
0.000000
0.992065
1.000000
0.997358
0.996132
0.000000
0.999907
1.000000
1.000000
0.033782
1.000000
0.791640
0.000000
1.000000
0.993271
0.000000
0.999985
0.000000
0.000000
0.016632
0.789760
0.938456
1.000000
0.052545
0.000000
0.976029
0.221061
0.015909
0.999873
0.644315
0.791640
0.999932
0.078393
0.997949
1.000000
0.989772
0.898287
0.071220
0.999975
0.000000
0.000000
0.999984
0.088934
0.010109
1.000000
0.958049
0.999951
1.000000
0.999468
1.000000
0.000000
1.000000
0.999995
0.999067
1.000000
1.000000
0.000000
1.000000
0.999992
1.000000
0.000000
0.999998
0.000000
1.000000
0.999999
0.999758
0.628999
0.960589
1.000000
0.000000
0.000450
0.986855
1.000000
0.984815
0.986643
0.000000
0.998641
0.998155
0.969924
0.000000
1.000000
0.977275
0.999991
0.668292
0.922526
0.000000
0.691621
0.000000
0.999916
0.992410
1.000000
0.999996
0.483475
0.999308
0.000000
0.107950
0.999972
0.595384
0.000000
0.001682
0.091406
1.000000
1.000000
1.000000
1.000000
1.000000
1.000000
1.000000
0.000000
0.999844
0.000000
1.000000
0.000000
1.000000
0.000643
0.410463
0.000000
0.426206
0.000000
0.000000
0.501648
0.915873
1.000000
1.000000
0.999967
0.000000
0.000000
0.996725
1.000000
1.000000
1.000000
1.000000
0.000000
1.000000
1.000000
0.999934
0.000000
1.000000
0.755694
0.000000
0.016235
1.000000
1.000000
0.140084
0.231577
0.000000
0.818860
1.000000
0.000000
1.000000
0.808520
0.932503
1.000000
0.000000
1.000000
0.999696
1.000000
0.710844
1.000000
0.919686
0.000000
0.489754
1.000000
1.000000
1.000000
0.043159
1.000000
0.000000
1.000000
1.000000
0.980077
0.999976
1.000000
0.000000
1.000000
1.000000
0.998010
1.000000
0.749295
0.000000
0.999765
1.000000
1.000000
1.000000
1.000000
0.000000
0.508300
0.000000
0.994500
0.998294
0.652730
1.000000
0.832050
1.000000
1.000000
0.000000
0.000000
1.000000
0.951350
0.998985
1.000000
1.000000
0.000000
1.000000
0.921671
0.000000
0.996794
1.000000
0.957327
0.000000
0.530841
1.000000
1.000000
0.000000
0.000000
1.000000
0.999999
0.006758
0.000000
1.000000
1.000000
1.000000
0.000000
1.000000
1.000000
0.000000
1.000000
0.981439
1.000000
0.757707
0.997219
1.000000
0.058111
0.969529
1.000000
0.000000
0.475954
0.047760
0.999716
1.000000
0.022018
0.947892
1.000000
0.790531
1.000000
0.999767
1.000000
1.000000
1.000000
1.000000
1.000000
1.000000
0.160657
0.999723
1.000000
1.000000
0.234664
0.000000
0.999946
0.997408
0.000000
1.000000
1.000000
1.000000
0.000000
0.681873
1.000000
1.000000
1.000000
1.000000
0.901213
1.000000
1.000000
1.000000
1.000000
1.000000
1.000000
0.000068
0.000000
1.000000
0.978995
0.551121
0.420269
0.666260
1.000000
0.624136
1.000000
0.937754
1.000000
0.998985
0.000000
0.999971
0.497966
0.000000
1.000000
0.070982
0.997369
0.916825
0.998621
0.591249
0.042366
1.000000
1.000000
1.000000
0.978265
1.000000
1.000000
0.999958
0.000000
0.000000
0.999973
0.813623
0.999991
0.640147
0.999828
1.000000
0.989860
0.502936
1.000000
0.999979
0.000000
1.000000
0.976489
1.000000
1.000000
0.999123
1.000000
0.594995
1.000000
0.850783
1.000000
0.796326
0.995927
0.000007
1.000000
1.000000
0.999857
0.999988
0.994350
0.956909
0.974394
0.000140
1.000000
0.000000
0.000000
0.000000
0.991751
0.995832
0.739752
0.833090
0.000000
0.000000
1.000000
1.000000
0.998681
0.851279
1.000000
0.968691
0.809043
1.000000
0.005786
0.986539
0.001632
0.964485
0.999447
0.000000
0.998577
0.999511
0.000000
1.000000
0.999981
1.000000
0.987911
0.000000
0.014718
0.000000
1.000000
0.000000
1.000000
1.000000
1.000000
1.000000
1.000000
0.000000
1.000000
0.000000
1.000000
0.000000
0.740470
1.000000
0.074383
1.000000
1.000000
0.004331
0.000000
1.000000
0.922409
0.585705
0.999992
1.000000
0.536492
0.948589
0.898601
0.000008
1.000000
1.000000
0.003406
0.983348
0.998885
1.000000
0.973504
0.826500
1.000000
0.000000
0.977591
0.000000
1.000000
0.295991
0.000000
0.993773
0.697511
0.999815
1.000000
1.000000
0.963203
0.993327
0.000000
0.955004
0.998957
0.000000
1.000000
0.952412
0.000000
0.991599
1.000000
1.000000
0.850783
0.997840
0.197894
0.000000
0.000000
0.000000
1.000000
1.000000
0.896783
0.628849
1.000000
0.000000
1.000000
0.879889
0.999991
0.000000
0.999089
1.000000
1.000000
1.000000
1.000000
1.000000
0.225673
0.000000
1.000000
1.000000
0.000000
0.999836
0.548004
1.000000
0.852461
1.000000
0.869792
1.000000
0.583241
0.964827
0.095989
0.999967
1.000000
0.990459
0.000000
1.000000
0.645762
0.937389
0.919812
1.000000
0.984847
0.000000
0.000000
0.998168
0.973193
0.000000
0.000000
0.000000
0.000000
0.000000
0.824515
1.000000
1.000000
1.000000
0.445635
1.000000
0.990114
0.000000
0.005055
0.826465
1.000000
0.317445
0.986450
0.995808
0.999806
0.957356
0.000000
1.000000
1.000000
0.905063
1.000000
1.000000
0.000000
0.000000
0.999901
0.203822
0.001016
0.000000
0.989307
0.998711
0.000000
1.000000
1.000000
1.000000
1.000000
0.949456
0.000060
1.000000
0.990635
0.953222
0.007055
0.827420
0.515586
0.999959
0.993269
0.000000
1.000000
0.999994
0.999950
0.000000
0.000011
1.000000
1.000000
1.000000
1.000000
0.000000
1.000000
0.999148
0.000000
1.000000
0.959607
1.000000
1.000000
1.000000
0.999788
0.571561
1.000000
1.000000
0.917167
1.000000
1.000000
0.998278
0.910921
0.999995
1.000000
0.993128
0.948129
1.000000
0.996113
1.000000
0.055275
0.000000
0.961073
0.999714
0.996377
0.002972
1.000000
0.999944
0.029262
0.023149
1.000000
0.985723
0.999968
1.000000
1.000000
0.922351
1.000000
0.000000
0.000000
0.125081
0.000000
0.882331
0.991438
0.495142
1.000000
1.000000
0.057482
1.000000
1.000000
0.998375
1.000000
1.000000
0.000000
0.999880
0.000000
1.000000
1.000000
0.789762
1.000000
0.999296
0.015593
1.000000
1.000000
1.000000
1.000000
0.000000
0.999538
1.000000
1.000000
1.000000
1.000000
1.000000
1.000000
0.000000
0.000000
0.000996
1.000000
1.000000
1.000000
0.141820
0.366597
1.000000
0.464136
1.000000
0.819480
1.000000
0.999658
0.997701
1.000000
0.995606
0.599571
1.000000
0.026869
1.000000
1.000000
0.679015
1.000000
0.616583
1.000000
0.991697
0.751093
0.000000
1.000000
1.000000
0.999997
0.000000
0.999242
0.000000
0.000000
0.996587
1.000000
0.917385
1.000000
0.986675
0.000000
0.617473
0.988755
0.993771
0.999991
0.999990
1.000000
0.989896
0.278803
0.000000
0.008632
0.000000
1.000000
0.000000
0.000000
0.982432
0.999989
0.813927
0.978927
0.998674
0.000000
0.892011
0.575475
0.999999
1.000000
1.000000
1.000000
0.999590
1.000000
0.506651
0.993190
1.000000
1.000000
0.000000
0.999981
1.000000
0.995398
0.275466
1.000000
0.005935
1.000000
0.000000
0.953155
1.000000
0.304340
1.000000
1.000000
1.000000
0.997282
0.980595
0.000000
0.948529
0.676036
0.000000
0.192121
1.000000
0.645165
0.000000
1.000000
1.000000
0.999999
0.932924
0.000000
0.999858
0.927134
0.000000
0.625797
0.989037
0.000001
1.000000
1.000000
0.000000
0.000000
0.405431
0.002739
0.998623
0.807071
0.999865
0.095248
0.000000
1.000000
0.963946
1.000000
0.000000
0.000000
0.001179
0.969173
0.000000
0.000000
0.999994
0.999933
0.000000
0.000000
1.000000
1.000000
0.474217
1.000000
0.999110
1.000000
1.000000
0.000000
0.999998
1.000000
1.000000
1.000000
0.000000
0.044867
0.957877
1.000000
0.000000
0.999972
0.999999
0.986205
0.000000
1.000000
0.910059
0.000000
0.000000
0.999977
0.000000
1.000000
0.011039
1.000000
0.718001
0.000000
0.000000
1.000000
1.000000
0.240194
1.000000
0.885401
0.999219
0.000000
1.000000
0.000000
1.000000
1.000000
0.000000
0.998209
0.000000
0.993251
0.000000
0.998469
0.009196
0.973519
0.888909
1.000000
1.000000
1.000000
0.647281
1.000000
1.000000
0.041510
1.000000
0.954234
0.732425
1.000000
1.000000
1.000000
0.733708
0.999996
0.000000
0.999742
1.000000
1.000000
0.000000
0.775378
0.211902
1.000000
0.999889
1.000000
0.999522
0.986949
0.650307
0.000000
1.000000
0.000000
0.000000
0.999209
1.000000
0.000000
0.994810
1.000000
0.000000
0.846690
1.000000
0.896078
1.000000
1.000000
0.804236
0.003806
0.000000
0.999998
0.855695
1.000000
0.961514
1.000000
0.143565
0.999995
0.000000
0.000000
0.796326
0.870018
0.000000
1.000000
1.000000
1.000000
0.037427
0.929798
0.758322
0.477543
0.000000
0.472638
1.000000
1.000000
0.000000
1.000000
1.000000
1.000000
0.929049
1.000000
0.000000
0.958073
0.999956
1.000000
1.000000
0.036058
0.284959
1.000000
0.000000
0.000000
0.147890
0.143322
0.000000
0.000000
0.999240
0.991582
1.000000
1.000000
0.000000
1.000000
0.000000
0.423752
0.999883
0.922526
1.000000
0.000000
0.000000
0.983625
0.000000
1.000000
0.999994
1.000000
0.000000
0.139341
0.000004
0.079289
0.024690
0.000000
0.999498
1.000000
0.430937
0.987449
0.000001
0.989727
0.000000
0.847464
1.000000
1.000000
1.000000
0.007138
1.000000
0.911036
0.994896
1.000000
0.999113
0.914528
1.000000
1.000000
0.999635
1.000000
1.000000
1.000000
0.991927
0.002178
1.000000
0.000000
1.000000
0.000000
1.000000
1.000000
0.999045
0.000000
0.999997
0.038050
0.000000
0.999998
0.065211
0.943143
0.933878
1.000000
1.000000
1.000000
1.000000
0.512937
0.999209
0.000000
0.000000
1.000000
0.999628
0.000000
1.000000
0.959013
1.000000
1.000000
1.000000
0.000000
0.000000
0.475881
0.999904
0.967102
1.000000
1.000000
1.000000
0.740963
0.999954
0.964762
0.999995
1.000000
0.999999
1.000000
1.000000
0.944476
1.000000
0.999273
0.801614
1.000000
0.993740
0.620434
0.997461
1.000000
1.000000
0.996010
0.005805
0.000000
0.999997
0.000000
0.986930
0.986367
0.986241
0.869704
0.000003
1.000000
0.413038
0.977138
1.000000
1.000000
1.000000
0.000000
0.995577
0.699669
0.999557
0.999991
1.000000
1.000000
0.996795
0.000000
0.996418
1.000000
0.997518
1.000000
1.000000
1.000000
0.000000
0.000000
0.999999
0.000000
0.000000
0.229805
0.114435
1.000000
0.994517
1.000000
1.000000
0.987261
1.000000
0.000000
0.000000
0.000000
0.000000
1.000000
0.000000
0.914045
0.000740
1.000000
1.000000
0.999978
0.000000
1.000000
1.000000
1.000000
0.987102
0.433536
1.000000
0.399933
1.000000
0.000000
0.000017
1.000000
1.000000
1.000000
1.000000
0.999522
1.000000
1.000000
1.000000
0.811083
1.000000
0.095947
0.053408
0.998163
1.000000
1.000000
0.128356
0.729457
0.987676
0.000000
1.000000
0.000105
0.034599
1.000000
1.000000
1.000000
1.000000
0.999862
0.997273
1.000000
1.000000
1.000000
0.045046
0.983775
0.994952
0.847640
0.957486
1.000000
0.999999
0.000000
0.999995
0.000000
1.000000
0.899919
0.988258
0.021081
0.112016
0.997998
0.996045
0.669226
1.000000
0.997864
1.000000
0.065782
0.994100
1.000000
1.000000
0.962711
0.843448
1.000000
0.000000
0.999950
0.928470
0.000000
0.000000
1.000000
0.000000
0.951872
1.000000
1.000000
0.999984
0.895232
1.000000
0.977255
0.000000
0.999996
0.004235
0.000000
0.972237
1.000000
0.846690
0.000000
0.000000
0.948129
1.000000
0.000000
0.000000
1.000000
1.000000
0.000000
0.281061
0.655125
0.000000
1.000000
0.999975
0.067810
0.991036
0.954176
0.000000
0.038271
1.000000
1.000000
0.022435
1.000000
0.994720
0.979025
1.000000
0.018148
1.000000
1.000000
0.868640
0.903008
0.921189
0.135309
0.954863
0.090067
0.014783
1.000000
0.000000
0.114540
1.000000
0.000000
0.990598
0.971159
0.963544
0.000000
0.000000
0.000000
1.000000
1.000000
1.000000
1.000000
1.000000
1.000000
0.000000
0.239134
0.999999
0.000000
1.000000
1.000000
0.000000
1.000000
1.000000
0.000000
0.330360
0.000000
1.000000
0.819071
1.000000
1.000000
1.000000
0.000000
0.000000
0.975342
0.983612
1.000000
0.587711
0.000000
0.556746
0.071216
0.000000
0.690835
0.999981
1.000000
0.999919
0.959309
1.000000
0.846748
1.000000
0.000000
0.999990
0.994091
0.000000
0.999992
0.999960
0.999999
1.000000
0.972011
1.000000
1.000000
0.275871
0.999828
0.746640
0.991036
1.000000
0.636717
0.888489
1.000000
1.000000
0.918409
0.988220
1.000000
1.000000
0.305019
1.000000
0.999240
0.000000
0.998160
0.073144
0.691621
0.000000
0.676242
0.000000
0.000000
1.000000
0.999995
1.000000
0.000000
0.940415
1.000000
1.000000
0.996341
1.000000
1.000000
0.668141
0.000000
1.000000
0.985690
1.000000
0.999942
0.990917
0.999838
0.911805
1.000000
1.000000
0.975267
0.998803
0.000000
0.914393
0.999994
0.880522
0.940143
0.999969
0.000000
0.999976
1.000000
0.966160
1.000000
0.998494
1.000000
0.000077
0.719042
0.999997
0.978348
0.000000
1.000000
0.999929
0.000000
1.000000
0.997823
0.000000
0.939913
0.680608
1.000000
0.019271
0.184101
0.000000
1.000000
0.000000
0.000000
1.000000
1.000000
0.804236
1.000000
0.000000
0.000000
1.000000
0.000000
0.984782
0.000000
0.755374
1.000000
0.999999
0.146947
1.000000
0.426353
0.000000
1.000000
0.898692
0.006993
0.999227
0.000000
0.422264
0.000000
0.999999
1.000000
1.000000
0.991749
1.000000
0.999991
0.000000
0.999951
0.839852
1.000000
0.395961
1.000000
1.000000
0.000000
1.000000
1.000000
0.997985
1.000000
1.000000
1.000000
0.000000
0.156224
0.994755
0.000000
0.999907
0.000270
0.999950
1.000000
0.993590
0.000000
0.904704
0.000000
0.843938
0.900115
0.996029
0.977591
1.000000
0.978655
1.000000
1.000000
1.000000
1.000000
1.000000
0.839952
0.000000
1.000000
0.000000
0.922381
0.844188
0.998965
0.999011
0.009306
1.000000
0.000000
1.000000
0.750244
1.000000
0.877976
0.808363
0.000000
1.000000
0.000000
1.000000
0.999725
1.000000
0.263339
0.099096
1.000000
0.936408
0.000000
0.992346
0.000000
0.000000
0.000009
1.000000
0.016258
0.933483
0.984208
1.000000
1.000000
0.000000
0.000000
0.000000
1.000000
1.000000
0.980354
0.074258
0.165528
1.000000
1.000000
1.000000
0.792515
0.999926
1.000000
1.000000
0.000000
0.032512
0.068505
0.419000
0.000000
1.000000
0.664321
0.890990
0.961893
0.000000
0.751125
1.000000
0.287281
0.000000
1.000000
0.000000
0.785000
1.000000
0.466843
0.989985
0.000000
1.000000
0.721095
1.000000
0.582364
0.972110
0.869918
0.000000
1.000000
0.999960
0.000000
0.971077
1.000000
0.476275
0.000000
1.000000
0.239321
1.000000
0.729457
1.000000
0.999962
0.857961
0.711825
0.272717
0.865675
0.000000
0.000000
0.999964
1.000000
1.000000
0.950807
1.000000
0.510747
0.000000
0.476547
0.000000
0.954573
0.945504
0.000000
0.919671
0.831586
1.000000
1.000000
0.999915
0.867091
0.999996
0.000000
1.000000
0.104317
0.999780
0.999973
1.000000
0.975638
1.000000
0.999816
0.940242
0.235565
0.999883
1.000000
0.146752
0.210244
0.997000
1.000000
0.853710
0.000000
0.000000
0.000000
1.000000
0.207462
0.000000
0.000000
0.618090
0.000023
0.000000
1.000000
1.000000
1.000000
1.000000
0.999971
0.984556
0.776840
0.000000
1.000000
0.000000
0.763114
0.017480
0.000000
0.005425
1.000000
0.977632
1.000000
0.012708
1.000000
0.998697
0.000000
0.000000
0.995525
1.000000
1.000000
1.000000
1.000000
0.000000
0.984091
1.000000
0.789762
0.000000
1.000000
0.346047
0.486938
0.999806
1.000000
0.000000
0.998122
1.000000
1.000000
0.005345
1.000000
0.737093
0.998109
0.933932
0.961713
1.000000
0.971519
1.000000
0.840677
0.999997
0.000000
1.000000
1.000000
1.000000
0.000000
1.000000
1.000000
0.999984
1.000000
0.000000
1.000000
1.000000
0.001594
0.000000
0.000000
1.000000
0.955983
0.997938
0.000000
0.000000
0.000000
0.000000
0.953222
0.000000
0.290159
0.893792
0.999998
0.964933
0.100031
0.000000
0.922025
0.857245
0.746900
0.972817
0.922990
0.224914
1.000000
0.997263
0.999992
0.019567
1.000000
0.092809
0.997090
1.000000
0.183836
0.020472
1.000000
0.636122
0.220535
0.000000
1.000000
0.102028
0.000000
0.000000
1.000000
0.000000
1.000000
1.000000
0.000000
0.013519
1.000000
1.000000
1.000000
0.000000
1.000000
0.341534
0.000000
0.926962
0.999986
0.010381
1.000000
0.081632
1.000000
0.999941
0.956709
0.000000
1.000000
0.000000
0.999975
0.999890
0.981381
0.975446
1.000000
0.989487
1.000000
0.999823
0.859632
0.996755
0.000000
0.000000
1.000000
0.929049
1.000000
0.995933
1.000000
1.000000
0.999880
0.000000
0.999992
1.000000
1.000000
0.000000
1.000000
0.000000
0.226350
0.977250
0.491312
0.991989
0.565202
0.996275
1.000000
1.000000
0.975816
0.999999
1.000000
1.000000
1.000000
1.000000
0.999647
0.998482
0.992474
0.987156
0.937224
1.000000
0.937885
0.997536
0.038325
0.000000
0.000000
0.149023
1.000000
0.000000
0.999850
0.988871
0.999965
1.000000
0.999270
0.000000
0.999940
0.506651
0.000001
1.000000
0.000000
0.982427
1.000000
1.000000
0.094730
0.035978
1.000000
0.270502
1.000000
1.000000
1.000000
0.628776
0.103168
0.993339
0.999997
0.000000
1.000000
1.000000
1.000000
1.000000
1.000000
0.000000
0.000000
0.000000
1.000000
1.000000
1.000000
0.846430
0.000002
1.000000
0.999985
1.000000
0.000000
1.000000
0.993185
0.996173
0.999999
0.245563
0.000000
1.000000
1.000000
0.998071
1.000000
0.000000
0.654526
0.999326
0.000000
1.000000
0.038634
1.000000
0.996120
0.000000
0.000000
0.000000
1.000000
0.998970
0.001032
1.000000
1.000000
1.000000
1.000000
0.999999
0.000000
1.000000
0.419832
0.995780
1.000000
0.000000
0.973301
0.000000
1.000000
1.000000
0.948129
1.000000
0.991666
0.000000
0.773615
0.000000
1.000000
0.000000
0.990607
1.000000
0.996197
0.000000
1.000000
0.430937
0.999975
0.000161
0.592019
1.000000
0.000000
0.999953
0.999931
0.441979
0.000000
1.000000
0.775464
0.800833
0.129256
1.000000
0.002980
1.000000
0.000000
1.000000
0.999087
1.000000
0.000000
0.073057
0.410561
1.000000
0.999669
1.000000
1.000000
0.951507
0.000000
1.000000
0.009090
0.931980
1.000000
0.000000
1.000000
0.543865
0.000391
1.000000
0.000000
1.000000
0.969104
0.515586
1.000000
0.000000
1.000000
0.970855
0.000000
1.000000
1.000000
1.000000
1.000000
1.000000
0.870018
1.000000
1.000000
1.000000
1.000000
0.999816
0.000000
0.000000
0.000000
1.000000
0.003395
1.000000
1.000000
0.000000
0.000000
1.000000
1.000000
1.000000
1.000000
0.999300
0.999037
0.455892
0.999686
0.000000
1.000000
1.000000
1.000000
0.514863
0.000000
1.000000
0.994069
0.998297
0.000000
0.521329
0.000000
0.000222
0.980375
1.000000
1.000000
0.388132
0.000000
1.000000
0.939600
0.000000
0.000000
1.000000
1.000000
0.184290
0.000000
0.000000
0.917587
0.981554
0.000000
1.000000
0.999966
1.000000
0.998330
1.000000
0.002662
0.944546
1.000000
1.000000
0.000000
0.372534
0.000000
0.999720
0.731133
0.994431
0.973135
0.000000
0.738045
1.000000
0.993891
0.000000
1.000000
0.000000
0.317641
0.999959
0.374708
0.999998
0.963540
0.005303
0.000000
0.000000
1.000000
1.000000
1.000000
0.997744
1.000000
0.999997
1.000000
1.000000
1.000000
0.994205
0.999897
0.000000
0.059014
0.999108
0.000000
0.000000
1.000000
0.756883
0.000000
0.429691
0.999883
1.000000
1.000000
0.005762
0.011293
0.000000
0.967063
0.999991
0.937929
1.000000
1.000000
0.999824
0.999407
0.000000
0.000000
0.999624
1.000000
1.000000
0.001759
1.000000
0.939960
0.000000
0.301453
1.000000
0.235372
0.000001
0.904194
0.000000
1.000000
0.993311
0.468683
0.999973
0.000000
0.000000
1.000000
0.000000
0.973652
0.011127
0.820268
0.992992
1.000000
1.000000
0.000000
0.000000
1.000000
0.000000
0.982466
0.978674
1.000000
0.000000
0.599073
0.025958
0.000000
0.993722
1.000000
0.000000
1.000000
0.998272
0.112083
0.049735
1.000000
1.000000
1.000000
1.000000
1.000000
1.000000
0.659695
1.000000
0.958954
0.422787
0.000000
1.000000
0.010863
0.999997
1.000000
0.916828
0.169108
1.000000
0.138293
1.000000
0.000000
0.000000
1.000000
0.871169
0.000000
0.913007
0.000000
1.000000
0.047662
1.000000
1.000000
0.998309
0.874619
1.000000
1.000000
1.000000
0.000000
0.000042
0.000000
0.802813
0.000000
0.999608
0.930819
0.999726
1.000000
1.000000
1.000000
0.161857
1.000000
0.985539
1.000000
0.999564
0.863028
0.637041
1.000000
0.000000
0.000000
