0.000000
0.000000
0.000000
0.000000
0.000000
0.000000
0.000000
0.000000
0.000174
0.000000
0.000000
0.003358
0.000000
0.000000
0.000000
0.000000
0.000000
0.422420
0.000000
0.000000
0.000000
0.000000
0.000000
0.000000
0.000000
0.000001
0.000000
0.000000
0.000000
0.000000
0.000000
0.000000
0.001045
0.000000
0.000000
0.000000
0.000000
0.000000
0.000000
0.000000
0.004865
0.000000
0.000000
0.000000
0.000000
0.000000
0.000000
0.000000
0.000000
0.000000
0.000000
0.000000
0.000000
0.000000
0.000000
0.000000
0.000006
0.000000
0.001222
0.088873
0.000000
0.000000
0.000000
0.000000
0.000000
0.000000
0.000000
0.000000
0.000000
0.000022
0.200055
0.000025
0.000000
0.078543
0.000000
0.000000
0.000000
0.000000
0.000000
0.221357
0.000000
0.000000
0.000000
0.000000
0.000000
0.000000
0.000000
0.000000
0.000000
0.000000
0.000000
0.000000
0.000011
0.000000
0.000000
0.000000
0.000000
0.000000
0.000000
0.000000
0.203221
0.001284
0.000000
1.000000
0.000000
0.000000
0.000000
0.002436
0.000000
0.000000
0.003858
0.000001
0.000051
0.000000
0.000000
0.000000
0.004063
0.000000
0.000000
0.000000
0.000000
0.000000
0.000000
0.000000
0.041993
0.000000
0.000000
0.000000
0.000000
0.000000
0.000000
0.000000
0.096637
0.000000
0.000000
0.000000
0.000000
1.000000
0.000000
0.000000
0.000000
0.000000
0.000000
0.000000
0.000000
0.000000
0.000000
0.000000
1.000000
0.000000
0.000000
0.000000
0.000000
0.000000
0.000000
0.000000
0.000000
0.000000
0.000000
0.000000
0.745950
0.000000
0.000000
0.757496
0.000000
0.000000
0.000000
0.000000
1.000000
0.000000
0.000001
0.000000
0.000000
0.000000
0.000000
0.000000
0.000000
0.000000
0.000000
0.007482
0.000037
0.000000
0.009031
0.000000
0.000000
0.001386
0.000000
0.000000
0.000000
0.000000
0.000000
0.000000
0.000000
0.000000
0.000000
0.000000
0.000000
0.000000
0.000000
0.000000
0.000000
0.015940
0.000000
0.000000
0.000002
0.000000
0.000000
0.000000
0.000000
0.000000
0.000000
0.000000
0.000000
0.000000
0.000042
0.000000
0.000000
0.000118
0.000000
0.000000
0.038418
0.000000
0.000000
0.000000
0.000000
0.000000
0.001835
0.000000
0.000000
0.000000
0.000000
0.000000
0.000000
0.000000
0.000359
0.000000
0.000000
0.000000
0.000000
0.002546
0.000000
0.037387
0.000021
0.000000
0.000000
0.259514
0.031120
0.999458
0.000000
0.016465
0.000000
0.000000
0.000000
0.000000
0.000000
0.000000
0.000000
0.158754
0.000000
0.000000
0.000000
0.000000
0.000000
0.016145
0.000000
0.000259
0.000000
0.000000
0.000000
0.363403
0.000000
0.000000
0.000000
0.000000
0.002388
0.000000
0.000000
0.000000
0.000000
0.000000
0.000000
0.000326
0.000000
0.196126
0.000000
0.000000
0.000000
0.000000
0.000000
0.000000
0.000000
0.000000
0.000000
0.000000
0.000029
0.000000
0.000000
0.007114
0.000000
0.000000
0.000000
0.000000
0.000000
0.000038
0.000000
0.000000
0.000000
0.000000
0.000000
0.000000
0.000000
0.000000
0.000000
0.000000
0.000000
0.000000
0.000000
0.052759
0.000000
0.000000
0.106914
0.000009
0.000000
0.000000
0.000000
0.000000
0.000000
0.081317
0.415563
0.000000
0.000000
0.000000
0.000000
0.000000
0.202970
0.000000
0.000000
0.000000
0.000000
0.000000
0.000234
0.000010
0.000001
0.000000
0.000000
0.000000
0.000000
0.000000
0.000000
0.000000
0.676947
0.000000
0.000000
0.000000
0.000000
0.000000
0.000000
0.000000
0.000000
0.000000
0.000000
0.000000
1.000000
0.000000
0.000000
0.000000
0.987453
0.000000
0.000000
0.000000
0.000000
0.000000
0.999967
0.172972
0.000000
0.000000
0.000000
0.000000
0.000275
0.000000
0.000103
0.000000
0.000000
0.000000
0.048052
0.000000
0.000000
0.002219
0.000000
0.000000
0.000000
0.000000
0.000000
0.000000
0.000000
0.000000
0.000000
0.000000
0.000000
0.000000
0.000000
1.000000
0.000000
0.000000
0.000909
0.000000
0.000000
0.110201
0.000000
0.962286
0.009615
0.000000
0.000000
0.000000
0.000000
0.004502
0.000000
0.000000
0.003849
0.000000
0.000000
0.000000
0.000000
0.000000
0.000000
0.000000
0.000000
0.000000
0.000000
0.000000
0.000000
0.000000
0.000000
0.000000
0.000000
0.000000
0.000000
1.000000
0.000000
0.000000
0.922671
0.000000
0.005668
0.000784
0.000000
0.000000
0.000000
0.000000
0.000000
0.000000
0.118481
0.000000
0.001010
0.000000
0.000000
0.000000
0.000000
0.000000
0.999912
0.000000
0.000001
1.000000
0.000000
0.000000
0.000949
0.002337
0.000000
0.000000
0.001256
0.000002
0.000000
0.000000
0.000000
0.000313
0.000000
0.975596
0.000000
0.000000
0.000000
0.000000
0.000000
0.000000
0.000000
0.000000
0.000000
0.000000
0.000000
0.000000
0.000000
0.000000
0.000000
0.000156
0.000000
0.000000
0.000000
0.000000
0.000000
0.000000
0.006007
0.000000
0.000000
0.000000
0.000000
0.000132
0.000000
0.000000
0.200616
0.000000
0.008899
0.000000
0.000000
1.000000
0.000000
0.000001
0.000000
0.000000
0.000023
0.000000
0.000015
0.259389
0.000000
0.000000
0.000000
0.000000
0.993962
0.000000
0.000000
0.000000
0.258847
0.000000
0.000000
0.000000
0.000000
0.000000
0.033013
0.000000
0.000000
0.000000
0.000000
0.000277
1.000000
0.000000
0.000000
0.000000
0.000000
0.000000
0.000000
0.000000
0.036600
0.000000
0.000000
0.000000
0.000024
0.000000
0.000000
0.000000
0.000000
0.000000
0.000000
0.000000
0.000000
0.201015
0.000000
0.000000
0.000000
0.000000
0.000130
0.000000
0.000000
0.999999
0.014961
0.000000
0.000000
0.000000
0.000000
0.000000
0.000000
0.000000
0.000000
0.000000
0.000000
0.000000
0.000847
0.000004
0.000000
0.000001
0.000000
0.000000
0.000000
0.000000
0.000000
0.000000
0.000000
0.000000
0.000000
0.000000
0.014810
0.000000
0.000158
0.000000
0.518039
0.000000
0.000000
0.000000
0.000000
0.000000
0.000000
1.000000
0.000000
0.000000
0.000000
0.000000
0.033575
1.000000
0.000000
0.000000
0.630308
0.064320
0.000000
0.000000
0.782668
0.000000
0.080824
0.999991
0.000000
0.000000
0.000000
0.000000
0.000000
0.000000
0.075380
0.000000
0.000000
0.000000
0.000000
0.000000
0.000000
0.000000
0.000000
0.000000
0.000000
0.000000
0.000000
0.000000
0.000000
0.000000
0.000000
0.000000
0.000001
0.000000
0.000000
0.000000
0.000000
0.000000
0.000000
0.000000
0.000000
0.000000
0.000000
0.710521
1.000000
0.000000
0.000000
0.000236
0.000000
0.000000
0.000000
0.000000
0.000000
0.000000
0.000000
0.000000
0.000000
0.004467
0.000000
0.567812
0.999957
0.000000
0.000000
0.000000
0.000000
0.000000
0.000000
0.000000
0.000000
0.000000
0.000000
0.000000
0.064202
0.000000
0.000000
0.000000
0.000000
0.999464
0.000008
0.999915
0.000000
0.000000
0.000000
0.000000
0.000000
0.000000
0.000000
0.000000
0.000000
0.000000
0.000000
0.000000
0.000000
0.000000
0.000000
0.000000
0.000000
0.000000
0.000000
0.000000
0.000000
0.000343
0.000000
0.000000
0.000000
0.000000
0.919200
0.000000
0.931941
0.000000
0.000000
0.000000
0.000000
0.000000
0.000000
0.000000
0.000001
0.013728
0.000000
0.000000
0.004041
0.000000
0.000000
0.000000
0.000000
0.000000
0.029974
0.000000
0.000000
0.000000
0.000000
0.000000
0.000050
0.000002
0.000000
0.000000
0.000000
0.025303
0.000000
0.000000
0.000000
0.000000
0.004222
0.000000
0.000000
0.008188
0.000000
0.000000
0.000000
0.000000
0.000000
0.000000
0.000000
0.000000
0.000000
0.995299
0.000000
0.000000
0.000000
0.000000
0.000000
0.000000
0.999934
0.000000
0.000000
0.981772
0.998829
0.000000
0.000015
0.000000
0.000000
0.347445
0.000000
0.000000
0.000000
1.000000
0.000000
0.000000
0.000000
0.000000
0.000000
0.000000
0.000000
0.000000
0.000000
0.000000
0.000000
1.000000
0.007979
0.000000
0.000000
0.000000
0.000000
0.000000
0.000000
0.000000
0.000000
0.000000
0.000000
0.000000
0.000000
0.344288
0.000002
0.000000
0.000000
0.000000
0.000000
0.000000
0.000000
0.000000
0.000000
0.161247
0.000000
0.000000
0.000000
0.000000
0.000000
0.146473
0.000000
0.000355
0.000000
0.000000
0.000000
0.000000
0.000000
0.000008
0.000000
0.000000
0.000000
0.000000
0.000000
0.000000
0.000000
0.000000
0.016418
0.000000
0.000000
0.000000
0.000000
0.000000
0.000000
0.000000
0.000000
0.000000
0.000000
0.000000
0.000000
0.000000
0.000000
0.999999
0.000000
0.000044
0.013975
0.000000
0.000000
0.000000
0.000000
0.000000
0.000000
0.000000
0.000000
0.000000
0.000328
0.000000
0.000000
1.000000
0.000000
0.000000
0.000000
0.000000
0.000000
0.000000
1.000000
0.000000
0.000000
0.000000
0.000000
0.000000
0.000000
0.000000
0.000000
0.000000
0.000000
0.000000
0.000000
1.000000
0.000000
0.000015
0.000000
0.000000
0.000000
0.001639
0.000000
0.000000
0.000000
0.000000
0.000000
0.000000
0.000000
0.000000
0.000000
0.000000
0.000000
0.000000
0.000000
0.000000
0.000000
0.000000
0.000002
0.000000
0.000000
0.000000
0.000000
0.000000
0.000000
0.000000
0.000000
0.000000
0.036096
0.000000
0.000102
0.000000
0.000000
0.003620
0.000000
0.000000
0.000000
0.000000
0.000000
0.000000
0.000000
0.184619
0.000000
0.000000
0.000000
0.001613
0.000000
0.000000
0.000000
0.000000
1.000000
0.000000
0.021881
0.166252
0.000000
0.000000
0.000000
0.835767
0.000000
0.000000
0.021084
0.000000
0.000000
0.000000
0.000000
0.000000
0.000000
0.000598
0.000016
0.000000
0.000042
0.000000
0.000000
0.663151
0.000000
0.000000
0.040144
0.000000
0.000000
0.014464
0.000000
0.000000
0.000000
0.000000
0.000000
0.000000
0.000000
0.000005
0.000000
0.000000
0.368697
0.000000
0.000011
0.000000
0.000001
0.000003
0.000000
0.000004
0.000000
0.000456
0.000000
0.000000
0.000000
0.000000
0.000003
0.000000
0.000000
0.000000
0.000004
0.000000
0.000000
0.000000
0.000000
0.000000
0.000014
0.000000
0.000000
0.000000
0.000000
0.000000
0.000000
0.000000
0.000000
1.000000
0.000000
0.000000
0.000000
0.000000
1.000000
1.000000
0.000000
0.000000
0.000000
0.000000
0.000000
0.000000
0.000000
0.000000
0.000000
0.052520
0.000000
0.000000
0.000000
0.000000
0.000000
0.000000
0.000000
0.000000
0.000000
0.000000
0.000070
0.000000
0.000000
0.000000
0.000000
0.000000
0.000016
0.000000
0.004913
0.000000
0.000000
0.000000
0.000006
0.000000
0.000000
0.000000
0.000000
0.928520
0.000000
0.000000
1.000000
0.000055
0.000000
0.000000
0.000000
0.000000
0.000000
0.000000
0.000000
0.002096
0.000000
0.000000
0.007576
0.000000
0.000000
0.000000
0.000000
0.000000
0.000000
0.000000
0.000000
0.000052
0.000000
0.000000
0.000000
0.000000
0.000000
0.011233
0.000000
0.000000
0.000001
0.000058
0.000000
0.978489
0.000000
0.000966
0.000000
0.000000
0.000000
0.000000
0.866372
0.000000
0.000000
0.005471
0.003067
0.000000
0.000000
0.000000
0.000000
0.000000
0.000000
0.000000
0.000000
0.000000
0.000000
0.000000
0.000000
0.059189
0.016267
0.000000
0.000000
0.005996
0.000000
0.020766
0.000000
0.000000
0.000000
0.000401
0.000000
0.020548
0.000000
0.000000
0.000000
0.000000
0.000000
0.000009
0.000000
0.000000
0.000000
0.000000
0.000000
0.000000
0.000000
0.000000
0.000000
0.000046
0.000000
0.000000
0.006580
0.000000
0.000000
0.000000
0.000000
0.000000
0.000000
0.000000
0.000000
0.000000
0.000038
0.000000
0.000000
0.000000
0.000000
1.000000
0.000000
0.000000
0.000000
0.011458
0.006065
0.000000
0.000000
0.000000
0.000000
0.000000
0.000000
0.000000
0.000000
0.000000
0.000000
0.000000
1.000000
0.000000
0.014358
0.000000
0.000464
0.000000
0.000312
0.000000
0.000023
0.391306
0.000000
0.000000
0.000002
0.000000
0.000000
0.000000
0.000000
0.000000
0.000000
0.000000
1.000000
0.000000
0.000000
0.000000
0.000000
0.000000
0.000000
0.000000
0.000000
0.000000
0.000000
0.010370
0.250416
0.000000
0.000000
0.554900
0.000000
0.000000
0.000000
0.000000
0.000000
0.000000
0.000000
0.000000
0.000000
0.000000
0.000000
0.000000
0.000000
0.000000
0.000000
0.000000
0.000000
0.000000
0.000000
0.000000
0.000000
0.000000
0.000000
0.000000
0.000000
0.000000
0.000000
0.000000
0.000000
0.000000
0.000000
0.000000
0.000000
0.005619
0.000000
0.000000
0.000000
0.000000
0.011537
0.002410
0.000000
0.000000
0.999779
0.902514
0.000000
0.006928
0.000000
0.000000
0.000477
0.000000
0.000000
0.000000
0.000000
0.000000
0.000010
0.000274
0.000000
0.000000
0.000000
0.000000
0.000000
0.000000
0.000000
0.000000
0.003172
0.000000
0.000000
0.000000
0.000000
0.132988
0.000000
0.000000
0.000000
0.000000
0.000000
1.000000
0.000000
0.000000
0.000000
0.011664
0.011050
0.000000
0.033989
0.000072
0.000728
0.000000
0.999818
0.000003
0.000000
0.000000
0.000000
0.000000
0.001216
0.004750
0.000000
0.000000
0.000000
0.000000
0.000000
0.000000
0.000003
0.018838
0.000000
0.053254
0.000000
0.000000
0.000000
0.000000
0.000000
0.000000
0.000000
0.000000
0.000000
0.000000
0.000000
0.000000
0.000000
0.000000
0.000000
0.000000
0.000000
0.000000
0.000000
0.002805
0.000000
0.000000
0.000000
0.000000
0.006175
0.081336
0.000000
0.000000
0.000000
0.000000
0.000000
0.000000
0.000000
0.000000
0.000005
0.000000
0.000000
0.013014
0.000000
0.000000
0.009825
0.000000
0.000000
0.000000
0.000000
0.000000
0.000000
0.000000
0.000000
0.000000
0.000000
0.000000
0.000000
0.000000
0.000000
0.000000
0.000000
0.000000
0.000000
0.000000
0.000000
0.059884
0.039533
0.000000
0.000000
0.000000
0.000000
0.000000
1.000000
0.000000
0.000000
0.000000
0.000000
0.036548
1.000000
0.003131
0.000000
0.000000
0.000000
0.000000
0.980592
0.000000
0.000000
0.000000
0.000000
0.000000
0.000000
0.006307
0.000081
0.000000
0.000000
0.000000
0.000000
1.000000
0.000000
0.000000
0.000000
0.000000
0.000052
0.000000
0.000000
0.000000
0.000000
0.000000
0.000000
0.999999
0.000000
0.000000
0.000000
0.000000
1.000000
0.000000
0.000000
0.000000
0.000000
0.000000
0.428548
0.000000
0.000000
0.000000
0.000000
0.000000
0.000000
0.000000
0.000000
0.000000
0.000000
0.000000
0.000000
0.000000
0.000000
0.000000
1.000000
0.000000
0.000000
0.000000
0.000000
0.000000
0.042839
0.000000
0.000000
0.000000
0.000000
0.000000
0.000000
0.000000
0.751013
0.000000
0.000000
0.000000
0.011318
0.000000
0.000000
0.000360
0.006423
0.000000
0.000000
0.000000
0.050668
0.000000
0.369275
0.000000
1.000000
0.000000
0.000000
1.000000
0.000000
0.025015
0.000000
0.000000
0.000061
0.000000
0.000000
0.000000
0.000000
0.002953
0.000000
0.000000
0.000000
0.000167
0.000000
0.000000
0.000000
0.000000
0.000000
0.098188
0.000000
0.000000
0.000000
0.000000
0.000000
0.000000
0.000000
0.631375
0.000000
0.000000
0.000000
0.000000
0.024376
0.000000
0.106804
0.001232
0.000000
0.000000
0.017102
0.918381
0.000000
0.000000
0.045544
0.000000
0.000000
0.000000
0.000606
0.000000
0.998455
0.000000
0.001115
0.000000
0.000000
0.000000
0.000000
0.000000
0.000000
0.000000
0.000000
0.990846
0.001435
0.001815
0.000000
0.000000
0.379973
0.000000
0.000000
0.101483
0.000000
0.000000
0.000024
0.000000
0.004348
0.000000
0.797697
0.000000
0.000000
0.000000
0.000000
0.000000
0.000000
0.000000
0.367562
0.000000
0.000000
0.000072
0.000000
0.000000
0.166926
0.000000
0.000000
0.000000
0.000000
0.000000
0.000000
0.000000
0.000000
0.002471
0.000000
0.000000
0.000000
0.997985
0.000000
0.000000
0.000000
0.000569
0.447285
0.000000
0.000692
0.003301
0.000000
0.000000
0.884002
0.000000
0.000000
0.130735
0.000000
0.000000
0.000000
0.000000
0.000000
0.000072
0.000000
0.000000
0.000000
0.266519
0.180877
0.099719
0.000000
0.000000
0.000000
0.000000
0.000000
0.890285
0.000000
0.000000
0.000000
0.000000
0.000000
1.000000
0.000000
0.000000
0.010729
0.000000
0.000000
0.000000
0.003840
0.000331
0.010706
0.000000
0.000000
0.000000
0.000000
0.000000
0.000000
0.000000
0.000014
0.000000
0.000000
0.000000
0.000000
0.000001
0.000000
0.047258
0.000000
0.000941
0.000000
0.000000
0.000000
0.000000
0.000000
0.002620
0.000000
0.000000
0.000023
0.000000
0.000000
0.000000
0.059775
0.000000
0.000000
0.000000
0.000000
1.000000
0.000000
0.000000
0.000000
0.712155
0.000000
0.000000
0.000000
0.000000
0.000010
0.000000
0.000000
0.000000
0.000000
0.000000
0.000000
0.000000
0.000000
0.052838
0.000000
0.000000
0.000000
0.000000
0.000000
0.000052
0.000000
0.337632
0.000000
0.000009
0.000000
0.000000
0.000000
0.000000
0.000000
0.000000
0.000000
0.000001
0.000000
0.000000
0.000000
0.000000
0.000000
0.000001
0.000000
0.000000
0.000000
0.000000
0.000000
0.000000
0.000000
0.000000
0.000000
0.000000
0.000000
0.000000
0.000000
0.564987
0.000000
0.000000
0.000000
0.000000
0.000000
0.000000
0.000000
0.000004
0.627933
0.000000
0.000000
0.000000
0.280885
0.000000
0.000000
0.000000
0.000000
0.000000
0.001688
0.000000
0.000000
0.000000
0.000079
0.000000
0.000000
0.000000
0.000000
0.000000
0.000000
0.000000
0.001913
0.000000
0.000000
0.000000
0.000000
0.000000
0.000000
0.000000
0.008202
0.000000
0.000000
0.000000
0.000000
0.003727
0.000000
0.000000
0.000000
0.000000
0.000000
0.000000
0.000000
0.000000
0.000019
0.000000
0.000000
0.000000
0.000000
0.000000
0.000000
0.000000
0.007359
0.000000
0.253694
0.000000
0.000002
0.000000
0.000000
0.000000
0.000000
0.000000
0.000000
1.000000
0.000000
0.934606
0.761712
0.000000
0.000000
0.000000
0.000000
0.000000
0.338025
0.000000
0.000000
0.000000
0.000000
0.000000
0.000000
0.000000
0.065072
0.000000
0.021527
0.516676
0.000000
0.000000
0.000000
0.000000
0.000000
0.000000
0.000000
0.000000
0.000000
0.000000
0.000000
0.000000
0.000000
0.000000
0.000000
0.000000
0.000000
0.000000
0.000000
0.000000
0.000000
0.000000
0.701517
0.000000
0.000000
0.000000
0.000000
0.015278
0.000030
0.000000
0.000000
0.000000
0.000000
0.000000
0.000000
0.000000
0.000182
0.000000
0.000000
0.000000
0.000000
0.000000
0.000000
0.000000
0.000000
0.000000
0.000000
0.000000
0.000000
0.000000
0.000000
0.000000
0.000000
0.000000
0.000000
0.000000
0.000000
0.000000
0.000000
0.000000
0.000000
0.000000
0.000000
0.575678
0.000000
0.000000
0.000000
0.000000
0.000000
0.000000
0.000000
0.000000
0.000000
0.000000
0.148054
0.000000
0.000116
0.000000
0.000000
0.341801
0.000000
0.000000
0.001740
0.895500
0.000000
0.000000
0.000000
0.000000
0.000000
0.000000
0.000000
0.000000
0.000000
0.000000
0.622335
0.000000
0.000256
0.000000
0.000000
0.000000
0.000000
0.034226
0.000000
0.005456
0.001090
0.000000
0.000000
0.000000
0.000000
0.000000
0.000000
0.000000
0.008769
0.000000
0.000000
0.000000
0.000000
0.000000
0.000000
0.000000
0.000000
0.000000
0.000000
0.076018
0.000000
0.000000
0.000007
0.090263
0.791926
0.000001
0.000000
0.000000
0.049590
0.000000
0.000147
0.000000
0.000002
0.001674
0.000000
0.000000
0.000000
0.000000
0.000000
0.000924
0.000000
0.000000
0.000000
0.000000
0.000000
0.000000
0.000000
0.000000
0.000000
0.000000
0.000000
0.000000
0.000000
0.000000
0.061460
0.000000
1.000000
0.000000
0.000000
0.000375
0.000000
0.000000
0.000000
0.000000
0.000000
0.039953
0.000000
0.000000
0.000000
0.000000
0.003395
0.000000
0.000000
0.000000
0.080938
0.000002
0.000000
0.000000
0.000000
0.516569
1.000000
0.000000
0.000000
0.000000
0.000000
0.000000
0.000000
0.000000
0.000000
1.000000
0.000000
0.000000
0.000000
0.000000
0.000000
0.025254
0.000000
0.000000
0.000000
0.773765
0.862095
0.000000
0.000032
0.003990
0.000000
0.000000
0.000000
0.000000
0.000002
0.000000
0.000000
0.160799
0.000000
0.000209
0.000000
0.000000
0.000000
0.000001
0.000000
0.000000
1.000000
1.000000
0.041331
0.000000
0.000000
0.037380
0.626281
0.000004
0.000000
0.000000
0.000024
0.000000
0.000000
0.000000
0.000000
0.009983
1.000000
0.024475
0.000000
0.000000
0.000000
0.000000
0.000000
0.000000
0.000000
0.000000
0.000000
0.000000
0.016624
0.000000
0.000000
0.000000
0.000000
0.000000
0.000000
0.000000
0.000000
0.000000
0.000000
0.000000
0.085337
0.000000
0.000000
0.000153
0.000000
0.000003
0.000000
0.000000
1.000000
0.000000
0.000000
0.000000
1.000000
0.000000
0.000000
0.000000
0.000000
0.000000
0.000000
0.000000
0.000000
0.000000
0.000000
0.007115
0.000000
0.000000
1.000000
0.000000
0.000000
0.000000
0.000000
0.001749
0.054037
0.000000
0.000000
0.000000
0.000000
0.000000
0.000000
0.000758
0.000000
1.000000
0.000031
0.000000
0.000000
0.000000
0.000000
0.000000
0.000000
0.000000
0.000000
0.000000
0.000000
0.000000
0.000000
0.000000
0.000000
0.000000
0.000000
0.000000
0.000000
0.000000
0.215127
0.000000
0.000000
0.000000
0.000000
1.000000
0.000000
0.000000
0.000000
0.000000
0.000000
0.000000
0.000000
0.000000
0.000000
0.000000
0.990230
0.000000
0.028729
0.000000
0.000000
0.000000
0.000000
0.000000
0.000000
0.000000
0.000000
0.000264
0.000336
0.000000
0.000000
0.000000
0.000000
0.000000
0.001996
0.000000
0.000000
0.000000
0.000000
0.000000
0.000000
0.000000
0.000000
0.000000
0.000000
1.000000
0.000000
0.000000
0.000000
0.002974
0.000000
0.000000
0.000000
0.000000
0.000000
0.000000
0.000000
0.000000
0.000000
1.000000
0.000000
0.000000
0.000000
0.000000
0.001930
0.000000
0.000000
0.000000
0.000000
0.000000
0.000000
0.000000
0.000000
0.000000
0.000000
0.000000
0.000000
0.000000
0.000000
0.000000
0.000000
0.000000
0.000257
0.000000
0.000000
0.000000
0.000000
0.000000
0.000000
0.000000
0.000000
0.000000
0.000000
0.000000
0.000000
0.000000
0.006916
0.465696
0.085418
0.002771
0.000000
0.000000
0.019322
0.000122
0.000024
0.000000
0.000238
0.000000
0.139386
0.000000
0.000000
0.000000
0.000023
0.000000
0.000000
0.000000
0.000000
0.000000
0.000000
0.003147
0.000000
0.005390
0.000000
0.000000
0.000000
0.000000
0.000000
0.000000
0.000001
0.000000
0.000000
0.000000
0.000000
0.000000
0.000000
0.000000
0.504084
0.072778
0.000000
0.000000
0.000000
0.000000
0.096560
0.000000
0.000000
0.000000
0.000000
0.000000
0.000025
0.981937
0.000000
0.000000
0.000000
0.000000
0.008409
1.000000
0.000000
0.000000
0.000000
0.000000
0.007730
0.000000
0.000000
0.000000
0.000000
0.000000
0.697288
0.998161
0.000000
0.000000
0.000000
0.000000
0.000000
0.000000
0.000000
0.050038
0.000000
0.979224
0.000000
0.000000
0.056882
0.000000
0.000000
0.000000
0.000000
0.000000
0.057904
0.000000
0.000000
0.000000
0.000000
0.000000
0.000000
0.000000
0.000000
0.000000
0.000000
0.290347
0.000000
0.000000
0.000000
0.000000
0.000000
0.000000
0.000000
0.000010
0.000000
0.000000
0.000000
0.000000
0.000000
0.000000
0.000000
0.000000
0.013702
0.000000
0.000000
0.000000
0.000000
0.000000
0.000000
0.000000
0.000000
0.005924
0.000117
0.000000
0.000000
0.000000
0.000000
0.000000
0.000000
0.000000
0.000000
0.000012
0.000000
0.000000
0.000000
0.000000
0.000000
0.000000
0.000000
0.000000
0.000000
0.000789
0.000000
0.000004
0.000000
0.000064
0.010296
0.000000
0.999999
0.389883
0.000000
0.000000
0.000000
0.000000
0.000000
0.000000
0.000000
0.000000
0.000000
0.000000
0.000000
0.000000
0.000000
0.001225
0.000000
0.000000
0.000000
0.000460
0.000000
0.000000
0.000000
0.000362
1.000000
0.000000
0.222583
0.000000
0.000000
0.000000
0.106046
0.000001
0.000000
0.000000
0.000000
0.000005
0.000000
0.000000
0.000000
0.000000
0.000000
0.000000
0.000000
0.000000
0.000000
0.094746
0.000000
0.000000
0.000000
0.000000
0.000000
0.000000
0.000000
0.000000
0.000000
0.000000
0.000000
0.000000
0.000000
0.000000
0.000000
0.000000
0.000000
0.000000
0.000000
0.000000
0.000000
0.000000
0.000000
0.000000
0.000000
0.000000
0.000000
0.000000
0.000000
0.434677
0.000000
0.000000
0.000000
0.000000
0.074097
0.000000
0.000000
0.000480
0.000000
0.000000
0.997508
0.000000
0.000000
0.000000
0.000009
0.640126
0.000000
0.000000
0.000000
0.000000
0.000000
0.000000
0.000000
0.000000
0.000000
0.000000
0.000000
0.000000
0.000000
0.958620
0.000000
0.000000
0.000000
0.000000
0.000000
0.000000
0.000000
0.000000
0.000000
0.000000
0.000000
0.000000
1.000000
0.000000
0.002402
0.000000
0.000000
0.000000
0.005010
0.000000
0.000000
0.000000
0.000000
0.000000
0.000000
0.000000
0.000000
0.000000
0.000000
0.000000
0.000000
0.001164
0.000000
0.000000
0.000000
0.000000
0.016966
0.058753
0.000000
0.000000
0.001201
0.000000
0.000000
0.002210
0.000004
0.000000
0.000000
0.000000
0.000000
0.000000
0.000000
0.000000
0.000000
0.000000
0.000000
0.000000
0.000000
0.000000
0.000000
0.000000
0.002323
0.000000
0.033006
0.029563
0.000000
0.000000
0.096486
0.000000
0.000000
0.000000
0.000000
0.000000
0.000000
0.000000
0.000000
0.000000
0.000000
0.000005
0.000000
0.000000
0.000000
0.000000
0.000000
0.000000
0.000000
0.001317
0.000000
0.000000
0.000000
0.000000
0.000000
0.000000
0.000000
0.000000
0.000000
0.000033
0.000000
0.003196
0.000000
1.000000
0.427422
0.000000
0.000000
0.000000
0.771418
0.000000
0.081431
0.000000
0.000116
0.000000
0.000000
0.000000
0.000000
0.000000
1.000000
0.000000
0.000000
0.000000
0.000000
0.000000
0.000000
0.000000
0.000000
0.063598
0.000041
0.000000
0.000000
0.000000
0.000000
0.000000
0.917076
0.000000
0.468232
0.000000
0.000000
0.924548
0.000000
0.000000
0.000007
0.998303
0.000000
0.820540
0.000000
0.000000
0.000000
0.000316
0.000000
0.000000
0.000000
1.000000
0.000000
0.000000
0.976200
0.000000
0.000000
0.000000
0.000002
0.000000
0.000000
0.000000
0.007235
0.000000
0.000000
0.016209
0.000000
0.000000
0.000000
0.000000
0.000000
0.042813
0.000139
0.000000
0.000000
0.000000
0.000000
0.000000
0.000000
0.000000
0.356519
0.000000
0.000012
0.000000
0.000000
0.000000
0.000000
0.000000
0.000000
0.000000
0.007145
0.000000
0.000000
0.000020
0.000000
0.000000
0.000000
0.000000
0.000000
0.000000
0.000000
0.000000
0.000000
0.437828
0.000000
0.000000
0.000000
0.000000
0.000000
0.000000
0.000000
0.000000
0.000000
0.000000
0.000000
0.000000
0.000000
0.000048
0.000000
0.000000
0.000000
0.000000
0.000000
0.000000
0.039411
0.000000
0.000000
0.000000
0.000000
0.000093
0.000000
0.000000
0.988061
0.000000
0.000000
0.000000
0.000051
0.000000
0.000001
0.000000
0.000000
0.000000
0.000000
0.000000
0.000000
0.000000
0.000000
0.000000
0.000000
0.000000
0.000000
0.000000
0.420807
0.000000
0.000000
0.000000
0.000000
0.000000
0.000000
0.000434
0.000000
0.000000
0.000000
0.000000
0.743060
0.000000
0.000006
0.018920
0.000301
0.000000
0.006984
1.000000
0.000000
0.000000
0.000000
0.000000
0.000005
0.000000
0.060195
0.008789
0.000000
0.000000
0.000000
0.000564
0.000000
0.010385
0.000000
0.000000
0.000000
0.000000
0.000000
0.000000
0.000000
0.000000
0.000000
0.000000
0.004890
0.000000
0.000000
0.000000
0.000000
0.000000
0.000000
0.000000
0.000000
0.000000
0.986844
0.000000
0.000000
0.000000
0.000000
0.000000
0.067372
0.000000
0.012517
0.000000
0.000000
0.000000
0.000000
0.267529
0.000020
0.006430
0.000000
0.000000
0.000000
0.000000
0.000000
0.000000
0.000000
0.000000
0.000000
0.000000
0.022809
0.000000
0.000000
0.000002
0.009418
0.000000
0.000000
0.000000
0.007951
0.001703
0.000000
0.000000
0.000000
0.572546
0.008602
0.000000
0.000000
1.000000
1.000000
0.000000
0.000000
0.999967
0.000000
0.999999
0.000000
0.000000
0.000000
0.000000
0.000000
0.000000
0.000000
0.000000
0.003070
0.016683
0.000000
0.000000
0.000000
0.000000
0.000000
0.000000
0.000000
0.000000
0.000000
0.000216
0.000000
0.000000
0.059073
0.000128
0.000000
0.000000
0.000000
0.000000
0.000000
0.000000
0.000000
1.000000
0.000027
0.004877
0.003200
0.000000
0.003546
0.000000
0.000000
0.000000
0.475685
0.000000
0.022847
0.000000
0.000000
0.000422
0.000000
0.000000
0.000000
0.000000
0.000000
0.000000
0.168000
0.000000
0.000000
0.001891
0.000000
0.000000
0.000000
0.000000
0.000000
0.053854
0.000000
0.000000
0.000000
0.000000
0.000000
0.000000
0.000192
0.411948
0.000000
0.000263
0.000000
0.000000
0.000000
0.000000
0.000000
0.000000
0.000000
0.000000
0.000000
0.999573
0.000000
0.000016
0.000000
0.000000
0.000101
0.000000
0.000000
0.000000
0.000001
0.000000
0.000000
0.000000
0.000000
0.000000
0.000000
0.000000
0.733660
0.000000
0.000000
0.000327
0.000000
0.000000
0.000000
0.000000
0.000000
0.047606
0.000000
0.000000
0.001528
0.044984
0.000000
0.000000
0.005747
0.000000
0.000000
0.011775
0.000000
0.000010
0.000000
0.000000
0.000000
0.000000
0.000000
0.053972
0.000000
0.000000
0.495079
0.000000
0.013559
0.008203
0.000000
0.000000
0.000000
0.001545
0.000000
0.000000
0.000000
0.000000
0.000000
0.000000
0.035590
0.000000
0.015851
0.000000
0.000000
0.000000
0.000000
0.000000
0.000000
0.000000
0.000000
0.000000
0.000000
0.000000
0.000000
0.000000
0.000000
0.000001
0.000000
0.391930
0.000000
0.000000
1.000000
0.001134
0.000876
0.000000
0.000000
0.000000
0.000000
0.000000
0.000000
0.000000
0.000000
0.000000
0.008792
0.000000
0.000000
0.004165
0.194191
0.000000
0.000000
0.000000
0.000000
0.434045
0.074993
0.000000
0.031902
0.000000
0.000000
0.000001
0.000000
0.000000
0.000000
0.000000
0.000060
0.000000
0.000000
0.000000
0.000000
0.000000
0.000000
0.000000
0.000748
0.000000
0.000000
0.000000
0.000000
0.000000
0.000000
0.000000
0.000000
0.000000
0.000000
0.000004
0.000000
0.000000
0.000000
0.000000
0.000000
0.000000
0.000000
0.000000
0.000000
0.000000
0.000000
0.000000
0.001693
0.000000
0.195926
0.000000
0.000000
0.000000
0.000000
0.000000
0.000000
0.000036
0.000000
0.000000
0.000000
0.000000
0.000000
0.000000
0.000000
0.000000
0.000000
0.000000
0.000000
0.000000
0.000000
0.000000
0.000000
0.000000
0.000000
0.000000
0.000000
0.000000
0.000000
0.000000
0.000000
0.000000
0.000000
0.024942
0.000000
0.000000
0.000000
0.000000
0.000000
0.000000
0.000000
0.000000
0.000287
0.000000
0.000000
1.000000
0.000000
0.000000
0.000000
0.000001
0.000000
0.014971
0.000000
0.000000
0.000000
0.082073
0.000056
0.000000
0.000000
0.001096
0.000000
0.000000
0.000000
0.000023
0.000000
0.000517
0.000000
0.000000
0.000000
0.000000
0.000000
0.792784
0.000000
0.000000
0.000000
0.105156
0.000000
0.000000
0.000000
0.000000
0.000000
0.000000
0.000000
0.000000
0.000000
0.000000
0.000000
0.000000
0.000000
0.000000
0.000000
0.000000
0.000000
0.000000
0.000000
0.000000
0.000000
0.000000
0.000000
0.000000
0.000000
0.000000
0.973893
0.000000
0.000000
0.000000
0.000003
0.000000
0.003048
0.000000
0.011192
0.000000
0.000000
0.995535
0.000005
0.020524
0.000000
0.000000
0.000000
0.000000
0.000000
0.000000
0.000000
0.000000
0.000000
0.000000
0.000000
0.000000
0.000000
0.000000
0.961269
0.000000
0.000000
0.000000
0.000000
0.000483
0.000000
0.000000
0.000000
0.131199
0.000000
0.000000
0.002948
0.000000
0.000000
0.000000
0.000000
0.000000
0.000000
0.000000
0.000000
0.000000
0.999995
0.000000
0.000000
0.000000
0.001837
0.011735
1.000000
0.000000
0.000000
0.342358
0.000000
0.000000
0.000000
0.000000
0.000000
0.000000
0.000000
0.000000
0.000000
0.007998
0.000000
0.000000
0.000000
0.000000
0.000000
0.000000
0.000000
0.000000
0.000000
0.000000
0.000000
0.000000
0.007662
0.000000
0.105350
0.057723
0.000000
0.000000
0.000000
0.032485
0.000000
0.000005
0.000000
0.000000
0.014851
0.000000
0.000000
0.000000
0.000000
0.000000
0.000000
0.000000
0.000411
0.000000
0.000000
0.000000
0.000000
0.000000
0.000000
0.000000
0.000000
0.000000
0.000000
0.000000
0.000000
0.000000
0.000000
0.000000
0.000000
0.000000
0.000000
0.000000
0.000000
0.000000
0.000000
0.000000
0.000121
0.000000
0.008607
0.000175
0.000000
0.000000
0.000000
0.000000
0.000000
0.195647
0.001195
0.999978
0.000000
0.000001
0.000000
0.000000
0.000000
0.000000
0.000000
0.000000
0.000000
0.000000
0.000000
0.557330
0.000000
0.003317
0.000000
0.000000
0.000073
0.000000
0.000000
0.000000
0.000000
0.000000
0.058990
0.077847
0.000000
0.000000
0.000000
0.000000
0.000000
0.000000
0.000000
0.000000
0.000000
0.000000
0.000000
0.000000
0.000000
0.000000
0.014979
0.000594
0.000000
0.000000
0.000000
0.004816
0.000000
0.000000
0.000000
0.000000
0.000000
0.000000
0.000000
0.000000
0.000000
0.000000
0.135784
0.000000
0.000000
0.000000
0.000000
0.000000
0.000000
0.000000
0.000056
0.000000
0.000000
0.000000
0.000000
0.000000
0.000000
0.000000
0.000000
0.000000
0.000000
0.000000
0.000000
0.008800
0.000032
0.000000
0.000000
0.000037
0.092595
0.000000
0.000000
0.000000
0.000000
0.000000
0.000000
0.000000
0.670698
0.000000
0.000000
0.000000
0.000000
0.000000
0.000000
0.000000
0.000000
0.000000
0.007813
0.721262
0.000000
0.504676
0.000000
0.000000
0.000000
0.000000
0.134375
0.000000
0.000000
0.000000
0.000000
0.000000
0.005068
0.000000
0.000000
0.000000
0.000000
1.000000
0.000000
0.000000
0.000176
0.000000
0.000000
0.000000
0.000000
0.000000
0.000001
0.684074
0.949784
0.177395
0.000000
0.000000
0.077414
0.000000
0.000000
0.000000
0.000000
0.000000
0.000000
0.000000
0.000000
0.000000
0.000000
0.000000
0.000000
0.000000
0.000000
0.000000
0.000000
0.000000
0.000000
0.000000
0.000000
0.000000
0.000000
0.000000
0.000000
0.000000
0.000000
0.000000
0.000000
1.000000
0.000000
0.000005
0.000000
0.000001
0.000000
0.000000
0.000000
0.000000
0.000000
0.000000
0.000000
0.000006
0.000000
0.000000
0.000000
0.034854
0.000000
0.000000
0.000000
0.000000
0.000000
0.000000
0.453715
0.000000
0.000000
0.000003
0.000000
0.000000
0.000000
0.000000
0.000000
0.000000
0.000000
0.000000
0.000000
0.000000
0.000000
0.000000
0.000000
0.000000
0.000000
0.000000
0.000000
0.029905
0.000000
0.000006
0.000000
0.000000
0.000000
0.008378
0.000000
0.000000
0.000000
0.592482
0.000000
0.000000
0.000000
0.050263
0.000000
0.000000
0.000000
0.000000
0.000000
0.000000
0.000000
0.000000
0.000000
0.000000
0.000000
0.000000
0.211017
0.003762
0.000000
0.000000
0.000032
0.000375
0.000000
0.000000
0.000000
0.000000
0.000000
0.125996
0.000000
0.000000
0.000000
0.000000
0.000000
0.000000
0.000000
0.000000
0.000000
0.022140
0.000000
0.000000
0.000000
0.000019
0.000000
0.000000
0.000000
0.000000
0.000000
0.000000
0.000001
0.000000
0.000000
0.948391
0.003754
0.196154
0.273735
0.000000
0.000000
0.000000
0.018077
0.362003
0.000000
0.000000
0.000000
0.000000
0.000000
0.119740
0.000000
0.003577
0.000000
0.000426
0.000000
0.003008
0.000000
0.000000
0.000000
0.000000
0.000000
0.000000
0.072963
0.000041
0.001306
0.000000
0.000000
0.000000
0.000000
0.000000
0.000000
0.000000
0.000000
0.000002
0.000000
0.000000
0.000000
0.000000
0.000000
0.999992
1.000000
0.000000
0.000001
0.000000
0.976142
0.000000
0.000000
0.000000
0.000985
0.538635
0.000000
0.000000
0.000000
0.000000
0.000000
0.000000
0.000000
0.000000
0.000000
0.999840
0.000000
0.000000
0.000000
0.000000
0.000000
0.000000
0.000000
0.000000
0.000000
0.000000
0.000000
0.000000
0.000111
0.000000
0.000000
0.000000
0.000000
0.000015
0.000000
0.000000
0.000001
0.000000
0.000000
0.000000
0.000000
0.000000
0.000000
0.000000
0.000000
0.000000
0.000000
0.000000
0.000000
0.000000
0.000000
0.000000
0.000000
0.000000
0.000017
0.000000
0.000000
0.000212
0.000000
0.000000
0.002825
0.000000
0.324112
0.000000
0.000000
0.000000
0.000000
0.000000
0.167834
0.000000
0.000000
0.000000
0.026415
0.000000
0.000000
0.000000
0.000000
0.998145
0.000000
0.000000
0.001727
0.000000
0.007541
0.000000
0.000000
0.000000
0.000000
0.000000
0.000000
0.351081
0.000000
0.000208
0.000000
0.000000
0.000000
0.008624
0.000000
0.000000
0.000000
0.080949
0.000000
0.000000
0.000000
0.000000
0.000000
0.000000
0.000000
0.000000
0.000000
0.000000
0.000000
0.000000
0.000000
0.000000
0.000000
0.000000
0.000000
0.000000
0.047922
0.725175
0.988584
0.000158
0.000000
0.000000
0.000000
0.491575
0.000000
0.000000
0.000212
0.000000
0.000000
0.000000
0.000000
0.003958
0.000000
0.000000
0.000000
0.000000
0.000000
0.000000
0.000000
0.000000
0.243680
0.000000
0.444989
0.000000
0.040575
0.000000
0.000000
0.000000
0.000000
0.230670
0.352440
0.000000
0.141847
0.000000
0.000000
0.000000
0.000000
0.000000
0.000001
0.000000
0.000000
0.000000
0.050956
0.000000
0.000000
0.007613
0.000000
0.000000
0.000000
0.000000
0.000000
0.000000
0.000000
0.000000
0.000000
0.000000
0.000000
0.000000
0.000000
0.000000
0.008423
0.967109
0.000000
0.000000
0.000000
0.000000
0.000000
0.000000
0.000001
0.300531
0.000000
0.999999
0.000000
0.000000
1.000000
0.131750
0.000000
0.020606
0.057075
0.000000
0.000000
0.000000
0.000000
0.000000
0.000000
0.000000
0.000000
0.000000
0.000000
0.000000
0.000000
0.000000
0.000000
0.000000
0.000000
0.000000
0.826119
0.000000
0.000000
0.000000
0.000000
0.019661
0.000000
0.000000
0.000000
0.000000
0.000000
0.000000
0.000000
0.000000
0.000000
0.000000
0.000000
0.000000
0.000000
0.000000
0.000000
0.000000
0.000007
0.000000
0.000000
0.000002
0.000000
0.000000
1.000000
0.000000
0.506143
0.000000
0.000000
0.000000
0.000000
0.000000
0.000000
0.000000
0.000000
0.000000
0.000000
0.000000
0.000000
0.000000
0.000000
0.000000
0.000017
0.000000
0.000000
0.000000
0.000000
0.000000
0.000000
0.000000
0.000000
0.000000
0.000000
0.000000
0.000000
0.455839
0.003224
0.007172
0.000000
0.000000
0.000000
0.000000
0.000000
0.000000
0.000000
0.000000
0.000000
0.000000
0.000000
0.000000
0.000000
1.000000
0.000000
0.000000
0.034243
0.000000
0.000000
0.000000
0.000000
0.000000
0.000000
0.011287
0.000000
0.000000
0.000000
0.000000
0.000000
0.006096
0.000000
0.000000
0.000000
0.000000
0.000000
0.000000
0.000000
0.000000
0.000000
0.000000
0.000000
0.031347
0.000000
0.000000
0.000004
0.000004
1.000000
0.000000
1.000000
1.000000
0.000000
0.000000
0.000000
0.000000
0.000000
0.000000
0.000011
0.000000
0.000000
0.000000
0.000000
0.000000
0.000000
0.000000
0.000000
0.000000
0.004078
0.058072
0.000000
0.000000
0.000000
0.000339
0.000000
0.002460
0.000000
0.000000
0.000000
0.000000
0.000000
0.020300
0.000000
0.000000
0.403910
0.000000
0.000000
0.000000
0.000000
0.000000
0.000000
0.000000
0.000000
0.000000
0.000000
0.000000
0.000000
1.000000
0.000000
0.000000
0.000000
0.000000
0.000000
0.000000
0.000000
0.000000
1.000000
0.000000
0.000140
0.000000
0.000000
0.000023
0.000000
0.002695
0.000000
0.000000
0.000000
0.139973
0.000027
0.000048
0.000635
0.000000
0.000000
0.000000
0.000000
0.000000
0.953946
0.000005
0.000000
0.000000
1.000000
0.000000
0.000000
0.000000
0.000000
0.204101
0.000000
0.000000
0.000012
0.000000
0.000000
0.000000
0.000000
0.000000
0.000000
0.000000
0.000000
0.000000
0.000000
0.000000
0.000000
0.000000
0.000000
0.000000
0.000000
0.000000
0.000000
0.000000
0.000000
0.000000
0.000000
0.000000
0.097290
0.000000
0.000000
0.000000
0.005957
0.000000
0.000000
0.000000
0.000000
0.000000
0.000000
0.000000
0.111184
0.000000
0.951768
0.000000
0.000000
0.223920
0.000000
0.000000
0.000000
0.000000
0.000000
0.000000
0.654689
0.000000
0.000000
0.000000
0.000000
0.000000
0.000000
0.000000
0.000000
1.000000
0.000000
0.000000
0.000000
0.000000
0.999964
0.000000
0.000232
0.000000
0.000000
0.000000
0.000000
0.000000
0.000000
0.000574
0.000189
0.000000
0.000000
0.000000
0.000010
0.000000
0.000000
0.000000
0.000000
1.000000
0.372241
0.000000
0.000000
0.000000
0.000000
0.000000
0.000000
0.000000
0.000000
0.947183
0.000000
0.012579
0.000000
0.000000
0.000000
0.000000
0.000000
0.000000
0.000000
1.000000
0.000000
0.000000
0.000000
0.000000
0.000000
0.000000
0.000008
0.000000
0.000000
0.000000
0.000082
0.000000
0.000000
0.000274
0.000000
0.000000
0.000000
0.000000
0.000000
0.000000
0.982596
0.000000
0.000000
0.018919
0.000000
0.000000
0.000000
0.000000
0.000969
0.000000
0.000000
0.000000
0.000000
0.000082
0.000000
0.000545
0.000002
0.000000
0.052879
0.000000
0.000000
0.000000
0.159133
0.000000
0.114593
0.000000
0.000000
0.000000
0.000000
0.000000
0.487163
0.000000
0.000000
0.000002
0.000000
0.000000
0.000000
0.000000
0.000204
0.000000
0.000000
0.081516
0.005404
0.000000
0.049625
0.000000
0.000000
0.000000
0.000000
0.000000
0.000000
0.000000
0.000000
0.000000
0.000000
0.000000
0.000000
0.000000
0.000000
0.000000
0.000253
0.000000
0.000000
0.000000
0.000000
0.000000
0.000000
0.000000
0.000000
0.000000
0.000000
0.000000
0.000000
0.000000
0.000000
0.000000
0.000000
0.000000
0.000006
0.000000
0.000000
0.000000
0.000000
0.000000
0.000000
0.000000
0.473179
0.000000
0.999528
0.038174
0.000000
0.000000
0.000000
0.000000
0.000000
0.000000
0.968933
0.000000
0.000000
0.000000
0.000000
0.171948
0.000000
0.000000
0.000000
0.000000
0.000000
0.000000
0.000000
0.000000
0.000000
1.000000
0.000072
0.000004
0.004202
0.000000
0.000102
0.000000
0.959794
0.000000
0.000000
0.364345
0.936111
0.000000
0.000000
0.000000
0.000000
0.000019
0.000000
0.000000
0.000000
0.000000
0.000000
0.000000
0.000000
0.000000
0.000000
0.000000
0.000000
0.000000
0.000000
0.000000
0.000000
0.000000
0.000000
0.000000
0.003539
0.000000
0.000000
0.000000
0.000000
0.000000
0.000000
0.000000
0.000000
0.000000
0.017883
0.000000
0.000000
0.007960
1.000000
0.000000
0.000000
0.000000
