0.999991
1.000000
1.000000
1.000000
0.009406
1.000000
0.000000
1.000000
1.000000
1.000000
1.000000
0.612581
0.999776
0.000000
0.000000
0.515765
0.980500
0.000000
0.920612
1.000000
0.999336
1.000000
1.000000
0.993612
1.000000
0.000000
0.055378
0.984622
1.000000
0.879617
0.999810
0.094731
1.000000
0.999998
1.000000
0.999353
0.999997
0.000000
0.999997
0.991801
0.996459
0.754662
0.701019
0.927420
0.000000
0.999791
1.000000
1.000000
1.000000
1.000000
0.000000
1.000000
1.000000
1.000000
0.999980
1.000000
1.000000
0.752645
1.000000
1.000000
1.000000
0.999896
0.999999
0.998399
0.985795
1.000000
0.000000
0.000000
0.000000
0.000000
0.917463
1.000000
1.000000
1.000000
1.000000
1.000000
0.729913
0.796397
1.000000
0.739884
1.000000
0.358590
1.000000
0.774240
0.000000
0.954264
0.999915
0.479875
0.000000
1.000000
1.000000
0.000000
1.000000
0.008225
0.987656
1.000000
0.655477
1.000000
0.124687
0.999948
1.000000
1.000000
1.000000
0.000000
0.138968
0.884120
1.000000
1.000000
0.000000
1.000000
0.000000
1.000000
1.000000
0.111632
0.995638
0.000000
0.883327
1.000000
0.000000
1.000000
0.995429
0.915869
0.012350
0.029510
1.000000
0.000000
1.000000
0.655477
1.000000
0.764791
0.029102
0.651710
1.000000
1.000000
0.996610
0.979338
1.000000
1.000000
0.000000
0.803342
0.050596
0.466010
0.669226
1.000000
1.000000
1.000000
0.000000
1.000000
0.022814
1.000000
1.000000
0.982762
0.000000
0.000000
0.980467
0.195053
0.993141
0.986334
0.934243
1.000000
0.000000
1.000000
0.999815
1.000000
0.057793
0.000000
0.998892
1.000000
0.952495
0.789089
0.994652
0.998747
1.000000
0.999996
1.000000
0.376384
1.000000
1.000000
0.000000
1.000000
1.000000
0.697673
0.999870
0.000000
0.972243
1.000000
1.000000
1.000000
0.990400
0.999978
1.000000
0.990572
1.000000
1.000000
0.999998
0.097598
1.000000
1.000000
1.000000
1.000000
0.103624
0.969619
1.000000
0.998362
0.190720
1.000000
0.991255
1.000000
0.999883
1.000000
1.000000
0.584816
0.081855
1.000000
0.936622
0.996208
0.014137
1.000000
1.000000
1.000000
0.952257
1.000000
0.276650
1.000000
0.314540
1.000000
0.000000
1.000000
1.000000
1.000000
0.000000
0.023854
0.000000
0.000000
1.000000
0.998378
1.000000
1.000000
0.544958
0.628972
1.000000
1.000000
0.729647
0.942533
0.609171
0.000953
0.732029
0.000000
0.840160
0.072646
1.000000
0.983469
1.000000
0.977179
0.995373
0.000000
0.800282
1.000000
1.000000
0.080667
0.987369
1.000000
1.000000
1.000000
0.999999
0.057141
1.000000
0.000000
0.074737
0.776240
1.000000
1.000000
1.000000
0.999846
1.000000
0.000000
1.000000
1.000000
0.000000
0.856931
1.000000
1.000000
0.997905
0.605736
1.000000
1.000000
0.011291
0.999982
0.988118
1.000000
1.000000
1.000000
0.000000
0.787259
0.999999
0.999933
1.000000
0.993445
0.999999
1.000000
1.000000
0.000000
0.999157
0.187272
0.000000
0.483681
1.000000
1.000000
0.893811
0.000000
0.144035
0.856441
1.000000
1.000000
1.000000
0.964049
0.000022
0.980376
1.000000
0.000000
0.675236
0.000702
0.000000
0.702261
0.000000
0.588248
0.157899
0.634859
1.000000
0.000000
1.000000
1.000000
0.575215
0.032164
1.000000
1.000000
0.091050
1.000000
1.000000
1.000000
1.000000
1.000000
0.000000
1.000000
1.000000
0.997701
1.000000
1.000000
0.000000
0.978989
1.000000
0.968429
1.000000
0.000000
0.144233
0.000000
1.000000
0.351017
1.000000
1.000000
0.000000
1.000000
0.000000
0.000000
0.486049
0.997578
1.000000
0.917528
1.000000
1.000000
0.985674
1.000000
1.000000
0.997306
0.000000
1.000000
0.987253
0.980001
0.860933
0.930778
1.000000
1.000000
1.000000
0.000000
1.000000
0.493414
1.000000
1.000000
1.000000
0.998640
1.000000
1.000000
1.000000
0.998343
1.000000
1.000000
1.000000
0.023038
0.896606
0.000000
1.000000
0.082882
0.999816
1.000000
0.967512
0.990150
0.999993
0.999999
0.011620
0.014582
0.999995
0.269255
1.000000
1.000000
1.000000
0.000000
0.000000
0.999998
0.840759
0.854731
0.000000
0.999998
0.986446
0.750118
0.952116
0.195797
0.659815
1.000000
0.128276
0.402840
0.000000
0.696997
1.000000
0.541843
0.964816
0.958164
1.000000
0.551624
0.777454
1.000000
1.000000
1.000000
0.185414
0.689700
0.999998
0.997693
1.000000
0.999514
0.942288
1.000000
1.000000
1.000000
0.989719
1.000000
0.971597
1.000000
0.021382
0.912503
0.965742
0.999951
0.000000
0.628913
1.000000
0.881415
0.999958
0.552045
0.821676
1.000000
1.000000
0.918337
0.999554
0.000001
1.000000
1.000000
1.000000
0.999612
1.000000
1.000000
0.997395
1.000000
0.040863
0.370801
1.000000
0.081370
0.996782
1.000000
0.997767
0.711738
0.885367
0.000000
1.000000
1.000000
1.000000
0.068318
1.000000
1.000000
1.000000
1.000000
0.976775
0.000000
1.000000
0.000000
0.969561
1.000000
0.000000
1.000000
0.549920
0.998503
1.000000
0.014226
0.419837
1.000000
1.000000
1.000000
0.643191
1.000000
0.999988
0.996240
0.892412
0.985355
1.000000
0.993705
0.968456
1.000000
1.000000
1.000000
0.671980
0.000000
0.000000
0.999999
0.000000
1.000000
0.000000
0.997314
0.000000
0.854507
1.000000
0.000000
1.000000
1.000000
0.000000
1.000000
1.000000
1.000000
1.000000
0.006628
0.995609
1.000000
0.039347
0.000000
1.000000
0.057581
0.000000
0.000000
0.999886
0.981380
0.000000
0.072858
1.000000
0.999995
0.994424
0.000802
1.000000
0.998624
0.000000
1.000000
0.247915
1.000000
0.999677
0.537309
0.978223
0.984548
0.999724
0.890608
1.000000
0.000869
0.000000
1.000000
1.000000
1.000000
1.000000
1.000000
1.000000
0.669731
0.000000
0.961854
1.000000
0.000000
0.000000
0.995349
0.947561
0.971499
1.000000
1.000000
1.000000
0.655477
0.543572
1.000000
1.000000
0.000000
0.991345
1.000000
0.718274
0.000446
0.999392
0.000025
0.978334
0.768881
1.000000
0.000000
0.487926
0.412055
1.000000
1.000000
1.000000
0.485574
1.000000
0.930458
1.000000
0.997105
1.000000
1.000000
0.999642
0.287047
1.000000
1.000000
0.417043
1.000000
0.852593
0.561086
1.000000
1.000000
0.000045
0.000000
0.093201
0.117858
0.063273
1.000000
0.000000
1.000000
0.791346
1.000000
1.000000
0.870069
1.000000
0.000000
0.953402
1.000000
0.999998
0.256738
0.000000
1.000000
0.999957
0.999713
0.998641
0.000000
0.999972
0.000000
0.000000
0.000000
0.997147
0.000000
1.000000
0.954821
1.000000
0.073114
0.975398
1.000000
0.992280
1.000000
1.000000
1.000000
0.004492
0.683558
0.752403
0.048416
0.000342
0.000000
1.000000
1.000000
1.000000
0.945457
0.693815
1.000000
0.832284
1.000000
0.959493
0.188181
1.000000
1.000000
0.000000
0.999784
0.000000
1.000000
0.825829
0.133868
1.000000
0.639551
0.947165
1.000000
1.000000
0.000000
1.000000
0.000000
0.005983
0.926939
0.700748
1.000000
1.000000
1.000000
0.878829
0.991288
1.000000
1.000000
1.000000
1.000000
0.923889
0.652774
0.999917
0.335059
0.999976
0.999905
1.000000
0.899954
0.898018
1.000000
0.132095
0.999973
0.899077
0.986090
1.000000
0.988596
0.999988
0.953267
1.000000
0.999630
1.000000
1.000000
0.999999
1.000000
0.000009
0.999779
0.912430
1.000000
1.000000
1.000000
0.978334
1.000000
1.000000
0.000000
0.000000
0.172252
1.000000
1.000000
0.000000
0.549421
1.000000
0.000000
0.000000
0.994021
1.000000
0.999575
0.000000
1.000000
0.000238
1.000000
0.726169
0.000000
0.000000
0.391199
0.399280
1.000000
0.000000
1.000000
0.993616
0.000000
0.995696
0.999999
1.000000
1.000000
0.001536
0.000000
1.000000
0.997930
0.999157
0.000438
1.000000
1.000000
1.000000
0.876259
0.973805
0.999456
0.035724
0.000000
0.438969
0.182774
0.999076
0.000000
1.000000
0.999829
1.000000
0.647493
0.000000
1.000000
0.000000
1.000000
0.000319
0.634983
0.000000
0.746954
1.000000
1.000000
0.000000
0.982643
0.999978
1.000000
1.000000
0.070430
1.000000
0.758982
0.999799
0.976218
1.000000
0.172252
1.000000
0.007875
0.543590
0.998278
1.000000
0.000000
0.000000
0.059979
0.999132
1.000000
0.974662
1.000000
0.997969
1.000000
1.000000
0.981718
0.000000
1.000000
0.000000
1.000000
1.000000
1.000000
1.000000
0.000000
0.997274
0.782721
1.000000
0.985458
0.668978
0.940092
0.984583
1.000000
1.000000
0.000000
0.000000
1.000000
0.000000
0.050596
1.000000
1.000000
0.000000
1.000000
0.929988
0.228541
1.000000
0.999551
0.969380
1.000000
1.000000
1.000000
0.000000
0.471951
1.000000
0.978010
0.000000
1.000000
0.745510
0.953872
0.509442
0.014453
0.015417
0.004430
1.000000
0.806457
0.966521
0.000000
0.278978
0.999091
1.000000
0.997757
0.622979
0.020928
1.000000
1.000000
0.999999
1.000000
1.000000
1.000000
1.000000
1.000000
0.999045
0.034896
0.980244
0.000000
0.714122
0.879617
1.000000
0.405271
0.999258
0.999979
0.056935
0.000000
0.000000
0.000000
0.000008
1.000000
0.010864
0.992415
0.000000
1.000000
0.487783
0.000000
0.000000
0.999686
0.000000
0.374906
0.869930
0.000000
0.989766
1.000000
1.000000
0.186084
0.999949
0.035632
0.000000
0.000000
0.000000
1.000000
0.753948
0.991411
0.533277
1.000000
0.994606
0.985133
0.999929
0.000000
1.000000
0.999784
1.000000
0.999880
1.000000
0.020118
0.999996
0.997710
0.156714
0.000000
0.990695
0.999988
0.990231
0.999702
0.024686
1.000000
0.785354
0.905243
1.000000
0.213321
0.668650
0.992220
1.000000
0.974816
0.302226
1.000000
0.117024
0.980616
1.000000
0.992451
0.000000
0.000000
0.922779
0.999998
0.131627
0.000000
0.000000
1.000000
0.932293
1.000000
1.000000
1.000000
0.000000
1.000000
0.868191
0.022853
0.905569
0.965527
0.999557
0.000000
0.999827
0.000000
0.994219
0.366642
1.000000
1.000000
0.998571
1.000000
0.909923
0.000000
1.000000
0.000000
0.000000
0.963481
1.000000
1.000000
0.988415
0.453273
1.000000
0.000000
0.965801
1.000000
0.000000
1.000000
1.000000
0.004216
1.000000
0.918867
1.000000
0.000000
0.878954
0.883312
0.574014
1.000000
0.917528
0.899569
0.001274
0.000000
0.000000
0.369552
0.999960
0.000000
1.000000
0.552940
0.999998
0.000000
0.206672
0.000000
0.653894
1.000000
0.997581
0.999983
1.000000
0.705456
1.000000
0.996854
0.999994
0.999700
1.000000
0.848103
0.989201
1.000000
1.000000
0.546989
0.850600
0.012110
1.000000
0.999969
0.060880
1.000000
0.063024
0.984629
0.000000
1.000000
1.000000
1.000000
0.000000
0.459821
1.000000
0.999481
0.941843
0.000000
1.000000
0.999939
0.999981
1.000000
0.000903
0.037523
0.000000
1.000000
0.000000
0.789487
0.999272
0.000000
1.000000
0.999998
0.981428
0.000000
0.995895
0.000000
0.972544
0.000000
0.907538
0.903483
0.994397
0.869030
1.000000
0.733590
1.000000
0.685163
1.000000
0.000000
0.000000
1.000000
1.000000
1.000000
1.000000
0.998701
0.986045
0.485023
1.000000
1.000000
0.901255
0.834850
0.000000
0.999973
1.000000
1.000000
0.991448
1.000000
0.477232
0.525136
0.999021
1.000000
0.023911
0.000000
0.999655
1.000000
0.986518
1.000000
1.000000
0.986711
0.000000
0.000000
0.969300
0.000000
0.000000
0.973473
0.999286
1.000000
0.972634
1.000000
0.000000
1.000000
0.988398
0.000000
1.000000
0.444863
0.918211
0.999844
1.000000
1.000000
0.000000
1.000000
0.999946
0.092970
0.999896
1.000000
0.714386
1.000000
0.909241
0.841757
0.999997
0.157981
1.000000
1.000000
0.999998
1.000000
0.279607
0.000000
0.838849
0.999993
0.999894
1.000000
1.000000
1.000000
1.000000
0.000000
1.000000
0.000000
1.000000
0.005840
1.000000
0.000000
0.998071
1.000000
1.000000
0.994699
1.000000
0.697050
0.000454
0.995559
1.000000
1.000000
1.000000
1.000000
0.999933
1.000000
1.000000
1.000000
1.000000
1.000000
1.000000
0.000000
1.000000
0.627119
0.999935
0.022591
0.000000
0.670993
1.000000
0.960282
0.999661
0.380684
0.999998
0.994960
0.000000
0.000000
0.758982
0.761593
1.000000
1.000000
1.000000
1.000000
0.993118
0.980716
0.233582
0.007672
0.449663
1.000000
1.000000
0.998549
0.000000
0.997084
0.000000
0.487755
1.000000
1.000000
1.000000
0.984985
1.000000
0.999993
0.000000
1.000000
0.929818
0.804648
0.984790
0.000000
0.017712
0.603217
1.000000
1.000000
0.000000
0.001451
1.000000
0.999999
1.000000
0.772180
1.000000
0.210978
1.000000
0.000000
0.600771
1.000000
1.000000
0.999867
1.000000
0.109063
1.000000
1.000000
1.000000
1.000000
1.000000
1.000000
1.000000
1.000000
1.000000
1.000000
0.979314
0.999947
0.000000
0.000000
0.999805
0.000000
0.993608
0.999703
0.000346
0.010896
0.999140
0.000000
0.998046
1.000000
0.995953
0.880851
0.000000
0.000000
0.997271
0.999852
1.000000
0.139652
0.987845
0.634859
0.000000
1.000000
0.999995
1.000000
1.000000
0.000000
1.000000
0.681469
0.000000
0.024447
1.000000
1.000000
0.385217
0.404221
0.994730
0.000000
0.042599
0.997444
0.000000
0.493565
1.000000
0.992863
1.000000
1.000000
0.000000
1.000000
0.999935
0.985272
0.000000
0.000090
1.000000
0.999978
0.000000
0.999997
0.994643
0.000000
0.000000
1.000000
0.926809
1.000000
1.000000
0.570456
1.000000
1.000000
0.000000
0.999722
0.112798
1.000000
0.000000
0.222426
1.000000
1.000000
0.999156
0.000000
0.995552
0.302105
1.000000
0.000000
0.848961
0.994530
1.000000
0.044534
1.000000
1.000000
1.000000
1.000000
1.000000
0.917266
1.000000
0.000000
1.000000
1.000000
1.000000
0.000000
1.000000
1.000000
0.999996
1.000000
1.000000
0.651920
0.434099
0.001470
0.999840
0.043815
1.000000
0.996737
0.000000
0.985130
0.000000
1.000000
0.000000
0.000000
0.615160
0.362188
0.999641
1.000000
1.000000
0.003477
1.000000
0.967400
0.000000
1.000000
0.000000
1.000000
0.875466
0.000000
1.000000
0.000000
1.000000
0.034794
0.000695
1.000000
0.000000
0.986252
0.000000
0.613124
1.000000
1.000000
0.000000
0.043797
0.000000
0.003720
0.999272
0.815438
0.112119
1.000000
1.000000
0.866493
0.684451
1.000000
0.000000
1.000000
0.000000
0.001745
0.907349
0.999610
0.000000
0.996348
0.999589
0.000000
0.314396
1.000000
0.333722
1.000000
0.997869
1.000000
1.000000
1.000000
1.000000
0.008253
0.000000
0.000000
1.000000
0.612526
1.000000
0.003689
0.000536
0.998960
1.000000
1.000000
0.038383
0.000000
0.996501
0.000000
1.000000
1.000000
1.000000
0.625658
1.000000
1.000000
1.000000
0.015493
1.000000
0.976696
0.013871
0.838489
0.999999
0.000000
1.000000
1.000000
1.000000
0.999996
1.000000
1.000000
1.000000
1.000000
0.929602
0.999999
0.000000
0.749937
0.000000
1.000000
0.000000
0.917901
1.000000
0.980326
0.992841
0.000000
1.000000
0.883374
0.884719
0.000000
0.999932
0.999573
1.000000
0.999991
0.999900
1.000000
0.000000
0.000000
0.758982
1.000000
1.000000
0.002773
0.994433
0.947443
0.000000
1.000000
1.000000
0.915417
1.000000
1.000000
0.998753
1.000000
0.636186
1.000000
0.355613
1.000000
0.000000
1.000000
0.825898
0.000000
0.121272
1.000000
0.402246
0.999149
0.000000
1.000000
0.000000
0.000000
1.000000
1.000000
0.718766
0.896822
0.994256
0.989701
0.737246
0.989517
1.000000
0.907493
1.000000
1.000000
1.000000
1.000000
0.000000
1.000000
0.999991
1.000000
0.000000
0.684451
0.993268
0.000000
1.000000
0.809190
0.000000
1.000000
0.999984
1.000000
0.000000
0.141100
1.000000
1.000000
0.571297
0.652502
0.000000
1.000000
0.025786
1.000000
0.999557
1.000000
0.999997
0.898900
1.000000
0.903636
1.000000
0.071614
0.594701
1.000000
0.000000
1.000000
1.000000
0.000000
1.000000
0.000000
0.929168
1.000000
0.850387
0.095194
1.000000
0.573581
1.000000
0.952098
0.287047
1.000000
1.000000
0.998864
0.513126
1.000000
1.000000
0.999969
0.000000
1.000000
1.000000
0.000000
0.941723
1.000000
0.980224
1.000000
0.993980
1.000000
0.000610
0.267320
0.000000
1.000000
0.962172
1.000000
1.000000
0.973538
0.975951
1.000000
0.659022
1.000000
1.000000
1.000000
0.222426
0.000000
0.660305
1.000000
1.000000
1.000000
1.000000
1.000000
0.526115
0.999983
1.000000
0.978565
1.000000
1.000000
0.997017
0.001213
0.093707
0.991825
1.000000
1.000000
0.996545
1.000000
1.000000
0.999671
0.000000
1.000000
1.000000
1.000000
0.003818
0.647876
0.018832
0.000000
0.999994
0.999995
0.000000
1.000000
1.000000
1.000000
1.000000
0.981893
0.150494
0.917388
0.994814
1.000000
1.000000
0.999996
1.000000
0.918920
0.000000
0.999896
1.000000
0.000000
1.000000
0.688527
1.000000
0.049177
0.627124
0.041181
0.823431
0.000000
0.000000
0.000000
0.999492
1.000000
1.000000
0.821455
0.999400
1.000000
0.000000
0.000000
0.000000
1.000000
0.977982
1.000000
0.000000
0.763782
0.999018
0.000000
1.000000
1.000000
0.000000
0.827379
0.937552
0.999999
1.000000
0.761059
1.000000
1.000000
0.000668
0.000000
1.000000
0.920096
0.967257
1.000000
1.000000
0.352780
0.808218
1.000000
0.000000
1.000000
0.069923
1.000000
0.999998
0.922126
0.000000
0.546813
0.973302
1.000000
1.000000
1.000000
1.000000
1.000000
0.999665
1.000000
1.000000
0.012086
1.000000
0.662946
0.000000
0.000000
0.750126
0.794815
1.000000
1.000000
1.000000
1.000000
1.000000
1.000000
0.000000
0.996854
0.945361
0.999988
0.117024
1.000000
1.000000
0.551594
0.993625
0.996190
0.999924
1.000000
1.000000
0.706642
1.000000
0.667575
0.944464
0.000000
1.000000
1.000000
0.795143
0.000000
0.853053
0.851364
0.833904
0.389393
0.833118
1.000000
1.000000
0.999982
0.978614
1.000000
0.996560
1.000000
1.000000
1.000000
0.823352
1.000000
1.000000
1.000000
0.000000
0.000000
0.132599
1.000000
0.000000
0.925099
1.000000
1.000000
0.646463
0.000000
0.979316
0.543424
1.000000
0.000000
0.999850
1.000000
0.788859
0.892705
0.613124
1.000000
0.000000
0.999946
1.000000
0.971191
0.619177
0.839385
1.000000
0.000000
0.999314
0.969233
0.000000
0.992486
0.000000
0.999989
0.000000
0.009533
1.000000
1.000000
0.996335
0.000153
1.000000
0.000000
0.884431
0.948319
0.000000
1.000000
1.000000
0.999985
1.000000
1.000000
0.000000
0.999945
0.972243
0.999999
0.983823
1.000000
1.000000
0.000000
1.000000
0.999827
0.999897
1.000000
0.976951
1.000000
1.000000
1.000000
1.000000
0.000000
0.606324
0.993361
0.991665
0.000000
0.759551
1.000000
0.511896
0.000001
1.000000
0.999745
0.000000
0.987869
0.000000
0.000000
0.314468
0.999923
1.000000
1.000000
0.692559
0.858607
1.000000
1.000000
1.000000
0.730239
0.000000
0.056158
0.959477
0.100727
0.531840
1.000000
0.000495
1.000000
0.487195
1.000000
0.000000
0.999997
0.859442
0.000000
1.000000
0.000000
0.680189
0.001606
0.999793
0.989965
0.000000
0.000000
0.000000
0.999224
0.899305
1.000000
0.999999
0.000000
0.000000
0.000879
1.000000
1.000000
1.000000
0.999997
1.000000
1.000000
0.998858
1.000000
0.999985
0.844086
1.000000
0.000000
1.000000
0.000000
0.851364
0.093201
1.000000
1.000000
0.000000
0.000092
1.000000
0.999996
0.998616
1.000000
0.966060
0.000077
0.901242
1.000000
0.000000
1.000000
0.000000
0.163907
0.596067
0.000000
0.000000
0.000004
0.999590
1.000000
1.000000
0.995178
0.000000
0.999576
1.000000
0.000000
1.000000
1.000000
1.000000
0.028298
1.000000
0.318475
1.000000
0.915037
0.743206
1.000000
0.999300
0.015430
0.000000
0.613312
0.000000
1.000000
0.000000
1.000000
0.991872
0.000000
0.999990
0.000000
0.997489
0.999908
0.783451
0.977480
0.999617
1.000000
1.000000
0.502796
1.000000
1.000000
0.966334
0.130578
1.000000
0.000000
1.000000
1.000000
0.999783
0.562464
0.619110
0.946432
0.996749
0.952917
1.000000
1.000000
0.997967
0.967126
1.000000
0.750964
0.861106
1.000000
0.000000
1.000000
0.988071
0.773598
0.000000
1.000000
0.000000
0.999971
1.000000
1.000000
0.998489
1.000000
1.000000
1.000000
1.000000
1.000000
1.000000
1.000000
1.000000
0.000000
0.318289
1.000000
1.000000
0.999895
1.000000
1.000000
1.000000
1.000000
0.997836
0.899077
0.000000
0.999852
1.000000
1.000000
0.140736
0.000000
0.350258
0.888782
0.737586
1.000000
0.852993
1.000000
1.000000
0.999248
1.000000
0.940212
1.000000
1.000000
1.000000
1.000000
0.947165
0.000000
0.000003
0.908537
0.673668
0.983486
1.000000
0.999996
0.754256
0.000000
0.359112
0.000000
1.000000
0.051660
1.000000
1.000000
0.972869
0.903796
0.000000
1.000000
0.099966
1.000000
1.000000
0.000000
0.000000
0.999999
0.084053
0.998531
0.733532
0.246439
0.994528
1.000000
1.000000
0.055252
1.000000
1.000000
1.000000
1.000000
0.910514
0.999984
1.000000
0.938306
0.981718
0.469007
0.000000
1.000000
0.634341
0.000000
0.994403
0.999986
0.000000
0.984780
0.982762
0.000000
0.004503
0.000000
0.000000
1.000000
1.000000
0.986896
1.000000
0.002773
0.998574
0.000000
0.675641
0.962443
0.049891
0.998595
0.613124
0.000000
0.966694
1.000000
0.000000
0.000000
0.999997
0.294628
0.000162
0.793070
0.638090
0.000000
0.999866
0.999608
0.982310
1.000000
0.993496
0.000000
0.981345
1.000000
0.000000
1.000000
0.000000
0.066670
1.000000
0.132806
1.000000
0.000000
1.000000
0.000000
0.338677
1.000000
0.002966
0.000000
0.653176
0.000000
1.000000
0.657003
1.000000
0.998434
0.999070
1.000000
1.000000
0.999991
0.999249
0.878834
0.379262
1.000000
1.000000
0.422455
0.968420
0.000000
1.000000
0.999978
1.000000
1.000000
0.717203
0.184220
0.845831
0.096313
0.995475
0.998036
0.516178
0.817660
0.001473
0.842569
0.942288
0.976135
1.000000
1.000000
1.000000
1.000000
0.990854
0.109535
0.000000
0.000000
0.359871
1.000000
1.000000
1.000000
0.053035
0.966383
1.000000
1.000000
0.998231
1.000000
1.000000
0.984992
1.000000
0.135688
1.000000
0.851364
0.089885
0.990802
0.000000
1.000000
0.000000
0.999999
1.000000
0.996661
1.000000
0.000000
0.916738
0.000000
1.000000
0.000000
1.000000
1.000000
0.448273
0.855801
1.000000
1.000000
0.535894
1.000000
1.000000
0.063024
1.000000
0.628423
1.000000
0.875912
0.000000
1.000000
0.999981
0.086120
1.000000
1.000000
0.999984
0.999910
1.000000
1.000000
0.001164
0.000235
1.000000
0.680189
0.506481
0.999941
1.000000
1.000000
0.000000
0.999836
0.996486
0.949895
1.000000
0.000000
1.000000
0.019138
1.000000
1.000000
0.999979
0.168183
0.893730
0.961096
1.000000
1.000000
0.419952
1.000000
0.000000
0.999899
1.000000
1.000000
1.000000
0.999018
0.002851
1.000000
1.000000
0.001470
0.998855
1.000000
0.967830
1.000000
1.000000
1.000000
0.999984
0.000000
0.000000
0.187587
0.000000
0.000315
0.000000
0.747433
0.000000
0.981913
0.000000
0.129385
0.787471
0.587161
1.000000
0.635071
0.998577
1.000000
0.000000
1.000000
0.938888
0.561132
0.079615
0.988420
0.053602
1.000000
0.000000
0.993716
0.053180
0.000000
0.000000
0.000000
1.000000
1.000000
0.998072
0.758982
0.990222
0.774447
0.000000
0.524312
0.000000
1.000000
1.000000
0.002665
1.000000
1.000000
1.000000
0.870956
0.999541
1.000000
0.002610
0.000000
0.000000
0.001250
0.999828
0.000000
1.000000
0.990734
0.972160
1.000000
0.988278
0.999999
1.000000
1.000000
0.973290
1.000000
0.685796
0.823462
0.647842
0.841667
1.000000
0.999992
0.544467
0.000000
1.000000
1.000000
0.999746
0.999968
0.980326
1.000000
1.000000
1.000000
0.000000
1.000000
1.000000
0.999783
0.990198
0.000000
0.000000
1.000000
0.000000
0.101316
0.999890
1.000000
0.781112
0.999998
0.999370
0.813225
1.000000
0.005530
0.000000
1.000000
1.000000
0.000000
0.000150
0.007350
1.000000
1.000000
1.000000
0.863305
1.000000
0.000000
1.000000
1.000000
1.000000
0.336939
1.000000
1.000000
0.989823
0.860242
0.000000
0.514145
0.999988
1.000000
1.000000
0.001957
0.000000
0.993270
1.000000
1.000000
1.000000
0.514441
0.989985
0.000000
0.917757
1.000000
1.000000
1.000000
1.000000
1.000000
0.076166
0.000000
0.870386
1.000000
0.985788
0.209385
1.000000
1.000000
0.422512
0.998152
0.000000
1.000000
0.999998
0.999440
0.999927
0.922439
1.000000
0.000000
0.936479
0.999964
0.951258
1.000000
1.000000
0.662757
0.404392
1.000000
0.000000
1.000000
0.714118
0.975846
0.999996
1.000000
1.000000
0.999334
1.000000
0.000000
1.000000
0.788914
1.000000
1.000000
1.000000
0.132898
0.711220
1.000000
1.000000
1.000000
0.000000
0.187826
1.000000
1.000000
0.000000
0.148699
1.000000
0.999830
1.000000
0.694350
0.961986
0.502083
0.823631
0.624676
1.000000
1.000000
0.715211
0.598974
1.000000
0.999960
0.999784
0.999998
0.000649
0.348852
0.000000
0.907718
0.000000
0.000000
0.999586
1.000000
0.999719
0.679256
0.999366
0.959186
0.965382
1.000000
0.006807
1.000000
0.000000
1.000000
0.413297
0.000002
1.000000
0.917463
1.000000
0.952395
0.979212
0.008375
0.151388
0.999334
1.000000
0.994937
0.505038
1.000000
0.999990
1.000000
0.999068
0.000000
0.999791
0.999999
1.000000
1.000000
0.888468
0.840560
1.000000
1.000000
0.000000
0.000000
1.000000
1.000000
0.000000
1.000000
1.000000
0.006168
0.049368
0.999988
0.000000
0.096882
1.000000
0.712165
0.052536
0.999914
0.997701
0.000000
1.000000
1.000000
1.000000
0.141148
0.109581
1.000000
0.967400
1.000000
0.999948
0.000000
0.287047
0.999974
0.999734
0.000582
0.000000
1.000000
0.734855
0.000000
1.000000
0.963278
1.000000
1.000000
0.504711
1.000000
1.000000
0.000000
0.950296
0.948399
0.934529
1.000000
0.524430
0.023617
1.000000
0.987536
0.999998
0.026629
1.000000
0.948064
0.999883
0.895916
0.000000
0.895785
0.000000
1.000000
0.999636
0.967001
0.904788
1.000000
0.000000
0.111958
1.000000
1.000000
1.000000
0.998043
1.000000
1.000000
0.321956
1.000000
0.000000
0.987536
0.000000
0.973738
1.000000
0.000000
0.002517
1.000000
0.993680
0.000000
0.299082
0.990401
1.000000
0.896564
0.000000
1.000000
1.000000
0.542129
1.000000
1.000000
0.800595
0.999932
0.000000
0.833679
0.999201
0.999968
0.000000
0.000000
0.000000
0.678694
0.919195
0.000727
0.787722
0.998921
1.000000
1.000000
0.000000
0.092344
1.000000
0.008214
1.000000
1.000000
0.952796
0.813809
1.000000
0.590814
1.000000
1.000000
0.999784
0.999620
0.999979
0.954124
0.995039
0.059977
1.000000
1.000000
1.000000
0.999999
0.999883
0.000000
1.000000
0.651008
1.000000
0.981317
0.751571
1.000000
0.999182
0.589920
0.000000
0.086244
1.000000
0.628423
0.985770
0.885901
1.000000
0.074595
0.987320
0.999966
0.947165
1.000000
0.946219
0.975398
1.000000
0.015503
0.999399
1.000000
0.715211
0.881660
1.000000
1.000000
0.994127
1.000000
0.965601
1.000000
0.000000
1.000000
0.967927
1.000000
0.828848
0.997822
1.000000
0.999885
0.989467
0.999991
1.000000
0.000000
0.996437
1.000000
0.000000
1.000000
1.000000
0.000000
0.000000
0.988779
0.999691
1.000000
1.000000
1.000000
0.973710
1.000000
0.000000
1.000000
0.000000
1.000000
0.999762
1.000000
0.904303
1.000000
1.000000
1.000000
0.958225
1.000000
1.000000
0.997030
0.418168
1.000000
0.159146
0.999673
1.000000
0.706135
0.989579
0.965355
0.924478
0.203078
0.860040
0.000112
0.650339
1.000000
0.997857
0.000000
1.000000
0.999772
0.002921
0.843322
1.000000
1.000000
1.000000
1.000000
0.000000
0.751006
0.280819
0.997596
0.000000
0.999805
0.999401
0.164799
1.000000
1.000000
1.000000
1.000000
1.000000
0.999940
0.680811
1.000000
0.363963
0.000000
0.106457
1.000000
1.000000
1.000000
0.025548
1.000000
0.000000
1.000000
0.999999
1.000000
0.997801
0.950751
1.000000
0.999694
0.000026
0.997105
1.000000
0.999949
0.999993
1.000000
0.950190
0.000000
1.000000
1.000000
1.000000
0.962555
1.000000
0.533561
1.000000
1.000000
0.932293
0.991796
0.573054
0.000000
1.000000
0.000000
0.997936
0.000000
0.000085
0.394945
0.558799
0.546913
1.000000
0.758982
0.999542
0.000000
1.000000
0.996182
1.000000
0.000000
1.000000
0.993443
1.000000
0.163759
1.000000
0.030257
1.000000
0.999610
0.000000
0.999939
1.000000
1.000000
1.000000
1.000000
1.000000
0.995827
0.000000
1.000000
0.985726
0.681525
0.205797
1.000000
0.830869
0.134732
0.996390
1.000000
1.000000
0.236996
1.000000
0.842559
1.000000
0.000000
1.000000
1.000000
1.000000
1.000000
1.000000
0.000000
1.000000
1.000000
0.987891
1.000000
1.000000
1.000000
0.000589
1.000000
1.000000
1.000000
0.000000
0.000000
0.851168
1.000000
0.862013
0.000000
1.000000
1.000000
1.000000
1.000000
1.000000
0.999934
1.000000
0.013064
1.000000
1.000000
0.933765
1.000000
1.000000
1.000000
1.000000
1.000000
0.999765
0.000000
0.990979
1.000000
0.000000
0.161460
1.000000
0.000000
0.999999
0.997064
0.887592
1.000000
0.901033
0.058113
0.529118
0.882502
0.490326
0.512079
0.999929
1.000000
1.000000
1.000000
1.000000
1.000000
1.000000
0.222426
0.966755
0.999988
0.000000
0.980441
0.112798
0.000000
0.545562
0.999974
1.000000
1.000000
0.035183
0.001801
1.000000
0.000000
1.000000
0.033535
0.244045
0.000000
0.992039
1.000000
1.000000
0.917602
0.913832
1.000000
0.991322
1.000000
1.000000
0.000892
0.000000
1.000000
0.999927
1.000000
1.000000
0.984237
0.988503
0.000000
0.000000
1.000000
0.726217
0.937529
0.966579
1.000000
0.968837
0.000420
1.000000
0.999388
0.000000
0.846450
0.999979
0.000000
1.000000
0.997912
0.999881
0.000000
0.000000
0.000000
1.000000
1.000000
1.000000
0.780629
1.000000
0.888687
1.000000
0.937988
0.933700
0.979378
0.000000
0.413437
1.000000
0.000000
0.981886
0.751894
1.000000
1.000000
0.000000
0.000000
1.000000
0.000190
1.000000
0.996990
1.000000
1.000000
0.000000
0.000202
0.605736
0.527981
1.000000
0.995305
0.000000
0.983115
1.000000
1.000000
0.000000
0.983522
1.000000
0.999549
0.984289
0.558747
0.944581
0.999994
0.996306
1.000000
1.000000
0.997729
0.000000
0.116840
1.000000
1.000000
1.000000
1.000000
1.000000
0.722271
1.000000
0.000000
0.429954
1.000000
1.000000
1.000000
0.999999
0.000000
1.000000
1.000000
0.973192
0.999977
1.000000
0.994182
1.000000
0.097285
0.000000
1.000000
1.000000
1.000000
1.000000
1.000000
0.933102
1.000000
0.000000
0.999991
0.981097
0.985981
0.005948
0.999999
1.000000
0.000000
0.000000
1.000000
1.000000
0.999999
0.176969
0.027089
0.710924
0.491765
0.000000
1.000000
0.000000
0.999833
1.000000
0.081933
0.000000
0.999791
1.000000
0.980716
0.999999
0.702403
1.000000
0.988117
0.583908
1.000000
0.999939
0.948397
1.000000
0.000000
0.002655
1.000000
0.985803
1.000000
0.000000
1.000000
0.999999
1.000000
1.000000
0.977775
0.000000
1.000000
0.046114
1.000000
1.000000
0.024329
0.407134
0.978241
0.810563
1.000000
0.994315
0.988574
0.966919
1.000000
0.995237
0.000000
1.000000
0.900740
1.000000
0.574039
1.000000
1.000000
1.000000
0.000000
0.000000
0.999243
0.000000
1.000000
0.970991
0.000000
0.999887
1.000000
1.000000
0.999994
1.000000
1.000000
1.000000
0.714118
1.000000
0.995552
0.000000
0.999998
0.000000
0.231254
0.002171
0.000000
0.521875
0.994217
0.098258
1.000000
1.000000
1.000000
0.453273
1.000000
0.000000
1.000000
1.000000
1.000000
1.000000
0.253626
0.907718
0.000000
1.000000
0.902633
0.000000
0.000000
0.000000
1.000000
0.729913
1.000000
1.000000
1.000000
0.000000
1.000000
0.000000
1.000000
0.000000
0.996674
0.995597
0.989291
1.000000
1.000000
0.999999
0.000000
0.228515
0.380974
0.844714
0.993387
1.000000
0.562488
1.000000
0.980063
1.000000
0.260997
0.469007
0.929999
0.000000
1.000000
0.995104
0.999999
1.000000
1.000000
0.999528
0.295518
0.990228
1.000000
1.000000
0.000000
0.788914
1.000000
1.000000
0.505801
1.000000
0.000000
0.000000
1.000000
0.993220
0.000000
0.853095
0.472317
0.999995
1.000000
0.846477
1.000000
0.997270
1.000000
0.912523
1.000000
0.000000
0.000000
0.983823
1.000000
0.785953
0.000000
1.000000
1.000000
1.000000
0.000000
1.000000
0.939698
1.000000
1.000000
0.650339
0.000000
0.998620
0.999999
1.000000
0.716622
1.000000
0.000000
1.000000
1.000000
0.390719
0.957054
1.000000
0.000000
1.000000
0.000000
0.997334
1.000000
0.886011
1.000000
0.617455
1.000000
0.993185
0.981853
0.987020
0.997604
0.552940
0.000000
0.999157
1.000000
1.000000
0.909397
0.000000
0.968190
0.999734
0.999538
0.761357
0.129814
0.970703
1.000000
1.000000
0.980146
1.000000
1.000000
1.000000
0.850538
1.000000
0.999999
0.095645
0.000000
1.000000
1.000000
1.000000
1.000000
0.018312
0.000000
0.678353
1.000000
0.916582
0.994720
0.999882
0.000000
0.368891
0.000000
0.007798
1.000000
1.000000
0.928379
1.000000
0.000000
0.000000
0.999111
1.000000
0.999269
0.993477
0.000000
0.985073
1.000000
1.000000
0.999904
1.000000
0.000000
0.000000
0.981455
0.922068
1.000000
1.000000
0.000000
0.000000
0.705535
1.000000
0.000000
0.000000
0.000000
0.001440
1.000000
0.000000
0.341588
0.628421
1.000000
1.000000
0.999466
0.972917
0.222057
0.999905
0.999451
1.000000
0.144009
0.954821
1.000000
0.999988
1.000000
0.762546
0.000000
0.999661
0.000385
0.970149
0.998598
0.648979
0.000000
0.000000
1.000000
0.000000
0.941235
0.600081
0.000000
0.185980
1.000000
0.883659
0.000000
0.000000
0.037368
1.000000
0.999889
1.000000
0.942210
0.986895
1.000000
0.000000
0.000000
0.007721
0.999988
0.999528
1.000000
0.957792
1.000000
1.000000
0.009070
0.999976
0.998832
0.999017
1.000000
0.994444
0.000000
0.991485
1.000000
0.996247
1.000000
0.999991
0.992824
0.001404
1.000000
1.000000
0.999999
0.597465
0.278807
1.000000
0.420658
0.000000
0.522112
1.000000
0.000000
0.498693
0.945011
1.000000
1.000000
0.024358
0.864618
0.999997
1.000000
0.999997
0.000000
0.999999
0.029650
0.764789
1.000000
1.000000
1.000000
0.000000
0.001198
0.713597
1.000000
0.000000
0.948220
1.000000
1.000000
0.962777
0.999066
0.000000
0.888639
0.984001
1.000000
1.000000
1.000000
0.999299
0.998176
1.000000
1.000000
0.672493
1.000000
1.000000
0.986579
1.000000
0.000000
0.000000
1.000000
1.000000
0.999198
0.000000
0.984366
1.000000
0.469007
1.000000
0.999790
0.000000
0.999982
0.998291
0.110194
0.000000
0.000000
0.997712
0.000000
0.999989
0.999999
1.000000
0.000000
0.642375
1.000000
1.000000
0.002324
1.000000
1.000000
0.967830
0.000000
0.999121
0.636843
0.091310
1.000000
0.684868
1.000000
1.000000
0.000011
0.856570
0.990246
0.884304
0.764154
1.000000
0.650005
0.996416
0.999766
1.000000
0.636970
0.000000
0.996317
0.672551
0.998275
1.000000
1.000000
0.997741
0.871024
0.998788
0.999866
1.000000
1.000000
0.000000
0.971205
0.783451
0.443042
1.000000
0.000438
0.000000
0.212935
0.000000
0.928225
0.998747
1.000000
1.000000
1.000000
0.998622
0.002240
0.000000
0.259873
1.000000
0.347319
0.999575
0.000000
1.000000
0.048250
1.000000
1.000000
0.510181
0.996121
1.000000
0.093560
0.947653
0.999386
0.000000
1.000000
1.000000
1.000000
0.000000
1.000000
1.000000
0.895483
1.000000
0.000000
1.000000
0.999210
0.000000
1.000000
0.902407
0.141978
0.696962
1.000000
0.965482
1.000000
1.000000
0.974789
0.611532
1.000000
0.999993
1.000000
0.996085
1.000000
1.000000
0.003466
0.972933
1.000000
0.999952
0.999676
1.000000
0.750127
1.000000
0.000000
0.999994
0.999456
1.000000
0.994689
0.969031
0.000000
0.744866
1.000000
0.191956
0.994433
0.966743
0.702101
1.000000
1.000000
1.000000
0.000000
0.999612
1.000000
0.000000
0.222057
1.000000
1.000000
1.000000
1.000000
0.189660
0.000000
1.000000
1.000000
0.727022
0.978695
0.000000
1.000000
0.998581
0.993352
0.937755
1.000000
0.999426
1.000000
1.000000
0.000000
1.000000
1.000000
1.000000
0.999723
0.037132
1.000000
0.000000
1.000000
1.000000
1.000000
0.000000
0.996461
0.999445
1.000000
1.000000
1.000000
1.000000
0.009477
1.000000
0.952815
1.000000
0.911778
0.000020
0.000000
0.999967
0.927586
0.678958
0.000000
0.843724
1.000000
0.000000
0.999571
0.000000
0.420658
1.000000
1.000000
0.514191
0.972869
0.868449
0.000000
0.000000
0.965201
1.000000
0.806367
0.961171
0.999728
0.000000
1.000000
1.000000
0.993584
0.000574
0.163949
0.999982
0.999981
0.000000
0.999501
0.000000
1.000000
1.000000
0.000000
0.984073
0.337583
0.427831
0.816434
1.000000
0.848103
0.000000
0.000000
0.000000
0.999999
0.793770
0.040468
0.000000
1.000000
0.000000
0.000000
1.000000
0.336603
1.000000
0.000000
0.000000
1.000000
0.039776
0.000000
0.987349
0.413739
1.000000
1.000000
0.996127
0.648142
0.553982
0.995402
0.968885
1.000000
0.000000
1.000000
1.000000
1.000000
1.000000
1.000000
1.000000
1.000000
0.000000
1.000000
1.000000
0.693042
0.000000
0.561888
0.000000
1.000000
0.999431
0.996400
0.995112
0.000000
0.999538
0.701055
0.990817
1.000000
1.000000
1.000000
0.568841
1.000000
1.000000
0.993190
1.000000
1.000000
0.995026
0.999708
1.000000
0.000000
0.061267
1.000000
0.000000
1.000000
1.000000
0.388423
1.000000
0.999970
0.999999
0.000000
0.928960
0.000004
1.000000
0.000000
0.887648
1.000000
0.999853
1.000000
0.000000
0.995157
0.004254
0.000000
1.000000
0.870375
0.024558
1.000000
1.000000
0.999987
1.000000
0.002983
1.000000
0.000000
1.000000
0.930741
0.000000
0.997267
0.000000
0.847360
0.971350
0.000085
1.000000
0.000000
1.000000
0.870513
0.065085
0.000000
0.060676
0.000000
0.641940
1.000000
1.000000
0.968234
1.000000
1.000000
0.000026
1.000000
1.000000
0.278978
0.999932
0.994654
0.982439
0.925424
1.000000
1.000000
1.000000
1.000000
1.000000
0.002546
0.947736
0.987494
0.154467
0.998800
0.404246
0.581817
0.600626
1.000000
0.000000
0.296278
0.987527
0.983131
1.000000
1.000000
0.026990
0.000014
0.094483
0.000000
1.000000
1.000000
0.002176
0.000000
1.000000
0.999550
0.999999
0.999938
0.000001
0.000000
1.000000
1.000000
1.000000
0.000000
0.999475
1.000000
0.775960
0.023647
0.997302
0.978654
1.000000
1.000000
0.444863
1.000000
0.442642
0.627367
0.000000
0.448447
1.000000
1.000000
1.000000
1.000000
0.000000
0.990019
1.000000
0.877125
0.000000
0.000000
0.000000
1.000000
0.000000
1.000000
0.963562
1.000000
0.783834
1.000000
0.000000
0.000000
0.839068
0.000000
0.897969
0.965466
0.000000
0.000000
0.999910
1.000000
0.307866
0.019555
1.000000
0.000000
1.000000
0.015444
0.000000
1.000000
0.042410
0.997504
0.014582
0.987975
1.000000
0.667735
1.000000
0.255811
0.833630
0.968244
0.000586
1.000000
0.088458
0.000000
0.999958
0.734721
0.444585
0.175996
0.380809
0.999988
1.000000
1.000000
1.000000
1.000000
1.000000
1.000000
0.091263
1.000000
1.000000
1.000000
0.988873
1.000000
1.000000
0.000000
0.999999
0.983633
0.000530
0.999939
0.000000
1.000000
1.000000
1.000000
1.000000
0.082916
0.000000
0.000000
1.000000
1.000000
1.000000
1.000000
0.992871
0.000000
0.999996
0.994542
1.000000
0.000000
0.544467
0.043014
1.000000
0.006845
0.000000
0.996306
0.047801
1.000000
1.000000
0.918455
1.000000
0.000000
0.001439
0.626230
0.000000
0.606280
1.000000
0.000000
0.000000
1.000000
1.000000
1.000000
1.000000
0.999997
1.000000
0.999884
1.000000
1.000000
0.029129
0.960679
0.000000
0.000000
0.898102
0.428582
0.140899
0.710922
1.000000
1.000000
0.999997
0.990043
0.066280
0.000000
1.000000
1.000000
0.000000
1.000000
0.971082
0.001778
0.000000
1.000000
1.000000
1.000000
1.000000
0.891712
0.002842
0.062469
1.000000
0.840852
1.000000
0.531789
0.999989
0.989286
1.000000
0.999979
1.000000
0.817870
1.000000
0.004860
1.000000
1.000000
1.000000
0.000067
0.953284
0.999987
1.000000
0.000000
0.000000
0.684962
0.998975
0.987431
0.999999
0.000000
1.000000
0.969631
0.876625
0.993547
0.003734
0.391513
0.000000
0.999917
0.000000
1.000000
1.000000
1.000000
0.989690
0.486220
1.000000
0.017418
0.999891
1.000000
0.000000
0.773725
1.000000
1.000000
0.008078
1.000000
1.000000
0.000000
1.000000
1.000000
0.000000
0.257563
1.000000
0.013498
1.000000
1.000000
0.000000
0.999999
1.000000
1.000000
0.992415
1.000000
1.000000
0.359569
0.962021
1.000000
0.999925
1.000000
0.000000
0.905699
1.000000
0.000000
0.394966
0.269425
0.000000
0.758243
0.992187
0.011626
1.000000
0.471951
0.000000
1.000000
1.000000
0.936479
0.959834
1.000000
0.997600
0.998823
1.000000
1.000000
1.000000
0.996795
1.000000
0.892401
0.000000
1.000000
0.961313
0.000000
0.037447
1.000000
0.999958
0.999998
0.000000
1.000000
0.991000
0.000000
0.845918
1.000000
0.884442
0.000000
0.000000
0.713377
0.000000
1.000000
1.000000
1.000000
1.000000
0.999948
0.000000
0.877074
0.808161
0.001404
1.000000
0.000000
1.000000
0.999897
0.868360
0.000000
1.000000
0.000429
0.999997
0.989232
0.000007
0.977210
1.000000
1.000000
0.677752
0.000000
0.441957
1.000000
1.000000
1.000000
0.482273
0.000000
0.519567
0.994360
0.018399
0.103047
0.999999
0.953153
1.000000
0.552398
0.131344
1.000000
1.000000
0.112476
0.999999
1.000000
0.999999
1.000000
0.002013
0.052036
0.375830
1.000000
0.000000
0.303058
0.989602
1.000000
0.922587
0.000000
0.330669
1.000000
0.000000
1.000000
1.000000
0.000000
1.000000
0.999818
0.999494
0.000000
0.908359
1.000000
0.028073
1.000000
1.000000
0.998975
0.999849
0.000000
1.000000
1.000000
0.014095
0.806365
0.000000
1.000000
1.000000
0.000000
0.960392
0.835062
1.000000
0.000063
0.000000
0.572565
1.000000
1.000000
1.000000
0.508481
0.566807
0.369117
0.000000
0.035345
1.000000
1.000000
0.921359
0.497013
0.000000
1.000000
0.798793
0.996317
0.006345
1.000000
1.000000
0.997703
0.000000
1.000000
0.967497
0.155461
0.945256
0.021432
1.000000
1.000000
0.804929
1.000000
0.027739
0.820268
1.000000
0.000000
0.000000
0.000000
0.000000
1.000000
0.000000
1.000000
0.000000
0.994470
0.997048
1.000000
0.999323
1.000000
0.999847
1.000000
1.000000
1.000000
0.347982
0.057632
0.000000
0.000000
0.000000
1.000000
0.000000
0.982298
0.873367
0.999997
1.000000
0.000000
0.000000
1.000000
0.708997
1.000000
1.000000
0.990980
0.046237
0.999997
0.932166
1.000000
1.000000
0.996070
1.000000
1.000000
0.999157
0.897848
1.000000
1.000000
