0.000000
0.000000
0.145327
0.303335
0.000000
0.000000
0.000000
0.000000
0.716648
0.000000
0.000000
0.000000
0.000000
0.111000
0.003999
0.000000
0.000000
0.025354
0.000000
0.842875
0.000000
0.000000
0.000000
0.000000
0.000000
0.110683
0.000000
0.067576
0.009634
0.000000
0.000000
0.000000
0.000000
0.000000
1.000000
0.000000
0.000000
0.000000
0.000000
0.000000
0.046569
0.000000
0.000000
0.350733
0.000000
1.000000
0.301290
0.000000
0.000000
0.000000
0.302386
0.000000
0.000000
0.323810
0.000000
0.000000
0.000000
0.000000
0.000000
0.000000
0.000000
0.986998
0.000000
0.000000
0.000000
0.000000
0.000000
0.000000
0.408484
0.000000
0.000000
0.002975
0.000000
0.000000
0.743183
0.000000
0.917763
0.717542
0.000000
0.758713
0.597317
0.169914
0.000000
0.000000
0.000000
0.052444
0.000000
0.972908
0.000000
0.000000
0.000000
0.000000
0.088779
0.000000
0.000000
0.000000
0.000000
0.000000
0.000000
0.000000
0.015030
0.000000
0.000000
0.000000
0.000000
0.000000
0.480140
0.000000
0.000000
0.000000
0.000000
0.000000
0.000000
0.000000
0.000000
0.000000
0.156627
0.000000
0.000252
0.000000
1.000000
0.000000
0.655990
0.000000
0.000000
0.000000
0.000000
0.000000
0.626823
0.000000
0.000000
0.019036
0.006892
0.000000
0.000000
0.000200
0.475331
0.000000
0.000000
0.009308
0.000000
0.000000
0.014044
0.000000
0.000000
0.000000
0.000000
0.999886
0.000000
0.000000
0.000000
0.005000
0.000000
0.000000
0.000000
0.380833
0.000000
0.000000
0.179899
0.476431
0.000000
0.001334
0.000000
0.000000
0.000000
0.000000
0.000000
0.003108
0.000000
0.000000
0.000000
0.196243
0.000000
0.000000
0.498360
0.000000
0.000000
0.000000
0.000000
0.000000
0.112234
0.479147
0.000000
0.000000
0.000000
1.000000
0.000000
0.068426
0.000000
0.000000
0.002795
0.000000
0.077864
0.000000
0.000000
0.093692
0.522499
0.000000
0.000000
0.000000
0.139478
0.011160
0.042260
0.000000
0.000000
1.000000
0.000000
0.232346
0.000000
0.888561
0.063871
0.000000
0.938564
0.000000
0.000000
0.099228
0.000000
0.000000
0.000000
0.000000
0.000000
0.268403
0.156071
0.434344
0.000000
0.000000
0.000000
0.999962
0.011348
0.000000
0.016119
0.000000
0.047835
0.487800
0.965572
0.000000
0.000000
0.000000
0.000000
0.000000
0.000000
0.000000
0.000000
0.000000
0.000000
0.363750
0.000000
0.000000
0.000000
0.000000
0.000000
0.000000
0.000000
0.000000
0.000000
0.737171
0.000000
0.051307
0.000000
0.235665
0.000000
0.000000
0.000000
0.380623
0.199873
0.000000
0.000000
0.000000
0.793978
0.022486
0.000000
0.000000
0.000000
0.000000
0.000000
0.000000
0.000000
0.000000
0.000002
0.000000
0.000000
0.451277
0.000000
0.269216
0.000000
0.000000
0.000000
0.098234
0.000000
0.747177
0.485599
0.000000
0.007439
0.000000
0.405878
0.000000
0.001900
0.000000
0.000000
1.000000
0.337752
0.040332
0.000000
0.000000
0.000000
0.000000
0.000000
0.000000
0.003375
0.000000
0.128523
0.000000
0.000000
0.000000
0.000000
0.000000
0.194408
0.000000
0.000000
0.056624
0.000000
0.000000
0.000000
0.000000
0.000000
0.000075
0.000000
0.000000
0.000000
0.000000
0.000000
0.000000
0.004262
0.251233
0.269497
0.000000
0.000000
0.039776
0.000000
0.000000
0.000000
0.000000
0.000000
0.000000
0.014235
0.000000
0.000000
0.000000
0.875229
0.082027
0.000000
0.038438
0.000000
0.130889
0.000000
0.014116
0.000000
0.000000
0.000000
0.734693
0.000000
0.000000
0.000000
0.000000
0.000000
0.018623
0.000000
0.000000
0.000000
0.000000
0.047398
0.000000
0.000000
0.000000
0.081920
0.000000
0.448403
0.000000
0.104344
0.999986
0.000000
0.000000
0.000000
0.000000
0.000000
0.000000
0.000000
0.000000
0.000000
0.000000
0.000000
0.000000
0.000000
0.488226
0.000000
0.000000
0.006331
0.000000
0.000000
0.060034
0.000000
0.000000
0.000000
0.000000
0.160574
0.000000
0.327871
0.000000
0.000000
0.000660
0.000000
0.000000
0.000000
1.000000
0.199051
0.000000
0.000000
0.019732
0.000000
0.000000
0.000000
0.000000
0.000000
0.000000
0.000000
0.000000
0.000000
0.116288
0.000000
0.000000
0.000000
0.000000
0.000000
0.000000
0.002753
0.012673
0.000000
0.000000
0.000000
0.000000
0.553333
0.000000
0.000000
0.000000
0.000000
0.000000
0.000000
0.000000
0.000000
0.273291
0.022117
0.018544
0.008632
0.000000
0.000000
0.000000
0.000000
0.000000
0.000000
0.000000
0.000000
0.009173
0.000000
0.000000
0.054754
0.334384
0.000000
0.072078
0.994263
0.000000
0.000000
0.000000
0.129220
0.637700
0.000000
0.000000
0.000000
0.000000
0.000000
0.000000
0.000000
0.000000
0.032535
0.000000
0.000218
0.285591
0.000000
0.098700
0.000000
0.066808
0.000000
0.000000
0.050095
0.000000
0.000000
1.000000
0.000000
0.000000
0.000000
0.000000
0.217075
0.101523
0.000000
0.038681
0.000000
0.000000
0.000000
0.000000
0.000000
0.000000
0.000000
0.142562
0.000000
0.000000
0.000000
0.000000
0.000000
0.002152
0.000000
0.000000
0.000000
0.000000
0.502824
0.177203
0.000000
0.000000
0.000000
0.000000
0.000000
0.000000
0.000000
0.000000
0.000000
0.000000
0.072604
0.000000
0.002837
0.162106
0.000000
0.198272
0.251727
0.000000
0.000000
0.000010
0.000000
0.046756
0.000181
0.014968
0.000000
0.000000
0.000000
0.000000
0.000000
0.000000
0.002387
0.000000
0.000000
0.264772
0.000000
0.000000
0.000943
0.000000
0.000000
0.000000
0.000000
0.000000
0.813981
0.000000
0.000000
0.000000
0.000000
0.000000
0.000000
0.858449
0.000000
0.000000
0.000000
0.000000
0.844599
0.000000
0.000000
0.000000
0.000000
0.000000
0.000000
0.000000
0.000000
0.000000
0.117817
0.000000
0.000000
0.000000
0.000000
0.000000
0.103617
0.121140
0.000000
0.000000
0.000000
0.000000
0.000000
0.000000
0.000000
0.000000
0.000000
0.104449
0.450070
0.000000
0.000000
0.000000
0.287552
0.000000
0.000000
0.000000
0.000000
0.000000
0.246858
0.000000
0.000000
0.000000
0.000000
0.000000
0.000000
0.975782
0.000000
0.000000
0.000000
0.000000
0.000000
0.007303
0.974143
0.000000
0.000000
0.000000
0.012006
0.000000
0.000000
0.000000
0.000000
0.017115
0.000000
0.000000
0.014279
0.469993
0.000000
0.000000
0.000000
0.000000
0.000000
0.000000
0.000000
0.000000
0.003042
0.000000
0.842239
0.000000
0.000000
0.000000
0.000000
0.032603
0.015005
0.659786
0.000000
0.686878
0.593050
0.000000
0.000000
0.293327
0.205103
0.177731
0.000000
0.000000
0.000000
0.000000
0.000000
0.000000
0.000000
0.000000
0.000000
0.999120
0.000000
0.011892
0.000000
0.000000
0.000000
0.189571
0.675686
0.054768
0.000000
0.000000
0.025036
0.000000
0.000000
0.000000
0.000000
0.000000
0.000000
0.262789
0.000000
0.000000
0.139586
0.000000
0.000000
0.000000
0.000000
0.000000
0.000000
0.000000
0.000000
0.000000
0.000000
0.000000
0.000000
0.000000
0.000000
0.329317
0.000000
0.000000
0.000000
0.023003
0.013852
0.000000
0.102297
0.259930
0.000000
0.999310
0.000000
0.102154
0.000000
0.000000
0.000000
0.996008
1.000000
0.000000
0.000000
0.000000
0.562345
0.000000
0.029443
0.000000
0.831310
0.039012
0.000000
0.015442
0.000000
0.000000
0.002157
0.000000
0.000000
0.000000
0.000000
0.000000
0.000000
0.000000
0.000000
0.000000
0.000000
0.000000
0.513987
0.000000
0.000000
0.000000
0.000000
0.000000
0.000000
0.000000
0.013727
0.000000
0.000000
0.000000
0.004447
0.000000
0.000000
0.789396
0.000000
0.000000
0.604317
0.000000
0.000000
0.000000
0.000000
0.000000
0.000000
0.000000
1.000000
0.000000
0.000000
0.000000
0.000000
0.000000
0.000000
0.000000
0.171112
0.084678
0.000000
0.000000
0.425862
0.000000
0.608727
0.000000
0.000000
0.000000
0.211568
0.048883
0.000000
0.000000
0.000000
0.000000
0.000000
0.000000
1.000000
0.000000
0.000000
0.000000
0.000000
0.000000
0.010259
0.000000
0.000000
0.000000
0.000000
0.000000
0.000000
0.000000
0.000000
0.000000
0.340912
0.000000
0.000000
0.000000
0.000000
0.000000
0.000000
0.000000
0.000000
0.036449
0.000000
0.000000
0.000000
0.000000
0.000000
0.000000
0.009376
0.000000
0.000000
0.000000
1.000000
0.000000
0.000000
0.000000
0.000000
0.000000
0.017382
0.000000
0.000000
0.000000
0.509251
0.004099
0.662793
0.000000
0.023274
0.000000
0.999999
0.000000
0.000000
0.000000
0.000295
0.972874
0.000000
1.000000
0.035928
0.373999
0.001649
0.000000
0.000000
0.000000
0.000000
1.000000
0.000000
0.000000
0.000000
0.074927
0.458480
0.016637
0.083897
0.000000
0.198409
0.000000
0.000000
0.000000
0.000000
0.000000
0.000000
0.005742
0.000000
0.000000
0.000000
0.000000
0.000000
0.823122
0.001272
0.000000
0.000000
0.444058
0.812072
1.000000
0.056942
0.000000
1.000000
0.000009
0.000000
0.000000
0.000000
0.000000
0.270356
0.000000
0.000000
0.000000
0.000000
0.000000
0.000000
0.001976
0.031241
0.000000
0.000000
0.000000
0.269386
0.000000
0.000000
0.883643
0.325437
0.000000
0.000000
0.000000
0.000000
0.137180
0.000000
0.034713
0.000000
0.000681
0.000000
0.000000
0.049787
0.000000
0.000000
0.000000
0.000000
0.000000
0.000000
0.000000
0.000000
0.000000
0.000000
0.000000
0.007744
0.000000
0.000000
0.000000
0.000000
0.060578
0.108432
0.000000
0.000000
0.158732
0.000000
0.000000
0.000000
1.000000
0.132201
1.000000
0.000000
0.000000
0.000000
0.539758
0.983230
0.000000
0.134436
0.000000
0.000000
0.068787
0.123600
0.058791
0.000000
0.000000
0.000000
0.307028
0.000000
0.002161
0.000000
0.421359
0.036251
0.000024
0.000000
0.000000
0.004035
0.000000
0.000000
0.000000
0.000000
0.000000
0.000000
0.000000
0.000000
0.001169
0.000000
0.000000
0.564558
0.000000
0.000000
0.000000
0.000000
0.000000
0.131672
0.000000
0.013019
0.000000
0.000000
0.000000
0.000000
0.000000
0.000000
0.000000
0.005177
0.000000
0.025934
0.000000
0.000000
0.000000
0.007474
0.000000
0.000000
0.000000
0.000000
0.000000
0.000000
0.000000
0.085150
0.000000
0.642003
0.323349
0.008340
0.000000
0.000000
0.000000
0.000000
0.000000
0.000000
0.000000
0.000000
0.000000
0.000000
0.003855
0.000000
0.006800
0.000000
0.000000
0.030309
0.220216
0.000000
0.337638
0.033219
0.000000
0.000000
0.000000
0.000000
0.000000
0.000000
0.215866
0.000000
0.000000
0.000000
0.000000
0.000000
0.000000
0.000062
0.000000
0.000000
0.000000
0.000000
0.841701
1.000000
0.000000
0.000000
0.000000
0.000000
0.000000
0.000000
0.000000
0.000000
0.000000
1.000000
0.000000
0.000000
0.000000
0.004662
1.000000
1.000000
0.000000
0.000000
0.000000
0.000000
0.004347
0.060630
0.000000
0.000000
0.009399
0.000000
0.000000
0.001228
0.001276
0.000000
0.000000
0.000000
0.000000
0.000000
0.000000
0.000000
0.000000
0.000000
0.000000
0.379376
0.000000
0.000000
0.000000
0.000000
0.000000
0.700896
0.000000
0.000000
0.000000
0.000000
0.000000
0.031730
0.000000
0.000000
0.000000
0.000000
0.000000
0.589709
0.000000
0.000000
0.000000
0.000000
0.000000
0.000000
0.000000
0.000000
0.000000
0.000000
0.000000
0.069589
0.000000
0.049436
0.000000
0.000000
0.000000
0.000000
0.266189
0.000000
0.000000
0.000000
0.022482
0.000000
0.000000
0.000000
0.000000
0.200841
0.013741
0.000000
0.160307
0.000000
0.000000
0.999604
0.000000
0.007470
0.000000
0.000000
0.141530
0.000000
0.170336
0.000000
0.220380
0.000000
0.000000
0.000000
0.373262
0.079440
0.000000
0.000000
0.000000
0.066116
0.478208
0.000000
0.113962
0.000000
0.000000
0.000000
0.000000
0.000000
0.006119
0.000000
0.003824
0.000000
0.262082
0.000000
0.000000
0.000000
0.072700
0.979393
0.004472
0.000000
0.000000
0.205693
0.000000
0.000000
0.000000
0.000000
0.000000
0.000000
0.000000
0.000000
0.000000
0.000000
0.110964
0.000000
0.012444
0.000000
0.000000
0.000000
0.000000
0.000000
0.005676
0.000000
0.000000
0.150853
0.002277
0.000000
0.226841
0.000000
0.000000
0.562642
0.000000
0.000000
0.000000
0.000000
0.000000
0.000000
0.225495
0.000000
0.000000
0.000000
0.000000
0.000000
0.000000
0.000000
0.000000
0.000000
0.000000
0.000000
0.661988
0.211653
0.000000
0.274350
0.395446
0.000000
0.006321
0.000000
0.000000
0.180450
0.999962
0.000000
0.000000
0.000000
0.000000
0.000000
0.000000
0.011015
0.000000
0.566793
0.000000
0.000000
0.000000
0.194071
0.002869
0.028245
0.000000
0.000000
0.010576
0.000000
0.730935
0.000000
0.000000
0.000000
0.000000
0.000000
0.000000
0.000000
0.000000
0.000000
0.000000
0.282632
0.000000
0.000000
0.000000
0.185461
0.000000
0.000000
1.000000
0.010621
1.000000
0.000000
0.000000
1.000000
0.001654
0.000000
0.000000
0.000000
0.000000
0.000000
0.000000
0.000000
0.000000
0.000000
0.000000
0.000000
0.000000
0.000000
0.235241
0.000000
0.047711
0.000000
0.933518
0.000000
0.000000
0.000000
0.099347
0.000000
0.999012
0.080066
0.000000
0.000000
0.000000
0.000000
0.126686
0.000000
0.001759
0.000000
0.048836
0.000000
0.000000
0.000000
0.015822
0.000000
0.000000
0.149208
0.000000
0.000000
0.000000
0.000000
0.000000
0.442040
0.000000
0.000000
0.212236
0.140470
0.000000
0.000000
0.000000
0.000000
0.007449
0.000000
0.169547
0.000000
0.007744
0.063437
0.000000
0.000000
0.000000
0.000000
0.000000
0.000000
0.834134
0.000000
0.000000
0.300652
0.000000
0.000000
0.589742
0.000000
0.000000
0.010595
0.000000
0.001256
0.000000
0.000000
0.000000
0.000566
0.877265
0.000000
0.016537
0.000000
0.000000
0.000000
1.000000
0.000000
0.000000
0.000000
0.000000
0.000000
0.000053
0.000000
0.000000
0.000000
0.000000
0.000000
0.000000
0.000000
0.172465
0.000000
0.000000
0.000000
0.067270
0.000000
0.994551
0.000000
0.000000
0.000000
0.000000
0.000000
0.000000
0.000000
0.111682
0.000000
0.015672
0.156215
0.000000
0.077869
0.000000
0.000000
0.000000
0.000000
0.000000
0.394824
0.000000
0.000000
0.000000
0.319139
0.000000
0.273616
0.000000
0.000000
0.000000
0.000000
0.000000
0.000000
0.000000
0.992027
0.000000
0.000000
0.000000
0.000000
0.000000
0.000693
0.000000
0.000000
0.000000
0.157521
0.000000
0.000000
0.000000
0.000000
0.181850
0.003936
1.000000
0.020531
0.000000
0.295928
0.486166
0.000009
0.000000
0.000000
0.000000
1.000000
0.000000
0.000000
0.999766
0.000000
0.000000
0.000000
0.000000
0.000000
0.000000
0.000000
0.000016
0.000000
0.215837
0.000000
0.000000
0.000000
0.000000
0.000000
0.000000
0.000000
0.000000
0.225179
0.000000
0.000000
0.000000
0.002990
0.000000
0.000000
0.000000
0.000000
0.000000
0.610069
0.000000
0.000000
0.000000
1.000000
0.000000
0.000000
0.000000
0.000000
0.052001
0.000000
0.000000
0.000000
0.311395
0.320528
0.918343
0.000000
0.000000
0.002252
0.000000
0.000000
0.000000
0.000000
0.000000
0.385126
0.000000
0.000000
0.000000
0.000000
0.832576
0.000000
0.003001
0.000000
0.000000
0.000000
0.000000
0.000000
0.133338
0.000000
0.000000
0.000000
0.000000
0.000000
0.000000
0.000436
0.000000
0.286027
0.000000
0.000000
0.000000
0.000000
0.000000
0.095680
0.000000
0.000000
0.000000
0.000000
0.018045
0.000000
0.000000
0.000000
0.000000
0.000000
0.000000
0.000000
0.000000
0.000561
0.000000
0.000000
0.000000
0.000000
0.000000
0.004583
0.000000
0.000000
0.000000
0.000000
1.000000
0.000000
0.000000
0.000000
0.003043
0.000000
0.000000
0.000000
0.000000
0.000000
0.177723
0.000000
0.000000
0.000000
0.000000
0.000000
0.000000
0.000000
0.119849
0.000000
0.000000
0.225760
0.000000
0.089861
0.249670
0.021430
0.000000
0.000000
0.000000
0.813977
0.000000
0.000000
0.000000
0.027958
0.000000
0.057840
0.011390
0.000000
0.000000
0.000000
0.000000
0.000000
0.000000
0.000000
0.999256
0.000000
0.006124
0.000000
0.000000
0.000000
0.000000
0.000000
0.000000
0.000000
0.106489
0.000000
0.277812
0.000036
0.000000
0.000000
0.000000
0.880404
0.000000
0.000000
0.212725
0.000000
0.395583
0.000000
0.001768
0.000000
0.000000
0.000000
0.922162
0.139411
0.099189
0.000000
0.000000
0.000000
0.000000
0.232197
0.000000
0.000000
0.233048
0.000000
0.194769
0.000000
0.000000
0.000000
0.000000
0.000000
0.019881
0.080839
0.000590
0.000000
0.541099
0.007787
0.000000
0.000000
0.000000
0.000000
0.000000
0.728681
0.000000
0.000000
0.000000
0.000000
0.000000
0.000000
0.000000
0.000000
0.000000
0.000000
0.000000
0.000000
0.000000
0.843785
0.000000
0.000000
0.128523
0.000000
0.000000
0.319492
0.000000
0.657875
0.000000
0.000000
0.000000
0.000000
0.000000
0.000000
0.016990
0.000000
0.183283
0.280291
0.801297
0.000000
0.345024
0.000000
0.017565
0.000000
0.000000
0.000000
0.067178
0.027248
0.000000
1.000000
0.000000
0.245864
0.000000
0.369518
0.000000
0.039788
0.064987
0.000000
0.184868
0.000000
0.000000
0.000000
0.000000
0.000000
0.000000
0.001654
0.000000
0.183029
0.000000
1.000000
0.000000
0.000000
0.055354
0.000000
0.000000
0.000000
0.000000
0.000000
0.000000
0.451385
0.054477
0.000000
0.000000
0.000000
0.999514
0.000000
0.000000
0.000000
0.000000
0.000000
0.000000
0.038702
0.088627
0.000000
0.263383
0.799453
0.000000
0.000000
0.000000
0.000000
0.000000
0.000000
0.431377
0.009751
1.000000
0.000000
0.106542
0.000000
0.000000
0.999997
0.000000
0.734912
0.000000
0.000000
0.000000
0.000000
0.000000
0.000000
0.000000
0.000000
0.000000
0.221441
0.000000
0.851198
0.000000
0.000000
0.000000
0.476357
0.000000
0.000000
0.000000
0.000000
0.179161
0.999873
0.000000
0.000000
0.000000
0.000000
0.000000
0.171084
0.000000
0.000000
0.000423
0.000578
0.002273
0.380391
0.919988
0.000000
0.000000
0.000000
0.000000
0.000000
0.000000
0.112117
0.000000
0.000000
0.000000
0.000000
0.000000
0.175587
0.000000
0.000000
0.000000
0.000000
0.701680
0.000000
0.000000
0.000000
0.000000
0.000000
0.015644
0.066609
0.127637
0.112562
0.000000
0.000000
0.710997
0.042272
0.069280
1.000000
0.000000
0.003283
0.000000
0.000000
0.000000
0.000000
0.000000
0.000000
0.000006
0.000000
0.000000
0.000000
0.041056
0.000000
0.000000
0.000000
0.001025
0.000000
0.000000
0.000092
0.000000
0.000000
0.996543
0.000000
0.000000
0.000000
0.000000
0.000000
0.000000
0.000000
0.001084
0.000000
0.000000
0.281393
0.488891
0.000000
0.000000
0.000000
0.015867
1.000000
0.000000
0.000000
0.000000
0.000000
0.000000
0.000000
0.000000
0.000000
0.005109
0.000000
0.000000
0.035810
0.019830
0.000000
0.986038
0.000000
0.000000
0.000000
0.000000
0.000000
0.000000
0.000000
0.000000
0.238554
0.065087
0.000000
0.000000
0.000000
0.000000
0.046929
1.000000
0.000000
0.000000
0.012868
0.000000
0.000000
0.000000
0.006669
0.167499
0.000000
0.000000
0.000000
0.046712
0.000000
0.117337
0.000000
0.392459
0.000000
0.000000
0.000000
0.000000
0.000000
0.000000
0.000000
0.000000
0.023727
0.000000
0.000000
0.000000
0.000000
0.000000
0.132183
0.000000
0.000685
0.283760
0.007631
0.000058
0.000000
0.022255
0.000000
0.000000
0.000000
0.000000
0.000000
1.000000
0.009338
0.000000
0.256230
0.000000
1.000000
0.000000
0.000000
0.359820
0.000000
0.566270
0.000000
0.091647
0.000000
0.000000
0.000000
0.000000
0.000000
0.000000
0.000000
0.877681
0.000000
0.000000
0.000000
0.000000
0.000000
0.000000
0.000000
0.000000
0.000000
0.051195
0.000000
0.000000
0.000000
1.000000
0.000000
0.000000
0.000000
0.000000
1.000000
0.000000
0.000000
0.034380
0.387211
0.000000
0.365417
0.000000
0.000000
0.034624
0.000000
0.000000
0.000000
0.317473
0.000000
0.007189
0.000000
0.000000
0.000000
0.000000
0.000000
0.000000
0.000000
0.000000
0.080075
0.035272
0.912403
0.000000
0.010688
0.106189
0.000000
0.000000
0.000000
0.000000
0.162096
0.876974
0.000000
0.000000
0.000000
0.960670
0.672739
0.000000
0.198339
0.000000
0.000004
0.000000
0.000000
0.000000
0.000000
0.000000
0.000000
0.004445
0.000000
0.000000
0.000000
0.000192
0.000000
0.459063
0.571555
0.000000
0.000000
0.000000
0.000000
0.000000
0.000000
0.025882
0.012257
0.067358
0.000000
0.000000
0.000000
0.000000
0.000000
0.000000
0.243738
0.650712
0.000000
0.000000
0.000000
0.000000
0.000000
0.000000
0.000000
0.000000
0.000000
0.000000
0.000000
0.000000
0.000000
0.000000
0.000000
0.000000
0.000000
0.000000
0.000000
0.000000
0.000000
0.360475
0.852670
0.000000
0.000000
0.000000
0.000000
0.000000
0.136973
0.000000
0.000000
0.001045
0.000000
0.000000
0.000000
0.020497
0.000000
0.000000
0.000000
0.000000
0.000000
0.061702
0.943769
0.000000
0.000326
0.000000
0.000000
0.000000
0.090398
0.166375
0.000000
0.000000
0.000000
0.000216
0.000046
0.041926
0.172744
0.017566
0.926061
0.000000
0.000000
0.000000
0.000000
1.000000
0.000000
0.000000
0.000000
0.518408
0.000000
0.000000
0.000000
0.000000
0.000000
0.000000
0.002536
0.000000
0.000000
0.000000
0.000000
0.000000
0.000000
0.000000
0.000000
0.009136
0.162138
1.000000
0.039043
0.000000
0.013480
0.000000
1.000000
0.000000
0.000000
0.000000
0.000000
0.000000
0.000000
1.000000
0.000000
0.000000
0.000000
0.052918
0.000000
0.000000
0.000000
0.071667
0.000000
0.001013
0.350901
0.000000
0.000000
0.000000
0.000000
0.000000
0.000000
0.000000
0.000000
0.000000
0.712443
0.000000
0.000000
0.000000
0.000000
0.330811
0.259828
0.000502
0.000000
0.000000
0.000000
0.000000
0.000000
0.620546
0.000000
0.000000
0.993398
0.000000
0.840921
0.129776
0.000000
0.000000
0.317617
0.000000
0.000000
0.000000
0.000000
0.000000
0.200972
0.000000
0.000000
0.000000
0.000000
0.118470
0.000000
0.000000
0.000000
0.000000
0.000000
0.000000
0.000000
0.000000
0.000000
0.000000
0.000000
0.000000
0.000000
0.042690
0.023363
0.000000
0.303317
0.000000
0.000000
0.000000
0.000000
0.000000
0.170376
0.000000
0.003391
0.000000
0.001590
0.000000
0.198765
0.000000
0.000000
0.000000
0.000000
0.000000
0.000000
0.000000
0.087010
0.139998
0.000000
0.012149
0.000000
0.103544
0.000000
0.000000
0.009872
0.000000
0.000000
0.000000
0.000000
0.000000
0.000000
0.003148
0.005766
0.000000
0.000000
0.000000
0.000000
0.612117
0.000000
0.000000
0.538102
0.000000
0.000000
0.782407
0.000000
0.000000
0.000000
0.000000
0.006879
0.000000
0.000000
0.000000
0.000000
0.079484
0.000000
0.000000
0.000000
0.054971
0.092509
0.000000
0.205232
0.000000
0.006301
0.000000
0.152858
0.029390
0.000000
0.005372
0.000000
1.000000
0.000000
0.045201
0.000000
0.761678
0.069209
0.000000
0.000000
0.000000
0.000531
0.000000
0.098111
0.013549
0.000000
0.000000
0.000000
0.001059
0.000000
0.012501
0.000000
0.000000
0.000000
0.000000
0.000000
0.000000
0.649757
0.000000
0.000000
0.010924
0.000000
0.000000
0.000000
0.000000
0.000000
0.000000
0.004843
0.000000
0.000000
0.026179
0.000129
0.000000
0.000000
0.003433
1.000000
0.000000
0.000000
0.000000
0.000000
0.000000
0.000000
0.000000
0.000000
0.000000
0.000000
0.000000
0.000000
0.000000
0.000000
0.000000
0.000000
0.000000
0.000000
0.272235
0.000000
0.000000
0.000000
0.000000
0.000000
0.000000
0.000000
0.000000
0.857069
0.000000
0.000000
0.000000
0.000000
0.000000
0.241886
0.000000
0.000000
0.000000
0.000431
0.000000
0.014549
0.000000
0.000000
0.001060
0.000000
0.000000
0.000000
0.038794
0.000000
0.000000
0.058733
0.038904
1.000000
0.000000
0.000000
0.000000
0.937465
0.220509
0.000000
0.000000
0.000000
0.008073
0.000000
0.000000
0.000000
0.000000
0.000000
0.996353
0.000000
0.022756
0.000000
0.000000
0.000000
0.000000
0.000000
0.000198
0.089247
0.000000
0.000000
0.842168
0.000000
0.000000
0.000000
0.000000
0.000080
0.000000
0.000000
0.000000
0.000000
0.000000
0.000000
0.000000
0.000000
0.070012
0.019761
0.000000
0.000000
0.000000
0.000000
0.015486
0.000000
0.000000
0.000000
0.000000
0.000000
0.322986
0.000000
0.000000
0.490801
0.000000
0.000000
0.392492
0.000000
0.000000
0.000000
0.000000
0.025370
0.000000
0.000000
0.971815
0.000000
0.000000
0.719931
0.000000
0.090133
0.000000
0.000000
0.000000
0.000000
0.000000
0.000000
0.000000
0.000000
0.359032
0.000000
0.000000
0.000000
0.000000
0.113202
0.000417
0.000000
0.000000
0.000000
0.000000
0.000000
0.048326
0.000000
0.152287
0.000000
0.000000
0.000000
0.000000
0.508940
0.000000
0.103883
0.000288
0.138882
0.000000
0.924676
0.021847
0.000000
0.000000
0.000000
0.193042
0.000000
0.000000
0.000000
0.000000
0.000000
0.729505
0.000000
0.000000
0.000000
0.000000
0.000000
0.000000
0.000000
0.000000
0.000000
0.000000
0.813704
0.000000
0.000000
0.007337
0.000000
0.000000
0.000000
0.000000
0.000000
0.000000
1.000000
0.000000
0.000000
0.000000
0.854175
0.000000
0.000000
0.000000
0.006493
0.000000
0.000000
0.510672
0.000000
0.000000
0.000256
0.000000
0.415758
0.000000
0.000000
1.000000
0.000000
0.000000
0.253139
0.000000
0.000000
0.000000
0.999704
0.000000
0.000000
0.008475
0.000000
0.000000
0.000000
0.020117
0.369211
0.000000
0.194928
0.000000
0.000000
0.000000
0.323738
0.000000
0.647792
0.000000
0.000000
0.000000
0.000000
0.000000
0.000000
0.000000
0.000000
0.000000
0.000000
0.000000
0.009532
0.698488
0.746560
0.000000
0.000000
0.000000
0.013414
0.000000
0.065267
0.000000
0.000000
0.518541
0.000000
0.000000
0.000000
0.000000
0.000000
0.010611
0.000000
0.000000
0.000000
0.651470
0.000000
0.000000
0.000000
0.000000
0.006706
0.000000
0.000000
0.005383
0.000000
0.000000
0.000000
0.000000
0.000000
0.556510
0.000000
0.000000
0.000000
0.000000
0.004773
0.000000
0.000000
0.000000
0.000000
0.001230
0.000000
0.000000
0.003290
0.000000
0.139837
0.000000
0.000000
0.000000
0.000000
0.000000
0.000000
0.001209
0.592730
0.000000
0.000926
0.000000
0.000000
0.000000
0.358826
0.839240
0.003286
0.000000
0.000000
0.000000
0.000000
0.000000
0.000000
0.948752
0.000000
0.000000
0.061034
0.884980
0.000000
0.000000
0.011838
0.000000
0.000000
0.000000
0.000000
0.039463
0.984396
0.061203
0.000000
0.000548
0.000000
0.000000
0.000000
0.000000
0.034800
0.000000
0.000000
0.000000
1.000000
0.000000
0.000000
0.000000
0.000000
0.000000
0.000000
0.944473
0.000000
0.000000
0.000000
0.000000
0.000000
0.000000
0.078171
0.000000
0.000000
0.000000
0.000000
0.000000
0.000701
0.000000
0.000000
0.000000
0.020092
0.008162
0.999985
0.001510
0.065574
0.000000
0.063551
0.000000
0.000000
0.000000
0.109037
0.000000
0.000000
0.000000
0.000000
0.000000
0.001649
0.117903
0.000000
0.000000
0.000000
0.000000
0.000000
0.000000
0.046525
0.994370
0.053883
0.000000
0.000000
0.000000
0.000000
0.737990
0.000000
0.005879
0.000000
0.000000
0.000000
0.556551
0.000000
0.000000
0.000000
0.000000
0.053496
0.000000
0.000000
0.041150
0.002847
0.676012
0.630558
0.000000
0.000000
0.000000
0.070722
0.000000
0.000000
0.568872
0.000000
0.007753
0.000000
0.000000
0.000000
0.000000
0.000000
0.000000
0.000000
1.000000
0.000000
0.000001
0.000000
0.000000
0.000000
0.000000
0.685590
0.027329
0.010855
0.507758
0.000000
0.000000
0.000000
0.000000
0.950243
0.000000
0.000000
0.000000
0.126962
0.508166
0.000000
0.000000
0.006868
0.451072
0.574588
0.000000
0.012309
0.024767
0.448486
0.016505
0.000000
0.000000
0.000000
0.000000
0.000000
0.000000
0.151262
0.000000
0.000000
0.000000
0.000000
0.000000
0.000000
0.000000
0.957022
0.000000
0.251528
0.000000
0.000000
0.000000
0.000000
0.000000
0.000000
0.000000
0.000000
0.000000
0.000000
0.279406
0.000000
0.435545
0.000000
0.000000
0.950806
0.000000
0.000000
0.119919
0.000000
0.002789
0.000000
0.000000
0.000000
0.000000
0.000000
0.000000
0.076632
0.000000
0.000000
0.000000
0.224295
0.000000
1.000000
0.000000
0.000000
0.048570
0.000000
0.000000
0.000000
0.004223
0.065937
0.000000
0.000000
0.000000
0.000000
0.000000
0.948948
0.000000
0.000000
0.000000
0.000000
0.000000
0.000000
0.000000
0.000000
0.000000
0.000000
0.000000
0.000000
0.000000
0.000000
0.000000
0.000000
0.000000
0.000000
0.000000
0.000000
0.000000
0.130725
0.000000
1.000000
0.000000
0.000000
0.000000
0.000000
0.000000
0.000000
0.000000
0.000000
0.000000
0.000000
0.000000
0.000000
0.000000
0.000000
0.000000
1.000000
0.000000
0.000000
0.000000
0.114242
0.548968
0.000000
0.000000
0.000000
0.000000
0.000000
0.000000
0.328247
0.000195
0.006009
0.000000
0.000000
0.000000
0.987346
0.000000
0.081486
0.000000
0.974480
0.000000
0.000000
0.000000
0.000000
0.134791
0.000000
0.020698
0.000000
0.000000
0.000000
0.171947
0.000000
0.367955
0.000000
0.590853
0.952837
0.000000
0.000000
0.013845
0.000000
0.000000
0.083993
0.000000
0.000000
0.000000
0.000000
0.000000
0.245672
0.000000
0.000000
0.000000
0.000000
0.000000
0.000000
0.000000
0.000000
0.000000
0.000000
0.000000
0.305476
0.000000
0.156509
0.000000
0.000000
0.000000
0.000000
0.000000
0.000000
0.000000
0.088046
0.504400
0.000000
0.000000
0.502504
0.000000
0.000000
0.249206
0.000000
0.488120
0.644757
0.000000
0.000000
0.127543
0.000000
0.000000
0.015312
0.000000
0.000000
0.000000
0.000000
0.000000
0.000000
0.000000
0.000000
0.000000
0.000000
0.112666
0.229943
0.000000
0.000000
0.000000
0.831770
0.000000
0.000134
0.000000
0.000000
0.000000
0.000000
0.000000
0.000000
0.000000
0.000000
0.000000
0.000000
0.000000
0.026057
0.000000
0.300164
0.000000
0.000000
0.000000
0.000000
0.000000
0.000000
0.000000
0.261364
0.000000
0.000000
0.000000
0.000000
0.000000
0.648833
0.000000
0.000000
0.024623
0.000000
0.000000
0.000000
1.000000
0.000000
0.000000
0.000000
0.000525
0.000000
0.000000
0.000000
0.000000
0.000000
0.000000
0.000000
0.000000
0.000000
0.000000
0.000000
0.000000
0.000000
0.000000
0.000000
0.000000
0.000000
0.000000
0.456837
0.000000
0.000000
0.000000
0.997682
0.999935
0.000000
0.000000
0.000000
0.000000
0.008251
0.000000
0.000000
0.948419
0.000000
0.000000
0.000000
0.998752
0.010389
0.000000
0.225052
0.000000
0.152174
0.435053
0.000270
0.000000
0.083155
0.001246
0.000000
0.110592
0.000000
0.000000
0.000000
0.000000
0.000000
0.004315
0.000000
0.000003
0.000000
0.000000
0.053245
0.052492
0.000000
0.000000
0.390836
0.600871
0.023626
0.147289
0.000000
0.004939
0.028396
0.000000
0.000000
0.000000
0.015939
0.000000
0.000000
0.366254
0.000000
0.066995
0.000000
0.000000
0.000000
0.000000
0.257974
0.334341
0.000000
0.000000
0.000000
0.000000
0.048306
0.181487
0.000000
0.844869
0.000000
0.696260
0.000000
0.000000
0.000000
0.000000
0.000000
0.000000
0.000000
0.185776
0.000000
0.000000
0.000000
0.000000
0.000000
0.000000
0.284110
0.000000
0.000000
0.000000
0.693959
0.000000
0.000000
0.000000
0.000000
0.000000
0.000000
0.000000
0.000000
0.000000
0.688400
0.000000
0.000000
0.000000
0.000000
0.000000
0.000000
0.000000
0.111868
0.000000
0.000000
0.192247
0.000000
0.000000
0.336061
0.000000
0.000000
0.000000
0.000000
0.000000
0.000000
0.000000
0.000000
0.000000
0.000000
0.000000
0.001403
0.000000
0.000000
0.000000
0.001799
0.000000
0.000000
0.062142
0.000000
0.000000
0.135658
0.000000
0.000000
0.000000
0.000000
0.000000
0.000714
0.000000
0.000000
0.015182
0.294201
0.609473
0.000323
0.000000
1.000000
0.000000
0.000000
0.000000
0.000000
0.001144
0.000000
0.000000
0.390577
0.000000
0.000000
0.053156
0.000000
0.000000
0.000000
0.000000
0.000000
0.000000
0.029554
0.417507
0.152003
0.000000
0.000000
0.000000
0.000000
0.000000
0.000000
0.024907
0.000000
0.000000
0.000000
0.011453
0.000000
0.485716
0.070475
0.000000
0.000000
0.141066
0.000000
0.282760
0.000000
0.000010
0.000000
0.099936
0.000000
0.000000
0.000000
0.495948
0.619388
0.000000
0.000000
0.000000
0.000000
0.006218
0.000000
0.000000
0.000000
0.000000
0.013838
0.000000
0.000000
0.000000
0.000000
0.252652
0.159135
0.000000
0.614272
0.000000
0.000000
1.000000
0.000000
0.000000
0.000000
0.000000
0.000000
0.999999
0.000000
0.034312
0.000000
0.115649
0.000000
0.056336
0.142870
0.000000
0.000000
0.998883
0.000000
0.000000
0.224562
0.000000
0.000000
0.000000
0.117863
0.000000
0.003266
0.000000
0.000000
0.000000
0.000000
0.000000
0.000000
0.000000
0.000000
0.000000
0.249439
0.000000
0.985292
0.003160
0.000000
0.000000
0.000000
0.000000
0.000000
0.000709
0.112360
0.000000
0.000000
0.013807
0.000000
0.000000
0.000000
0.000000
0.307801
0.074669
0.000000
0.000000
1.000000
0.639963
0.000000
0.349780
0.000000
0.512036
0.882514
0.000000
0.000000
0.520305
0.000000
0.263075
0.882026
0.170315
0.224321
1.000000
0.000000
0.000000
0.000000
0.003618
0.000000
0.000000
0.000268
0.028674
0.000000
0.000000
0.193170
0.000000
0.000000
0.000000
0.000000
0.000000
0.000000
0.202902
0.000162
0.000000
0.000000
1.000000
0.000000
0.000000
0.000000
0.000000
0.000291
0.029607
0.000000
0.037401
0.000026
0.000000
0.000000
0.095967
0.000000
0.514483
0.867872
0.311101
0.000000
0.000000
0.075089
0.000000
0.000000
0.000000
0.105735
0.000000
0.000000
0.000000
0.000000
0.000000
0.000000
0.000000
0.004116
0.210283
0.994582
0.000000
0.000000
0.000000
0.000000
0.241121
0.000000
0.000000
0.000000
0.000000
0.450230
0.006300
0.000000
0.000000
0.000000
0.000000
0.000000
1.000000
0.000000
0.000000
0.000000
0.000000
0.158231
0.000000
0.000000
0.540565
0.352748
0.726623
0.000000
0.999889
0.000000
0.000000
0.248084
0.000000
0.000000
0.000000
0.000000
0.219372
0.000000
0.000000
0.028138
0.000000
1.000000
0.000000
0.000000
0.000000
0.000000
0.085470
0.257961
0.158708
0.152371
0.000000
0.000000
0.000000
0.793233
0.000000
0.019327
0.000000
0.000000
0.000000
0.000000
0.956419
0.000000
0.000000
0.868530
0.000000
0.000154
0.000000
0.000000
0.000000
0.000000
0.000000
0.040635
0.000000
0.000000
0.000000
0.000000
0.000000
0.000000
0.000000
0.000000
0.000000
0.000000
0.000000
0.000000
0.000000
0.000000
0.930766
0.000000
0.000000
0.129552
0.000000
0.000000
0.000000
0.227045
0.111858
0.320754
0.000000
0.000000
0.036053
0.000000
0.000000
0.000000
0.000000
0.007125
0.000000
0.000000
0.000000
0.036862
0.000000
0.000000
0.370451
0.000000
0.000000
0.000000
0.000000
0.000000
0.000000
0.000000
0.000000
0.000000
0.000000
0.000000
1.000000
0.254520
0.000000
0.000000
0.484532
1.000000
0.000000
0.000000
0.000000
0.000000
0.000000
0.004392
0.000000
0.282522
0.000000
0.000000
0.000000
0.117586
0.949764
0.122580
0.014798
0.000000
0.000000
0.000000
0.000000
0.000000
0.000000
0.000000
0.000000
0.000000
0.000000
0.569770
0.000000
0.000000
0.000000
0.000000
0.000000
0.000000
0.093537
0.000000
0.000000
0.000000
0.030295
0.000000
0.000000
0.000000
0.000000
0.000000
0.000000
0.000000
0.037170
0.000000
0.000000
0.158620
0.000000
0.000000
0.000000
0.000000
0.156070
0.000000
0.791816
0.000000
0.790555
0.999988
0.000000
0.000000
0.000000
0.483046
0.000000
0.000000
0.000000
0.000000
1.000000
0.083720
0.000000
0.078292
1.000000
0.000000
0.009298
0.211556
0.000000
0.390036
0.000000
0.000000
0.000000
0.040491
0.000000
0.000000
0.000000
0.000000
0.002294
0.082075
0.000000
0.000000
0.083787
0.000000
0.000000
0.000000
0.000000
0.000000
0.000000
0.287020
0.000000
0.000000
0.000273
0.032740
0.301179
0.000000
0.000000
0.000000
0.138231
0.000000
0.000000
0.000000
0.000000
0.713123
1.000000
0.059624
0.000000
0.000000
0.000000
0.000000
0.002723
0.000000
0.000000
0.202956
0.000062
0.000000
0.343030
0.383391
0.999922
0.000000
0.000000
0.000000
0.990445
0.094070
0.000000
0.000000
0.000000
0.000000
0.000000
0.998944
0.000000
0.000000
0.000000
0.000000
0.000000
0.000000
0.000000
0.000000
0.000000
0.011922
0.000000
0.001587
0.000000
0.000000
0.423307
0.000000
0.000000
0.000000
0.000000
0.000000
0.000000
0.755811
0.000000
0.000000
0.000000
0.000000
0.000001
0.000000
0.000000
0.000000
1.000000
0.000000
0.000000
0.000000
0.000000
0.000000
0.000000
0.000000
0.000000
0.000000
0.866873
0.136303
0.036813
0.000000
0.000000
0.000000
0.000000
0.000000
0.000000
0.620121
0.114950
0.000000
0.000000
0.290937
0.044276
0.000000
0.000000
0.000000
0.000000
0.000000
0.021926
0.000000
0.000000
0.023769
1.000000
0.000000
0.000000
0.000000
0.916406
0.000000
0.999999
0.000000
0.000000
0.000000
0.083648
0.000000
0.000000
0.919260
0.000000
0.000000
0.000000
0.000000
0.000000
0.117675
0.044494
0.279219
0.000000
0.000000
0.000000
0.000000
0.000000
0.000000
0.000000
0.000000
0.000000
0.000000
0.000000
1.000000
0.000000
0.679448
0.000000
0.984124
0.000000
0.000000
0.000000
0.000237
0.000000
0.000000
0.000000
0.003407
0.000000
0.000000
0.000000
0.000000
1.000000
0.000000
0.000000
0.000000
0.000000
0.000000
0.000000
0.000000
0.393325
0.000000
0.000000
0.000000
0.655613
0.000000
0.000000
0.002290
0.000000
0.000000
0.000000
0.000000
0.000000
0.000000
0.161137
0.000000
0.000012
0.000000
0.000000
0.050236
0.000000
0.000000
0.000000
0.115183
0.000000
0.212506
0.000000
0.593008
0.000000
0.000000
0.464899
0.315408
0.000000
0.000000
0.000000
0.374444
0.000000
0.005315
0.133924
0.000000
0.000000
0.000000
0.000000
0.016542
0.000000
0.000000
0.000000
0.000000
0.000000
0.000000
0.000000
0.000000
0.272471
0.000000
0.021465
0.061997
0.214428
0.000000
0.000000
0.789461
0.000000
0.000000
0.000000
0.000000
0.000000
0.253270
0.000000
0.000000
0.000000
0.000000
0.000000
0.000000
0.000000
0.000000
0.000000
0.000009
0.000000
0.000000
0.000000
0.000000
0.000000
0.004220
0.476052
0.000000
0.000000
0.000000
0.000000
0.033751
0.000000
0.974481
0.000000
0.000000
0.071258
0.000000
0.000000
0.000000
0.000000
0.000000
0.000000
0.000000
0.000000
0.000000
0.000000
0.033583
1.000000
0.000000
0.000000
0.000000
0.000000
0.000000
0.000000
0.848058
0.000000
0.000000
0.000000
0.000000
0.000000
0.000000
0.000000
0.167300
0.000000
0.000000
0.000000
0.000000
0.255089
1.000000
0.000000
0.000000
0.084666
0.000000
0.000000
0.000000
0.000000
0.504979
0.000000
0.000000
0.506801
0.000000
0.000000
0.228025
0.000000
0.000000
0.009476
0.000000
0.000000
0.066968
0.000000
0.000000
0.054672
0.000000
0.000000
0.763678
0.000000
0.000037
0.000000
0.000000
0.000000
0.000000
0.000000
0.000000
0.000000
0.000000
0.025042
0.175004
0.000000
0.000000
0.083640
0.000000
0.000000
0.031781
0.000000
0.000000
0.000000
0.000000
0.000000
0.000000
0.000000
0.159293
0.317714
0.000000
0.000000
0.000000
0.140754
0.000000
0.997542
0.000000
0.000000
0.000000
0.402031
0.000000
0.482688
0.000000
0.000000
0.000000
0.000000
0.556392
0.000000
0.000000
0.000000
0.000000
0.000000
0.000000
0.000000
0.002449
0.000000
0.000000
0.174565
0.000000
0.000000
0.000000
0.000000
0.000000
0.000000
0.000000
1.000000
0.000000
0.715081
0.000000
0.126144
0.000000
0.000000
0.152480
0.000000
0.000000
0.000000
0.000000
0.000000
0.000000
0.000000
0.000000
0.000000
0.190701
0.854573
0.012179
0.000000
0.000000
0.000000
0.761477
0.022348
0.000000
0.000000
0.000000
0.155240
0.000000
0.000000
0.000787
0.265993
0.000000
0.000000
0.000000
0.000000
0.000000
0.000000
0.000000
0.000000
0.127453
0.000000
0.000000
0.046903
0.000000
0.000000
0.000000
0.000000
0.000000
0.000000
0.000000
0.081440
0.000000
0.000000
0.000000
0.000000
0.000000
0.154987
0.000000
0.000000
1.000000
0.162630
0.015675
0.000000
0.093565
0.000000
0.000000
0.172154
0.000000
0.000000
0.000000
0.000000
0.000000
0.000000
0.801622
0.000000
0.990470
0.000000
0.000000
0.000000
0.002555
0.069897
1.000000
0.027852
0.000000
0.000000
0.000000
0.000000
0.000000
0.000000
0.000000
0.000000
0.000000
0.000000
0.187378
0.000000
0.000000
0.000000
0.000000
0.000000
0.000000
1.000000
0.919296
0.000000
0.000000
0.000000
0.000000
0.000020
0.869983
0.934623
0.482195
0.581913
0.000000
0.203061
0.000000
0.000000
0.000000
0.000000
0.733114
0.011157
0.000000
0.000000
0.142066
0.182834
0.000000
0.000000
0.000000
0.000000
0.096858
0.169167
0.000000
0.887285
0.000000
1.000000
0.000000
0.000000
0.362108
0.000000
0.000000
0.492878
0.000000
0.000004
0.000000
0.960176
0.000000
0.000000
0.038046
0.000000
0.000000
0.000000
0.000000
0.000000
0.012387
0.000000
0.000000
0.012864
0.247498
0.000000
0.000000
0.000000
0.001327
0.000000
0.079753
0.000000
0.000000
0.000000
0.852649
0.000000
0.000000
0.000000
0.000000
0.000000
0.000000
0.000000
0.018630
0.266062
0.000000
0.003088
0.000000
0.160990
0.000000
0.000000
0.000000
0.000000
0.117108
0.000000
0.000000
0.016968
0.067305
0.000000
0.876432
0.000000
0.453633
0.000000
0.000000
0.000000
0.000000
0.056678
0.000000
0.000000
0.604965
0.000000
0.172423
0.051125
0.000000
0.000000
0.000000
0.000000
0.000000
0.718211
0.000000
0.000000
0.000000
0.000000
0.088574
0.021732
0.076549
0.000000
0.000000
0.000000
0.000000
0.000000
0.000000
0.521061
0.000000
0.000000
0.000000
0.000000
0.000000
0.399429
0.000000
0.000000
0.000000
0.000000
0.000000
0.495009
0.000000
0.000000
0.000000
0.000000
0.000000
0.000000
0.000000
0.000000
0.000000
0.009561
1.000000
0.000000
0.000000
0.910603
0.001960
0.000000
0.000000
0.245096
0.000000
0.000000
0.000000
0.000000
0.288902
0.037630
0.000843
0.000000
0.000000
0.811588
0.000000
0.000000
0.000000
0.000000
0.093360
0.000000
0.281217
0.000000
0.000000
0.000000
0.000000
0.000000
0.086274
0.000000
0.000000
0.000000
0.000000
0.000000
0.000000
0.000000
0.000000
0.000000
0.000000
0.000000
0.000000
0.000000
0.000000
0.000000
0.000000
0.200420
0.034612
0.999866
0.000000
0.000000
0.322821
0.000000
0.002068
0.000000
0.529358
0.000000
0.144158
0.000000
0.396680
0.000000
0.000000
0.055411
0.000000
0.000000
0.000000
0.000000
0.323040
0.000000
0.000000
0.000000
0.000000
0.194847
0.000000
0.000000
0.000000
0.000000
0.000000
0.010703
0.000000
0.183727
0.130748
0.000000
0.000000
0.000000
0.000000
0.999790
0.114733
0.000000
0.000000
0.000000
0.000000
0.000000
0.000000
0.065090
0.463192
0.113564
0.000000
0.000499
0.000000
0.999849
0.000000
0.000000
0.000000
0.000000
0.000000
0.000000
0.116254
0.000000
0.030021
0.000000
0.000000
0.015073
0.114583
0.000000
0.000000
0.000000
0.000000
0.000000
0.000000
0.000000
0.000000
0.005456
0.927975
0.000000
0.957990
0.000000
1.000000
0.000000
0.000000
0.000000
0.000000
1.000000
0.124341
0.000000
0.000000
0.109011
0.027622
0.594982
0.000000
0.000000
0.000000
0.000000
0.000000
0.000000
0.000000
0.000000
0.000000
0.000000
0.000000
0.482221
0.100922
0.113370
0.016400
0.099100
0.000000
0.000000
0.000000
0.000000
0.052036
0.000000
0.000000
0.000000
0.000000
0.000000
0.000000
0.000000
0.002222
0.304873
0.000000
0.381480
0.000000
0.000000
0.000000
0.000000
0.000000
0.000000
0.999996
0.000000
0.000000
0.000000
0.034331
0.000000
0.000000
0.000369
0.000000
0.000000
0.000000
0.000000
0.998953
0.999919
0.000000
0.004928
0.000000
0.000000
0.000000
0.000000
0.000000
0.000000
0.000000
0.000000
0.000000
0.000000
0.000000
0.000000
0.000000
0.000000
0.000000
0.300346
0.360958
0.000000
0.000000
0.000000
0.000000
0.000000
0.000000
0.000000
0.000000
0.000000
0.000000
0.027765
0.001112
0.000000
0.000000
0.000000
0.000000
0.105191
0.000000
0.000000
0.000000
0.000000
0.000000
0.000000
0.000000
0.000000
0.000000
0.000000
0.000000
0.544947
0.000000
0.000000
0.000000
0.005115
0.184108
1.000000
0.988017
0.146828
0.851030
0.000000
0.000000
0.336553
0.000000
0.000000
0.000000
0.017782
0.000000
0.000000
0.000000
0.947033
0.617350
0.390309
0.000000
0.000000
0.174934
0.000000
0.000000
0.000000
1.000000
0.000000
0.000000
0.812749
0.000000
0.000000
0.000000
0.291302
0.000000
0.123112
0.000000
0.000000
0.000000
0.000000
0.000000
0.000000
0.310130
0.000000
0.000000
0.000000
0.145906
0.000000
0.000000
0.000000
0.000000
0.000000
0.997379
0.106896
0.000000
0.000000
0.000000
0.000000
0.000000
0.035908
0.000000
0.000000
0.370387
0.985570
0.000000
0.011014
0.017656
0.000000
0.628483
0.034004
0.000000
0.000000
0.000000
0.135533
0.000000
0.919630
0.000000
0.000000
0.464631
0.000000
0.000000
0.000000
0.000000
0.031233
0.002178
0.000000
0.000000
0.000000
0.000000
0.000000
0.000000
0.051540
0.002563
0.000000
0.000000
0.991467
0.000000
0.000000
0.249026
0.000000
0.000000
0.930318
0.000000
0.000000
0.000709
0.000000
0.000000
0.338671
0.000000
0.934633
0.027940
0.000000
0.036505
0.065524
0.000000
0.000000
0.000000
0.000000
0.000000
0.292565
0.000000
0.499427
0.000000
0.000000
0.000000
0.000000
0.141363
0.000000
0.000000
0.000000
0.999998
0.000000
0.000000
0.000000
0.000000
0.000000
0.519239
0.000000
0.000000
0.257246
0.000000
0.000000
0.000000
0.000000
0.000000
0.006518
0.000000
0.000000
0.000000
0.000000
0.286315
0.000000
0.000000
0.000000
0.000000
0.554491
0.701431
0.000000
0.005738
0.035582
0.000000
0.000000
0.000000
0.877452
0.000000
0.000000
0.000000
0.000000
0.000000
0.000000
0.000000
0.000000
0.000000
0.000000
0.000000
0.000000
0.000000
0.000000
0.000000
0.000000
0.000000
0.000000
0.000000
0.028546
0.000000
0.000000
0.000000
0.000000
0.000000
0.000000
0.000000
0.000000
0.000000
0.000000
0.087098
0.000000
0.000000
0.000000
0.000000
0.000000
0.000000
0.273113
0.000000
0.091340
0.000000
0.019120
0.002796
0.002238
0.001487
0.000000
0.000000
0.000000
0.000000
0.000000
0.000000
0.000000
0.964182
0.105580
0.134041
0.000000
0.551023
0.000000
0.000000
0.000000
0.000000
0.000000
0.000000
0.000000
0.000000
0.034755
0.000000
0.000000
0.000000
0.065537
0.000000
0.000000
0.000000
0.000000
0.000000
0.019001
0.000000
0.000000
0.000000
0.000000
0.000000
0.000000
0.000000
0.000000
0.000880
0.000000
0.000000
0.000000
0.000000
0.000000
0.000000
0.000000
0.000079
0.000000
0.042416
0.193664
0.000000
0.000000
0.000000
0.000000
0.148926
0.000000
0.000000
0.012639
1.000000
0.070255
0.102499
0.000000
0.145239
0.448800
1.000000
0.042838
0.000000
0.016534
0.000000
0.000000
0.000000
0.000000
0.000000
0.000000
0.219904
0.000000
0.000000
0.000000
0.000000
0.000000
0.000000
0.000000
0.000000
0.000000
0.000000
0.000000
0.000000
0.000000
0.000000
0.000000
0.000000
0.449967
0.580667
0.000000
0.000000
0.000000
0.000000
0.000000
0.000000
0.000000
0.000000
0.000000
0.000000
0.000000
0.881462
0.000000
0.999998
0.000000
0.000000
0.158796
0.000000
0.000000
0.513436
0.000000
0.000000
0.000000
0.000000
0.000000
0.000000
0.000000
0.000000
0.000000
0.615448
0.008522
0.000000
0.796081
0.000000
0.116335
0.000000
0.000000
0.000000
0.000000
0.275608
0.000000
0.000000
0.000000
0.000000
0.015328
0.000000
0.000000
0.000000
0.056163
0.000000
0.000000
0.000000
0.000000
0.999996
0.000000
0.000000
0.000020
0.000000
0.000000
0.000000
0.004478
1.000000
0.122922
0.000000
0.000000
0.000000
0.000000
0.000000
0.000000
0.006155
0.025679
0.044115
0.099385
0.000000
0.000000
0.000000
0.507125
0.000000
0.000000
0.003265
0.000000
0.000000
1.000000
0.000000
0.525432
0.000000
0.000839
0.206208
0.000000
0.000000
0.000000
0.000000
0.000000
0.000000
0.000000
0.000000
0.000000
0.000000
0.000000
0.000000
0.000000
0.000000
0.010070
0.000000
0.000000
0.000000
0.000000
0.000000
0.000000
0.000000
0.000000
0.000000
0.000000
0.000000
0.000000
0.000000
0.000000
0.000000
0.000000
0.000000
0.000000
0.000000
0.000000
0.000000
0.000000
0.000000
0.000000
0.000000
0.000000
0.000000
0.000000
0.000000
0.000000
0.237639
0.000000
0.455140
0.000000
0.000000
0.000000
0.000000
1.000000
0.000000
0.000000
0.000000
0.000000
0.000000
0.000000
0.000000
0.830328
0.000000
0.000000
0.000000
0.970207
0.000000
0.000000
0.000000
0.000000
0.001934
0.057888
0.000000
0.000000
0.000000
0.000000
0.000000
0.000000
0.000000
0.025625
0.000000
0.000000
0.000000
0.000000
0.000000
0.000000
0.000000
0.000000
0.000000
0.297804
0.186212
0.000000
0.000000
0.000000
0.113227
0.000000
0.000000
0.246061
0.000000
0.849862
0.000000
0.000000
0.000000
0.034319
0.000000
0.000000
0.000000
0.000000
0.000000
0.000000
0.000000
0.233531
0.000000
0.000000
0.000000
0.102725
0.000000
0.000000
0.000000
0.163771
0.000000
0.000000
1.000000
0.000000
0.000000
0.000000
0.000586
0.000000
0.429757
0.067577
0.000000
0.113194
0.751340
0.000000
0.000000
0.000000
0.000000
0.000000
0.000000
0.000000
0.159463
0.000000
0.000000
0.000000
0.000000
0.000000
0.000000
0.000000
0.045366
0.000000
0.000000
0.997398
1.000000
0.000000
0.000000
0.000000
0.000000
0.000000
0.320290
0.000000
0.041790
0.000000
0.000000
0.000000
0.000000
0.000000
0.000000
0.000000
0.033280
0.978525
0.002449
0.852316
0.043332
0.027838
0.000000
0.000000
0.000000
0.000000
0.578936
0.000000
0.065074
0.000000
0.000000
0.018435
0.237859
0.019411
0.000000
0.031794
0.000000
0.000000
0.000000
0.000000
0.000000
0.000000
0.000000
0.000000
0.000000
0.066093
0.000000
0.185495
0.000000
0.782917
0.000000
0.000000
0.000000
0.000000
0.000000
0.465072
0.000000
0.839089
0.000000
0.000000
0.000000
0.334341
0.000000
0.167630
0.000000
0.000000
0.000000
0.000000
0.000000
0.000000
0.000000
0.452061
0.000000
0.000499
0.000000
0.000000
0.179418
0.000000
0.000000
0.000000
0.000000
0.000000
0.000000
0.000000
0.000000
0.000000
0.000000
0.000000
0.829698
0.000000
0.000000
0.000001
0.000000
0.237812
0.000000
0.000000
0.653219
0.671976
0.000000
0.000000
0.693682
0.000000
0.000000
0.245018
0.000000
0.000000
0.000000
0.000000
0.000000
0.005424
0.000000
0.000000
0.000000
0.158513
0.040638
0.000000
0.000000
0.000000
0.000000
0.000000
0.000000
0.000000
0.000000
0.000000
0.162081
0.000000
0.769511
0.016240
0.000000
0.094030
0.039901
0.000000
0.000000
0.000000
0.000000
0.000000
0.000000
0.000000
0.000000
0.073685
0.000000
0.000000
0.000000
0.172712
0.000000
0.000000
0.000000
0.999999
0.136260
0.000000
0.000000
0.001827
0.995462
0.000000
0.461902
0.000000
0.000000
0.667641
0.023285
0.000000
0.000000
0.000000
0.000000
0.000000
0.000000
0.000000
0.000000
0.000000
0.000000
0.039241
0.000000
0.000000
0.000000
0.000000
0.000000
0.000000
0.011132
0.000000
0.138345
0.000000
0.000000
0.000000
0.000000
0.000000
0.000000
0.000000
0.000000
0.000367
0.040719
0.000000
0.054654
0.118877
0.152895
0.000000
0.123299
0.322895
0.000000
0.000000
0.000000
0.000000
0.187992
0.000000
0.741625
0.000000
0.000000
0.000000
0.032773
0.000000
0.000000
0.000000
0.000000
0.924714
0.000000
0.000000
0.000000
0.134170
1.000000
0.000000
0.000000
1.000000
0.000000
0.000000
0.000000
0.000000
0.112417
0.009765
0.221889
0.000000
0.000000
0.038890
0.000000
0.319291
1.000000
0.000000
0.000000
0.000000
0.000000
0.000000
0.000000
0.000000
0.000000
0.000000
0.105966
0.000249
0.000000
0.000000
0.000000
0.000000
0.000000
0.000000
0.000000
0.000000
0.000000
0.000000
0.000000
0.000000
0.001813
0.000000
0.000000
0.000000
0.000000
0.049144
0.000000
0.000000
0.000000
0.000000
0.086457
0.000000
0.000000
0.000000
0.000390
0.002399
0.000000
0.000000
0.000000
0.000000
0.993755
0.000000
0.000000
0.000000
0.100250
0.000000
0.000000
1.000000
0.000000
0.000000
0.000000
0.999326
0.140801
0.824841
0.179226
0.000000
0.008882
0.000000
0.775346
0.000000
0.208952
0.000000
0.609949
0.000000
0.000000
0.000000
0.000000
0.000000
0.000000
0.000000
0.203860
0.000000
0.000000
0.000000
0.634429
0.000000
0.061163
0.351087
0.000000
0.039620
0.000000
0.000000
0.000000
0.000000
0.000000
0.000000
0.000000
0.000000
0.000000
0.000000
0.000000
0.000000
0.749436
0.000000
0.000000
0.154586
0.000000
0.000000
0.000000
0.000000
0.061030
0.000000
0.000000
0.000000
0.042341
0.000000
0.000000
0.011052
0.000000
0.000000
0.000000
0.000000
0.000000
0.000000
0.008515
0.000000
0.000000
0.000000
0.034952
0.856587
0.000000
0.000000
0.526989
0.756284
0.000000
0.000000
0.000000
0.000000
0.000000
0.000000
0.000000
0.000000
0.125064
0.016371
0.000000
0.000000
0.092169
0.000000
0.000000
0.000000
0.000000
0.082058
0.000000
0.022052
0.000000
0.000000
0.000000
0.000000
0.481143
0.000000
0.000000
0.000000
0.000000
0.000000
0.007530
0.000000
0.000000
0.013798
0.001481
0.000000
0.000000
0.000000
0.000000
0.000000
0.000000
0.000000
0.000000
0.000000
0.000000
0.040834
0.000000
0.000000
0.000000
0.000000
0.000000
0.000000
0.000000
0.000000
0.000000
0.000000
0.000000
0.000000
0.000000
0.000000
0.000000
0.000383
0.000000
0.000000
0.000000
0.194261
0.000000
0.000000
0.096529
0.000000
0.000000
0.000000
0.000000
1.000000
0.000000
0.226279
0.000000
0.000000
0.000000
0.000000
0.000000
0.000000
0.000000
0.000000
0.988879
0.000858
0.000000
0.000000
0.000000
0.830861
0.013284
0.000000
0.000000
0.018253
0.000000
0.000000
0.000000
0.000000
0.000747
0.019731
0.000000
0.000000
0.395079
0.000000
0.002005
0.000000
0.000000
0.000000
0.612719
0.120960
0.000000
0.000000
0.000000
0.000000
0.000000
0.000000
0.000000
0.000000
0.000000
0.000000
0.000000
0.000000
0.000000
0.888622
0.121296
0.000000
0.000000
0.109556
0.000278
0.000000
0.719301
0.000000
0.000000
0.000000
0.000000
0.000000
0.366123
0.033622
1.000000
0.396523
0.105061
0.788781
0.000000
0.000000
0.117144
0.227102
0.000000
0.000000
0.000000
0.000000
0.390018
1.000000
0.000000
0.000000
0.000000
0.000000
0.000000
0.000000
0.000367
0.000000
0.000000
0.000000
0.000000
0.000000
0.000000
0.000000
0.000000
0.000000
0.000000
0.000000
0.000000
0.000000
0.648140
0.000000
0.000000
0.000000
0.000000
0.000000
0.000000
0.000000
0.000000
0.000000
0.000000
0.000000
0.000000
0.002011
0.000000
0.000000
0.000000
0.000000
0.000000
0.000000
0.146224
0.000000
0.000000
0.000000
0.026649
0.000000
0.000000
0.346858
0.000000
0.788297
0.217587
0.000000
0.052337
0.138870
0.000000
0.989715
0.000000
0.000000
0.112591
0.000000
0.030012
0.000000
0.000000
0.000000
0.000000
0.538733
1.000000
0.000000
0.000000
0.000000
0.000000
0.000000
0.000000
0.000000
0.028841
0.000000
0.000000
0.005954
0.000000
0.000000
1.000000
0.058709
0.000000
0.000000
0.000000
0.016370
0.000000
0.157749
0.000000
0.000000
0.179677
0.154001
0.000000
0.000000
0.000230
0.215382
0.000000
1.000000
0.000000
0.002862
0.000000
0.000000
0.000000
0.000000
0.000000
0.000000
0.000000
0.000000
0.000000
0.000000
0.066689
0.000000
0.154110
0.000000
0.000000
0.000000
0.000000
0.010917
0.000000
0.000000
0.001584
0.000000
0.000000
0.000000
0.000000
0.000000
0.000000
0.841945
0.000000
0.000000
0.999999
0.000000
0.000000
0.000000
0.327217
0.001236
0.040311
0.000000
0.399530
0.000000
0.000000
0.000000
0.922243
0.000000
0.000000
0.182706
1.000000
0.443382
0.000000
0.000000
0.000000
0.000000
0.000000
0.000000
0.472654
0.000000
0.000000
0.000000
0.000000
0.000000
0.000000
0.000000
0.000000
0.069824
0.000000
0.935585
0.063464
0.002028
0.000000
0.000000
0.134729
0.000000
0.000000
0.000000
0.275165
0.000000
0.000000
0.000000
0.000000
0.000000
0.217747
0.658309
0.000000
0.000000
0.024931
0.020977
0.000000
0.000213
0.000000
0.000000
0.000000
0.000000
0.018558
0.000000
0.000000
0.000000
0.107559
0.000000
0.015853
0.000000
0.465322
0.000000
0.272299
0.000000
0.027163
0.000000
0.000000
0.000000
0.001915
0.087865
0.000000
0.000000
0.000000
0.000000
0.000000
0.004044
0.000000
0.000000
0.000000
0.000423
1.000000
0.769370
0.000000
0.993517
0.000000
0.000000
0.298766
0.986336
0.021832
0.000000
0.000000
0.000000
0.000000
0.136027
0.067640
0.000000
0.220169
0.000000
0.075923
0.000000
0.000000
0.000000
0.999999
0.000000
0.000000
0.000000
0.000000
1.000000
0.000000
0.000000
0.242645
0.115555
0.051100
0.947125
0.000000
0.000000
0.000000
0.000000
0.261646
0.030549
0.000000
0.000000
0.000000
0.331565
0.046572
0.000000
0.000000
0.000000
0.000000
0.000000
0.557396
0.000000
0.000000
0.975358
0.000000
0.000000
0.000000
0.000000
0.000000
0.000000
0.000000
0.000000
0.000000
0.000000
0.018663
0.000000
0.013617
0.000000
0.000000
0.056026
0.141169
0.000000
0.000000
0.000000
0.000000
0.363937
0.000000
0.000000
0.743392
0.000000
0.000000
0.000000
0.323612
0.000000
1.000000
0.000000
0.000000
0.000000
0.016088
0.000000
0.000000
0.000000
0.000000
0.000000
0.000000
0.000000
0.000000
0.000000
0.999527
0.000000
0.000000
0.000000
0.047453
0.000000
0.000000
0.000000
0.031992
0.000000
0.000000
0.030986
0.111301
0.000000
0.000000
0.000000
0.000000
0.000000
0.000000
1.000000
0.377687
0.000000
0.000000
0.000000
0.000000
0.559555
0.133227
0.000000
0.000000
0.285598
0.000000
0.000000
0.000000
0.000000
0.000000
0.000000
0.000000
0.000000
0.007156
0.018488
0.000000
0.239499
0.024498
0.000000
0.000000
0.353117
0.000000
0.000000
0.056879
0.000000
0.000000
0.000000
0.000000
0.000000
0.000000
0.000000
0.000000
0.000000
0.976110
0.000000
0.000000
0.454122
0.000000
0.000000
0.000000
0.000000
0.000000
0.999169
0.142369
0.000000
0.002076
0.000000
0.000000
0.000000
0.000000
0.023378
0.000000
0.000000
1.000000
0.000000
0.999963
0.000000
0.000000
0.000000
0.000000
0.000000
0.269745
0.000000
0.000000
0.000000
0.000000
0.000000
0.000000
0.589968
0.000000
0.000000
0.000000
0.996147
0.036882
0.982836
0.000000
0.000000
0.041027
0.000000
0.062390
0.000000
0.000000
0.000000
0.028653
0.001893
0.231084
0.000000
0.000000
0.000000
0.000000
0.000000
0.003714
0.067325
0.004537
0.983858
0.000000
0.704680
0.000000
0.096823
0.000000
0.000000
0.000000
0.000000
0.912958
0.000000
0.001029
0.000000
0.000000
0.000000
0.000000
0.404935
0.169379
0.000519
0.000000
0.114485
0.000000
0.000000
0.000000
0.481405
0.000000
0.123772
0.000000
0.000000
0.824642
0.000815
0.007553
0.322338
0.000026
0.160441
0.105640
0.000000
0.370278
0.000000
0.239536
0.000000
0.000000
0.000000
0.245849
0.000000
0.000000
1.000000
0.000000
0.000000
0.000000
0.119631
0.000000
0.000000
0.000000
0.000000
0.034270
0.064511
0.000000
0.000000
0.000000
0.000000
0.000000
0.000000
0.000000
0.052324
0.000000
0.000000
0.000000
0.000000
0.000000
0.000000
0.037707
0.000000
0.000000
0.000000
0.000000
0.000000
0.001591
0.000000
0.000000
0.071472
0.000000
0.000409
0.386366
0.000000
0.180492
0.000000
0.000000
0.000000
0.102021
0.000000
0.000000
0.000000
0.000000
0.036302
0.000000
0.000000
0.000000
0.982933
0.000000
0.281430
0.000000
0.000000
0.533635
0.000000
0.000000
0.000000
0.043398
0.000000
0.000000
1.000000
0.383160
0.000000
0.000000
0.000000
0.000000
0.000000
0.002502
0.566930
0.000000
0.808254
0.000000
0.000000
0.000000
0.000000
0.000000
0.703320
0.000000
0.000538
0.000000
0.000000
0.000000
0.000773
0.967380
0.000000
0.000000
0.000000
0.000000
0.000000
0.117377
0.000000
0.000000
0.000000
0.140922
0.000000
0.000000
0.378510
0.000000
0.000000
0.000000
0.000000
0.011695
0.000000
0.000000
0.005916
0.015736
0.000000
0.000000
0.000000
0.000000
0.000000
0.000000
1.000000
0.000000
0.000000
0.000000
0.000000
0.000964
0.000000
0.096210
0.103129
0.006033
0.000000
1.000000
0.114882
0.000000
0.000000
0.000000
0.000000
0.429162
0.000000
0.000000
0.000000
0.000000
1.000000
0.008966
0.000000
0.009205
0.000000
0.004007
0.991122
0.000000
0.000000
0.000000
0.000000
0.000000
0.722489
0.000000
0.000000
0.019709
0.000000
0.000000
0.000000
0.356598
0.000000
0.000000
0.000000
0.000000
0.000000
0.000000
0.000000
0.400131
0.000000
0.900042
0.000952
0.000000
0.935205
0.000000
0.440800
0.000000
0.000000
0.001755
0.000000
0.036353
0.194290
0.000000
0.000000
0.000000
0.000000
1.000000
0.000000
0.000000
0.000000
0.000000
0.462364
0.000444
0.184298
0.000000
0.000000
0.000000
0.000000
0.000000
0.057376
0.081522
0.000000
0.000000
1.000000
0.000000
0.000000
0.000000
0.000000
0.000000
0.000000
0.000000
0.000653
0.000000
0.000000
0.400275
0.000000
0.000000
0.000000
0.000000
0.000000
0.869247
0.000000
0.000000
0.000000
0.000000
0.827376
0.000000
0.149616
0.000000
0.000000
0.000000
0.000000
0.000000
0.000000
0.000000
0.016422
0.000000
0.000036
0.114348
0.521356
0.000000
0.000000
0.000000
0.000000
0.000000
0.005417
0.139046
0.000000
0.054809
1.000000
0.000000
0.425003
0.000000
0.244022
0.000000
0.000000
0.000000
0.000000
0.000000
0.969856
1.000000
0.000000
0.000000
0.000000
0.000000
0.000070
0.000000
0.000000
0.000000
0.966457
0.000000
0.000000
0.164449
0.000000
0.000000
0.000000
0.000000
0.000000
0.000000
0.000000
0.104624
0.094347
0.000000
1.000000
0.974113
0.000000
0.000000
0.000000
0.000000
0.000000
0.000021
0.000000
0.000000
0.948894
0.994097
0.000000
0.000000
0.000000
0.000000
0.000000
0.644877
0.000000
0.000000
0.000000
0.000000
0.000000
0.031128
0.119649
0.000000
0.000000
0.086406
0.000000
0.000000
0.000000
0.000000
0.003860
0.000000
0.000000
0.000000
0.000000
0.009937
0.246220
0.310137
0.197262
0.000000
0.000000
0.000000
0.000000
0.026451
0.000000
0.345073
0.000000
0.000000
0.000000
0.374014
0.169361
0.000000
0.000000
0.000000
0.000000
0.000000
0.000000
0.000000
0.000000
0.034356
0.000000
0.000000
0.000000
0.000000
0.162657
0.000000
0.000000
0.000000
0.000000
1.000000
0.000000
0.000000
0.999675
0.000000
0.004739
0.000000
0.000000
0.000000
0.000000
0.043655
0.601880
0.000000
0.439064
0.000000
0.000000
0.000000
0.000000
0.000000
0.000000
0.000000
0.000000
0.271904
0.383492
0.000000
0.000000
0.486911
0.000000
0.000000
0.000000
0.000000
0.000000
0.037318
0.451789
0.000000
0.000000
0.000000
0.585903
0.000000
0.000000
0.000000
0.175923
0.021307
0.342613
1.000000
0.091546
0.000000
0.000000
0.000000
0.000000
0.000000
0.000000
0.000000
0.000000
0.000000
0.000000
0.000000
1.000000
0.264228
0.000000
0.116612
0.982577
0.489458
0.114190
0.000000
0.000000
0.801280
1.000000
0.000000
0.000000
0.058376
0.000000
0.033915
0.000000
0.139687
0.000000
0.000000
0.000000
0.000000
0.000000
0.000000
0.332635
0.028465
0.000000
0.082887
0.999794
0.002807
0.000000
0.000000
0.064756
0.000000
0.000000
0.000000
0.000000
0.000000
0.003368
0.000000
0.000000
0.000000
0.000000
0.014332
0.648799
0.269761
0.001759
0.000000
0.047435
0.000000
0.000000
0.032600
0.000000
0.000000
0.000000
0.111495
0.000000
0.000000
0.033551
0.000000
0.000000
0.000000
0.000000
0.000000
0.000000
0.000000
0.000000
0.000000
0.952330
0.000000
0.000000
0.000000
0.000000
0.022223
1.000000
0.000000
0.001103
0.000000
0.000000
0.000000
0.000000
0.000000
0.069004
0.000000
0.000000
0.000000
0.000000
0.000000
0.000000
0.000000
0.000000
0.000000
0.002636
0.000000
0.013146
0.033230
0.000000
0.243169
0.000000
0.000000
0.000000
0.753150
0.861614
0.000000
0.000000
0.000000
0.000000
0.000000
0.104325
0.848077
0.011641
0.252269
0.430168
0.000000
0.000000
0.992746
0.722347
0.129534
0.000000
0.224784
0.166514
0.000000
0.204018
0.070468
0.000000
0.088965
0.000000
0.000000
0.872575
0.000000
0.000000
0.000000
1.000000
0.000000
0.000000
0.000000
0.000000
0.000000
0.000000
0.000000
0.000000
0.000000
0.037699
0.986139
0.000000
0.063485
0.000000
0.000000
0.000000
0.000000
0.000000
0.189875
0.000000
0.000000
0.817266
0.158108
0.000000
0.000000
0.000000
0.000000
0.000000
0.000000
0.000000
0.264230
0.000000
0.356953
0.000000
0.000000
0.259835
0.000000
0.000000
0.801228
0.000000
0.000000
0.000000
0.000000
0.000000
1.000000
0.000000
0.000000
0.000000
0.000000
0.000000
0.980338
0.000000
0.000000
0.000000
0.000000
0.000000
0.000000
0.000000
0.000000
0.000000
0.018063
0.000000
0.000000
0.000000
0.000000
0.999994
0.000000
0.000000
0.000000
0.000000
0.000000
0.000000
0.347251
0.722794
0.000653
0.000000
0.018635
0.017291
0.000000
0.000000
0.999973
0.000000
0.000000
0.000000
0.000000
0.134659
0.000000
0.000000
0.110780
0.000000
0.000000
0.085677
0.000000
0.000000
0.279120
0.000000
0.000000
0.000000
0.016504
0.000000
0.000000
0.054047
0.029736
0.000000
1.000000
0.000000
0.000000
0.000000
0.000000
0.000772
0.000000
0.268028
0.137910
0.004177
0.000000
0.000000
0.000000
0.000000
0.033770
0.744363
0.848183
0.000000
0.000000
0.294682
0.000000
0.000000
0.000000
0.000000
0.000000
0.000000
0.000000
0.000000
0.102446
0.270527
0.000000
1.000000
0.000000
1.000000
0.000000
0.000000
0.000000
0.000000
0.000000
0.649588
0.000000
0.000000
0.000000
0.002057
0.000176
0.000000
0.000000
0.000000
0.000000
0.000000
0.997618
0.000000
0.813747
0.000000
0.000000
0.000000
0.000000
0.000000
0.183595
0.000000
0.000000
0.000000
0.000000
0.000000
0.000000
0.028534
0.007227
0.000000
0.711089
0.077900
0.000000
0.000000
0.000000
0.000000
0.000000
0.000000
0.000000
0.000000
0.000000
0.000000
0.000000
0.000000
0.035791
0.000000
0.000000
0.000000
0.630983
0.000000
0.000000
0.607733
0.000000
0.000000
0.972371
0.000000
0.000000
0.000000
0.039474
0.000000
0.000000
0.727976
0.000000
0.000000
0.000000
0.010016
0.006083
0.000000
0.019293
0.000000
0.000000
0.000000
0.000000
0.000000
0.000000
0.043088
0.000000
0.000000
0.000454
0.000000
0.000000
0.000000
0.013085
0.010864
0.000000
0.000000
0.020750
0.108611
0.000000
0.000000
0.000000
0.000000
0.000000
0.182608
0.000000
0.000000
0.400230
0.000000
0.999992
0.000000
0.000000
0.000000
0.000000
0.581401
0.000221
0.000000
0.000000
0.000000
0.000000
0.000000
0.146994
0.000000
0.999926
0.000000
0.000000
0.005644
0.768414
0.003543
0.000000
0.000000
0.000000
0.000000
0.000000
0.000000
0.000000
0.000000
0.000000
0.000000
0.062608
0.997711
0.150911
0.041118
0.000000
0.000000
0.000000
0.000000
0.740427
0.000000
0.003318
1.000000
0.000000
0.002001
0.000000
0.000000
0.025946
0.000000
0.329785
0.000000
0.722923
0.000000
0.000000
0.424298
0.264842
0.000000
0.000000
0.000000
1.000000
0.000000
0.000000
0.986030
0.000000
0.041515
0.000000
0.000000
0.000000
0.844870
0.000000
0.000000
0.000000
0.000000
0.000000
0.000000
0.000000
0.000000
0.000000
0.000000
0.000000
0.000000
0.000000
0.000000
0.000000
0.000000
0.000000
0.000000
0.000000
0.000000
0.085928
0.000000
0.000000
0.099872
0.555696
0.000000
0.000000
0.000000
0.000000
0.000000
0.000000
0.000000
0.000000
0.117381
0.000000
0.000000
0.000000
0.000000
0.000000
0.000000
0.000000
0.000000
0.000000
0.490813
0.000000
0.001715
0.000000
0.000000
0.000000
0.000000
0.000000
0.325065
0.747940
0.000000
0.000000
0.345339
0.001561
1.000000
0.000000
0.000000
0.000000
0.000000
0.282941
0.000000
0.000000
0.000000
0.000000
0.815067
0.000000
0.000000
0.125803
0.000000
0.000000
0.000000
0.043300
0.000000
0.000000
0.000000
0.000000
0.686858
0.000000
0.000000
0.000000
0.000000
0.000000
0.000000
0.000000
0.000000
0.000000
0.000000
0.739940
0.000000
0.323438
0.000000
0.000000
0.000000
0.024129
0.000000
0.710535
0.000000
0.000000
0.000000
0.002803
0.003415
0.000000
0.000000
0.101730
0.000494
0.000000
0.923583
0.046410
0.000000
0.000000
0.000000
0.000000
0.000000
0.073699
0.194802
0.097044
0.000000
0.000000
0.000000
1.000000
0.000000
0.839304
0.681984
0.000000
0.000000
0.000000
0.000000
0.049972
0.000000
0.947102
0.000000
0.188607
0.000000
0.000000
0.053857
0.000000
0.000000
0.052367
0.000000
0.000000
0.000000
0.000000
0.000000
0.160657
0.000000
0.000000
0.000000
0.000000
0.000000
0.000000
0.000000
0.453268
0.000000
0.000000
0.000000
0.000000
0.000000
0.000000
0.000000
0.982513
0.000000
0.000000
0.005374
0.000000
0.020662
0.000000
0.000000
0.000000
0.000000
0.000000
0.524037
0.000000
0.000000
0.000000
0.000000
0.000000
0.734415
0.000000
0.000000
0.000000
0.000000
0.000000
0.000000
0.000000
0.143276
0.000000
0.000000
0.000000
0.000000
0.000000
0.000000
0.000000
0.017239
1.000000
0.000000
0.234077
0.000000
0.000000
0.000000
0.000000
0.000000
0.000000
0.205701
1.000000
0.000000
0.000000
0.000000
0.000000
1.000000
0.000000
0.000000
0.000000
0.000000
0.207912
0.156172
0.000000
0.000000
0.000000
0.000088
0.696807
0.000000
0.000000
1.000000
0.000000
0.000000
0.000000
0.000000
0.000000
0.029358
0.000000
0.932580
0.000000
0.001744
0.000000
0.015982
0.000000
0.255283
0.000000
0.000000
0.174388
0.051064
0.000000
0.000000
0.000000
0.000000
0.042347
0.000000
0.000000
0.000006
0.000000
0.000000
0.499764
0.000000
0.011088
0.000000
0.025287
0.000000
0.000000
0.000000
0.000000
0.000000
0.000000
0.000000
0.000000
0.000000
0.000000
0.000000
0.000000
0.000000
1.000000
0.925852
0.000000
0.000000
0.000000
0.000000
0.000000
1.000000
0.000000
0.425857
0.000000
0.258027
0.000000
0.000000
0.000000
0.000000
0.000000
0.120761
0.000000
0.000000
0.000000
0.000000
0.000000
0.000000
0.000000
0.000000
0.000000
0.959583
0.000000
0.000000
0.034953
0.000000
0.000000
0.000001
0.000000
0.000000
0.000000
0.000000
0.000000
0.000000
0.000000
0.000000
0.000000
0.000000
0.000000
0.000000
0.000000
0.201181
0.002341
0.000000
0.102287
0.000000
0.000000
0.000000
0.000000
0.378328
0.035448
0.999750
0.000000
0.137918
0.000000
0.000000
0.077619
0.000000
0.000000
0.318781
0.000000
0.000000
0.131010
0.000000
0.000000
0.000000
0.000000
0.000000
0.066683
0.000000
0.000000
0.000000
0.000000
0.000000
0.000000
0.000000
0.000000
0.000000
0.498687
0.000000
0.000000
0.000000
0.000000
0.000000
0.997711
0.000000
0.000000
0.000000
0.000000
0.000000
0.000000
0.000000
0.000000
0.000000
0.347958
0.000000
0.000000
0.000000
0.000000
0.035223
0.000000
0.000000
0.000000
0.000000
0.347572
0.000000
0.000000
0.000000
0.000000
0.723121
0.000000
0.000000
0.001613
0.000000
0.000000
0.000000
0.000000
0.000000
0.000000
0.690494
0.000000
0.000000
0.368908
0.000000
0.000000
0.000000
0.000000
0.000000
0.000000
0.000000
0.000000
0.000000
0.000000
0.000000
0.000000
0.000000
0.000000
0.999842
0.000000
0.000000
0.039587
0.000000
0.192135
0.000000
0.000000
0.000000
0.000000
0.011719
0.000000
0.000000
0.000000
0.000000
0.000000
0.021923
0.797318
0.000000
0.897536
0.081142
0.000000
0.029431
0.000000
0.059670
0.225166
0.000000
0.000000
0.000000
0.000000
0.340616
0.999964
0.000000
0.000000
0.000000
0.102095
0.119806
0.184200
0.000000
0.464402
0.102523
0.000000
0.000000
0.357080
0.184244
0.000000
0.000000
0.122242
0.000000
0.000000
0.000000
1.000000
0.166030
0.000000
0.000000
0.401181
0.000000
0.005130
0.000000
0.000000
0.000000
0.999978
0.000000
0.000000
0.044121
0.000000
0.122621
0.000000
0.000000
0.000000
0.000000
0.000000
0.000000
0.244019
0.000000
0.000000
0.000000
0.000000
0.000000
0.000000
0.706143
0.000000
0.000000
0.000000
0.000000
0.005705
0.320793
1.000000
0.332406
0.000000
0.007590
0.056324
0.000000
0.000000
0.000000
0.000000
0.000000
0.000000
0.000000
0.000000
0.390492
0.243559
0.915453
0.000000
0.000000
0.000000
0.000000
0.018057
0.000000
0.000000
0.019391
0.201133
0.000000
0.000000
0.310493
0.000000
0.000000
0.000000
0.204619
0.000000
0.000000
0.000000
0.000000
0.000000
0.000000
0.000000
0.000000
0.078678
0.000000
0.688399
0.000000
0.214463
0.000000
0.068628
0.178457
0.000000
0.000000
0.000000
0.000000
0.000000
0.000000
0.000000
0.000000
0.000000
0.000000
0.000000
0.000000
0.000000
0.000000
0.000000
0.000000
0.000000
0.000000
0.265856
0.000000
0.089432
0.000000
0.000000
0.000000
0.319043
0.000000
0.141184
0.000000
0.022801
0.000000
0.009428
0.000000
0.000000
0.000000
0.142092
0.000000
0.000000
0.000000
0.095949
0.000000
0.299135
0.000000
0.000000
0.000000
0.074533
0.005028
0.000000
0.000000
0.000000
0.000000
0.000000
0.000000
0.000000
0.000000
0.020370
0.000000
0.000000
0.000000
0.507821
0.000000
0.007623
0.000000
0.000000
0.000000
0.000000
0.000000
0.000000
0.227991
0.326772
0.000000
0.976571
0.000000
0.000000
0.000000
0.000000
0.000000
0.063456
0.727604
0.000000
0.000000
0.004613
0.000000
0.000000
0.101457
0.000331
0.000000
0.000000
0.000000
0.029858
0.109298
0.000000
0.000000
0.000000
0.000000
0.996193
0.000000
0.000000
0.000000
0.000000
0.000000
0.000000
0.310491
0.000000
0.000000
0.000000
0.860192
0.000000
0.000000
0.000000
0.191398
0.000000
0.349694
0.000000
0.034415
0.369792
0.964269
0.000000
0.000000
0.000000
0.000000
0.000000
0.999695
0.000000
0.129354
0.606495
0.000000
0.000000
0.000000
0.104638
0.023814
0.000000
0.000000
0.000000
0.000000
0.000000
0.000000
0.000000
0.000000
0.000000
0.000000
0.000000
0.009521
0.155627
0.000000
0.000000
0.519451
0.423511
0.832733
0.000000
0.000000
0.000000
0.002416
0.000000
0.000000
0.000000
0.000000
0.000000
0.000000
0.000000
0.000000
0.253492
0.000000
0.000000
0.001226
0.000000
0.000000
0.999958
0.000000
0.000000
0.000000
0.000000
0.000000
0.073529
0.000000
0.000000
0.000000
0.000000
0.000000
0.000000
0.000000
0.000000
0.000000
0.000000
0.000000
0.000000
0.000000
0.002183
0.000000
0.000000
0.019196
0.000000
0.000001
0.995600
0.000000
0.000000
0.007325
0.000000
0.000000
0.000000
0.000000
0.000000
0.000000
0.043860
0.001284
0.000000
0.000045
0.000000
0.000000
0.692782
0.000000
0.000000
0.000000
0.000000
0.999785
0.000000
0.164205
0.000000
0.000000
0.000000
0.000000
0.000000
0.000000
0.000000
0.000000
0.000000
0.000000
0.000000
0.000000
0.019837
0.000000
0.999996
0.000000
0.000000
0.000000
0.000000
0.593900
0.000000
0.000000
0.000021
0.000000
0.000000
0.000000
0.050197
0.001045
0.000000
0.000000
0.000000
0.000000
0.000000
0.000000
0.000000
0.000000
0.000000
0.000000
0.000000
0.000000
0.160091
0.121536
0.000000
0.000000
0.000000
0.021313
0.000000
0.000000
0.000000
0.000000
0.000000
0.000000
0.999591
0.000000
0.000000
0.000000
0.066470
0.000000
0.000000
0.000000
0.000000
0.000000
0.000180
0.085075
0.000000
0.356152
0.000000
0.000000
0.014312
0.000000
0.580130
0.000000
0.000000
0.010088
0.000000
0.000000
0.099497
0.000000
0.828448
0.000000
0.040498
0.000000
0.000000
0.974170
0.000000
0.001158
0.000000
0.000000
0.000000
0.000000
0.023863
0.191852
0.000000
0.000000
0.000000
0.021129
0.006686
0.000000
0.000000
0.323342
0.000000
0.675389
0.000000
0.000000
0.000000
0.000000
0.000000
0.000000
1.000000
0.001458
0.297021
0.888403
0.000000
0.000000
0.009374
0.943533
0.000000
0.000000
0.240947
0.000000
0.068295
0.000000
0.000000
0.000000
0.000000
0.033618
0.000000
0.021230
0.000000
0.000000
0.000000
0.000000
0.057569
0.014916
0.000000
1.000000
0.000000
0.000000
0.999916
0.000000
0.000000
0.000000
0.000000
0.000000
0.000000
0.210756
0.000000
0.000000
0.021285
0.045334
0.000000
0.000000
0.000000
0.088174
0.000000
0.000000
0.000000
0.963908
0.000000
0.000000
0.000000
0.000000
0.000000
0.400247
0.000000
0.000000
0.000000
0.000000
0.000000
0.610999
0.342697
0.000000
0.000000
0.000000
0.080213
0.000000
0.000000
0.802620
0.000000
0.246361
0.000000
0.000000
0.098262
0.000000
0.000000
0.000000
0.000000
0.000000
0.000000
0.000000
0.000000
1.000000
0.000000
0.043452
0.000000
0.000000
0.171347
0.112110
0.000000
0.000000
0.049345
0.000000
0.000000
0.000000
0.000000
0.736899
0.000000
0.082067
0.000000
0.000000
0.000000
0.000000
0.000000
0.000000
0.000000
0.000000
0.000000
0.000000
0.000000
0.000000
0.000000
0.491095
0.000576
0.000000
0.000000
0.000000
0.985568
0.835218
0.417469
0.000000
0.000000
0.000000
0.000000
0.000000
0.855872
0.000000
0.000000
0.000000
0.000000
0.000000
0.000000
1.000000
0.000000
0.000000
0.000000
0.000000
0.999998
0.000000
0.000000
0.000000
0.494876
0.000000
0.000000
0.000000
0.000000
0.000000
0.000000
0.999343
0.000000
0.126165
0.000000
1.000000
0.381827
0.000000
0.000000
0.000000
0.000000
0.000000
0.000000
0.200246
0.001700
0.000000
0.065713
0.000000
0.321249
0.000000
0.000000
0.000000
0.000000
0.000000
0.000000
0.524496
0.000000
0.000000
0.000000
0.287897
0.000000
0.000000
0.000000
0.035719
0.946676
0.000000
0.000000
0.000000
0.000000
0.000000
0.000000
0.000000
0.010937
0.000000
0.000000
0.000000
0.000000
0.000000
0.000000
0.000000
0.000000
0.108506
0.000000
1.000000
0.000000
0.000723
0.000000
0.000000
0.000000
0.000000
0.035328
0.000000
0.000000
0.994965
0.000000
0.000000
0.000000
0.189562
0.000000
0.014432
0.000000
0.245274
0.000000
0.000000
0.846692
0.000000
0.147979
0.000000
0.001749
0.000000
0.190345
0.127677
0.000000
0.000000
0.000000
0.949553
0.000000
0.054867
0.000000
0.234740
0.000000
0.004242
0.000000
0.000000
0.000000
0.000000
0.000000
0.000000
0.000000
0.000000
0.000000
0.000000
0.000000
0.000000
0.419848
0.000003
0.000000
0.000000
0.001139
0.000000
0.000000
0.000000
0.000000
0.000000
0.012382
0.095384
0.000000
0.000000
0.000000
0.000000
0.000000
0.000000
0.601954
0.000000
0.000000
0.000000
0.000000
0.000000
0.000000
0.554226
0.000000
0.000000
0.000000
0.000000
0.000084
0.000000
0.000000
0.000000
0.688424
0.000000
0.000000
0.000308
0.256806
0.468612
0.000000
0.000000
0.000000
0.432091
0.000000
0.000000
0.000000
0.000000
0.042122
0.025333
0.289323
0.000000
0.000000
0.000000
0.000000
0.000000
0.000000
0.000000
0.000000
0.000000
0.000000
0.000000
0.000000
0.000000
0.000000
0.000000
0.000000
0.000000
0.009861
0.000000
0.000000
0.116318
0.994499
0.000000
0.000000
0.000000
0.000000
0.002047
0.322530
0.000000
0.092705
0.000000
0.000000
0.000000
0.005914
0.000000
0.001507
0.009509
0.000000
0.530038
0.178380
0.983171
0.000000
0.000000
0.000000
0.000000
0.000000
0.000000
0.038192
0.011509
0.751646
0.203428
0.000000
0.288721
0.000000
0.000000
0.000000
0.186949
0.000000
0.000000
0.000047
0.000000
0.001451
0.000000
0.000000
0.000000
0.000000
0.434203
0.000000
0.000000
0.000000
0.000000
0.000000
0.000000
0.000000
0.000000
0.000000
0.000000
0.000000
0.044807
0.194821
0.000000
0.017877
0.000000
0.000000
0.000000
0.000000
0.000000
0.240184
0.000000
0.066350
0.000552
0.000000
0.000000
0.000000
0.000000
0.000000
0.941279
0.000000
0.000000
0.000000
0.021024
0.000000
0.000000
0.056282
0.000000
0.000000
0.826268
0.000000
0.000000
0.444288
0.000000
0.000000
0.223055
0.000000
0.000000
0.000000
0.000000
0.000000
0.000000
0.008818
0.000000
0.000000
0.000000
0.000000
0.000000
0.000000
0.000000
0.000000
0.190257
0.027750
0.000000
0.000000
0.991597
0.000000
0.000000
0.000000
0.742443
0.000000
0.000000
0.000000
0.000000
0.000000
0.000000
0.000000
0.000000
0.000000
0.000000
0.034564
0.000000
0.000000
0.000000
0.440853
0.024612
0.003057
0.000000
0.000000
0.232181
0.000000
0.000000
0.000000
0.016051
0.000000
0.000000
0.000000
0.000000
0.020866
0.000000
0.265044
0.000000
0.000000
0.013541
0.084679
0.000000
0.000000
0.000000
0.000000
0.000000
0.000000
0.000000
0.009910
0.089988
0.000000
0.000000
0.000000
0.000000
0.000000
0.000000
0.000000
0.000000
0.000000
0.000000
0.000000
1.000000
0.000000
0.000000
0.000000
0.034778
0.000000
0.000000
0.000000
0.000000
0.000000
0.000000
0.000000
0.000000
0.000000
0.000000
0.000000
0.000000
0.000000
0.000000
0.867672
0.000000
0.424734
0.000000
0.000000
0.294120
0.000000
0.000000
0.000000
0.164453
0.000000
0.000000
1.000000
0.000000
0.000000
0.000000
0.000000
0.000000
0.000000
0.000000
0.000000
0.000000
0.045278
0.000000
0.000000
0.000000
0.000000
0.000000
0.000000
0.000000
0.787856
0.000000
0.010958
0.000000
0.003515
0.000000
0.000000
0.026816
0.000000
0.000000
0.162163
0.000000
0.000000
0.182548
0.000000
0.000000
0.000000
0.000000
0.142787
0.000000
0.917985
0.520599
0.000000
0.000000
1.000000
0.084338
0.000000
0.000000
0.000000
0.999998
0.000000
0.000000
0.000000
0.624270
0.000000
0.867985
0.000000
0.935133
0.000000
0.000000
0.000000
0.058929
0.242089
0.002504
0.000000
0.000000
0.075271
0.053743
0.649181
0.128545
0.000000
0.000000
0.000000
0.000000
0.063101
0.000000
0.000000
0.247640
0.000000
0.602478
0.000000
0.000000
0.000000
0.000000
0.000000
0.000000
0.000000
0.056167
0.025923
0.000000
0.000000
0.000000
0.000000
0.000000
0.000000
0.000000
0.000000
0.000000
0.000000
0.000433
0.127795
0.000000
0.165177
0.000000
0.313758
0.000000
0.000000
1.000000
0.000000
0.000000
0.000000
0.000000
0.000000
0.065333
0.000000
0.000000
0.000000
0.106583
0.000000
0.005346
0.811848
0.000000
0.455262
0.000000
0.000000
0.004679
0.000000
0.033995
0.000000
0.026695
0.000000
0.000000
0.962094
0.025412
0.000000
0.130451
0.000000
0.000000
0.000000
1.000000
0.000000
0.000000
0.000000
0.000000
0.000000
0.000000
0.000000
0.141260
0.000000
0.000000
0.057262
0.000000
0.000000
0.000000
0.000000
0.000000
1.000000
0.289103
0.000000
0.000000
0.115992
0.000000
0.000000
0.000000
0.000000
0.277398
0.000000
0.017290
0.000000
0.000000
0.072866
0.000000
0.000000
0.000000
0.000000
0.000000
0.000000
1.000000
0.000000
0.000000
0.000000
0.000000
0.021142
0.029783
0.000000
0.000000
0.999992
0.998569
0.000000
0.000000
0.997779
0.000000
0.000000
1.000000
0.000000
0.000000
0.000000
0.000000
0.000000
0.999954
0.000000
0.997830
0.000000
0.000000
0.372667
0.000000
0.000000
0.000000
0.003668
0.000000
0.987712
0.000290
0.444181
0.090970
0.000000
0.050452
0.018024
0.000000
0.000000
0.000000
0.000000
0.000000
0.000000
0.000000
0.000000
0.000000
0.594875
0.000000
0.000000
0.000000
0.000000
0.000000
0.000000
0.000000
0.902533
0.999798
0.000000
0.000000
0.000000
0.431758
0.052390
0.000000
0.000000
0.000000
0.000000
0.000000
0.000000
0.000000
0.435477
0.108681
0.000000
0.000000
0.435210
0.000000
0.000000
1.000000
0.077838
0.012311
0.000000
0.131171
0.000000
0.000000
0.096618
0.000000
0.000000
0.000000
0.000000
0.113882
0.000000
0.000000
0.170764
0.000000
0.000000
0.000000
0.000000
0.000000
0.000000
0.000000
0.161855
0.000000
0.098396
0.000000
0.000000
0.922023
0.028047
0.000000
0.000000
0.000000
0.000000
0.485961
0.000000
0.000000
0.000000
0.000000
0.000000
0.000000
0.000642
0.102821
0.008680
0.000000
0.000000
0.000000
0.000000
0.061883
0.000000
0.957545
0.000000
0.044882
0.074623
0.000000
0.000000
0.000000
0.000000
0.000033
0.000000
0.000000
0.000000
0.000000
0.000000
0.000000
0.000000
0.000000
0.000000
0.921012
0.000000
0.000000
0.000000
0.000000
0.000000
0.049378
0.000000
0.000000
0.000000
0.026253
0.000000
0.000000
0.000000
0.048387
0.000000
0.000000
0.000000
0.000000
0.000000
0.000000
0.000451
0.000000
0.143862
0.014842
0.000000
0.000000
0.053984
0.000000
0.000000
0.000000
0.000000
0.000000
0.426335
0.000000
0.000000
0.946513
0.000000
0.135334
0.000000
0.000000
0.018305
0.000000
0.000000
0.000000
0.000000
0.000000
0.000000
0.000000
0.374065
0.074064
0.000000
0.014500
0.000000
0.000000
0.000000
0.000000
0.000000
0.000000
0.000000
0.000000
0.005308
0.000000
0.141648
0.449321
0.000000
0.164218
0.004606
0.000000
0.112811
0.000000
0.000000
0.003844
0.000000
0.000000
0.000000
0.843316
0.000000
0.000000
0.005601
0.077562
0.000000
0.000000
0.000000
0.095710
0.000000
0.000000
0.000000
0.877977
0.000000
0.000000
0.002175
0.000000
0.000000
0.000000
0.000000
0.000000
0.000000
0.149931
0.000000
0.000000
0.000000
0.000000
0.000000
0.000000
0.000000
0.000000
0.000000
0.000000
0.000317
0.000000
0.000000
0.319334
0.029656
0.000000
0.000000
0.000000
0.000000
0.000000
0.000000
0.000000
0.233114
1.000000
0.000000
0.000000
0.000000
0.000000
0.026548
0.000000
0.000000
0.000000
0.000000
0.000000
0.000000
0.000000
0.000000
0.000000
0.000000
0.000000
0.000000
0.294840
0.000000
0.153929
0.000000
0.000258
0.000000
0.000000
0.000000
0.000000
1.000000
0.036038
0.042584
0.260863
0.109049
0.000000
0.000000
0.000000
0.000000
0.000000
0.000000
0.000000
0.000000
0.019128
0.000000
0.000000
0.152289
0.000000
0.000000
0.000000
0.075408
0.000000
0.000000
0.000000
0.000000
0.000000
0.000000
0.073072
0.000000
0.038187
0.975461
0.109837
0.000000
0.001541
0.000000
0.000000
0.000000
0.000000
0.000000
0.395679
0.000000
0.000000
0.752263
0.000000
0.302862
0.000000
0.000000
0.533156
0.000000
0.239834
0.000000
0.000000
0.000000
0.000000
0.005738
0.000000
0.107704
0.000000
0.000000
0.000000
0.104705
0.000000
0.000000
0.000000
0.000000
0.000000
