0.000552
0.002212
0.054687
0.999734
1.000000
0.000000
0.850097
0.802134
0.284498
0.000884
1.000000
0.025341
0.000000
0.000000
0.001810
0.020518
0.197748
0.002576
0.971019
0.007153
0.000000
0.000000
0.000096
0.000000
0.525316
0.000000
0.000000
0.904312
0.000000
0.001377
0.005375
0.000000
0.271385
0.000000
0.000000
0.000000
0.000060
0.000440
0.000000
0.000015
0.903916
0.000000
0.000000
0.000000
0.192343
0.064988
0.015519
0.665619
0.000000
0.016428
0.116751
0.001640
0.585293
0.952291
0.000000
0.000000
0.000287
1.000000
0.000000
0.000119
0.009358
0.000000
0.006016
0.000564
0.002173
0.590791
0.999970
0.075343
0.997317
0.000037
0.015419
0.405054
0.803880
1.000000
0.003606
0.006484
0.000038
0.152387
0.000431
0.053685
0.000000
0.001509
0.000000
0.074599
0.000000
0.565159
0.000255
0.000000
0.002804
0.749744
0.000000
0.039078
0.002020
0.027126
0.000000
0.000000
0.008653
0.001555
0.007660
0.000000
0.924785
0.000781
1.000000
0.672016
0.002109
0.033853
0.001489
0.000000
0.000572
0.814940
0.440102
0.875048
0.004762
0.018762
0.000000
0.035720
0.059469
0.998165
0.007380
0.000072
0.000073
0.057761
0.000000
0.000000
0.001565
0.008935
0.027075
0.000000
0.016027
0.907330
0.065786
0.926525
0.988033
0.000051
0.951624
0.000000
0.000000
0.000711
0.000331
0.025435
0.000000
0.000166
0.000000
0.110760
0.000000
0.379526
0.000661
0.002457
0.033994
0.000000
0.000000
0.000000
0.314535
0.002407
0.474588
0.102397
0.000000
1.000000
0.000000
0.756069
0.000028
0.936624
0.000000
0.995151
0.242751
0.762556
0.997849
0.000072
0.014895
0.000000
0.000000
0.000000
0.104966
0.578220
0.222756
0.995869
0.000029
1.000000
0.038680
0.000092
0.000021
0.000122
0.013160
0.000000
1.000000
0.002569
0.000004
0.001035
1.000000
0.885419
0.036922
0.020457
0.000000
0.357469
0.005895
0.321851
0.000000
0.226877
0.184412
0.999739
0.834752
0.000134
0.000130
0.000823
0.000000
0.000000
0.025721
0.000745
0.254651
0.001001
0.301264
0.000288
0.003413
0.005817
0.009570
0.000000
0.000000
0.191926
0.154906
0.027588
0.000010
0.000593
0.001505
0.045778
0.010593
0.947643
0.000000
0.888613
0.000593
0.999532
0.000000
0.008530
0.000066
0.000000
0.004973
0.000730
0.000000
0.086941
0.015667
0.000000
0.024969
0.002066
0.989982
0.000000
0.000000
0.000000
0.999892
0.380881
0.088856
0.000000
0.000000
0.524054
0.007366
0.000000
0.006312
0.678897
0.870942
0.743690
0.000000
0.633386
0.196567
0.000000
0.000000
0.009592
0.000010
0.000050
0.136992
0.000000
0.000000
0.004064
0.007577
0.036758
0.000001
0.004468
0.083069
0.000000
0.073714
0.171582
0.014392
0.925488
0.001812
0.000000
0.000446
0.293034
0.280537
0.009113
0.031015
0.124144
0.000000
0.000000
0.000000
0.000007
0.028718
0.000299
0.002073
0.999724
0.954716
1.000000
0.000000
0.000000
0.000847
0.000026
0.000000
0.000000
1.000000
0.000000
0.000296
0.023608
0.000481
0.950534
1.000000
0.006730
0.000000
0.000278
0.003488
0.283547
0.997251
0.145032
0.000000
0.000000
0.000000
0.001577
0.000001
0.007120
0.001087
0.000196
0.193836
0.000001
0.998670
0.002069
1.000000
0.036839
0.000093
0.007375
0.937163
0.538058
0.069575
0.000000
0.015676
0.705082
0.000000
0.121252
0.626655
0.998367
0.787849
0.000000
0.010795
0.812582
0.001792
0.000000
0.502795
0.000044
0.014367
0.000000
0.065917
0.000000
0.000223
0.000000
0.158753
0.290593
1.000000
0.000289
0.000000
0.000000
0.000659
0.000432
0.499494
0.917291
0.020112
0.584377
0.000004
0.000000
0.003226
0.000000
0.061123
0.998108
0.000004
0.123329
1.000000
0.000000
0.000000
0.000032
0.002945
0.999962
0.000000
0.021240
0.000000
0.002083
0.045803
0.061359
0.159016
0.007986
0.994659
0.001284
0.000000
0.019618
0.068886
0.000000
0.000000
0.000000
0.051852
0.004612
0.000000
0.711413
0.008092
0.230428
0.729581
0.209851
1.000000
0.000000
0.297004
0.000000
0.000000
0.000000
0.350996
0.505820
1.000000
0.095520
0.001919
0.000000
0.000009
0.003646
0.023896
0.000000
0.001254
0.000743
0.000526
0.889248
0.003387
0.000000
0.298991
0.030271
0.000000
0.005524
0.000238
0.021775
0.000000
0.161976
0.011023
0.031646
0.999866
0.000000
0.028665
0.008054
0.002579
0.000034
0.021328
0.000095
0.000592
0.003587
0.000006
0.320931
0.892490
0.000010
0.998139
0.913442
0.000000
0.000000
0.022354
0.084867
0.363049
0.000912
0.000000
0.433413
0.000000
0.018624
0.011996
0.037553
0.036144
0.214335
0.000000
0.187587
0.000061
0.000027
0.000000
0.002826
0.000469
0.000000
0.011973
0.001036
0.000000
0.525156
0.026743
0.000000
0.008973
0.000000
1.000000
0.004175
0.000059
0.000608
0.978107
0.053194
0.000000
0.000833
0.999992
0.018797
0.000000
0.999999
0.000004
0.000097
0.012175
0.011368
0.470914
0.017291
0.081942
0.000000
0.936860
0.000000
0.000000
0.000091
0.000000
0.000000
0.000010
0.015040
0.054743
0.000000
0.000000
1.000000
0.990730
0.023020
0.000077
0.000271
0.726632
0.000000
1.000000
0.000333
0.000551
0.000000
0.003625
0.139349
0.000000
0.000003
0.485242
0.073724
0.055956
0.001407
0.001634
0.999902
0.000173
0.000000
0.000000
1.000000
0.000000
0.110182
0.942294
0.269924
0.002196
0.000000
0.026951
0.976899
0.685001
1.000000
1.000000
0.000000
1.000000
0.849043
0.000000
0.001251
0.045733
0.000000
0.008076
0.000405
0.021930
0.019997
0.002588
0.810402
0.046144
0.000000
0.000000
0.526831
0.001920
0.000000
0.027742
0.090672
0.002754
0.162073
0.000088
1.000000
0.144590
0.493846
0.000107
0.004163
0.696909
0.477711
0.005306
0.000000
0.045750
0.000000
0.000000
0.000000
0.000000
1.000000
0.017653
0.601308
0.000000
0.000000
0.204864
0.000000
1.000000
0.029169
0.998947
0.999836
0.000987
0.010839
0.000067
0.122485
0.003120
0.000000
0.000189
0.000000
0.000000
0.786681
0.001989
0.999762
0.000000
0.031012
0.251878
1.000000
0.000000
0.011865
0.000000
0.002098
0.005184
0.252566
0.000458
0.999997
0.001987
0.206068
0.469994
0.006334
0.005690
0.607519
0.361782
0.481516
0.005285
0.000013
0.000025
0.000000
0.995751
0.093801
0.032727
0.000000
0.287745
0.000607
0.114512
0.120381
0.000230
0.007633
0.000000
0.000000
0.003699
0.265444
0.000042
0.000000
1.000000
1.000000
0.550393
0.034414
0.000000
0.000001
0.072918
0.000093
0.595945
0.190705
1.000000
0.000000
0.124491
0.000000
1.000000
0.000062
0.123637
0.004136
0.035461
0.000000
0.964999
0.000149
0.000000
0.783460
0.034211
0.379567
0.000000
0.023972
0.000007
0.879768
0.143578
0.002202
0.563165
0.376023
1.000000
0.033299
0.011823
0.025745
0.001310
1.000000
0.000002
0.000000
0.001082
0.977154
0.037196
0.113120
0.000000
0.028000
0.004113
0.700247
0.001667
0.667017
0.002949
0.049436
0.256809
0.000000
0.000824
1.000000
0.026454
0.981873
0.314295
0.000207
0.000629
0.000000
0.001005
0.999582
0.996030
0.000018
0.324440
0.017355
0.000000
0.000000
0.000000
0.000000
0.968807
0.004553
0.000000
0.016539
0.000002
1.000000
0.000000
0.039458
0.000002
1.000000
0.000000
0.356088
0.581905
0.031963
0.005318
0.991876
0.068292
0.000000
0.022937
0.000004
0.000718
0.000000
0.000000
0.000083
0.000082
0.999367
0.000000
0.008416
0.000000
0.004155
0.026466
0.000000
0.797715
0.845302
0.915300
0.000005
0.547263
0.094451
0.000000
0.074240
0.000009
0.999143
0.847342
0.983901
0.000000
0.081585
0.000000
0.000000
0.000000
0.028667
0.000000
1.000000
0.000000
0.000000
0.000516
0.000000
0.000000
0.000000
0.014327
0.563984
0.162545
0.000008
0.999812
0.012124
0.018452
0.038506
0.005575
0.599803
0.161977
0.022692
0.012861
0.000101
0.000617
0.000000
0.000175
0.000000
0.043423
0.000000
0.000007
1.000000
0.994084
0.032926
0.000000
0.000000
1.000000
0.023141
0.291231
0.193855
0.920498
0.137774
0.000448
0.020041
0.000120
0.000975
0.004137
0.430727
0.034738
0.171556
0.010369
0.931662
0.097634
0.565776
0.000046
0.000000
0.878134
0.421536
0.000000
0.064406
0.000000
0.000000
0.022544
1.000000
0.024968
0.800348
0.000004
0.000000
0.000000
0.010473
0.022921
0.001589
0.000077
0.140764
0.000808
0.000012
0.080465
0.000000
0.832379
0.008612
0.000000
0.996748
0.000006
0.000000
0.018228
0.278234
0.999514
0.028799
1.000000
0.845402
0.000000
0.011497
0.637009
0.642306
0.552314
0.163106
0.021040
0.010825
0.000559
0.000770
0.007108
1.000000
0.012734
0.000000
0.000015
0.000824
0.822312
0.005026
0.000000
0.000744
0.998154
0.287298
0.000000
0.000013
0.000009
0.279572
0.000000
0.008136
0.000000
0.185349
0.999954
0.000000
0.998082
0.000000
0.000022
0.640407
0.681766
0.032491
0.037335
0.000002
0.008692
0.525357
0.011561
0.021783
0.000296
0.010281
0.728780
0.062723
0.000136
0.015358
0.000000
0.523972
0.052305
0.050244
0.444415
1.000000
0.000000
0.000000
0.000000
0.000070
0.001624
0.000000
0.030493
0.007913
0.008979
0.017325
0.000000
0.000005
0.000249
0.044739
0.000000
0.021963
0.935446
0.001302
0.270832
0.000014
0.000000
0.031988
0.000410
0.941355
0.998571
0.006143
0.000007
0.992756
0.000000
1.000000
0.038992
0.765023
0.001057
0.075899
0.002255
0.000020
0.334031
0.000000
0.450411
0.000000
0.000644
0.118845
0.000121
0.000007
0.000000
0.287541
0.000000
0.009846
0.016009
1.000000
0.000000
0.000001
0.000000
0.022002
0.023480
0.999841
0.000000
0.011131
0.972446
0.000005
0.000000
0.000000
0.008832
0.000001
0.013916
0.998485
1.000000
0.000265
0.007299
1.000000
1.000000
0.070240
0.014160
0.476797
0.006800
0.410850
0.461366
0.000000
0.003198
0.133880
0.000006
0.017865
0.356871
0.000000
0.005460
0.020535
0.209282
0.000000
0.746805
0.346922
0.110409
0.090235
0.003366
0.021105
0.002465
0.000000
0.000000
0.000167
0.000000
0.718152
0.978204
1.000000
0.038109
0.000032
0.000091
0.258733
0.737009
0.054186
0.003426
0.000000
0.000000
0.000021
0.000000
0.000004
0.000000
0.003794
0.772170
0.079714
0.000000
0.001042
0.005960
0.062934
0.156203
0.999989
0.998332
0.000012
0.000000
0.000000
0.344171
0.000000
0.909435
0.133395
0.000000
0.002489
0.051175
0.001455
0.001764
0.028383
0.001381
0.000002
0.248244
0.241986
0.135926
0.063317
0.000000
0.000591
0.080614
0.263958
0.000000
0.880208
0.982806
0.000000
0.000000
0.029411
0.001951
0.366768
0.119367
0.010283
0.000243
0.190789
0.967964
0.164771
1.000000
0.000313
0.002051
0.039897
0.000242
0.001574
0.756714
0.100115
1.000000
0.000122
1.000000
0.024052
0.140838
0.451386
0.029582
0.003316
1.000000
0.898500
0.609234
0.000045
0.606678
0.804640
0.000000
0.126988
0.939519
0.000000
0.000000
0.019816
0.000000
0.000009
0.002204
0.000000
0.000077
0.003185
0.007295
0.053928
0.169791
0.228683
0.132733
0.386286
0.001780
0.999753
0.000026
0.140214
0.000022
0.000000
0.000000
0.000000
0.000001
0.000026
0.001373
0.000096
0.996141
0.007498
0.000308
0.981923
0.000998
0.721777
0.972793
0.001257
0.026705
0.998828
0.000000
0.363630
0.000142
0.000462
0.809165
0.002196
0.009245
0.000046
0.000127
0.000000
0.381352
0.000000
0.548266
0.315313
0.125955
0.002832
0.709992
0.078501
0.003829
0.999001
0.000000
0.000691
0.000061
0.000001
0.014544
0.006589
0.000890
0.004407
0.000000
0.007140
0.003546
0.000028
0.004284
0.000000
0.048806
0.001633
0.021863
0.051470
0.034277
0.135844
0.000054
0.138253
0.002969
0.828364
0.000007
0.003738
0.000931
0.335682
0.637119
0.000000
0.000788
0.000171
0.000000
0.000000
1.000000
0.000022
0.002350
0.008699
1.000000
0.006426
0.000000
0.001599
0.999677
0.066787
0.000654
0.000933
0.000000
0.005485
0.000619
0.039326
0.000000
0.029310
0.003526
0.000000
0.000000
0.006778
0.011906
0.064026
0.000000
0.033771
0.000000
0.000002
0.000000
0.104466
0.085217
0.004426
0.127559
0.000000
0.062155
0.308362
0.409735
0.013768
0.035914
0.952370
0.000001
0.000000
0.199102
0.276881
0.000000
0.004630
0.000057
0.000000
0.046279
0.000108
0.177324
0.047148
0.032949
0.000013
0.017451
0.016252
0.956926
0.000000
0.195670
0.887890
0.000000
0.000056
0.000000
1.000000
0.709205
0.000018
0.000000
0.000000
0.954723
0.000464
0.071466
0.526284
0.000000
0.999997
0.000089
0.004642
1.000000
0.002914
0.954277
0.181961
0.000000
0.993655
0.000000
0.004655
0.018685
0.424962
0.000000
0.027099
0.000165
0.000000
0.000000
0.000000
0.760214
0.000000
0.487505
0.000000
0.000000
0.015581
0.001175
0.004613
0.988309
0.000000
0.999844
0.000000
0.000000
0.000000
0.990474
0.005973
0.996142
0.001064
0.002286
0.000004
0.049053
0.988855
0.041710
0.000000
0.005025
0.316808
0.303701
0.016437
0.014108
0.000000
0.000000
0.022652
0.000151
0.066132
0.000039
0.837105
0.010845
0.404531
0.002770
0.715512
0.661096
0.063710
0.007707
0.986086
0.999324
0.001422
0.000889
0.000000
0.000317
0.069920
0.000033
0.000000
0.000000
0.000534
0.118639
0.000000
0.000000
0.010657
0.002087
0.000000
0.000032
0.003769
0.000003
0.000000
0.062716
0.043581
0.451968
0.667457
0.241327
0.069428
0.468379
0.188032
0.976879
0.034943
0.005822
0.021565
0.000000
0.000013
0.000134
0.443963
0.000000
0.182340
0.000000
0.000447
0.578482
0.999990
0.123967
0.017062
0.000472
0.000000
0.001211
1.000000
0.056411
0.000000
0.000000
0.996474
0.009559
0.999973
0.031501
0.001082
0.009960
0.002924
0.064140
0.000000
0.000000
1.000000
0.000977
0.034360
0.000000
0.000000
0.015307
0.064455
0.000396
0.000029
0.022930
0.000000
0.854849
0.999677
0.000760
0.024897
0.202874
0.000000
0.002180
0.458185
0.635751
0.353273
0.227829
0.000000
0.000000
0.000096
1.000000
0.898597
0.007104
0.000457
0.001227
0.154544
0.010822
0.999301
0.098080
0.000000
0.000000
0.000000
0.000000
0.346054
0.698781
0.000000
0.000000
0.000000
0.999950
0.000109
0.001921
0.311739
0.013619
0.000000
0.069950
0.036910
0.036583
0.023879
0.990948
0.000000
0.050120
0.210512
0.001474
0.000000
0.050143
0.042790
0.000005
0.683275
0.147493
0.000014
0.044268
0.024274
0.000000
0.000000
0.408726
0.958940
1.000000
0.096650
0.048851
0.000877
0.117370
0.037958
0.007905
0.022828
0.000001
0.000000
0.024637
0.000000
0.279256
0.000088
0.098208
0.000062
0.007689
1.000000
0.954143
0.694514
0.000006
0.133827
0.021285
0.213835
0.084756
0.991995
0.039525
0.000000
0.048646
0.000000
0.000000
0.000000
0.710707
0.000000
0.002974
0.999657
0.003682
0.000000
0.000000
0.000000
0.001866
0.547497
0.001118
0.211259
0.003501
0.000000
0.000000
0.999998
0.000029
0.059209
0.000000
0.008942
0.000749
0.000000
0.000000
0.866384
0.000000
0.000176
0.027536
0.993995
0.001015
0.000000
0.000386
0.000190
0.322160
0.000000
0.001668
0.975701
0.999999
0.000000
0.010130
0.150101
0.206540
0.003721
0.302214
0.026307
0.999968
0.000000
0.000006
0.001610
0.000000
0.022201
0.000000
0.000000
0.139323
0.006971
0.000003
0.098826
0.114093
0.976924
0.000000
0.001436
0.000000
0.003752
0.000000
0.000000
0.994371
0.000139
0.000026
0.000000
0.000453
1.000000
0.002141
0.020925
0.004433
0.326844
0.157976
0.000000
0.000000
0.584924
0.071518
0.137226
0.995239
0.051263
1.000000
0.095163
0.913706
0.459200
0.000000
0.174186
0.000000
0.000444
0.024700
0.526039
0.111564
0.000975
0.000000
0.502968
0.914968
0.000011
0.000003
0.000135
0.000000
0.000000
0.000000
0.020949
0.016326
0.000000
0.000000
0.047793
0.376273
0.051654
0.897523
0.000000
0.000000
0.004601
0.000004
0.000716
0.999689
0.000108
0.047545
0.000001
0.000067
0.530900
0.000000
0.011215
0.193590
0.043447
0.000036
0.001248
0.000000
0.997350
0.356352
0.842419
0.972966
0.007409
0.000005
0.002610
0.986800
0.974077
0.884860
0.333551
0.017332
0.000000
0.207679
0.000000
0.000000
0.000000
0.000000
0.023549
0.305388
0.000000
0.050966
0.855894
0.000000
0.000000
0.000000
0.000000
0.000000
1.000000
0.668983
0.001021
0.000000
0.669885
0.381610
0.000000
0.001392
0.000653
0.128259
0.668330
0.012110
1.000000
0.001147
0.999997
0.028137
0.000299
0.913057
0.049565
0.000000
0.004081
0.000000
0.000000
0.998298
0.709169
0.250682
1.000000
0.000000
0.001136
0.000000
0.000101
0.004256
0.000000
0.000000
0.998604
0.000167
0.007111
0.000159
1.000000
0.112953
0.014426
0.059286
0.000019
0.999381
0.984714
0.000233
0.000000
0.000000
0.000052
0.001067
0.000000
0.000000
0.234335
0.596819
0.400529
0.217164
0.026082
0.999696
0.004201
0.053507
0.000000
1.000000
0.000115
0.000805
0.001135
0.801629
0.000000
0.000028
0.000450
0.943968
0.000000
0.018719
0.187947
0.002744
1.000000
0.000000
0.034464
0.473855
0.000001
0.252661
0.000000
0.967952
0.000000
0.000442
0.062735
0.000000
0.041200
0.770743
0.009953
0.000663
0.002403
1.000000
0.000000
1.000000
0.000025
0.000040
0.240984
0.000349
0.001621
0.000000
0.999999
0.000275
0.049466
0.074707
0.011487
0.020123
0.701052
0.005883
0.000000
0.274428
0.241258
0.112726
0.000150
0.022299
0.987936
0.024352
0.139901
0.724045
0.035695
0.982564
0.250549
0.000001
0.009905
0.635076
0.000116
0.001799
0.000000
0.000361
0.909011
0.000000
0.000631
0.000000
0.034841
0.073096
0.999954
0.063579
0.007701
0.373042
0.999992
0.000141
0.343704
0.003562
0.093635
0.053555
0.000000
0.000000
0.000000
0.000848
0.198984
0.062942
0.000000
0.000000
0.000108
0.000033
0.000000
0.285626
0.399171
0.000000
0.002555
0.002837
0.000000
0.999972
0.000000
0.999998
0.017262
0.695161
0.114288
0.001433
0.025819
0.000000
0.000000
0.005539
0.000042
0.000000
0.001306
0.000000
1.000000
0.761280
0.000000
0.000003
1.000000
0.076971
0.052783
1.000000
0.038248
0.000000
0.000274
0.000000
0.000499
1.000000
0.000000
0.344481
0.001263
0.751414
0.779458
0.001237
0.669440
0.000624
0.003692
0.274879
0.000306
0.000000
0.000002
0.000014
0.000000
0.000021
0.030993
0.999926
0.189472
0.996861
0.799990
0.385885
0.000000
0.891039
0.043036
0.000000
0.000000
0.785520
0.000000
0.015263
0.000000
0.003556
0.537019
0.000004
0.000919
0.282957
0.014721
0.000000
0.004157
0.000963
0.000000
0.000000
0.003331
0.000000
0.200803
0.471716
1.000000
0.000195
0.995061
0.035578
0.000000
0.000946
0.999153
0.080680
1.000000
0.676581
0.000000
0.439396
0.005790
0.398692
0.000000
0.122608
0.000352
0.005223
0.027262
0.087472
0.000396
0.022568
0.000000
0.004855
0.000000
0.050741
0.000000
0.002735
0.000000
0.441320
0.001885
0.241502
0.012839
0.000000
0.999778
0.000029
0.000000
0.939262
0.000049
0.039458
0.208867
0.000006
0.000142
0.000000
0.121780
0.471656
0.000191
0.010896
0.970897
0.838831
0.000093
0.002962
0.000000
0.674197
0.000000
0.000000
0.463647
0.008680
0.003184
0.062491
0.280092
0.511354
0.021063
0.000000
0.020534
0.305468
0.000000
0.078374
0.995211
0.000000
0.028631
0.007187
0.747774
0.066676
0.030160
0.200958
0.791885
0.120206
0.000000
0.075646
0.288712
0.001378
0.000000
1.000000
1.000000
0.000000
0.000168
0.294948
0.000100
0.137867
0.000000
0.116814
0.018314
0.000000
0.002234
0.013888
0.050496
0.072091
0.000000
0.031975
0.000000
0.000005
0.007298
0.000000
0.004431
0.048283
1.000000
0.011640
0.000087
1.000000
0.001033
0.003334
1.000000
0.000032
0.023719
0.013441
0.000770
0.000000
0.000001
0.000000
0.966811
0.780185
0.000003
0.000000
1.000000
0.687237
0.000000
1.000000
0.000469
0.001175
0.000050
0.009689
0.000001
0.777087
0.144232
0.014202
0.000000
0.000000
0.000000
0.000000
0.000000
0.006136
0.000000
0.000000
0.225348
0.000000
0.987913
0.000000
0.735703
0.239853
0.000000
0.005750
0.000000
0.000053
0.003643
0.134857
0.000345
0.000011
0.000000
0.042047
0.575292
0.287562
1.000000
1.000000
0.002036
0.000000
1.000000
0.000000
0.000000
0.480771
0.441797
0.000000
0.028714
0.000119
0.023886
0.000072
0.000000
0.000005
0.002043
0.143542
0.100133
0.000000
0.000000
0.006786
0.002117
0.997366
0.995757
0.080594
0.000000
0.902306
0.001251
0.263617
0.000000
0.002885
0.000000
0.999894
0.000000
0.972577
0.471221
0.984898
1.000000
0.000969
0.000000
0.002534
0.000194
0.875831
0.102723
0.001540
0.000000
0.000000
0.000399
0.000038
0.000000
0.000000
0.000000
0.000000
0.267549
0.012758
0.057060
0.000000
0.000000
0.008804
0.319149
0.000333
0.000284
0.809805
1.000000
0.069870
0.000000
0.514280
0.940540
0.000000
0.000446
0.006849
0.031009
0.000000
0.000000
0.000000
0.014333
0.001704
0.980732
0.473413
0.001419
0.000000
0.000000
0.118839
0.999777
1.000000
0.003467
0.016929
0.017077
0.002500
0.462479
0.089388
0.009031
0.000178
0.002095
0.000000
0.519714
0.360257
0.000003
0.000000
0.000000
0.000000
0.003378
0.003259
0.000000
0.183965
0.000299
0.040461
0.000000
0.602116
0.015902
0.000112
0.005210
0.000636
0.841733
0.082659
0.001039
0.000977
0.000684
0.000000
0.000007
0.000000
0.963227
0.000000
0.000000
0.999002
0.000000
0.010801
0.009277
0.048826
0.000000
0.000423
1.000000
0.002730
0.028637
0.260888
0.001586
0.001050
0.037799
0.000218
0.000136
0.000000
0.000168
0.007974
0.000000
0.000966
0.000000
0.440445
0.004680
0.000262
0.994483
0.000000
1.000000
0.000000
0.000021
0.000198
1.000000
1.000000
0.000000
0.000052
1.000000
0.039980
0.004454
0.000000
0.699412
0.003332
0.031046
0.989433
0.951121
0.008681
0.162076
0.000000
0.999503
0.002921
0.137425
0.081988
0.006651
0.000000
0.000000
0.000000
0.525534
0.999805
0.126514
0.009194
0.630705
0.000000
0.248677
0.765932
0.000000
0.000160
0.064043
0.000567
0.069944
0.007351
0.005621
0.026654
0.325450
0.019798
0.000000
0.000000
0.000819
0.000000
0.014807
0.027881
0.036396
0.000000
0.000879
0.033653
0.000000
0.000000
0.000000
0.009800
0.000015
0.000000
0.098769
0.004066
0.958267
0.718714
0.276112
0.999943
0.001792
0.873477
0.376289
0.130806
0.385068
0.000000
1.000000
0.285669
0.063334
0.762597
0.022739
0.000046
0.000796
0.009147
0.001631
0.162455
0.000000
0.000240
0.000014
0.006372
0.834854
0.000000
0.001435
0.144055
0.172838
0.012049
0.000001
0.000097
0.000000
0.000000
0.001144
0.000000
0.017910
0.387929
0.212654
0.000827
0.015690
0.165683
1.000000
0.000006
0.041655
0.712222
0.000000
0.999987
0.063666
0.072746
0.101256
0.149947
0.007143
0.247971
0.001008
0.002730
0.071878
0.000000
0.001779
0.465968
0.001803
0.520675
0.008908
0.038832
0.001213
0.000344
0.000211
0.000642
0.934447
1.000000
0.000000
0.000000
0.000000
0.210618
0.000516
0.340439
0.019244
0.013112
0.048504
0.009083
0.052670
0.000010
0.909704
0.000000
0.002638
0.001083
0.055957
0.089209
0.010961
0.583813
0.015209
0.000155
0.000006
0.521769
0.020317
0.955352
1.000000
0.000686
0.094263
0.000000
0.071961
0.530863
0.331070
0.000000
0.000000
0.999963
0.051771
0.000068
0.011970
0.000005
0.003606
0.041858
0.000000
0.000009
0.000053
0.932599
0.996886
0.275581
0.447157
0.010645
0.000000
0.000000
0.193350
0.000000
0.065966
0.000020
0.741630
0.000224
0.028179
0.027848
0.000000
0.037619
0.016630
0.000018
0.000781
0.060521
0.506022
0.002666
0.036875
0.000004
0.000040
0.519263
0.013266
0.000004
0.002641
0.366038
0.000086
0.000000
0.000000
0.892617
0.423570
1.000000
0.483706
0.000000
0.000184
0.000004
0.001137
0.002109
0.022450
0.001229
0.000000
0.006834
1.000000
0.938643
0.986591
0.000000
0.000000
0.000077
0.000000
0.013139
0.021676
0.000000
0.000000
0.295277
0.634124
0.000000
0.000000
0.000000
0.000014
0.000000
0.207537
0.000874
0.069941
0.101109
0.019367
0.022309
0.000870
0.000000
0.000000
0.029349
0.000000
0.000000
1.000000
0.361908
0.063568
0.091645
0.000000
0.999999
0.066856
0.597561
0.001159
0.000357
0.000001
0.982565
0.000202
0.038282
0.024276
0.633610
0.000000
0.000001
0.000000
0.293110
0.000001
0.986419
0.002162
0.548351
0.029410
0.074094
0.000000
0.000000
0.000000
0.000000
0.008669
0.000008
0.005803
0.000000
0.000000
0.000437
0.021515
0.000085
0.811960
0.180424
0.595993
0.007309
0.021493
1.000000
0.880206
0.001142
0.000000
0.000176
0.653414
0.000044
0.000550
0.000295
0.000000
0.000011
0.113907
0.000000
0.068550
0.974868
0.000000
0.000135
0.072894
0.000000
0.000000
0.949035
0.007041
0.000000
0.020512
0.000019
0.315606
0.007657
1.000000
0.371406
0.223023
0.310178
0.160150
0.190692
0.000000
0.048690
0.996139
0.000025
0.000000
0.000000
0.000000
0.141299
0.000000
0.000000
0.000048
0.038723
0.002277
0.961191
0.000000
0.000000
0.000006
0.000284
0.000003
0.000941
0.000035
0.000000
0.999953
0.000000
0.023096
0.638296
0.358020
0.000000
0.000000
0.000000
0.045684
0.000000
0.062501
0.957723
0.000000
0.042399
0.000011
0.006585
0.970662
0.000000
0.000000
0.143307
0.002671
0.000056
0.277212
0.001266
0.000000
0.490847
0.000000
0.787390
0.002977
0.000000
0.446076
0.003940
0.749431
0.998325
0.631358
0.727051
0.000035
0.000000
0.008666
0.000345
0.564686
0.024272
0.034437
0.015254
0.000000
0.001170
0.025774
0.078959
0.016253
0.001363
0.049842
0.000000
0.000000
0.999670
0.003498
0.000112
0.002203
0.000003
0.343396
0.073180
0.999988
0.999933
0.000000
0.000000
0.867023
0.091279
0.101691
0.005653
0.401950
0.012927
0.002167
0.000000
0.000000
0.020993
0.043823
0.006091
0.000090
0.000397
0.061817
0.000000
0.000977
0.890557
0.000000
0.890448
0.006352
0.118781
0.000000
0.000000
1.000000
0.221559
0.008823
0.012847
0.919842
0.997521
0.000000
0.000000
0.001588
0.000000
1.000000
0.532005
0.397774
0.001325
0.000000
0.000000
0.007823
0.951642
0.058304
0.000355
0.448936
0.015814
0.010046
0.995938
0.000583
0.000006
0.000065
0.880860
0.017912
0.245820
0.243975
0.999753
0.000558
0.010114
0.000000
0.097344
0.001947
0.007785
0.146194
0.000185
0.000073
0.000331
0.000000
0.067276
0.720744
0.199837
0.753942
0.000000
0.191043
0.006113
0.217775
0.002480
0.047400
0.000000
0.106199
0.000000
0.155218
0.677492
0.000000
0.000000
0.808396
0.823633
0.323824
0.000000
0.000002
0.003788
0.000000
0.018162
0.000000
0.016950
0.000000
0.000018
0.100624
0.311148
0.999393
0.000000
0.603403
1.000000
0.000311
0.000907
0.000044
0.000000
0.984179
0.616123
0.000000
0.044557
0.000511
0.000072
0.270311
0.000003
0.612307
0.008088
0.999879
0.000167
0.191300
0.971967
0.000000
0.066754
0.135420
0.022439
0.781311
0.155056
0.332004
0.282593
0.202519
0.000060
0.250606
1.000000
0.000108
0.000396
0.000000
0.001362
0.847684
0.001123
0.000000
0.028372
0.128331
0.236139
0.000219
0.000000
0.016205
0.001911
0.000000
0.695686
1.000000
0.136240
0.155282
0.049229
0.007925
0.000001
0.000312
0.000000
0.020276
0.004073
0.461214
0.999998
0.999817
0.000000
0.005551
0.000000
0.000000
0.003983
0.000000
0.995769
0.212977
0.000286
0.002405
0.017371
0.326729
0.181045
0.000003
0.000231
0.000000
0.696682
0.007060
0.000572
0.291984
0.729354
0.003338
0.006218
0.000079
0.955173
0.000000
0.403555
0.000000
0.000052
0.618129
0.000003
0.026020
0.000000
0.000015
0.000097
0.002366
0.351946
0.088224
0.003854
0.059665
0.319158
0.274303
0.002302
0.000000
0.010672
0.127741
0.003088
0.000000
0.000000
0.932785
0.945821
0.034937
0.000000
0.471783
0.004613
0.445743
0.000000
0.000000
0.002057
0.405134
0.091609
0.427971
0.008752
0.680396
0.047522
0.089822
1.000000
0.346121
0.000000
0.052396
0.020882
0.029284
0.001549
0.000000
0.001121
0.000000
0.305401
0.000000
0.198559
0.000000
0.000000
0.000027
0.000000
0.000000
0.000096
0.000000
0.239979
0.000049
0.994403
0.023413
0.000010
0.000000
0.000000
0.000000
0.000000
0.000042
0.725439
0.997229
0.315670
0.001420
0.795952
0.000125
0.309996
0.000000
0.000000
0.437228
1.000000
0.006999
1.000000
0.000042
0.829865
0.000000
0.976407
0.015398
0.000000
0.102917
0.000277
0.000000
0.216451
0.000025
0.988288
0.000000
0.034875
0.012089
0.004196
0.000000
0.054117
0.000715
0.002381
0.000000
0.000003
0.041509
0.189335
0.000000
0.000000
0.102188
0.017455
0.000000
0.121256
0.253937
0.012099
0.999439
0.000023
0.271481
0.138211
0.185016
0.020487
0.948804
0.058120
0.131831
0.000559
0.009604
0.015717
0.000617
0.000000
0.118976
0.995757
0.000000
0.001140
0.023812
0.031474
0.004182
0.000000
0.000738
0.003125
0.002370
0.000000
0.000000
0.000024
0.230697
0.000000
0.038457
0.000000
0.177308
0.122629
0.011573
0.555272
0.011306
0.000000
0.000000
0.018963
0.187024
0.001934
0.766704
0.106371
0.952090
0.000000
0.000000
0.026544
0.003455
0.001282
0.000000
0.000049
0.000000
0.001584
0.956522
0.000007
0.029547
0.001970
0.000000
0.001451
0.000000
0.222574
0.065428
0.000000
0.000256
0.000000
0.152185
0.022020
0.000000
0.000548
0.000453
0.858077
0.000000
0.131737
0.253650
0.933467
0.597318
0.000000
0.080120
0.000000
0.150749
0.677022
0.144930
0.000003
0.003221
0.260838
0.000000
1.000000
0.003819
0.138463
0.000000
0.837321
0.097005
0.000000
0.000000
0.000002
0.822336
1.000000
0.000627
0.399298
0.074713
0.000226
0.006622
0.000000
0.449116
0.011072
0.000000
0.000000
0.000092
0.000000
0.000330
0.000000
0.402485
0.439041
0.999854
0.014256
0.997092
0.000284
0.026269
0.000000
0.673172
0.000000
0.005876
0.999981
0.007294
0.057110
0.122567
0.000352
0.961480
0.014923
0.110195
0.000000
0.307544
0.002005
0.000126
0.000000
0.888281
0.001198
0.999412
0.000015
0.000000
0.681889
1.000000
0.000000
1.000000
0.000000
0.003369
0.000000
0.078829
0.000000
0.000000
0.000748
0.069718
0.636278
0.399651
0.000149
0.000000
0.977200
0.830741
0.000066
0.000522
0.021652
0.112938
0.000000
0.000000
0.450753
0.016222
0.073285
0.002874
1.000000
0.092542
0.052635
0.000000
0.382385
1.000000
1.000000
1.000000
0.000000
0.000000
0.000000
0.053181
0.000851
0.052699
0.000000
0.229357
1.000000
0.000000
0.005070
0.074510
0.459102
0.207481
0.014953
0.034683
0.373899
0.000000
0.091090
0.000004
0.110150
0.000000
0.003099
0.783505
0.155565
0.551163
0.001960
0.982664
0.830035
0.000000
0.078620
0.999924
0.000000
0.008789
0.000000
0.000000
0.002767
0.000000
0.999751
0.000021
0.000000
0.236302
0.125599
0.012554
0.000499
0.241332
0.185988
0.000424
0.134214
0.046946
0.007451
0.110376
0.002000
0.005406
0.013304
0.182814
0.751800
0.003424
0.000000
0.000000
0.902745
0.002218
0.058058
0.521358
0.000000
0.000018
0.000000
0.000000
0.000139
0.000000
0.207787
0.185864
0.002398
0.022395
0.000040
0.000001
0.199713
0.997411
0.000007
0.005599
0.000921
0.002374
1.000000
0.000060
0.000002
0.012911
0.998755
0.000000
0.176658
0.041066
0.000343
0.894544
0.008304
0.000782
0.017600
0.000000
0.997296
0.000000
0.005303
0.000000
0.199117
0.000000
0.421255
0.000049
0.430613
0.028940
0.019399
0.000000
0.003108
0.422120
0.074685
0.017200
0.000246
0.991455
0.000023
0.320661
0.000000
0.000050
1.000000
0.000000
0.026350
0.009783
0.000000
0.000000
0.000146
0.018008
0.860640
0.000000
0.000254
0.000286
0.000404
0.039364
0.000000
0.004221
0.161798
0.000000
0.000861
0.000000
0.016624
0.000310
0.022391
0.196505
0.999962
0.055804
0.000000
0.000001
0.001776
0.021242
0.710744
0.062685
0.001131
0.038511
0.863362
0.005684
0.005638
0.136825
0.000378
0.001801
0.086585
0.000000
0.627597
0.101118
0.000036
0.178887
0.000510
0.213412
0.743335
0.020868
0.000521
0.999896
0.955177
0.000000
0.000000
0.000002
0.373834
0.085870
0.000124
0.971289
0.002392
1.000000
0.002314
0.000000
0.387095
1.000000
0.971260
0.000046
0.002598
0.918296
0.017991
0.000000
0.020379
0.507934
0.478980
0.030616
0.000151
0.000080
0.024424
0.000157
0.000000
0.340690
0.376501
0.029232
0.000000
0.000000
0.000555
0.031428
0.000000
0.039371
0.000000
1.000000
0.022530
0.138836
0.997038
0.001823
0.000000
0.489235
0.000292
0.119796
0.036079
0.000000
0.000000
0.000000
0.055008
0.098705
0.000025
1.000000
0.000020
0.000000
0.000001
0.000000
0.470361
0.972390
0.000635
0.318793
0.670870
0.007510
0.004725
0.997982
0.000307
0.046510
0.598891
0.007112
0.000000
0.899136
0.999990
0.000000
1.000000
0.001255
0.000000
0.009961
0.008532
0.654171
0.004496
1.000000
0.007466
0.000740
0.999996
0.778130
0.000000
0.630740
0.912928
0.287224
0.044921
0.023509
0.000000
0.378917
0.979944
0.994045
0.000000
0.000012
0.926649
0.000433
0.055951
0.050336
0.014070
0.119001
1.000000
0.000000
0.000051
0.009817
0.001476
0.000021
0.004933
0.694241
0.010219
0.000336
0.006628
0.471453
0.000030
0.025865
0.021914
0.298507
0.000000
0.000010
0.000276
0.001656
0.000040
0.005278
0.999874
0.311657
0.083023
0.101812
0.027898
0.735451
0.005657
0.144406
0.000000
0.000000
0.054217
0.041924
0.014672
0.921960
0.000006
0.393686
0.003947
0.000000
0.000141
0.000094
0.426152
0.000000
0.000019
0.011864
0.014808
0.001691
0.000000
0.000000
0.122354
0.003790
0.000031
0.170013
0.000001
0.001712
0.005033
0.946117
0.002358
0.065375
0.187127
0.000000
0.418730
0.000000
0.319451
0.000000
0.000000
0.003936
0.637988
0.000943
0.000061
0.044882
0.003004
0.957898
0.000386
0.000000
0.124304
0.691134
0.250070
0.000000
0.048423
0.048093
0.000000
0.210371
0.000000
0.016956
0.005719
0.000000
0.475581
0.000038
0.000000
0.286449
1.000000
0.000000
0.508222
0.000022
0.940315
0.005470
0.000000
0.004182
0.000000
0.885714
0.001748
0.000000
1.000000
0.008008
0.077238
0.753145
0.000078
0.000000
0.000184
0.000000
0.888006
0.001048
0.000000
0.000000
0.005548
0.003786
0.802448
0.003165
0.481751
0.000000
0.750890
0.336427
0.024972
0.000908
0.090414
0.078010
0.000000
0.028796
0.731738
0.025084
0.000000
0.001839
0.000629
0.000000
0.502999
1.000000
0.000000
0.004046
0.450963
0.210319
0.500915
0.125688
0.000231
0.000714
0.014649
0.157502
0.000000
0.000557
0.004939
0.998581
1.000000
0.609773
0.108009
0.000000
0.000000
0.109307
0.022538
0.000566
0.000000
0.992721
0.000000
0.000000
0.276097
0.022723
0.000000
0.142456
0.196672
0.025011
1.000000
0.962004
0.372357
1.000000
0.000351
0.772284
0.344212
1.000000
0.039912
1.000000
0.988651
0.001497
0.023298
0.000000
0.082708
0.000000
0.000000
0.046894
0.001594
0.000000
0.680370
0.000922
0.017893
0.000000
0.007255
0.577604
0.805073
0.000000
0.000000
1.000000
0.000000
0.000405
0.000000
0.000000
0.979286
0.278419
0.000244
0.993502
0.000066
0.009283
0.106573
0.000000
0.999978
0.000000
0.026464
0.000030
0.011528
0.017591
0.000000
0.014504
0.000004
0.065693
0.104442
0.003937
0.000006
0.000000
0.096330
0.000000
0.000468
0.001647
0.005175
0.074559
0.002717
0.999970
0.000035
0.000000
0.003092
0.000001
0.049021
0.000000
0.000001
0.168807
1.000000
0.406035
0.000177
1.000000
0.000001
0.002956
1.000000
0.022875
0.000000
0.000000
0.001337
0.272001
0.000000
0.698332
0.000000
0.000000
0.000000
0.899586
0.000000
0.000008
0.000000
0.651596
0.000000
0.000245
1.000000
0.999990
0.004924
0.029734
0.000000
0.019211
0.135588
0.115361
0.143751
0.019214
0.000001
0.000000
0.385450
0.071903
0.000217
0.000000
0.002295
0.000096
0.002603
0.002373
0.037692
0.260295
0.000439
0.024495
0.773818
1.000000
0.018948
0.001526
0.000021
0.000001
0.000000
0.033891
0.001844
0.012723
0.000000
0.000004
0.000000
0.000000
0.006515
0.000010
0.776888
0.160595
0.518728
0.000048
0.079930
0.000000
0.036872
0.007689
0.000000
0.232607
0.000000
0.000000
0.012109
0.024671
1.000000
0.002209
0.000004
0.275549
0.001168
0.000348
0.000042
0.055133
0.000204
0.000000
0.023715
0.247947
0.000004
0.978897
0.005515
0.000000
0.878936
0.000000
0.000000
0.000036
0.744495
0.535773
0.000000
0.286886
0.000000
0.210667
0.000000
0.000000
0.006604
0.092170
0.000000
0.018922
0.002275
0.794483
0.187200
0.000267
0.000000
0.022207
0.028276
0.000007
0.000027
0.146059
0.037591
0.005959
0.103283
0.000000
0.000057
0.999208
0.000064
0.000000
0.013160
0.000000
0.000494
0.000000
0.000000
0.000000
0.010465
0.000000
0.000000
0.002056
0.000000
0.259708
0.025042
0.845437
0.099749
0.999824
0.000000
0.830082
0.000000
0.000026
0.004971
0.000000
0.999701
0.882870
0.000244
0.999999
0.006127
0.342572
0.000000
0.000362
0.002199
0.005291
0.000000
0.000000
1.000000
0.100989
1.000000
0.024201
0.053027
0.000029
0.189599
0.687025
0.003550
0.004333
0.079164
0.000000
0.000000
0.000000
0.768032
0.004070
0.000000
0.023293
0.052975
0.106043
0.017124
0.000000
0.007731
0.690069
0.000231
0.348951
0.655682
0.404077
0.009856
0.078884
0.000024
0.078017
0.167577
0.003225
0.087536
1.000000
0.007801
0.000275
0.011948
0.000000
0.849064
0.362143
0.905859
0.024741
0.097285
0.022336
0.197017
0.952117
0.534882
0.000231
0.023054
0.168166
0.011133
0.000004
0.002819
0.983823
0.000000
0.000000
0.000306
0.000205
0.000000
0.000012
0.254169
0.226859
0.999968
0.384571
1.000000
0.000000
0.624520
0.025005
0.185438
0.030876
0.000101
0.894990
0.322486
0.000000
0.000046
0.064969
0.000061
0.004584
1.000000
1.000000
0.000000
0.010638
0.001598
0.000002
0.460730
0.000000
0.001459
0.939314
0.000000
0.000000
0.012671
0.000000
0.000386
0.000183
0.000101
0.000000
0.005088
1.000000
0.103781
0.000000
0.000000
0.000000
0.003606
0.000000
0.108496
0.660647
0.000020
0.000000
1.000000
0.157971
0.999995
0.001449
0.162108
0.029852
0.027018
0.000001
0.000000
0.000000
0.069361
0.000051
0.000000
0.000031
0.000643
0.002718
0.000180
0.000001
0.192040
0.144037
0.001080
0.224032
0.000000
0.006485
0.339199
0.000000
0.735145
0.147913
0.000000
0.103463
0.038438
0.006396
0.136032
0.000000
0.000053
0.000080
0.155686
0.089883
0.000000
0.112833
0.000000
0.485247
0.029529
0.000000
0.006149
0.001364
0.001988
0.000000
0.007740
0.000090
1.000000
0.999973
0.000792
0.002059
0.000120
0.039158
0.005398
0.034177
0.393629
0.000000
0.002868
0.000028
0.003044
0.000000
0.999864
0.141153
0.736925
1.000000
0.000687
0.000054
0.000051
0.999646
0.006586
0.999718
0.000319
0.968610
0.000000
0.000000
0.000000
0.735772
0.000000
0.588028
0.000052
0.000000
0.287681
0.121482
0.025129
0.000190
0.294350
0.000448
0.000002
0.000000
0.016281
0.066925
0.000000
0.000105
0.000058
0.000000
0.000010
0.003157
0.601557
0.007742
0.000278
0.004154
0.465473
0.003816
0.807712
0.109237
0.000089
0.000041
0.001068
0.177195
0.009911
0.025426
0.000000
0.001383
0.026462
0.000702
0.000320
0.002109
0.000000
0.002086
0.001107
0.156817
0.000000
0.202952
0.328936
0.004350
0.077519
0.000000
0.013696
0.943237
0.003646
0.000000
0.010270
0.012763
0.055491
1.000000
0.000000
0.000421
0.019949
0.094812
1.000000
0.184730
0.000000
0.407269
0.000785
0.002867
0.001342
0.000525
0.117355
0.036107
0.013693
0.000788
0.029377
0.000289
0.422350
0.005267
0.025779
0.692712
0.046320
0.237782
0.000000
0.014943
0.000000
0.325044
0.036979
0.000000
0.630617
0.015127
0.000009
0.000000
0.000996
0.002517
0.391865
0.085842
0.031046
0.029928
0.999601
0.000000
0.004796
0.000000
0.935891
0.000000
0.019802
0.010130
0.000000
0.363217
0.000000
1.000000
0.026244
0.006038
0.000975
0.014409
0.000000
0.000000
0.000005
0.000000
0.047251
1.000000
0.009219
0.011457
0.000026
0.231699
0.518698
0.157871
1.000000
0.000000
0.000110
0.000087
0.000000
0.000000
0.000014
0.000053
0.025547
0.000295
0.000000
0.070335
0.000001
0.090210
0.002348
0.000000
0.041086
0.000034
0.014738
0.032146
0.000000
0.000584
0.000013
0.000000
0.003236
0.000000
0.000311
0.000000
0.999946
0.075100
0.330862
1.000000
0.000000
0.013907
0.720268
0.008359
0.002271
0.027165
1.000000
0.251878
0.996595
0.111566
0.000000
0.997665
0.073432
0.077818
0.000039
1.000000
0.004309
0.015440
0.000000
0.916526
0.000000
0.035417
0.000023
0.000000
0.000000
0.071566
0.000015
0.000000
0.000000
0.000021
0.014826
0.758970
0.000000
0.189403
0.153566
0.000278
0.000004
0.012534
0.000267
0.001511
0.001304
0.000368
0.999830
0.015815
0.000000
0.000797
0.998738
0.043725
0.000000
0.003432
0.000000
0.479522
0.000000
0.053668
0.000084
0.029037
0.000011
0.000000
0.014747
0.000001
0.000000
0.000000
1.000000
0.499993
0.000000
0.734015
0.567162
0.000000
0.087986
0.007793
0.031703
0.000029
0.000000
0.002619
0.000000
0.000000
0.009485
0.000000
0.379197
0.005201
0.277247
0.004915
0.000153
0.003071
0.540646
0.000398
0.275638
0.495691
0.004061
1.000000
0.015907
0.000000
0.098738
0.000000
0.027476
0.000000
0.000000
0.000000
0.216762
0.000000
0.000017
0.003491
0.012112
0.632169
0.000016
0.000139
0.010146
0.000000
0.000068
0.407617
0.000000
0.000000
0.000000
0.000002
0.006356
0.000029
0.228379
0.000001
0.030722
0.002134
0.479353
0.001205
0.009615
0.007632
0.000000
0.016753
0.622505
1.000000
0.023355
1.000000
0.068515
0.037496
0.155286
0.001873
0.000025
0.012128
0.012635
0.601049
0.000000
0.000558
0.999991
0.000000
0.260592
0.004747
1.000000
0.000056
0.152783
0.000000
0.820002
0.000049
0.000033
1.000000
0.000002
0.006891
0.046695
0.000000
0.014008
0.000000
0.039602
0.000000
0.535929
0.000000
0.000000
0.014145
0.000000
0.000000
0.095324
0.000000
0.059855
0.029305
0.072869
0.525397
0.000028
0.963457
0.000122
0.002502
0.000000
0.045436
0.000000
0.001165
0.000000
0.976206
0.011035
0.000000
0.007881
0.256723
0.403236
0.014746
0.234313
0.087862
0.132999
0.000105
0.000000
0.002085
0.027486
0.518468
0.091438
0.999983
0.001394
0.901460
1.000000
0.000286
0.534044
0.000074
0.009524
0.999819
0.000000
1.000000
0.000012
0.080741
0.000766
0.873459
0.000246
0.003875
0.035125
0.006414
0.892720
0.029449
0.820316
0.488628
0.776819
0.008052
0.017614
0.000001
0.000051
0.000011
