0.999998
0.999996
0.394273
1.000000
0.863664
0.996244
1.000000
0.000000
0.405681
0.914243
0.365970
0.061667
0.999004
1.000000
1.000000
0.241085
0.179202
0.809696
0.000000
0.817748
0.966468
0.000000
0.519640
0.000000
1.000000
0.975029
0.083165
0.851170
0.529253
0.634399
0.134329
0.998680
0.625347
0.999999
0.948174
0.000000
0.990833
0.927665
0.972349
0.060047
0.000000
0.403082
0.570078
0.991932
0.000189
0.992569
0.227550
0.000000
0.591062
0.916182
0.999604
0.927211
0.967148
0.516676
0.365525
0.000000
0.000000
0.999992
1.000000
0.324454
0.000000
0.428195
0.000000
0.684724
0.375600
0.550404
0.589171
0.360029
0.381864
0.336634
0.855034
0.709814
0.000000
0.000000
0.407496
0.073751
0.618886
0.996984
0.933193
0.000000
0.964102
0.443554
0.817279
1.000000
0.999060
0.012141
0.988341
0.690682
0.943777
0.256091
0.999916
0.990044
0.198721
0.000000
0.999965
0.639027
0.057314
0.047253
0.143939
0.000594
0.544892
0.238649
0.529318
0.620822
0.664191
0.825281
0.999992
0.652960
0.811173
0.057108
0.489916
0.985066
0.368077
0.999950
0.000000
1.000000
0.421740
0.752532
0.836897
0.995266
0.974625
0.989031
0.881367
0.000000
0.000000
0.387834
0.965458
1.000000
1.000000
0.159288
0.061723
0.421022
1.000000
0.553344
0.999917
0.386733
0.130589
0.961905
0.696682
0.435982
0.318965
0.953540
0.999372
0.000000
0.987483
0.435217
0.983947
0.862724
0.962742
0.532938
1.000000
1.000000
0.449152
0.000000
1.000000
0.990160
0.573424
0.959719
1.000000
0.389222
0.630523
0.893599
0.016528
0.594600
0.962864
0.940435
1.000000
0.963901
0.022212
0.997375
0.612903
0.151749
1.000000
0.289712
0.986752
0.995294
0.124580
0.749679
1.000000
0.999997
0.999884
0.819891
0.999978
0.000000
0.853200
0.925194
0.828116
0.657191
0.603230
0.476445
0.556348
0.844695
0.000000
0.998380
0.999609
1.000000
0.170799
0.000000
0.987256
0.659826
0.841431
0.533704
1.000000
0.499863
0.999709
0.000000
0.997575
0.041178
0.153042
0.115114
0.999576
0.000000
0.058434
0.000000
0.946066
0.000000
0.334310
0.841812
0.144057
0.198171
0.998323
1.000000
0.000000
0.000000
0.836137
0.000000
0.999823
0.999872
1.000000
0.286403
1.000000
0.658127
1.000000
0.147001
0.999229
0.517363
0.622011
0.565694
0.497160
0.675301
0.104467
0.996173
0.082904
0.999771
0.001746
0.792459
0.000000
0.123321
1.000000
0.000000
0.000000
0.000000
0.934666
0.987148
0.637104
0.028042
0.724611
0.279183
0.985398
0.034593
0.913820
0.990295
0.311333
0.999976
0.984555
0.999997
0.537715
0.986239
0.999768
0.160544
0.361910
0.916606
0.699131
0.999512
0.000000
0.000000
0.684771
0.000000
0.000000
0.978149
0.000000
0.930137
0.613400
0.880094
0.792675
0.095626
0.499972
0.455019
0.057275
0.720556
0.000000
0.973153
0.949178
0.345854
1.000000
0.596734
0.999969
0.999949
0.829618
0.805904
0.927970
0.122383
0.766510
0.980126
0.528990
0.093361
0.989294
0.979636
0.999327
0.215375
0.998507
0.820526
1.000000
0.990162
0.754187
0.998495
0.496967
0.385259
0.241003
0.091162
0.893872
0.049526
0.998674
0.999498
0.853739
0.447362
0.767902
1.000000
0.597742
1.000000
0.000000
0.101926
1.000000
0.999874
0.999988
0.493293
1.000000
1.000000
0.000000
0.049628
0.303622
1.000000
0.616264
0.998034
0.143054
0.900578
0.632916
0.000000
1.000000
0.037673
0.914395
0.372384
0.635954
0.633496
0.258455
0.819257
0.996709
0.978717
0.217930
0.152107
0.836486
0.311906
0.986645
0.983583
0.997322
0.300767
0.628429
0.419806
0.000000
0.987494
0.020376
0.830358
1.000000
0.999851
0.025110
0.968680
0.580577
0.999642
0.000000
0.380990
0.999630
0.551272
0.000000
0.979948
0.114935
0.083649
0.181978
0.968444
0.000000
0.939786
0.182056
0.202253
0.866738
0.000000
0.974357
0.230453
0.695358
0.358173
0.000000
0.999843
0.998723
0.737565
0.507000
0.999984
0.212792
0.516714
0.001652
0.248113
0.999543
0.906118
0.972450
0.135566
0.000000
0.902302
0.764881
0.746868
0.953275
1.000000
0.981901
0.519297
1.000000
0.000000
0.246589
0.975612
0.987803
0.919705
0.173311
0.394127
1.000000
0.999975
0.999308
1.000000
0.063498
0.999992
0.954216
0.119368
0.174607
0.143176
0.887962
0.485372
0.089926
0.974867
0.754406
0.517933
0.999919
0.814657
0.999975
0.864755
1.000000
0.012751
0.000000
0.999998
0.794885
1.000000
0.713228
0.000000
0.000000
0.998239
0.787382
0.158633
0.997512
0.487949
0.915309
1.000000
0.999996
0.816934
0.587147
0.936729
0.000000
0.076993
0.997366
0.906719
0.918831
0.000000
0.218178
0.264745
0.255810
0.646694
1.000000
0.404026
0.987504
0.514057
0.824304
0.895133
0.000000
0.999999
0.999497
0.943667
0.998340
0.365874
0.958920
0.036377
0.633133
0.987041
0.281593
0.628385
0.958287
0.459882
1.000000
0.081922
0.632800
0.819747
0.000000
1.000000
0.000000
0.443189
0.328351
0.997306
0.208453
0.976396
0.990274
0.255469
0.898261
0.160500
0.851930
0.000000
0.894177
0.906913
0.867130
0.256797
0.600039
0.945067
0.537825
0.232952
0.147891
0.915290
0.703240
0.000000
0.968059
1.000000
0.830119
0.297314
0.398712
0.000000
1.000000
0.998278
0.204740
0.000000
0.000000
0.952689
0.969405
0.661222
0.999996
0.998954
0.993223
0.630862
0.107812
0.906514
0.835640
0.656940
0.209257
0.150676
0.980544
0.303374
0.996241
0.936176
0.263470
0.978559
0.999964
0.481155
0.982385
1.000000
0.469707
0.987834
0.629987
1.000000
1.000000
0.323913
0.000000
0.180353
0.002662
0.000000
0.999993
1.000000
0.640839
0.914387
1.000000
0.570625
0.840133
0.238381
0.924833
0.956057
0.882943
0.972652
1.000000
0.727258
0.157826
0.904479
0.846201
0.999983
0.936566
1.000000
1.000000
0.999997
0.000000
0.696060
1.000000
0.978392
0.983136
0.911241
0.993504
0.000000
0.230366
0.125129
0.650764
0.282177
0.997282
0.389574
0.287126
0.148912
0.983074
0.999711
0.985142
0.459150
0.587631
0.957098
0.884195
0.829961
0.760281
0.995114
0.954257
0.163885
0.000000
0.981234
0.921241
0.999962
0.376170
0.979758
0.674777
0.986854
0.000000
0.924842
0.250319
0.981720
0.987359
0.994055
0.999971
0.757650
0.084910
0.953534
0.998096
0.931699
0.809761
0.211088
0.999995
0.120918
0.998346
0.658981
0.938392
0.099069
0.999995
0.000000
1.000000
0.000000
0.988854
1.000000
0.457854
0.985179
0.996165
0.000000
0.906834
0.983170
0.841125
0.474321
0.000000
0.666187
0.700845
0.698322
0.587936
0.868586
0.420227
0.429458
0.997361
0.662408
0.214546
0.132202
0.127306
0.473048
0.144870
0.999384
0.954506
0.000000
0.235059
0.999883
0.999836
0.320900
0.324830
1.000000
0.266748
0.806757
0.000000
0.917361
0.996766
0.235609
0.616113
0.000000
0.592581
0.999997
0.189624
0.927379
0.265183
0.688453
0.000000
0.999997
0.997881
0.995807
0.999437
1.000000
0.288442
1.000000
0.389780
0.425831
0.998053
0.000000
0.137333
0.365559
0.966106
0.999991
0.999812
0.837125
0.237929
0.955939
0.853316
0.698193
0.860334
0.354039
0.943570
1.000000
0.819379
0.302501
0.000000
0.000000
1.000000
0.787167
0.148851
0.674708
0.976152
0.930658
0.523173
0.412385
0.239196
0.988900
0.077738
0.447978
0.000000
0.885069
0.976770
0.999846
0.930301
0.994127
0.995617
0.999334
1.000000
0.420737
0.000000
0.971403
0.983761
0.000000
0.397886
0.831482
0.917520
0.749642
0.977476
0.000000
0.999959
0.000000
0.145256
0.726737
0.280963
0.999855
0.154531
0.076882
0.992057
1.000000
0.999821
0.491368
0.138847
0.708582
0.436535
0.891868
0.772378
0.015130
0.018749
0.325423
0.983152
0.386174
1.000000
0.124915
0.000000
1.000000
0.000000
0.000000
0.373102
0.997046
0.954699
0.000000
1.000000
0.967386
1.000000
0.283704
0.151142
0.691203
0.056844
0.079298
0.000000
0.000000
0.756992
0.434020
1.000000
0.946881
0.728698
0.535067
0.910499
0.167709
0.355841
1.000000
0.478975
0.999994
0.000000
0.991191
0.737390
0.931790
0.956784
0.000000
0.671524
0.999988
1.000000
0.000000
0.641970
0.942246
0.997020
0.000000
0.990472
1.000000
0.067413
0.163749
0.998995
0.276954
0.287085
0.999144
1.000000
0.973432
0.014057
0.341742
0.992905
0.634133
0.485349
0.450498
0.999996
0.165522
0.989865
0.619283
0.198265
0.300437
0.514086
0.193802
0.000000
0.000000
1.000000
0.823393
0.644562
0.999984
0.723449
0.160520
0.999996
0.980606
0.602852
0.116215
0.994108
0.874450
0.598195
0.761959
0.945786
0.999991
0.999999
0.135416
0.962779
0.181297
1.000000
0.937513
0.999999
0.200130
0.999824
0.000000
0.914443
0.988920
0.284871
0.286305
0.006426
1.000000
0.288813
0.834818
0.927805
0.037849
0.983349
0.575207
0.999044
1.000000
0.999683
0.608832
0.542323
0.197355
0.582855
0.208691
0.616732
0.347488
0.999999
0.695711
0.999070
0.821025
1.000000
0.979003
0.000000
0.417214
0.269335
0.827624
0.799997
0.969198
0.985813
1.000000
0.000000
0.830929
0.999993
0.232722
0.992488
0.703569
0.446319
0.000000
0.000000
0.807186
0.922065
0.842109
0.000000
0.492840
1.000000
0.646844
0.857578
0.857360
0.303770
0.165236
0.883820
0.588649
0.182319
0.056989
0.334047
0.523287
0.284267
0.000000
0.126951
0.000000
1.000000
0.973603
0.797313
0.868414
0.811297
1.000000
0.960016
0.358171
0.000000
0.000000
0.653267
0.352779
0.422110
0.145616
0.668819
0.913475
1.000000
0.186919
0.082087
0.997120
0.766689
0.999984
0.984957
0.915390
0.000000
0.888180
0.164612
0.309809
0.000000
0.993625
0.997411
0.728746
0.979305
0.999730
0.000000
0.344633
0.476342
0.653034
0.522491
0.681368
0.685178
1.000000
0.645110
0.976184
0.966260
0.000000
0.603185
0.655473
0.834382
1.000000
0.322235
0.670616
0.000000
0.150472
1.000000
0.435634
0.809529
0.111266
0.000000
0.000000
0.113609
0.724306
0.661704
0.179653
0.943959
0.999984
0.960215
0.769543
0.667251
0.006001
0.210651
0.989865
0.997524
0.745689
0.024990
0.956631
0.929174
0.905534
1.000000
0.044453
0.737705
0.000000
0.900230
0.641655
0.999953
0.000000
0.998899
0.793516
0.974779
0.602786
0.945216
0.000000
0.984018
0.996290
0.532528
0.764399
0.000000
0.966543
0.997655
0.373016
0.000000
0.977305
1.000000
0.629680
0.962018
1.000000
0.685734
0.946215
0.895103
0.082139
0.169519
0.951099
0.354074
1.000000
0.600325
0.999370
0.104358
0.997373
0.101324
0.999999
0.942010
0.413107
0.385447
0.210307
0.664597
0.959828
0.450354
0.714391
0.358352
0.540096
0.932069
0.438661
0.227537
0.999979
0.566484
0.989466
0.000000
0.992790
0.136879
0.720019
0.643813
0.999491
0.999140
0.788405
0.099622
0.861992
1.000000
0.307377
0.995377
0.354568
0.129865
0.982052
0.000000
0.928336
0.795104
0.000000
1.000000
0.440485
0.974858
0.910059
0.607312
0.999197
0.000000
0.054557
0.999670
1.000000
1.000000
0.999998
1.000000
0.000000
0.742112
0.986318
0.728194
0.000000
0.964781
0.998561
0.000000
1.000000
0.885130
0.999998
1.000000
0.950842
0.859330
0.866360
0.959476
1.000000
0.997968
0.484083
0.739515
0.000000
0.234377
0.990663
0.523588
0.992198
0.976941
0.000000
0.366726
0.920741
0.941771
0.742377
0.254158
0.438598
0.132430
0.162994
1.000000
1.000000
0.962636
0.997873
0.963850
0.929007
0.287513
0.074943
0.999914
0.994573
0.645583
0.259970
0.000000
0.737428
0.864336
0.513746
0.929637
0.000000
0.839983
0.939825
0.576177
0.619483
0.146394
0.962475
0.094444
0.999907
0.101813
0.999972
0.005122
1.000000
0.313599
0.892311
1.000000
0.993033
0.978785
0.929157
0.041538
0.522268
0.000000
0.850398
0.661986
0.107332
0.928090
0.952214
0.210956
0.000000
1.000000
0.999977
0.009297
0.900675
0.998762
1.000000
0.429416
0.992153
0.169416
1.000000
0.792853
0.368648
1.000000
0.311457
0.995584
0.978216
0.107145
0.000000
0.451939
0.773463
0.210580
0.998488
0.367776
0.999996
0.999983
0.306675
0.147123
0.000000
0.924041
0.829545
0.614959
0.024533
0.993968
1.000000
0.995885
0.831743
0.913787
0.902181
0.917147
0.757934
0.999970
0.993238
0.144369
0.936833
0.161492
0.180816
0.185758
0.639176
0.120369
0.999999
0.482230
0.461755
0.746083
1.000000
0.047724
0.887213
0.997685
0.257809
0.999400
0.741060
0.547247
0.884443
0.999795
0.922514
0.710395
0.226319
0.999923
0.978744
0.463969
1.000000
0.000000
0.941770
0.674636
0.000000
0.829822
0.208690
0.735751
0.925795
0.979644
0.150674
0.963366
0.999692
0.941301
0.911114
0.344073
0.122842
1.000000
0.999951
1.000000
0.999944
0.875706
0.206201
0.974785
0.340292
0.999981
0.704989
1.000000
0.136049
0.894279
0.929332
0.000000
0.308365
0.057063
0.976424
0.450983
0.126888
0.661494
0.994769
0.938301
0.965364
0.000000
0.665416
0.000000
0.682528
0.068129
0.000000
0.955488
0.999999
0.578355
0.743560
0.297244
0.999836
0.897446
0.000000
0.999946
0.999169
0.235620
0.664476
0.496525
0.991468
0.973980
0.758568
1.000000
0.000000
0.844304
0.041618
0.000000
0.000000
0.922068
0.843155
0.077902
0.893235
0.968191
0.400627
0.758041
1.000000
0.887064
0.967167
0.840372
0.998246
0.692940
0.992859
0.715213
0.942306
0.212141
0.135649
0.965856
1.000000
0.865197
0.199242
0.323821
0.402784
0.792622
0.000000
0.000000
0.668128
0.663855
1.000000
0.594851
0.993339
0.417696
0.982606
0.250067
0.618746
0.809757
0.337231
0.999095
0.400470
0.956265
1.000000
0.962673
0.203662
0.000000
0.734119
0.997482
0.980525
0.106936
0.807953
0.998012
0.990400
0.803940
0.958692
0.467500
0.889874
0.907462
0.859769
0.000000
0.000000
0.999988
0.472056
1.000000
0.208375
0.333062
0.460155
0.999611
1.000000
0.721284
0.724495
0.145920
0.998358
0.513577
0.531693
0.184545
0.989484
0.000000
0.917951
0.899274
0.369101
0.890824
0.235056
0.808266
0.266130
0.000000
0.000000
0.999010
1.000000
0.910503
0.992768
0.386909
0.877313
0.102127
0.268135
0.764230
0.568115
0.813965
0.610928
0.000000
1.000000
1.000000
0.771521
0.191256
0.000000
0.721541
0.997105
0.394972
1.000000
0.000000
0.999968
0.990145
0.077886
0.691392
0.092720
0.987166
0.933051
0.625569
0.988575
1.000000
0.944321
0.000000
0.973778
0.000000
0.397645
0.000000
1.000000
0.986498
0.999997
0.000000
0.000000
0.836877
0.018988
0.671245
0.812325
0.303315
0.778034
0.000000
0.455800
0.316132
0.964058
0.500475
0.144451
0.858181
0.145529
0.361825
0.757287
0.195439
1.000000
0.521816
0.972477
0.841101
0.845068
1.000000
0.999187
0.940204
0.529281
0.971879
0.129655
0.973316
1.000000
0.000000
0.000000
0.987989
0.999987
0.257307
0.000000
0.494031
0.998792
0.005729
0.920268
0.000000
0.963477
0.000000
0.999992
0.772844
0.363559
0.000000
0.269102
0.915591
0.999938
0.908315
0.991595
0.525470
1.000000
0.420188
0.000000
0.921929
0.000000
0.996437
1.000000
0.000000
0.257952
0.997042
0.157839
0.000000
0.997790
0.929996
0.248458
0.622510
0.734274
0.895224
0.000000
0.619966
0.430709
0.111013
0.000000
0.931330
0.965570
1.000000
0.989907
0.000000
0.989306
0.997569
0.000000
0.081707
1.000000
0.071153
0.996732
0.996928
0.355187
0.000000
0.800025
0.855487
0.934333
0.052678
0.993771
1.000000
0.763831
0.484405
0.975119
0.085979
0.524132
0.314025
0.163365
0.988032
0.805157
1.000000
0.999973
0.260048
0.962791
0.000000
0.989582
0.999983
0.995935
0.989963
0.997524
0.999228
0.739656
0.998773
0.929968
1.000000
0.333445
0.799348
0.161857
0.000000
0.999908
1.000000
0.139638
0.000000
0.996414
0.850871
0.031189
0.998158
0.948910
0.158488
0.478255
0.952722
0.609964
0.156961
0.995595
0.654025
0.994616
0.798088
0.000000
0.196291
0.995440
0.811840
0.070552
0.998593
0.760831
0.000000
0.806053
0.989241
0.030278
0.998369
0.999314
0.997196
0.999999
0.233059
0.736248
0.545746
0.998426
1.000000
0.000000
0.156153
0.941558
0.075422
0.091204
0.239916
0.000000
0.999873
1.000000
0.467142
0.767477
0.148595
0.314811
0.770202
0.896464
0.039685
0.000000
0.697020
0.933623
0.000000
0.997116
0.933570
0.852901
0.957402
0.545144
0.129801
0.857816
0.078924
0.991815
0.296090
0.172000
0.731899
0.676362
0.999575
0.886755
0.981373
0.349022
0.048559
0.674773
0.450650
0.762197
0.000000
1.000000
0.999930
0.091981
0.999138
0.638253
0.328079
0.008135
0.951885
0.959710
0.339740
0.999986
0.731167
0.801625
0.477559
1.000000
1.000000
1.000000
0.034633
0.000000
0.000000
0.000000
0.000000
0.461633
0.999144
0.945355
0.999863
0.986688
0.000000
0.000000
0.622761
0.533201
0.932816
0.619947
0.000000
0.888532
0.073805
1.000000
0.999999
0.257374
1.000000
0.646206
0.000000
0.581746
0.974325
0.963604
0.922894
0.000000
0.894781
0.960892
0.000000
0.941842
0.975116
0.998342
0.540358
0.973655
0.773689
1.000000
0.994217
0.848617
0.095086
0.999680
0.071298
0.000000
0.995574
0.099160
0.340235
1.000000
0.000000
0.010169
0.000000
0.000000
0.983271
0.215043
0.539210
0.349373
0.305536
0.296222
0.756406
0.104042
0.069006
0.000000
0.000000
1.000000
0.000000
0.891937
0.199011
1.000000
1.000000
0.953544
0.539053
0.991897
0.972581
0.435184
0.997020
0.997632
1.000000
0.999999
0.999989
0.000000
0.269540
0.999999
0.807857
0.773925
1.000000
0.982086
0.999885
0.321837
1.000000
0.914095
0.587114
0.745536
0.999993
0.688126
0.192734
0.999306
0.080690
0.565432
0.883199
0.000000
0.000000
1.000000
0.324361
1.000000
0.991132
0.338032
1.000000
0.750990
0.997805
0.999999
0.000000
0.587799
0.877925
1.000000
0.999875
0.776310
0.927471
0.000000
0.991561
0.966382
0.000000
0.000000
0.986733
0.288437
0.556405
0.994947
0.153956
0.048911
0.413514
0.000000
0.727450
0.295410
0.991283
1.000000
0.903616
0.000000
0.999371
0.217863
0.083017
1.000000
0.699787
0.179009
0.990568
0.965745
0.649688
0.987714
0.336572
0.568795
0.000000
1.000000
0.687015
0.999988
0.715057
0.000000
0.000000
0.995841
0.868689
0.978740
0.604780
0.500529
0.975560
1.000000
0.959126
1.000000
0.000000
1.000000
0.621612
0.717880
0.000000
0.979035
1.000000
0.000000
0.863891
0.251826
0.077524
0.808267
0.682771
0.980263
0.000000
0.274133
0.000000
1.000000
1.000000
0.984947
0.999824
0.587763
0.986391
0.990892
0.720591
0.000000
0.965466
0.073372
0.961241
0.936727
0.000000
0.883013
0.895371
0.137454
1.000000
0.966008
0.988217
1.000000
0.937127
0.188244
0.079101
0.042357
0.830676
0.000000
0.992703
0.999249
0.990298
0.784687
0.516352
0.000000
0.827090
0.999315
0.138449
0.328468
1.000000
0.852829
1.000000
0.886680
0.448601
0.999962
1.000000
0.994984
1.000000
0.999140
0.845021
0.115993
0.727005
1.000000
0.983518
1.000000
0.581058
1.000000
0.176615
0.000000
0.000000
0.672913
0.954495
0.920065
0.674924
0.187215
0.968602
0.850132
0.563833
0.889521
1.000000
1.000000
0.775726
0.996454
0.399240
0.761838
0.712265
0.998064
0.986647
0.947680
0.722177
0.646642
0.999887
1.000000
0.801469
0.388132
0.294545
0.000000
0.892167
0.909490
1.000000
0.999985
0.952373
1.000000
1.000000
0.844351
0.000000
1.000000
0.000000
1.000000
0.730375
0.308709
0.961532
0.000000
0.999993
0.037357
0.362679
0.955896
0.967173
0.000000
0.229558
1.000000
0.425518
0.344893
0.023918
0.749311
0.989239
0.699810
0.989495
0.425081
0.997167
0.091627
0.999999
1.000000
0.457967
0.000000
0.999653
0.673302
0.480668
0.874424
0.000000
0.999991
0.248814
0.813272
0.720093
0.732008
0.238343
0.000000
0.135473
1.000000
0.564277
0.484089
0.761179
0.931212
0.948206
0.000000
1.000000
0.000000
0.995180
0.672793
0.999939
0.997570
0.998858
0.618473
0.436560
0.746131
1.000000
0.306114
0.000000
0.765995
0.995750
0.000000
0.981091
0.622814
0.890578
0.000000
0.333890
0.654801
0.362402
0.731647
1.000000
0.541218
0.730875
0.816318
0.276265
0.058350
0.751036
0.371007
0.351220
0.672091
0.000000
0.931216
0.740845
0.999265
0.405749
0.000000
0.999994
0.992995
0.990701
0.000000
0.080479
0.986997
0.977241
0.224229
0.999913
0.999685
0.995777
0.683129
0.000000
0.310961
0.000000
0.913224
0.798286
0.251500
0.000000
0.015573
0.990119
0.965601
1.000000
0.762732
0.231180
0.496046
0.952551
0.995509
0.613572
0.674748
0.551049
0.979302
0.974445
1.000000
0.869854
0.907703
0.999914
0.638530
0.998870
0.802948
0.706101
1.000000
0.000000
0.919764
0.324161
0.942638
0.000000
0.513168
0.999740
0.000000
0.615157
1.000000
1.000000
0.467903
0.484611
0.378249
0.749173
1.000000
0.328738
1.000000
0.285148
0.948012
1.000000
1.000000
0.441475
0.001259
0.418171
0.071846
0.532040
0.000000
0.999999
0.658545
0.860479
0.000000
0.955535
0.999988
0.810880
1.000000
0.903503
0.110210
0.136648
0.998970
0.564491
0.956084
0.728964
0.380187
0.952313
0.254226
0.037238
0.091482
0.981164
0.000000
0.000000
0.000000
1.000000
0.537787
0.610897
0.436433
0.233582
0.202370
0.499377
0.973823
0.377378
0.157266
0.533853
1.000000
0.434092
0.347547
0.978535
0.132950
0.959231
0.849109
0.300132
0.242296
0.165055
0.999996
0.000000
0.235828
1.000000
0.688319
0.000000
0.487055
0.273084
0.000000
0.461857
0.025455
0.949039
0.000000
0.077421
0.936182
0.498155
0.917096
0.995676
0.165238
0.532726
0.238619
0.998122
0.688773
0.280163
0.444986
0.999891
0.000000
0.557536
0.066543
0.108363
0.370421
1.000000
0.987271
0.960992
0.607224
0.994502
0.985884
0.999775
0.000000
0.331074
0.332584
0.372540
0.993975
1.000000
1.000000
0.662504
1.000000
0.000124
0.928392
0.000000
0.391533
1.000000
0.999897
0.085525
1.000000
0.998913
0.554831
0.830318
1.000000
0.924991
0.311620
0.455823
0.999973
0.997838
0.761732
0.520222
0.157330
0.927047
0.999232
0.793442
0.501258
1.000000
0.000000
0.999668
0.000000
0.000000
1.000000
0.981982
0.000000
0.119419
0.144548
0.000000
0.126583
0.999714
0.285313
0.000000
0.123340
0.861383
0.776541
1.000000
0.554417
0.828509
0.397331
1.000000
1.000000
1.000000
0.412755
0.990908
0.798121
0.000000
0.470706
0.894760
0.000000
0.995396
0.000000
1.000000
1.000000
0.840501
0.997065
0.119077
0.627719
0.999986
0.278233
0.186407
0.752916
0.888731
0.617387
0.000000
0.085961
0.999968
0.800950
0.379860
0.999998
1.000000
0.553410
0.813912
0.109878
0.900187
0.002082
0.728780
0.996375
0.840134
0.999988
0.959367
0.854326
0.410991
0.000000
0.766510
0.000000
0.136060
1.000000
0.000000
0.063313
0.248987
0.784972
0.857123
0.404139
0.977254
0.283947
0.800798
0.037617
0.725736
0.890419
0.845913
0.980161
0.404337
0.999889
0.000000
0.274395
0.999995
0.813878
0.889803
0.982548
0.185712
0.051888
1.000000
0.000000
0.181562
0.424889
0.414530
0.000000
0.581537
0.998718
1.000000
0.692518
0.000000
0.998414
0.518311
1.000000
0.911421
0.281518
0.396313
0.110271
0.000000
0.416385
0.701575
0.621468
0.488103
0.432858
1.000000
0.340994
0.878998
0.289393
0.907887
0.000000
0.214223
0.999859
0.989366
0.137933
0.009301
1.000000
1.000000
0.000000
0.996609
0.115196
0.687026
0.984771
0.000000
0.000000
0.999993
0.883957
0.907113
0.631268
0.296487
0.900342
0.914377
0.967011
1.000000
0.936316
0.991890
0.999683
0.129396
0.455606
0.364015
0.345031
0.253650
0.527241
0.180470
0.104776
0.996229
0.804842
0.250664
0.056266
0.147836
0.101256
0.346272
1.000000
1.000000
0.983616
0.844908
0.886730
0.830353
1.000000
0.000000
0.705437
0.126253
0.167034
0.322796
0.770953
1.000000
0.349347
0.271786
0.870094
0.912190
0.087410
0.836395
1.000000
0.735485
0.642666
1.000000
0.962365
0.429119
0.399360
0.098502
1.000000
0.940431
0.000000
0.393764
0.945661
0.263946
0.139292
0.000000
0.246970
0.158187
0.629065
0.329054
0.000000
0.000000
0.960739
0.752923
0.408312
0.999773
0.955535
0.998638
0.999993
0.857707
0.814176
0.618294
0.166790
0.999764
0.917039
0.857906
1.000000
0.778954
0.031519
0.890364
0.948752
0.056060
0.884009
0.362929
1.000000
0.997209
0.862876
0.999862
0.895513
1.000000
0.990565
0.020081
0.000000
1.000000
0.944147
0.087977
1.000000
0.808519
0.999957
0.418929
0.000000
1.000000
0.739127
0.000000
1.000000
0.536672
0.565290
0.075781
1.000000
0.000000
1.000000
0.997766
0.996190
0.400432
1.000000
1.000000
0.000000
0.938774
0.000000
0.972862
0.961285
0.123030
0.981903
0.622420
0.104894
0.000000
0.258045
0.770760
1.000000
1.000000
0.908257
0.463479
0.891620
0.959467
0.152384
0.310203
0.949520
0.996954
0.661482
0.728734
0.000000
0.297487
0.981948
0.186034
0.999489
0.915833
0.475144
0.472464
0.976659
0.973124
0.989183
0.999989
0.022870
0.053509
0.961602
0.000000
1.000000
0.609802
0.987329
0.124646
0.583785
0.544888
0.763110
0.974312
1.000000
0.999999
0.465548
0.999854
0.000000
1.000000
0.510287
0.936450
0.999321
0.000000
0.218753
0.629310
0.600307
0.063120
0.992888
0.000000
0.924939
0.185092
0.598174
0.579255
0.157620
0.495124
0.585006
0.983259
0.974880
0.906653
0.535165
1.000000
0.278313
0.977422
0.000000
0.356438
0.634017
0.992790
0.984288
0.999999
0.000000
0.926741
0.000000
0.952402
0.000000
0.996017
0.804482
0.981234
1.000000
0.848469
0.999799
0.999997
0.000000
0.996869
0.472827
0.782136
0.986214
0.469847
0.446288
0.143182
0.611745
0.945491
1.000000
0.234412
0.957854
0.901372
0.947946
0.166665
0.991585
0.041057
0.541930
0.816270
0.089455
0.115961
0.000000
0.000000
0.171569
0.968076
0.881103
0.998953
0.000000
0.622912
0.719599
0.924871
0.192760
0.996646
1.000000
0.918195
0.996281
0.615908
0.790727
0.063692
0.289743
0.993744
0.641262
0.100424
0.208961
0.000000
0.336332
0.486649
1.000000
0.993986
0.949656
0.153371
0.978276
0.806029
0.904163
0.291835
0.999997
0.990964
0.295796
1.000000
1.000000
0.679946
0.000000
0.526221
0.416005
0.984994
0.661611
0.692939
1.000000
0.959372
0.987918
1.000000
0.000000
0.522814
0.982762
0.899175
0.744120
0.954621
0.875341
0.000000
0.616400
0.240624
0.910019
0.774834
0.221407
0.728197
0.000000
0.999880
0.955167
0.614680
0.723705
0.995946
0.999997
0.416686
0.261050
0.000000
0.439412
0.032938
0.529740
0.807289
0.999545
0.902606
0.997897
0.999474
0.883199
0.827249
0.968366
0.653753
0.999764
0.866067
0.976120
0.848987
0.000000
0.802860
1.000000
0.368694
0.541061
0.980604
0.813045
0.802903
0.566657
0.650603
0.768184
0.000000
0.794085
0.966959
0.150184
0.991777
0.722642
0.684487
1.000000
0.772775
1.000000
0.873943
0.877829
0.999915
0.190280
0.999992
0.999992
0.502280
0.828624
1.000000
0.028265
0.164318
0.818286
0.989845
0.999924
0.000000
0.999602
0.661655
0.242892
0.888026
0.705218
0.999989
0.922824
0.000000
0.561765
1.000000
0.085587
0.786763
0.883939
0.584443
0.478937
1.000000
0.416235
0.804223
0.085008
0.052342
0.962279
0.999982
0.536960
0.186086
1.000000
0.577386
0.246195
0.218245
1.000000
0.997967
0.092016
0.000000
0.000000
0.075970
0.509006
0.230408
0.000000
0.575173
0.000000
0.884430
0.676932
0.999171
0.000000
0.839611
0.999974
0.958016
0.347356
0.000000
0.691520
0.988281
0.901301
0.552914
0.591748
0.160246
0.999710
1.000000
0.310018
0.659573
0.711317
0.872245
0.773742
0.957343
0.978607
0.700192
0.978586
0.332703
0.999998
0.122709
0.751027
0.884674
0.000000
0.399768
0.384104
0.136663
0.021645
1.000000
0.532586
0.555836
0.127863
0.644165
0.178134
0.712128
1.000000
0.878068
0.000000
0.409142
0.000000
0.190526
0.651723
0.197251
0.000000
0.163883
0.545657
0.483929
0.074510
0.254573
0.621431
0.000000
0.323809
0.976442
0.744705
0.994835
0.998787
0.236669
0.998055
0.186570
0.437922
1.000000
0.739456
0.000000
0.399366
0.000000
0.000000
0.999781
0.163896
0.936064
0.999707
0.509978
0.990440
0.188157
0.998856
0.173251
0.683003
0.801063
0.000000
0.993679
0.000000
0.119618
0.414575
0.232389
0.000000
0.999687
0.000000
0.000000
1.000000
0.878274
1.000000
0.000000
0.999950
1.000000
0.980508
0.991527
0.998144
0.807078
0.777089
0.386761
0.152104
0.997612
0.493456
0.999978
0.885714
0.849243
0.190570
0.047343
0.508686
0.350299
0.308869
0.978148
0.898014
0.964447
0.998786
0.736549
1.000000
0.999969
0.353178
0.028867
0.768485
0.699985
0.154890
0.950604
0.994225
0.986119
0.633417
0.000000
0.962316
0.020427
0.000000
0.950989
0.858231
0.134707
0.872856
0.999999
0.938281
0.657102
0.360834
0.933435
0.523460
0.991253
0.650318
0.879461
0.213990
1.000000
0.920051
0.703682
0.362785
0.987884
0.865205
0.995480
1.000000
1.000000
0.997932
0.999889
0.253097
0.000000
0.317750
0.850180
0.211559
0.115511
0.920003
0.000000
0.796347
0.193685
0.995192
0.990141
0.998181
0.767291
1.000000
1.000000
0.722215
0.390777
0.253251
1.000000
0.784102
0.714211
0.107061
0.970076
0.586331
0.502193
0.000000
0.971682
0.000000
0.999983
0.514409
0.987881
0.000000
0.954127
0.099993
0.000000
0.416902
0.997986
0.148840
0.995128
0.728700
0.999937
1.000000
0.918981
0.999875
0.224565
0.192694
0.654146
1.000000
0.138773
0.950179
0.988092
0.000000
0.024226
0.999998
1.000000
0.934314
0.700518
0.000000
0.994685
1.000000
1.000000
1.000000
0.883275
0.590194
0.250426
0.772190
0.904345
1.000000
1.000000
0.962225
1.000000
0.157858
0.999994
0.999969
0.545643
0.999854
0.750995
1.000000
0.200533
1.000000
0.968439
0.258225
0.108984
0.000000
0.825423
0.065057
0.434322
0.715263
0.985435
0.979997
0.101251
0.999692
0.164797
0.998427
0.966245
0.332683
0.995042
0.104855
0.027716
0.580489
0.571751
0.999996
0.000000
0.000000
0.336203
1.000000
0.327094
0.000000
0.267277
0.115056
1.000000
0.000000
0.501896
0.997151
0.391244
0.999742
1.000000
0.399766
0.999816
0.021862
0.944099
1.000000
0.999999
0.000000
0.348026
0.974258
0.000000
0.000000
0.434962
0.999999
0.999999
0.424846
0.903400
0.000000
0.510717
0.887108
0.636105
0.202457
1.000000
0.396126
0.933000
0.719057
0.999586
0.000000
0.999997
0.619616
0.764755
0.875180
0.517909
0.000000
0.711124
0.765172
0.756493
0.999983
1.000000
0.977060
0.976278
0.964464
0.941504
0.231740
1.000000
0.883609
0.777875
0.099095
0.935451
0.000000
0.000000
0.811760
0.847619
0.218584
0.978879
0.871463
0.974373
0.323403
0.997461
0.973545
0.908242
0.898686
0.000000
0.984313
0.000000
0.999327
0.863507
0.058350
0.917683
0.725610
0.718520
0.761668
0.455520
0.996527
1.000000
0.973944
0.000000
0.983135
0.983196
0.884839
0.398566
0.882499
1.000000
0.692600
0.995527
0.000000
0.999259
0.072111
0.706724
0.999879
0.976612
0.761900
0.476440
0.999994
0.143392
1.000000
0.809385
0.999148
1.000000
0.996946
0.756725
0.825243
0.290278
0.971598
0.777756
0.154908
0.575072
0.999998
0.456217
0.999901
0.986505
0.070133
0.488257
0.203155
0.949630
0.817468
0.503206
0.000000
0.999870
1.000000
0.383930
1.000000
0.806963
0.467222
0.999964
0.630357
0.801170
0.999626
0.112670
0.921479
0.999976
0.682791
0.998895
1.000000
0.999520
0.999989
0.000000
0.254281
0.752432
0.976895
0.582535
0.972155
0.000000
0.122324
0.940939
0.859613
1.000000
0.367802
0.000000
0.231969
0.945178
0.993540
1.000000
0.513511
0.816080
0.818251
0.442726
0.455445
0.944914
0.999977
0.744469
1.000000
0.008204
0.224146
0.852824
0.177813
0.354228
0.117377
0.970871
0.360036
0.288542
0.170540
1.000000
0.409799
0.684738
0.945500
0.746332
0.178200
0.995147
0.600715
0.121271
0.633966
0.987572
0.313313
0.600530
0.000000
0.995418
0.000000
0.000000
0.428477
0.132419
0.419321
1.000000
0.577663
0.268281
1.000000
0.971434
0.055370
0.979618
0.994253
0.992125
0.554258
0.000000
0.959845
0.241609
0.074764
0.987252
0.899702
0.984827
0.202229
0.928867
0.146755
0.998485
0.853028
0.000000
0.965552
0.399870
0.999990
0.935572
0.964358
0.997438
1.000000
0.000000
0.996223
1.000000
0.948342
0.995571
0.233580
0.963413
0.000000
1.000000
0.200134
0.000000
0.000000
0.000000
0.993840
1.000000
0.845236
0.472553
0.085356
0.990835
0.169642
0.050340
0.980061
1.000000
1.000000
0.998793
0.334824
0.999876
0.000000
0.999760
0.875814
0.991778
0.336345
0.419154
0.992947
0.000000
0.521324
0.899621
0.000000
0.996548
0.611146
0.730222
0.939596
1.000000
0.991261
0.922981
0.453551
0.999848
0.342278
0.996184
0.593767
0.999701
0.857465
0.875882
0.670892
0.669533
0.999957
0.641985
0.577857
0.267413
0.140528
0.197105
0.891310
0.672754
0.927264
0.331600
0.596343
0.769716
0.934343
0.704217
0.000000
0.921103
0.000000
0.587262
0.826855
0.398184
0.579241
0.164201
0.999069
0.234970
0.769182
0.525154
0.988709
0.303210
0.193856
0.601399
0.099141
0.847845
0.477053
0.577491
0.000000
0.136952
0.869126
0.779330
0.595514
0.930478
0.770877
0.661530
0.000000
0.913842
0.881787
0.095925
0.954587
0.940090
0.842744
0.999974
0.084940
0.000000
0.469516
0.000000
0.085445
0.626224
0.750304
0.906152
1.000000
0.002443
1.000000
0.568019
0.769878
0.334753
0.999999
0.999988
0.689529
0.550194
0.956409
0.997575
0.826792
1.000000
0.661863
0.105374
0.850883
0.750279
0.373253
0.997242
0.455479
0.405767
0.353198
1.000000
0.895691
0.682173
0.034313
0.286939
0.744772
0.392386
1.000000
0.000000
0.944853
0.616088
0.984869
0.959062
0.999307
0.000000
0.309009
0.915406
0.227554
0.390152
0.999999
1.000000
0.772343
0.519030
0.336243
0.800467
0.672144
0.850407
0.999967
0.139012
0.524076
0.895367
1.000000
0.975006
0.960373
0.800647
0.270399
0.431075
0.850246
0.137009
0.352442
0.981992
0.000000
0.548383
0.889972
0.996569
0.497382
0.000000
0.986848
0.894067
0.036901
0.514575
0.992916
0.510181
0.829306
0.999338
0.995212
0.570216
0.964735
0.342272
0.542539
0.072200
1.000000
1.000000
0.388545
0.405920
1.000000
0.999999
0.999997
0.858083
1.000000
0.991941
0.152534
0.907534
0.999390
0.803161
0.028547
0.999959
0.995043
0.403295
0.804039
0.999752
0.225673
0.108558
0.383271
1.000000
0.000000
0.076165
0.346790
1.000000
0.817002
1.000000
0.000000
0.000000
0.618812
1.000000
1.000000
0.274840
0.479348
0.999996
0.334982
0.133139
1.000000
0.878150
0.760697
0.084733
0.461217
0.977148
0.614034
0.783103
0.051711
0.911291
1.000000
0.745740
0.997545
0.989111
0.636788
0.273096
0.683707
0.518079
0.895009
0.245537
0.182395
0.574317
0.951982
0.965800
0.998299
0.000000
0.987613
0.980711
0.862958
0.998514
0.993558
1.000000
0.997042
0.572096
0.999995
0.994191
0.729351
0.309848
0.669182
1.000000
0.284649
0.000000
0.313676
0.000000
0.714216
0.997724
0.951011
0.330187
0.985534
0.983099
0.996398
0.502551
0.999998
0.961188
0.359563
0.987138
1.000000
0.336656
0.989290
0.963218
0.168194
0.995848
0.000000
0.968382
0.432349
0.930122
0.997542
0.996492
0.828676
0.957244
0.485582
0.000000
1.000000
1.000000
0.676415
0.928217
0.884548
0.360029
0.794504
0.999598
0.334185
0.967332
0.813906
0.982580
0.679295
0.963600
0.905287
0.985737
0.999994
0.039599
1.000000
0.935052
0.951749
1.000000
0.374102
1.000000
0.953877
0.099887
0.995315
0.968284
0.000000
0.972632
0.532166
0.194223
0.865453
1.000000
0.408336
0.129826
0.169278
0.093289
0.696025
0.749559
0.639336
0.398566
0.756811
0.840805
0.656451
0.585409
0.367257
0.835025
0.000000
1.000000
0.143462
0.927187
0.089343
0.211202
0.991409
0.402806
0.999996
0.975411
0.749021
0.880299
0.000000
0.944585
0.995432
0.980787
0.898223
0.798144
0.222710
0.999676
0.957833
0.090593
0.999779
0.999813
0.142103
0.561077
0.801071
0.990873
0.000000
0.000000
0.857108
0.675553
0.889234
0.125335
0.628377
0.996724
1.000000
0.000000
0.930264
0.999190
0.408063
0.891224
0.195179
0.991334
0.255513
1.000000
0.440665
0.065148
0.989914
0.491345
0.108529
0.996919
0.109765
0.108723
0.899342
0.000149
0.000000
0.791701
0.884799
0.788947
1.000000
0.907757
0.995860
0.000000
0.999444
0.345108
0.000000
0.981020
0.583621
0.040371
0.094537
0.994481
0.999994
0.998546
1.000000
1.000000
0.998955
0.000000
0.296507
0.302569
0.697435
0.558610
0.276715
0.610731
0.588393
0.943750
0.226454
0.999781
1.000000
0.921135
0.725639
0.805195
1.000000
0.594662
0.515760
0.995778
0.929434
0.894356
0.748516
0.450633
0.990640
0.999970
0.000000
0.999758
0.000000
0.999998
0.192992
0.999391
0.073679
0.477157
0.000000
1.000000
0.404645
0.865425
0.936219
1.000000
0.398892
0.000000
0.999703
0.190197
0.778322
0.000000
0.868625
0.419213
0.391450
1.000000
0.000000
0.997168
0.000000
0.423033
0.000000
0.961944
0.999837
0.992968
0.960759
0.611181
1.000000
0.971506
0.947624
0.571473
0.000000
0.415041
0.872919
0.932947
0.145585
0.611925
0.996867
0.935248
0.953989
0.000000
0.945683
0.000000
0.810630
0.965978
0.304507
0.000000
0.996041
0.201148
0.860305
0.777893
0.155843
0.990984
0.968599
0.999702
0.999999
0.999948
0.870165
0.999999
0.567587
0.001131
0.999951
0.891837
0.981337
0.999486
0.616066
0.276824
0.998889
0.000000
0.473900
0.000000
0.959302
0.982388
0.063526
0.000000
0.156540
0.000000
0.961356
1.000000
0.232088
0.030622
0.998418
0.999996
0.520235
0.217218
0.477727
0.999187
1.000000
1.000000
1.000000
0.994476
0.000000
0.824854
0.959838
0.756438
1.000000
0.336243
0.164435
0.173963
0.328620
0.999969
0.256275
0.997794
0.206653
0.000000
0.898957
1.000000
0.978647
1.000000
0.118173
0.215556
0.278388
0.409503
0.962269
0.649144
0.000000
0.999989
0.968745
0.524617
0.999910
1.000000
0.964286
0.125458
0.692124
0.397245
0.999427
0.546620
0.759912
0.207738
0.553265
0.125979
0.249633
0.539742
0.949494
0.960960
0.238395
0.670001
0.623100
0.986703
0.732664
0.000000
0.770523
0.457691
1.000000
0.124804
0.999918
0.685401
0.000000
0.988243
0.000000
1.000000
0.998234
1.000000
0.995334
1.000000
0.999375
0.968573
0.026782
0.141099
0.328483
0.924372
0.591828
0.920465
0.999484
0.769029
0.902591
0.397492
0.000000
0.993179
0.144694
0.660485
0.914883
0.976005
1.000000
0.594633
0.363274
1.000000
0.000000
0.994228
0.991556
0.950955
0.714963
0.043262
0.952696
0.999957
0.666698
0.212944
0.368216
0.000000
0.403988
0.999999
0.754361
0.425498
0.649956
0.999998
0.000000
1.000000
0.000000
0.000000
0.986372
0.483788
0.669067
0.481476
0.994429
0.790475
0.794046
0.000000
0.479960
0.739086
0.952704
0.000000
0.998245
0.000000
0.341010
0.549126
0.371797
0.437342
0.893770
0.066556
0.995948
0.447940
1.000000
0.820272
0.898487
0.022720
0.062318
0.999977
0.791184
0.887215
0.999995
0.753063
1.000000
0.997992
0.928283
0.575961
0.000000
0.999950
0.999918
0.931586
0.498588
0.875783
0.998842
1.000000
0.999111
0.971629
0.000000
0.335024
0.995405
0.952218
0.888794
0.971277
0.930631
0.724659
0.823364
0.992038
0.996722
0.000000
0.999997
0.546006
0.570888
0.999752
1.000000
0.999965
0.345236
0.999961
0.993549
0.266246
0.918392
1.000000
0.221561
0.947642
0.053025
1.000000
0.183629
0.934319
0.163107
0.051464
0.990479
0.999921
0.833263
0.000000
0.889458
1.000000
1.000000
0.991558
0.146617
0.466121
0.946622
0.784716
0.384376
0.637802
1.000000
0.179120
0.984958
0.000000
0.999140
0.995514
0.980935
0.097619
0.984822
0.000000
0.994310
0.330307
0.672422
0.999867
0.294487
1.000000
1.000000
0.217961
0.360470
0.078920
0.665010
0.959151
0.999993
0.829408
0.192712
0.865425
0.000000
0.939539
0.556882
0.000000
0.064842
0.999822
0.824005
0.382161
0.000000
0.348495
0.742252
0.618991
0.880423
0.984922
0.998915
0.228601
1.000000
0.990491
0.110771
0.869156
0.503124
0.576210
0.000000
0.999379
0.956712
0.137633
1.000000
0.710148
0.944210
0.262175
0.963373
0.929644
0.021444
0.013422
0.000000
0.137627
0.549044
0.987986
0.991535
0.697825
0.217062
0.393880
0.000000
0.617644
0.999959
1.000000
0.849452
0.079009
1.000000
0.967394
0.462061
0.903513
0.949408
0.498140
0.988823
0.967506
0.607047
0.995326
0.539173
0.977921
0.702072
1.000000
0.993318
0.787693
0.436884
0.756950
0.000000
0.999888
1.000000
0.000000
0.964910
0.999853
0.316781
0.000000
0.999161
0.994119
0.987167
1.000000
0.000000
0.000000
0.980397
0.944617
0.868424
0.507068
0.722975
0.175847
0.999921
0.974104
0.941288
0.000000
0.943505
0.995776
0.710177
0.996770
0.995520
0.844855
0.971078
0.699895
0.000000
0.912308
0.877489
0.000000
0.997252
0.000000
0.217379
0.000000
0.684122
1.000000
0.823709
0.135390
0.999994
0.992279
0.251407
0.998578
0.553800
0.274470
0.980870
0.131296
0.000000
0.903104
0.996086
0.520426
0.931357
0.424586
0.955770
0.105317
0.597367
1.000000
1.000000
0.996488
0.099988
0.999475
0.952718
0.000000
0.474066
0.747992
0.000000
0.795971
0.915830
0.984782
0.103843
0.123774
0.644029
0.684273
0.140834
0.332270
0.955852
0.999560
0.936653
0.988468
0.752248
1.000000
0.563094
0.809761
0.803019
0.972970
0.343156
0.997159
0.863302
0.915098
0.580224
0.800792
0.998528
0.885245
0.999594
0.745958
0.999881
0.155853
0.633816
0.866915
0.000000
0.000000
0.000000
0.000000
0.828349
0.000000
0.873048
0.473531
0.086694
0.932869
0.461660
0.342051
0.988678
0.737364
0.964094
0.611112
0.075688
0.985777
0.070401
0.964142
0.227869
0.811271
0.256179
0.704338
0.240593
0.000000
0.999653
0.696886
0.800189
0.999999
0.992421
0.402333
0.579306
0.378526
0.444340
0.765557
0.999877
0.708095
0.997368
0.000000
1.000000
0.594742
0.456996
0.000000
0.249358
0.898992
0.861683
0.000000
0.997233
0.932289
0.000000
0.000000
0.922511
0.330968
0.557059
1.000000
0.301440
0.821180
0.000000
0.997275
0.107973
0.995829
0.062275
0.981211
0.995903
0.153456
0.305489
0.797768
0.514162
0.905882
0.212683
0.412790
0.093289
0.099655
0.209380
0.752820
1.000000
0.781242
0.317804
1.000000
1.000000
0.154414
0.909277
0.711444
0.096879
0.999995
0.999511
0.538099
0.564346
0.955081
0.999926
0.999883
0.337403
0.964552
0.423491
0.790006
0.720029
0.565476
0.061286
0.851481
0.994160
0.866117
0.978637
0.636958
0.963442
0.819793
0.436768
0.380755
0.999995
0.198620
0.969784
0.064677
0.899453
1.000000
0.729566
1.000000
0.973980
