0.000000
0.029343
0.000000
0.000000
0.000000
0.000000
0.000000
0.005740
0.000000
0.006612
0.000000
0.000000
0.000000
0.000000
0.013899
0.705439
0.000000
0.000000
0.000000
0.000000
0.000000
0.000000
0.000000
0.000000
0.000000
0.001255
0.000000
0.000000
0.000000
0.000000
0.000000
0.000000
0.038138
0.000000
0.042083
0.000000
0.000000
0.000000
0.000000
0.000000
0.008395
0.000000
0.000000
0.000000
0.000000
0.000000
0.000891
0.096354
0.138535
0.004824
0.000000
0.000000
0.000000
0.014440
0.000000
0.000000
0.000000
0.000000
0.000000
0.000000
0.082348
0.000000
0.000000
0.033114
0.000000
0.000000
0.000000
0.000000
0.000000
0.000000
0.000000
0.642917
0.000000
0.000000
0.000000
0.015161
0.000000
0.003764
0.000000
0.000000
0.000000
0.000001
0.028004
0.000000
0.034458
0.000193
0.000000
0.208341
0.000000
0.000000
0.000000
0.136551
0.158095
0.000000
0.000000
0.000000
0.000000
0.000000
0.000000
0.050577
0.000000
0.627184
0.000000
0.000000
0.000000
0.000000
0.000000
0.020552
0.000000
0.008190
0.000000
0.000000
0.000000
0.164734
0.000000
0.000000
0.000000
0.000000
0.000000
0.000000
0.011570
0.000000
0.000000
0.000000
0.000000
0.167842
0.000000
0.000000
0.000000
0.000000
0.000000
0.000000
0.000000
0.008510
0.000000
0.000000
0.000000
0.017600
0.000315
0.000000
0.000000
0.000000
0.000000
0.529094
0.000000
0.000000
0.000000
0.000000
0.010526
0.000000
0.000000
0.000000
0.000360
0.000000
0.003582
0.000000
0.000120
0.000000
0.000000
0.000000
0.028189
0.000000
0.000000
0.000000
0.010026
0.000000
0.015954
0.000000
0.000000
0.854016
0.000000
0.001323
0.000000
0.000000
0.000000
0.011035
0.057149
0.000000
0.000000
0.000000
0.000000
0.000000
0.012932
0.000068
0.255778
0.000000
0.000000
0.000470
0.000000
0.000000
0.000000
0.000000
0.000000
0.000022
0.000000
0.000000
0.000000
0.000000
0.000057
0.000000
0.000000
0.000000
0.000000
0.000000
0.000003
0.000000
0.000000
0.000000
0.000000
0.000000
0.000000
0.000000
0.014670
0.000000
0.000000
0.000000
0.000000
0.017707
0.032011
0.000000
0.009525
0.000767
0.000000
0.000000
0.000000
0.085654
0.000000
0.675890
0.017881
0.013419
0.000000
0.000000
0.000000
0.000000
0.000000
0.917911
0.000000
0.000000
0.000000
0.000000
0.000000
0.000000
0.000000
0.000000
0.000000
0.038241
0.000000
0.000000
0.010545
0.000000
0.000000
0.000000
0.000000
0.000000
0.000000
0.000000
0.000000
0.000000
0.000000
0.000000
0.000000
0.000000
0.000000
0.000000
0.000000
0.000000
0.000000
0.013389
0.000000
0.000000
0.011274
0.000000
0.000000
0.153581
0.000000
0.000000
0.000000
0.000000
0.000000
0.000000
0.000000
0.000138
0.000000
0.000101
0.010209
0.000000
0.000000
0.000000
0.000000
0.000000
0.000019
0.000000
0.000000
0.000000
0.000000
0.000000
0.000000
0.000000
0.000000
0.000000
0.000315
0.000000
0.000000
0.085987
0.000000
0.002460
0.000000
0.089895
0.000000
0.000000
0.000000
0.000000
0.000000
0.000000
0.000378
0.277423
0.018716
0.000000
0.329681
0.000000
0.001749
0.000000
0.000000
0.000000
0.000000
0.000000
0.000000
0.000000
0.000000
0.000000
0.026784
0.000000
0.008191
0.000000
0.000000
0.000000
0.002123
0.000000
0.000000
0.000000
0.019035
0.064405
0.000000
0.000000
0.004306
0.000000
0.000000
0.000000
0.000052
0.000000
0.000000
0.000185
0.042871
0.099119
0.000000
0.002707
0.000000
0.000000
0.000000
0.000000
0.000000
0.000000
0.024292
0.001092
0.000000
0.000000
0.000000
0.000000
0.000000
0.000000
0.000000
0.118050
0.000000
0.000000
0.000000
0.000007
0.000000
0.000000
0.000000
0.000000
0.000041
0.000000
0.000000
0.000000
0.000000
0.289144
0.000000
0.000000
0.000000
0.000000
0.020380
0.000000
0.000000
0.000000
0.000000
0.046859
0.000000
0.034474
0.005771
0.000000
0.000000
0.000000
0.000000
0.003660
0.000000
0.000000
0.000000
0.000000
0.000000
0.000000
0.000000
0.000000
0.000000
0.000237
0.156532
0.000000
0.014235
0.000126
0.000000
0.117260
0.000000
0.000000
0.000000
0.000931
0.001334
0.000000
0.000000
0.000156
0.000000
0.000000
0.000000
0.000039
0.000000
0.000000
0.000000
0.000000
0.000000
0.000000
0.000000
0.371554
0.000000
0.000329
0.000000
0.000000
0.003034
0.000000
0.000000
0.099166
0.000000
0.000358
0.000000
0.000000
0.000551
0.002846
0.010811
0.000003
0.000000
0.000000
0.019058
0.000000
0.000000
0.000000
0.000000
0.000769
0.000000
0.000189
0.000000
0.000000
0.000000
0.003858
0.000000
0.019514
0.000038
0.000000
0.000000
0.242405
0.794202
0.000000
0.000000
0.000083
0.000000
0.000000
0.013184
0.000000
0.000000
0.272775
0.000000
0.011723
0.000000
0.000000
0.000000
0.004898
0.000000
0.001371
0.001538
0.000000
0.000000
0.000000
0.000000
0.000000
0.000000
0.000000
0.160254
0.003667
0.029314
0.000000
0.000000
0.000000
0.000189
0.208990
0.000000
0.000000
0.000000
0.000003
0.000000
0.000000
0.000000
0.000000
0.000000
0.000000
0.004233
0.172989
0.000000
0.000000
0.000000
0.000068
0.014929
0.000000
0.000000
0.000000
0.000000
0.000000
0.000000
0.000000
0.000000
0.000000
0.000000
0.000000
0.000000
0.000000
0.000000
0.001402
0.000000
0.000000
0.000000
0.000000
0.000000
0.000000
0.000000
0.046442
0.000000
0.154909
0.000000
0.000000
0.000000
0.058241
0.048625
0.000000
0.000000
0.000000
0.000000
0.000000
0.000380
0.000000
0.000000
0.000000
0.000000
0.000000
0.000000
0.009823
0.000000
0.000000
0.000000
0.000000
0.000000
0.000000
0.000000
0.000000
0.149732
0.000000
0.000000
0.000000
0.849069
0.000000
0.000000
0.000000
0.000000
0.000000
0.000000
0.000000
0.000000
0.002060
0.000000
0.002427
0.000000
0.396581
0.000000
0.000000
0.000000
0.000000
0.000000
0.000000
0.000000
0.005490
0.000000
0.000000
0.000000
0.000000
0.000082
0.040298
0.258334
0.155289
0.000000
0.000000
0.000000
0.000804
0.000000
0.000000
0.000000
0.000000
0.831342
0.000000
0.000000
0.024738
0.000000
0.089834
0.005575
0.271761
0.000000
0.000000
0.018506
0.000000
0.000000
0.000000
0.000000
0.000000
0.000000
0.003031
0.000000
0.000000
0.002541
0.002263
0.191101
0.032329
0.000000
0.000000
0.000000
0.000000
0.000000
0.000000
0.000000
0.000000
0.000000
0.000000
0.000000
0.000000
0.385298
0.000000
0.000000
0.000000
0.000000
0.000000
0.011872
0.002737
0.000000
0.000000
0.000000
0.000000
0.000000
0.000000
0.014064
0.000000
0.000000
0.000062
0.238441
0.038482
0.000000
0.000000
0.000000
0.000000
0.001253
0.000000
0.000000
0.006772
0.000012
0.027556
0.000000
0.000000
0.000000
0.000000
0.000000
0.000000
0.017684
0.000000
0.000000
0.144822
0.000000
0.000000
0.000000
0.000000
0.000000
0.000000
0.000006
0.000000
0.000000
0.000000
0.016890
0.000000
0.000000
0.000000
0.000000
0.000000
0.564585
0.000000
0.004225
0.000000
0.000000
0.000000
0.000000
0.000000
0.020992
0.000000
0.006874
0.000000
0.000000
0.012352
0.511560
0.000000
0.000000
0.000000
0.000000
0.000000
0.000000
0.000000
0.043042
0.000103
0.000000
0.010300
0.025854
0.000000
0.000000
0.192847
0.000000
0.000000
0.000000
0.000000
0.000000
0.000000
0.000000
0.000000
0.000000
0.000000
0.001253
0.000000
0.279285
0.000000
0.000000
0.000000
0.000000
0.000459
0.025407
0.000000
0.605200
0.000000
0.000000
0.000000
0.000000
0.000000
0.000000
0.000000
0.000188
0.000000
0.149071
0.000000
0.000000
0.000000
0.012283
0.000000
0.000000
0.000000
0.000000
0.000000
0.000000
0.000000
0.000050
0.015287
0.000000
0.000000
0.000000
0.008070
0.003348
0.000000
0.070954
0.000000
0.000000
0.000341
0.000528
0.000000
0.000000
0.000000
0.000000
0.000000
0.000000
0.612932
0.000000
0.044017
0.000000
0.000008
0.000000
0.000000
0.000000
0.000000
0.000000
0.000000
0.000000
0.000000
0.000000
0.000000
0.000000
0.000000
0.002140
0.000000
0.000000
0.000000
0.000000
0.000000
0.000000
0.000000
0.006524
0.000000
0.000000
0.000000
0.000000
0.000000
0.000001
0.000000
0.000000
0.000000
0.000000
0.000000
0.000000
0.014003
0.000000
0.000000
0.000000
0.000000
0.002695
0.000000
0.000000
0.000000
0.130299
0.000000
0.000000
0.000000
0.000000
0.000000
0.000000
0.000000
0.000000
0.000000
0.000000
0.000000
0.000000
0.000000
0.000000
0.071000
0.274381
0.000000
0.000000
0.000000
0.000000
0.000000
0.000000
0.000000
0.000000
0.000000
0.000000
0.000000
0.000000
0.000000
0.000205
0.000000
0.000000
0.000000
0.000000
0.000000
0.000000
0.000000
0.000000
0.000000
0.272995
0.000000
0.001765
0.402960
0.000108
0.000000
0.059586
0.041602
0.000000
0.000000
0.000000
0.237393
0.022552
0.000000
0.000000
0.887153
0.000000
0.120661
0.045034
0.005364
0.000000
0.000000
0.000000
0.000000
0.000000
0.157198
0.000000
0.000000
0.000000
0.000000
0.003595
0.143254
0.000000
0.787449
0.000000
0.000000
0.000000
0.000509
0.000000
0.005527
0.000000
0.000000
0.000000
0.000000
0.000000
0.000000
0.000000
0.000000
0.000000
0.000000
0.000000
0.000000
0.000000
0.000000
0.000350
0.000000
0.000000
0.000000
0.000000
0.000830
0.000000
0.019882
0.000000
0.000000
0.000000
0.000000
0.000000
0.016928
0.087366
0.003020
0.000000
0.028959
0.000000
0.000000
0.000000
0.000000
0.000000
0.000000
0.000000
0.000000
0.000000
0.000992
0.000000
0.000000
0.000002
0.000000
0.025899
0.061761
0.000000
0.000000
0.000000
0.202907
0.000070
0.000175
0.239345
0.000000
0.000000
0.000000
0.000000
0.000000
0.000061
0.000000
0.000000
0.000000
0.000000
0.000000
0.000000
0.000006
0.000000
0.000000
0.000000
0.000000
0.008392
0.000000
0.018020
0.000000
0.000000
0.000000
0.000000
0.000000
0.000000
0.035339
0.003057
0.000000
0.000251
0.000000
0.016014
0.000000
0.000000
0.000000
0.000000
0.000000
0.002858
0.554979
0.000000
0.030842
0.016542
0.000038
0.000000
0.000000
0.000544
0.000000
0.000000
0.000000
0.000717
0.000000
0.000000
0.000000
0.000000
0.000000
0.000000
0.024237
0.000000
0.000000
0.000000
0.000000
0.000000
0.153145
0.000000
0.000000
0.000000
0.000000
0.000000
0.000000
0.000000
0.000000
0.000000
0.002217
0.007319
0.000000
0.000000
0.000598
0.000000
0.000000
0.000000
0.000000
0.087853
0.000224
0.296427
0.000000
0.004748
0.000000
0.000000
0.018156
0.000000
0.000000
0.000000
0.000000
0.000000
0.000000
0.000000
0.000000
0.000707
0.000148
0.000000
0.000000
0.000000
0.000000
0.000025
0.000000
0.000000
0.000000
0.000000
0.000000
0.000000
0.036098
0.000000
0.000000
0.000000
0.000000
0.003265
0.000000
0.206397
0.000000
0.000976
0.000000
0.000000
0.000000
0.000000
0.000000
0.000000
0.000000
0.005973
0.009634
0.449020
0.000000
0.000000
0.000000
0.000000
0.000000
0.000000
0.001609
0.000000
0.002725
0.060503
0.000000
0.000000
0.000000
0.000091
0.000241
0.000000
0.000000
0.000000
0.000000
0.150367
0.000000
0.000000
0.000054
0.000000
0.011765
0.000000
0.079635
0.000000
0.002318
0.000000
0.000000
0.208078
0.000000
0.000000
0.000000
0.000000
0.000000
0.000000
0.011889
0.000000
0.000000
0.000000
0.000000
0.000000
0.003748
0.000000
0.000000
0.000000
0.000000
0.002865
0.000000
0.000000
0.000000
0.000000
0.000000
0.000000
0.000000
0.001036
0.000000
0.008964
0.000000
0.000000
0.085050
0.000000
0.000000
0.000000
0.000000
0.000000
0.000000
0.000221
0.000000
0.000000
0.000000
0.000000
0.000000
0.000000
0.000000
0.000000
0.000000
0.000000
0.006682
0.000000
0.002282
0.643030
0.000000
0.000000
0.000000
0.000000
0.000162
0.000000
0.000000
0.000000
0.000000
0.000000
0.000000
0.000000
0.000000
0.000000
0.082439
0.000000
0.002997
0.000000
0.000000
0.000000
0.000000
0.000000
0.335036
0.000000
0.000000
0.000000
0.000000
0.000000
0.000000
0.000000
0.003426
0.000000
0.000000
0.011802
0.000466
0.000000
0.000688
0.000000
0.000000
0.000000
0.000000
0.000000
0.000000
0.027569
0.169819
0.000000
0.000000
0.000000
0.173951
0.000000
0.000000
0.000000
0.000000
0.000000
0.000548
0.000000
0.000000
0.000000
0.000000
0.000000
0.000000
0.000000
0.000000
0.000000
0.000000
0.000000
0.247004
0.000000
0.000000
0.000000
0.000000
0.000000
0.000000
0.000000
0.000000
0.000000
0.000155
0.000301
0.000000
0.004292
0.000000
0.017726
0.000000
0.487230
0.000000
0.000000
0.000000
0.000000
0.000000
0.000000
0.000000
0.000000
0.000000
0.000000
0.000000
0.000728
0.000000
0.038192
0.689296
0.009996
0.000000
0.000000
0.000000
0.000010
0.000000
0.000000
0.000000
0.070740
0.000000
0.000000
0.000000
0.000017
0.007191
0.000000
0.000000
0.000000
0.046374
0.004779
0.000000
0.000000
0.008072
0.000000
0.000000
0.688927
0.000000
0.000000
0.000000
0.000000
0.000000
0.000000
0.000000
0.017332
0.128049
0.377246
0.000000
0.000000
0.000000
0.000000
0.000000
0.000658
0.000000
0.089504
0.000000
0.000000
0.068292
0.000000
0.000663
0.053166
0.000000
0.019270
0.000000
0.000000
0.000000
0.000000
0.000000
0.000000
0.000002
0.000000
0.000000
0.000000
0.000000
0.000000
0.000000
0.000000
0.000000
0.000094
0.000000
0.000000
0.000000
0.000000
0.000000
0.000357
0.000000
0.000000
0.734614
0.999741
0.000000
0.000000
0.000000
0.000000
0.000000
0.034334
0.000000
0.000000
0.000000
0.078233
0.000000
0.000000
0.000399
0.001602
0.000000
0.000000
0.000000
0.000000
0.000000
0.000372
0.000000
0.002892
0.000000
0.000000
0.000377
0.000000
0.343700
0.000000
0.000000
0.000000
0.000000
0.000000
0.000000
0.000000
0.000000
0.000000
0.000029
0.000000
0.000000
0.000000
0.000000
0.000000
0.000000
0.000000
0.093708
0.000000
0.000000
0.000000
0.022547
0.000000
0.000000
0.000000
0.000000
0.000000
0.000000
0.197137
0.000000
0.000000
0.000000
0.000000
0.000000
0.000000
0.000004
0.023815
0.120743
0.000000
0.000000
0.001667
0.000000
0.005643
0.000000
0.000000
0.000000
0.012077
0.000000
0.000000
0.000000
0.000000
0.000000
0.002660
0.000000
0.000000
0.000003
0.000000
0.005283
0.000000
0.000363
0.003195
0.000000
0.000000
0.000000
0.000000
0.000178
0.014841
0.000125
0.000000
0.000291
0.000000
0.000000
0.000000
0.000000
0.000002
0.000000
0.000000
0.000000
0.000000
0.000000
0.000000
0.000000
0.010805
0.005042
0.000000
0.000000
0.000000
0.022863
0.000000
0.289144
0.000000
0.000000
0.000000
0.017789
0.000000
0.000000
0.000000
0.000000
0.000000
0.000000
0.000000
0.000000
0.000000
0.388917
0.000000
0.000000
0.000000
0.013989
0.000000
0.000000
0.000000
0.000000
0.000000
0.000000
0.000000
0.134429
0.000000
0.000000
0.000000
0.000434
0.026868
0.000000
0.000000
0.000000
0.000000
0.000000
0.016035
0.000000
0.000000
0.000000
0.000000
0.000000
0.012078
0.070472
0.019218
0.000000
0.000000
0.000000
0.015642
0.000000
0.000000
0.000000
0.000000
0.000000
0.000000
0.000000
0.000000
0.000000
0.000525
0.000000
0.000000
0.000000
0.000000
0.000000
0.000000
0.000000
0.000000
0.000000
0.000000
0.000000
0.000000
0.000000
0.000000
0.000000
0.000000
0.000148
0.000000
0.000000
0.000000
0.151532
0.000000
0.000000
0.000316
0.000260
0.000000
0.145824
0.000000
0.000000
0.000000
0.000000
0.000000
0.000000
0.048537
0.000000
0.000000
0.000000
0.000000
0.009661
0.000000
0.000000
0.000000
0.000000
0.000000
0.000000
0.000823
0.000000
0.000000
0.000000
0.000000
0.000000
0.000427
0.000000
0.000000
0.000000
0.000000
0.000000
0.000101
0.000000
0.167006
0.000000
0.016314
0.000000
0.000000
0.306666
0.000000
0.000000
0.000000
0.260170
0.000000
0.000000
0.000000
0.000000
0.000000
0.000000
0.000000
0.000000
0.000000
0.000000
0.000000
0.173984
0.000000
0.000000
0.000000
0.000000
0.000000
0.012920
0.000000
0.070631
0.063935
0.021082
0.000000
0.000000
0.000000
0.008928
0.075230
0.230902
0.000005
0.000000
0.000000
0.013216
0.095570
0.000000
0.000000
0.000000
0.000000
0.000000
0.000000
0.016622
0.000000
0.143112
0.000000
0.016887
0.000000
0.000000
0.050576
0.000000
0.000000
0.000000
0.000000
0.000000
0.000000
0.000000
0.000000
0.000000
0.000176
0.000000
0.000000
0.000000
0.000000
0.000000
0.000000
0.000000
0.000022
0.000000
0.000000
0.000000
0.000000
0.000000
0.000000
0.000000
0.000000
0.000000
0.000000
0.000000
0.041456
0.000000
0.000000
0.000001
0.000000
0.000000
0.000000
0.000000
0.000000
0.011412
0.000017
0.000000
0.000000
0.000000
0.000000
0.000000
0.000000
0.001137
0.000000
0.000000
0.000000
0.000000
0.007678
0.000000
0.027313
0.000000
0.000000
0.000000
0.051587
0.000000
0.000000
0.000000
0.000000
0.000000
0.000000
0.000000
0.058511
0.001088
0.000000
0.000000
0.000000
0.000000
0.000000
0.000000
0.000000
0.000000
0.000000
0.000000
0.027902
0.005171
0.000000
0.020042
0.000000
0.000000
0.002947
0.000000
0.000000
0.000000
0.000849
0.000000
0.007425
0.000000
0.245809
0.907440
0.000000
0.000000
0.000000
0.000000
0.000002
0.000000
0.000000
0.000039
0.001380
0.000652
0.000000
0.000000
0.032100
0.027045
0.000000
0.000000
0.000000
0.000000
0.066003
0.000000
0.000000
0.000000
0.000000
0.000000
0.680949
0.000000
0.000103
0.000000
0.000000
0.000000
0.000000
0.000000
0.000000
0.000000
0.000000
0.002963
0.000000
0.000000
0.000000
0.000000
0.000000
0.000000
0.000000
0.000000
0.000000
0.000000
0.002301
0.000000
0.000000
0.000000
0.000000
0.000000
0.873277
0.000000
0.000000
0.000000
0.000000
0.000000
0.000000
0.000000
0.000000
0.000000
0.006324
0.000000
0.000000
0.000000
0.003799
0.000000
0.000000
0.397984
0.000000
0.000000
0.000000
0.192511
0.004564
0.000000
0.116565
0.000000
0.000000
0.000000
0.000000
0.000000
0.000000
0.000000
0.000000
0.000000
0.000000
0.000000
0.532710
0.000000
0.004458
0.010497
0.000322
0.000000
0.474163
0.000000
0.000000
0.000000
0.000000
0.000000
0.000000
0.000000
0.000000
0.000000
0.339279
0.002435
0.000000
0.000000
0.054470
0.000000
0.062529
0.000000
0.005896
0.005325
0.000000
0.000000
0.000000
0.000131
0.000000
0.000000
0.000000
0.000000
0.000000
0.006701
0.000000
0.000000
0.010464
0.000000
0.000000
0.024824
0.000000
0.010782
0.000000
0.000000
0.000000
0.000000
0.000000
0.000000
0.000000
0.000000
0.000000
0.000000
0.057943
0.000000
0.000000
0.000000
0.025813
0.000000
0.001664
0.000000
0.000000
0.000000
0.000000
0.791065
0.000000
0.000000
0.000000
0.014121
0.000000
0.000000
0.000000
0.000000
0.496071
0.000000
0.000000
0.342228
0.000000
0.000000
0.000000
0.000000
0.000000
0.000000
0.014171
0.000000
0.000000
0.000000
0.000000
0.000000
0.000000
0.000000
0.000000
0.000000
0.010657
0.000000
0.000000
0.000000
0.000000
0.007040
0.000000
0.000000
0.000000
0.000000
0.001809
0.000000
0.000000
0.017844
0.000000
0.000000
0.000000
0.462092
0.000000
0.000000
0.008491
0.000006
0.000000
0.000000
0.000000
0.000005
0.050268
0.000116
0.000034
0.518109
0.043642
0.845119
0.013167
0.000000
0.003916
0.000000
0.000094
0.000000
0.000000
0.000000
0.000000
0.000000
0.000000
0.004648
0.000000
0.000000
0.007812
0.000000
0.000000
0.000000
0.000000
0.000000
0.000000
0.000000
0.009505
0.000000
0.010998
0.000000
0.000000
0.000000
0.010701
0.000000
0.000000
0.003594
0.000000
0.000000
0.000000
0.000000
0.000000
0.000000
0.000000
0.000000
0.000000
0.000000
0.000000
0.000000
0.000000
0.000000
0.006190
0.000000
0.002198
0.000000
0.000000
0.000000
0.000000
0.000423
0.000000
0.000000
0.000000
0.000000
0.000000
0.063934
0.000000
0.000000
0.000000
0.000000
0.000000
0.000000
0.054168
0.000000
0.000000
0.333705
0.000000
0.000000
0.000000
0.000000
0.000000
0.000000
0.000000
0.000000
0.000000
0.000000
0.000000
0.003583
0.000000
0.000000
0.027865
0.000000
0.000000
0.000000
0.000000
0.000000
0.000000
0.052514
0.018950
0.000901
0.000000
0.000000
0.001378
0.000001
0.000000
0.000000
0.000000
0.000000
0.000000
0.000000
0.027233
0.000000
0.000708
0.000000
0.000000
0.000000
0.000000
0.000000
0.000000
0.056714
0.451084
0.000000
0.000000
0.029615
0.000000
0.000000
0.000000
0.000000
0.000000
0.000038
0.029953
0.015566
0.000000
0.000000
0.000000
0.005301
0.000000
0.000000
0.000000
0.003553
0.933126
0.000000
0.000409
0.000000
0.000065
0.000000
0.000381
0.000000
0.000000
0.000000
0.000000
0.000000
0.000000
0.000000
0.000000
0.000000
0.000000
0.000000
0.098523
0.000000
0.000000
0.000000
0.000000
0.000000
0.000000
0.000000
0.000000
0.000000
0.000000
0.000000
0.007319
0.017507
0.000000
0.000000
0.000000
0.007648
0.000000
0.002146
0.000000
0.405259
0.000000
0.000000
0.000000
0.000000
0.000000
0.000000
0.000000
0.000000
0.081923
0.000000
0.000000
0.000122
0.000000
0.000000
0.002154
0.000000
0.000000
0.000000
0.000000
0.000000
0.000000
0.000000
0.000000
0.000000
0.000000
0.000000
0.000000
0.003968
0.004311
0.000000
0.000092
0.000000
0.000000
0.000000
0.001110
0.000000
0.006840
0.000000
0.000923
0.000000
0.187002
0.000000
0.000000
0.000000
0.000000
0.029840
0.000000
0.000000
0.000920
0.086419
0.000000
0.047071
0.000001
0.017484
0.000000
0.000000
0.000000
0.000000
0.000000
0.000000
0.164702
0.000000
0.000000
0.000000
0.073093
0.152759
0.000000
0.000000
0.000478
0.000000
0.008981
0.000000
0.000000
0.000000
0.934360
0.012128
0.000000
0.019514
0.316934
0.002067
0.000000
0.000000
0.000006
0.000000
0.000000
0.000000
0.015899
0.000000
0.177572
0.000000
0.001449
0.000000
0.000000
0.000000
0.000000
0.000000
0.000000
0.000749
0.000770
0.008768
0.000000
0.000000
0.000000
0.000000
0.000000
0.000371
0.000000
0.000000
0.000000
0.000000
0.000000
0.000000
0.000000
0.000000
0.000000
0.000000
0.000000
0.000000
0.000000
0.000000
0.000000
0.000000
0.000166
0.006356
0.000000
0.000136
0.000000
0.000000
0.000000
0.000000
0.000000
0.000000
0.000000
0.000000
0.000000
0.000000
0.000000
0.000452
0.999999
0.000000
0.000000
0.000000
0.000000
0.002323
0.000000
0.000000
0.000000
0.001418
0.000000
0.000000
0.000000
0.000000
0.208558
0.000094
0.000000
0.000000
0.000000
0.000000
0.000000
0.000000
0.104764
0.000000
0.000000
0.000000
0.000000
0.000000
0.191985
0.000000
0.000000
0.000000
0.000000
0.000000
0.000189
0.000000
0.000000
0.000000
0.000000
0.000000
0.001528
0.059179
0.000000
0.289019
0.000000
0.003717
0.000000
0.000000
0.014894
0.089961
0.000000
0.000000
0.000000
0.000000
0.000000
0.000000
0.000000
0.000000
0.000000
0.000000
0.000000
0.000000
0.225077
0.000608
0.000000
0.000000
0.326206
0.018456
0.000000
0.000000
0.000000
0.000000
0.000000
0.000000
0.000000
0.000000
0.000000
0.000000
0.000000
0.000000
0.000000
0.000000
0.000000
0.000000
0.000000
0.000000
0.000000
0.000000
0.000000
0.000000
0.000000
0.000000
0.000000
0.000000
0.000000
0.000000
0.000000
0.000000
0.358719
0.000000
0.000000
0.000000
0.024293
0.250047
0.125546
0.000000
0.000000
0.000000
0.000000
0.000000
0.000147
0.377587
0.000000
0.000000
0.000000
0.004857
0.000000
0.248685
0.000000
0.000000
0.000000
0.000000
0.000000
0.003392
0.075879
0.000000
0.000000
0.000000
0.000000
0.102732
0.000000
0.000000
0.075857
0.000000
0.002375
0.000000
0.013792
0.000000
0.000000
0.000000
0.006525
0.000000
0.000000
0.000000
0.000000
0.000000
0.000000
0.083647
0.000701
0.000000
0.000000
0.000000
0.000000
0.000000
0.000000
0.000000
0.000000
0.000000
0.001540
0.019527
0.002362
0.000000
0.002078
0.000000
0.000000
0.002075
0.000000
0.000000
0.000024
0.000000
0.000000
0.000042
0.076957
0.000000
0.000000
0.000000
0.000000
0.002859
0.000000
0.001127
0.000000
0.000000
0.000000
0.000000
0.000000
0.000000
0.000000
0.000000
0.001099
0.000000
0.207459
0.000000
0.000000
0.000000
0.000000
0.000000
0.000000
0.000000
0.081628
0.000000
0.088586
0.000000
0.000000
0.000000
0.079625
0.028918
0.000000
0.001812
0.000001
0.000000
0.000000
0.630487
0.000000
0.000000
0.000000
0.000000
0.006559
0.103732
0.000881
0.000000
0.000000
0.000000
0.000000
0.000000
0.030531
0.000000
0.004918
0.000000
0.018708
0.000000
0.000000
0.001902
0.159612
0.000000
0.009915
0.000000
0.000000
0.000000
0.000000
0.000000
0.022347
0.000000
0.117281
0.000000
0.000180
0.000000
0.000000
0.000000
0.000000
0.000000
0.000192
0.000000
0.006000
0.001200
0.001705
0.000000
0.000000
0.000000
0.000000
0.000000
0.000000
0.000000
0.000000
0.000000
0.082659
0.000000
0.004521
0.000000
0.000000
0.000000
0.000000
0.000000
0.000000
0.000000
0.100519
0.000000
0.041303
0.000000
0.000000
0.000000
0.002241
0.000000
0.000000
0.000000
0.013730
0.490034
0.016705
0.043036
0.000000
0.000000
0.000000
0.000000
0.003530
0.000000
0.000000
0.000000
0.001081
0.000000
0.000000
0.000000
0.878460
0.000000
0.000534
0.016995
0.000000
0.000000
0.000000
0.000000
0.000000
0.000000
0.018232
0.153470
0.520009
0.013210
0.000000
0.000000
0.000000
0.000000
0.000290
0.000000
0.000000
0.000204
0.000000
0.000000
0.000000
0.003535
0.000000
0.000000
0.055892
0.000000
0.000000
0.000000
0.045052
0.060906
0.000000
0.000000
0.000000
0.000000
0.000000
0.000000
0.000000
0.000000
0.000000
0.013891
0.000000
0.000000
0.000000
0.000000
0.000000
0.000000
0.000000
0.000000
0.000000
0.000000
0.000000
0.005914
0.000000
0.000000
0.000000
0.003443
0.384719
0.000000
0.000000
0.000000
0.000000
0.000000
0.000000
0.122046
0.000000
0.000000
0.000000
0.098977
0.035725
0.000000
0.000328
0.000000
0.022548
0.051677
0.036954
0.000000
0.000000
0.000000
0.000043
0.000000
0.000002
0.000000
0.000000
0.000000
0.000000
0.000000
0.011363
0.000000
0.048430
0.000000
0.000000
0.000000
0.035557
0.055858
0.001994
0.000013
0.000000
0.000000
0.000000
0.129094
0.000000
0.000001
0.000000
0.000007
0.000000
0.228913
0.000000
0.000000
0.000000
0.000000
0.000000
0.036943
0.000000
0.418342
0.000000
0.000000
0.000000
0.000000
0.837804
0.000000
0.001027
0.000000
0.000000
0.000000
0.000000
0.000000
0.000000
0.000000
0.019984
0.000000
0.996480
0.000000
0.000000
0.000000
0.000000
0.000000
0.000000
0.000000
0.000000
0.000000
0.296398
0.000000
0.000000
0.015771
0.000000
0.000000
0.000000
0.000000
0.000644
0.000000
0.000000
0.172342
0.000000
0.000000
0.185919
0.000000
0.000000
0.000000
0.001627
0.000000
0.000000
0.000000
0.037979
0.000000
0.720909
0.000120
0.000000
0.000000
0.000000
0.000000
0.488597
0.000000
0.254912
0.000000
0.000000
0.000000
0.668004
0.000235
0.000000
0.000000
0.117621
0.000000
0.000000
0.000000
0.000000
0.000000
0.022289
0.000000
0.000000
0.000000
0.000420
0.170300
0.000000
0.000000
0.000000
0.000000
0.003890
0.000000
0.011962
0.000000
0.035289
0.007839
0.000000
0.000323
0.000797
0.000000
0.000000
0.000000
0.000000
0.000000
0.000000
0.000000
0.000000
0.000000
0.000710
0.000000
0.005496
0.000000
0.000000
0.001821
0.000000
0.000000
0.000000
0.000000
0.000000
0.000000
0.000045
0.000000
0.039663
0.000000
0.000000
0.000000
0.000000
0.000000
0.115772
0.000000
0.000000
0.000000
0.000000
0.000000
0.000000
0.000000
0.000000
0.000000
0.000000
0.000000
0.019398
0.000000
0.006251
0.000000
0.000000
0.000000
0.539423
0.040052
0.000000
0.000000
0.000000
0.014539
0.000000
0.000000
0.000000
0.000000
0.000000
0.012421
0.006371
0.000000
0.000000
0.000000
0.000000
0.000000
0.000000
0.000000
0.000000
0.000000
0.624487
0.000000
0.000000
0.000000
0.000000
0.000000
0.000000
0.093188
0.000000
0.000000
0.000000
0.000000
0.000000
0.000000
0.000000
0.000000
0.000086
0.000000
0.000000
0.000004
0.198224
0.000000
0.000000
0.004502
0.000000
0.000000
0.000000
0.000000
0.000000
0.000000
0.000179
0.000000
0.000000
0.000000
0.000000
0.000000
0.709229
0.000000
0.000000
0.000000
0.000000
0.000000
0.000000
0.001037
0.000000
0.000000
0.000000
0.000000
0.000000
0.029156
0.000000
0.000000
0.000035
0.000000
0.000221
0.000147
0.001083
0.000000
0.000000
0.000000
0.000000
0.002094
0.000000
0.020253
0.000000
0.000000
0.000000
0.055365
0.046345
0.000000
0.000000
0.000000
0.000000
0.000000
0.000000
0.000000
0.220735
0.000000
0.000000
0.000000
0.000000
0.000000
0.000000
0.000000
0.000000
0.147144
0.000000
0.000000
0.000000
0.000000
0.257459
0.000000
0.000000
0.000000
0.000000
0.003334
0.000126
0.000041
0.000000
0.000000
0.000000
0.000000
0.109670
0.531337
0.000000
0.025239
0.000000
0.114572
0.000000
0.000000
0.032697
0.000000
0.000000
0.818063
0.000000
0.257993
0.019469
0.000000
0.000000
0.000000
0.617758
0.000000
0.000000
0.035279
0.000000
0.000000
0.000000
0.000000
0.000000
0.016973
0.000000
0.000000
0.044982
0.000000
0.000000
0.002443
0.289918
0.000000
0.003358
0.705243
0.000000
0.000000
0.000000
0.000000
0.000000
0.000000
0.344369
0.000000
0.000000
0.017705
0.000000
0.000000
0.000000
0.014922
0.000000
0.000000
0.000000
0.000000
0.001787
0.000000
0.000000
0.000000
0.000000
0.000000
0.000000
0.000000
0.000000
0.000000
0.000000
0.000000
0.000000
0.000000
0.000000
0.000000
0.000000
0.000000
0.005582
0.000000
0.451031
0.079275
0.000000
0.000000
0.000000
0.000000
0.000688
0.000000
0.000000
0.001148
0.099036
0.000000
0.090638
0.000000
0.000000
0.000000
0.000000
0.000000
0.000000
0.000384
0.000000
0.403031
0.000000
0.000000
0.086936
0.000000
0.000000
0.000000
0.000000
0.000000
0.000000
0.000000
0.000000
0.000000
0.000000
0.000000
0.000000
0.000000
0.000000
0.000000
0.000000
0.000000
0.000000
0.000000
0.011918
0.000000
0.000000
0.034522
0.000000
0.000000
0.000000
0.000000
0.000000
0.000000
0.222064
0.346036
0.000000
0.752136
0.000000
0.000000
0.000000
0.000000
0.000000
0.000000
0.000000
0.000000
0.000000
0.000000
0.046818
0.000000
0.000000
0.999876
0.000000
0.000000
0.346738
0.000000
0.000000
0.000000
0.000000
0.000000
0.115491
0.000000
0.000000
0.000000
0.030561
0.000000
0.000000
0.000000
0.000000
0.000000
0.000000
0.000000
0.000000
0.000000
0.000000
0.000000
0.000000
0.000000
0.000000
0.000000
0.024198
0.000000
0.000000
0.000000
0.000000
0.000000
0.000000
0.000000
0.000000
0.000000
0.000000
0.000000
0.000000
0.000000
0.283883
0.000954
0.000000
0.000000
0.000034
0.000000
0.000000
0.000000
0.312454
0.000000
0.000000
0.000000
0.000000
0.000075
0.000000
0.000000
0.011462
0.000000
0.573254
0.007133
0.000058
0.000000
0.000000
0.129148
0.043194
0.007857
0.087777
0.062311
0.001068
0.005484
0.001246
0.000000
0.007985
0.000000
0.000855
0.000000
0.000000
0.000000
0.000000
0.000000
0.008389
0.000000
0.000000
0.000000
0.000000
0.000000
0.059911
0.125593
0.000001
0.000000
0.139870
0.016747
0.000000
0.000000
0.000000
0.818963
0.000000
0.000000
0.727617
0.000000
0.000000
0.000000
0.000000
0.000000
0.000000
0.218471
0.000591
0.000000
0.000000
0.003610
0.000227
0.000000
0.000000
0.000000
0.102059
0.000000
0.000000
0.000000
0.000000
0.000000
0.002986
0.000000
0.000000
0.014080
0.000000
0.000000
0.000000
0.000000
0.000000
0.000000
0.000254
0.905334
0.000000
0.000000
0.000000
0.000000
0.000000
0.000000
0.000000
0.000627
0.000000
0.000000
0.000000
0.000000
0.052946
0.000000
0.029465
0.000000
0.000000
0.000000
0.000000
0.000000
0.000000
0.000000
0.093822
0.000000
0.000000
0.009970
0.098182
0.000000
0.000000
0.000000
0.000668
0.000482
0.000000
0.000000
0.029937
0.000000
0.000000
0.000000
0.003861
0.000000
0.000000
0.000000
0.000000
0.000000
0.000000
0.000879
0.000000
0.000000
0.000000
0.000000
0.000000
0.000000
0.000000
0.000000
0.000000
0.000000
0.000000
0.037890
0.000000
0.000000
0.055594
0.000000
0.000000
0.146914
0.928329
0.000000
0.001405
0.000000
0.000000
0.000000
0.000000
0.000000
0.000000
0.000000
0.000000
0.000000
0.000000
0.000000
0.000000
0.048637
0.000000
0.000000
0.000000
0.000000
0.000000
0.088518
0.022311
0.000000
0.000000
0.000000
0.000000
0.000000
0.143152
0.000000
0.000000
0.000000
0.000000
0.000000
0.000000
0.000000
0.017198
0.000000
0.000000
0.000000
0.000000
0.000000
0.559568
0.022077
0.000000
0.000017
0.000000
0.000000
0.000000
0.000000
0.000000
0.000000
0.014095
0.000000
0.000000
0.000000
0.000000
0.000000
0.011349
0.000000
0.000000
0.000000
0.000000
0.000000
0.000000
0.000000
0.000000
0.000000
0.002321
0.006989
0.000000
0.000000
0.000000
0.000000
0.000234
0.002462
0.000000
0.001858
0.145668
0.005273
0.000000
0.000000
0.000000
0.000000
0.000000
0.000000
0.000000
0.000000
0.000000
0.000000
0.000000
0.000000
0.000106
0.000000
0.000000
0.000000
0.000000
0.212154
0.000000
0.000000
0.000000
0.000000
0.000683
0.000016
0.000632
0.131965
0.000000
0.000000
0.081057
0.019546
0.000000
0.005325
0.000000
0.000000
0.000000
0.000000
0.000000
0.000000
0.000000
0.000000
0.000000
0.000000
0.138734
0.000000
0.000000
0.692976
0.031479
0.017410
0.000004
0.000000
0.011808
0.000000
0.000000
0.128051
0.000000
0.180390
0.000000
0.000000
0.000000
0.000000
0.002157
0.000000
0.000319
0.554620
0.000000
0.000000
0.034075
0.000000
0.026466
0.000000
0.000000
0.000391
0.000000
0.000464
0.001087
0.000000
0.009158
0.000000
0.093668
0.055868
0.000000
0.681251
0.000001
0.009587
0.000000
0.000000
0.000000
0.000000
0.000000
0.000000
0.000000
0.000000
0.000000
0.000084
0.000000
0.000000
0.000000
0.000000
0.007996
0.000000
0.000000
0.000000
0.000000
0.000000
0.000000
0.000000
0.000000
0.000000
0.000000
0.000000
0.000000
0.000000
0.000719
0.000000
0.000000
0.000000
0.000000
0.000000
0.000000
0.002996
0.000000
0.000000
0.041204
0.000000
0.000000
0.000000
0.000000
0.000000
0.000000
0.000004
0.000000
0.000037
0.000000
0.012317
0.012500
0.000000
0.000000
0.000000
0.000000
0.000000
0.000000
0.050762
0.000000
0.000000
0.000000
0.031912
0.000000
0.000000
0.000000
0.049538
0.000670
0.000000
0.000000
0.000000
0.000000
0.000000
0.000238
0.000506
0.000000
0.000000
0.000000
0.000000
0.002185
0.000000
0.000000
0.000000
0.000000
0.000000
0.000000
0.001066
0.000000
0.012171
0.000000
0.000000
0.067700
0.000000
0.000000
0.083918
0.088741
0.000000
0.000000
0.000000
0.000000
0.000000
0.018759
0.034340
0.000000
0.000000
0.000000
0.000000
0.000000
0.000000
0.000000
0.000000
0.000754
0.000000
0.000000
0.000000
0.000000
0.000000
0.000000
0.000000
0.000000
0.000000
0.000003
0.000000
0.000000
0.000000
0.000000
0.000923
0.000000
0.013048
0.000285
0.000000
0.000000
0.000000
0.000000
0.000000
0.000000
0.002774
0.000000
0.000000
0.000000
0.000000
0.000000
0.000000
0.000000
0.011061
0.000000
0.000000
0.000000
0.000000
0.000000
0.000000
0.000000
0.000000
0.000000
0.000000
0.000000
0.000000
0.000000
0.000000
0.000000
0.000000
0.058300
0.003431
0.000000
0.129746
0.000000
0.000000
0.002426
0.000778
0.001645
0.000000
0.000000
0.000000
0.000000
0.000000
0.000000
0.000000
0.000000
0.000000
0.000000
0.014742
0.000000
0.000000
0.000000
0.000000
0.000000
0.000000
0.000000
0.000000
0.000279
0.001252
0.000000
0.000000
0.000000
0.000000
0.000000
0.379181
0.000000
0.000000
0.000000
0.000000
0.000000
0.000000
0.000000
0.000000
0.000000
0.000000
0.037110
0.000000
0.038806
0.000000
0.000000
0.000000
0.000000
0.089667
0.000000
0.000000
0.015161
0.000131
0.000000
0.000000
0.000000
0.000000
0.000000
0.000063
0.000000
0.000000
0.000000
0.031306
0.000000
0.012498
0.000000
0.107350
0.000000
0.000000
0.020910
0.000000
0.000000
0.000000
0.000000
0.000000
0.102333
0.000000
0.000000
0.000000
0.000000
0.000000
0.011131
0.014206
0.228904
0.000000
0.414301
0.000000
0.000000
0.099066
0.000854
0.000000
0.091495
0.000000
0.006787
0.000000
0.000000
0.000000
0.000000
0.007009
0.000000
0.000000
0.000000
0.003422
0.000000
0.000000
0.000000
0.000000
0.000000
0.000000
0.000000
0.000000
0.000816
0.000000
0.000000
0.000000
0.053081
0.000000
0.000000
0.000104
0.036054
0.043528
0.000210
0.000000
0.054182
0.000000
0.000000
0.000000
0.000000
0.000000
0.000921
0.000000
0.000000
0.000000
0.026860
0.000000
0.000000
0.000000
0.000000
0.016059
0.000000
0.000000
0.000000
0.000000
0.000000
0.000000
0.000000
0.000000
0.044389
0.000000
0.000000
0.003392
0.000000
0.403015
0.000000
0.000283
0.000000
0.000000
0.000000
0.000000
0.000000
0.000000
0.000000
0.000000
0.000000
0.000000
0.000000
0.000000
0.000000
0.000000
0.000000
0.000000
0.000000
0.000000
0.000000
0.000000
0.000000
0.007607
0.000000
0.008969
0.000000
0.000000
0.000000
0.000000
0.000000
0.000000
0.000000
0.000034
0.000000
0.000000
0.000000
0.408971
0.000000
0.066475
0.000000
0.000000
0.000000
0.103378
0.030172
0.059410
0.000000
0.000000
0.000000
0.016027
0.000000
0.000000
0.000000
0.158743
0.000000
0.000000
0.000000
0.000000
0.000000
0.000000
0.000000
0.000000
0.000000
0.415740
0.921290
0.000000
0.000000
0.000000
0.000000
0.000000
0.000000
0.534307
0.000000
0.000000
0.000000
0.000000
0.000191
0.000000
0.000000
0.005064
0.008533
0.000000
0.000000
0.000000
0.000000
0.000000
0.000000
0.000000
0.000000
0.084907
0.000000
0.000000
0.000000
0.000000
0.000000
0.000000
0.000000
0.000000
0.000000
0.012290
0.000000
0.000000
0.000000
0.000000
0.000000
0.001921
0.000000
0.000000
0.000000
0.000000
0.000000
0.000000
0.000000
0.000000
0.000000
0.007094
0.000000
0.991904
0.000000
0.000000
0.000000
0.000000
0.049421
0.000000
0.000000
0.000000
0.000000
0.000000
0.000000
0.111945
0.037376
0.000000
0.079634
0.000000
0.000000
0.000000
0.000000
0.000009
0.000066
0.062371
0.000000
0.000000
0.000000
0.000000
0.257150
0.000000
0.000000
0.000000
0.000000
0.000000
0.000000
0.000000
0.001351
0.000000
0.000004
0.016760
0.097260
0.000000
0.000000
0.017273
0.000000
0.000000
0.000000
0.078166
0.000000
0.000000
0.004180
0.000000
0.000000
0.000000
0.000000
0.000000
0.000000
0.000000
0.000000
0.000000
0.000000
0.000000
0.000000
0.000000
0.000000
0.000000
0.000000
0.043051
0.000000
0.073118
0.000000
0.000000
0.000000
0.000000
0.029747
0.000000
0.905899
0.000000
0.000000
0.000010
0.002404
0.002473
0.000000
0.000000
0.107288
0.000000
0.000000
0.000000
0.000302
0.000000
0.000000
0.000000
0.000001
0.000000
0.000000
0.006507
0.000000
0.010757
0.000000
0.000000
0.000000
0.000133
0.315745
0.000000
0.000000
0.000000
0.000000
0.000709
0.157230
0.000000
0.000000
0.293315
0.948430
0.000000
0.000000
0.004510
0.000000
0.000000
0.000000
0.000000
0.000000
0.000000
0.066812
0.000000
0.394496
0.000000
0.000231
0.000000
0.073376
0.000000
0.000000
0.000000
0.000000
0.000000
0.000000
0.028081
0.000000
0.000000
0.000000
0.001536
0.000000
0.000000
0.000000
0.000000
0.014938
0.000000
0.000000
0.001080
0.000000
0.000008
0.159891
0.000347
0.000000
0.000000
0.001038
0.709447
0.000000
0.006820
0.000000
0.000000
0.000017
0.009530
0.000000
0.000000
0.000000
0.000573
0.032871
0.000000
0.000000
0.000000
0.000000
0.000000
0.000000
0.000000
0.000000
0.000000
0.000000
0.000000
0.000000
0.000000
0.000000
0.000000
0.000000
0.000000
0.000000
0.581996
0.000000
0.000000
0.000000
0.000000
0.000000
0.010374
0.000000
0.000000
0.000000
0.000000
0.005792
0.000000
0.000000
0.000000
0.000000
0.000000
0.000000
0.000000
0.000000
0.000000
0.000000
0.000000
0.000000
0.000000
0.000000
0.000000
0.034875
0.000000
0.000000
0.000000
0.000000
0.000000
0.000000
0.000000
0.000000
0.000000
0.002800
0.000000
0.009226
0.000000
0.734541
0.000000
0.000000
0.000000
0.000000
0.000000
0.038723
0.002226
0.000000
0.000000
0.000000
0.000000
0.000000
0.000000
0.000000
0.657569
0.000000
0.000000
0.000000
0.000000
0.000562
0.000000
0.000009
0.000000
0.000000
0.035546
0.000000
0.035927
0.000000
0.000000
0.000000
0.000000
0.000000
0.000109
0.000000
0.000000
0.000000
0.000000
0.000000
0.000000
0.000000
0.000000
0.000000
0.000000
0.001521
0.009023
0.000002
0.000000
0.000000
0.000000
0.001862
0.000000
0.000000
0.000000
0.985320
0.000000
0.009091
0.000000
0.098641
0.000000
0.294100
0.000000
0.053592
0.000000
0.000000
0.000000
0.090542
0.001875
0.000000
0.000000
0.000000
0.000000
0.195773
0.000000
0.000000
0.000000
0.000000
0.137772
0.000000
0.000000
0.000000
0.000000
0.000000
0.000000
0.000000
0.000000
0.000000
0.023653
0.000000
0.000000
0.044955
0.000000
0.040015
0.000000
0.000000
0.000000
0.000000
0.000000
0.000114
0.000000
0.011080
0.000000
0.000000
0.000073
0.000000
0.000000
0.000000
0.256713
0.000000
0.000000
0.000000
0.024123
0.000000
0.000000
0.097369
0.030511
0.000000
0.000000
0.000000
0.000000
0.000000
0.547721
0.000000
0.000000
0.215063
0.000000
0.000000
0.000000
0.000000
0.000000
0.071456
0.000000
0.000000
0.000000
0.000000
0.000000
0.000000
0.081152
0.000000
0.000000
0.000000
0.000000
0.000000
0.000000
0.000000
0.000000
0.000006
0.000000
0.000000
0.000000
0.009388
0.000000
0.000000
0.047969
0.000000
0.000000
0.000000
0.000000
0.000000
0.000000
0.224452
0.000000
0.000000
0.301919
0.000000
0.000000
0.004009
0.000000
0.000000
0.001490
0.000000
0.000000
0.841833
0.000000
0.000000
0.000000
0.006051
0.207308
0.000000
0.000000
0.004345
0.000000
0.000000
0.000122
0.000000
0.000000
0.124330
0.000000
0.000000
0.000000
0.000000
0.000000
0.000000
0.000131
0.000000
0.013128
0.004662
0.235948
0.000000
0.000000
0.000000
0.000000
0.000000
0.000000
0.000000
0.000743
0.000000
0.000000
0.019184
0.001200
0.000000
0.000000
0.000000
0.000000
0.000000
0.000000
0.000000
0.000000
0.000000
0.000000
0.000000
0.000000
