0.000000
0.000000
0.015859
0.091472
0.000000
0.224572
0.000000
0.000000
0.338667
0.000000
0.172865
0.467724
0.000000
0.000000
0.000000
0.000000
0.000000
0.072817
0.000000
0.013903
0.001331
0.034075
0.000000
0.000000
0.823041
0.000000
0.000000
0.000000
0.015274
0.874233
0.711565
0.000000
0.000000
0.000000
0.000000
0.000000
0.000000
0.999941
0.000000
0.000000
0.000000
0.000000
0.021580
0.217390
0.837872
0.000000
0.019206
0.000000
0.000179
0.000000
0.000000
0.575426
0.000000
0.000000
0.000000
0.000000
0.089580
0.000000
0.000000
0.000000
0.000000
0.018995
0.000000
0.100388
0.000000
0.042869
0.100906
0.000000
0.000000
0.000000
0.000000
0.000000
0.000000
0.000000
0.000000
0.164911
0.000000
0.251383
0.001503
0.000000
0.000000
0.000000
0.000000
0.000000
0.000000
0.000000
0.596250
0.023060
0.000000
0.000000
0.000000
0.000000
0.056003
0.939594
0.000000
0.662430
0.999828
0.000000
0.000000
0.000000
0.000000
0.000000
0.000000
0.000000
0.000000
0.611239
0.000000
0.000000
0.000000
0.079505
0.000000
0.000000
0.000000
0.000000
0.000000
0.000000
0.066331
0.207096
0.000000
0.033321
0.000000
0.000000
0.000000
0.000000
0.000000
0.095482
0.000000
0.000000
0.000000
0.000000
0.032520
0.000000
0.022149
0.105033
0.000000
0.000000
0.000000
0.000000
0.000000
0.000000
0.000000
0.202893
0.000000
0.000000
0.000000
0.010075
0.000000
0.000000
0.417039
0.000000
0.107121
0.059696
0.031093
0.499721
0.223870
0.000000
0.023686
0.364906
0.000000
0.000000
0.000000
0.127844
0.000000
0.000000
0.000000
0.000000
0.000000
0.283205
0.486146
0.000000
0.000000
0.000000
0.098591
0.002322
0.000000
0.000000
0.000000
0.000000
0.000000
0.033139
0.000000
0.000000
0.000000
0.000000
0.000000
0.000000
0.000000
0.999988
1.000000
0.000000
0.000000
0.029260
0.000850
0.000000
0.000000
0.000000
0.000000
0.000000
1.000000
0.000000
0.000000
0.000000
0.000000
0.000000
0.000000
0.002774
0.000000
0.193410
0.000000
0.371283
0.000000
0.000000
0.000000
0.002206
0.161341
0.000000
0.000000
0.000000
0.000000
0.008796
0.000000
1.000000
0.000000
0.000000
0.000000
0.000000
0.325950
0.134715
0.128584
0.000000
0.000000
0.000000
0.000000
0.000000
0.000000
0.072608
0.000000
0.000000
0.000000
0.000000
0.000000
0.000000
0.000000
0.000000
0.000000
0.000000
0.001772
0.000000
0.000000
0.000000
0.092264
0.000000
0.000000
0.003508
0.229197
0.000000
0.011895
0.994413
0.000000
0.022791
0.415891
0.000000
0.035530
0.151759
0.363294
1.000000
0.000000
0.000000
0.000000
0.000000
0.000000
0.000000
0.000000
0.000377
0.000000
0.000000
0.000000
0.000000
0.000000
0.150356
0.000000
0.302526
0.003580
0.000000
0.000000
0.000000
0.000000
0.000000
0.000000
0.000000
0.000000
0.000000
0.000000
0.000000
0.000000
0.000000
0.000000
0.000000
0.397440
0.000000
0.000000
0.785499
0.000000
0.216299
0.960004
0.000000
0.000000
0.000000
0.000000
0.000000
0.000000
0.000000
0.000000
0.000000
0.000000
0.000000
0.000000
0.000000
0.493393
0.000000
0.112771
0.000000
0.003276
0.000000
0.000000
0.000000
0.000000
0.000000
0.000000
0.024289
0.000000
0.000000
0.969327
0.000000
0.943547
0.000000
0.000000
0.865504
0.000000
0.394876
0.167261
0.000000
0.469421
0.000000
0.001955
0.000000
0.000000
0.000000
0.000000
0.000000
0.000000
0.000000
0.000000
0.999999
0.000000
0.291137
0.075453
0.074900
0.000000
0.000000
0.000000
0.000000
0.000000
0.031976
0.676741
0.613339
0.000000
0.000000
0.000000
0.000000
0.000000
0.000000
0.000000
0.449439
0.163004
0.119454
0.000000
0.848937
0.000000
0.113826
0.000000
0.000000
0.005044
0.000000
0.000000
0.000000
0.138214
0.000023
0.000000
0.000000
0.009570
0.600277
0.000000
0.000000
1.000000
0.000000
0.000000
0.048891
0.000000
0.000000
0.011430
0.000000
0.000000
0.000000
0.000000
0.000000
0.000000
0.442678
0.344773
0.000000
0.000000
0.000000
0.000000
0.000000
0.127282
0.421829
0.017837
0.305873
0.000000
0.000000
0.000000
0.000000
0.000000
0.000000
0.992393
0.000000
0.000000
0.000000
0.000625
0.000000
0.000000
0.000000
0.000000
0.000000
0.000000
1.000000
0.000000
0.000000
0.000000
0.000000
0.000000
0.000000
0.000000
0.000000
0.000000
0.000000
0.000000
0.144267
0.274083
0.000004
0.000000
0.014434
0.050056
0.000000
0.000000
0.000000
0.000000
0.000000
0.000000
0.000200
0.000000
0.000000
0.000000
0.000000
0.007977
0.017415
0.000000
1.000000
0.000000
0.000000
0.000000
0.000000
0.140370
0.000000
0.826121
0.000000
0.000000
0.000000
0.453992
0.000000
0.000000
0.006200
0.000000
0.217626
0.999997
0.000000
0.012727
0.000000
0.000017
0.883236
0.964791
0.766724
0.657634
0.436879
0.000000
0.000000
0.000000
0.000000
0.004922
0.166877
0.000000
0.000000
0.650096
0.014633
0.000000
0.529408
0.007901
0.001750
0.009437
0.002831
0.000000
0.529647
0.002717
0.198606
0.000000
0.000000
0.000000
0.000000
0.000000
0.000000
0.000000
0.000000
0.000000
0.000000
0.000000
0.000000
0.000000
0.025746
0.000000
0.000000
0.000000
0.000000
0.427873
0.056346
0.434113
0.000000
0.830721
0.000000
0.238102
0.947426
0.000000
0.000000
0.000000
0.024233
0.000000
0.000000
0.000000
0.071452
0.000000
0.079994
0.000000
0.364982
0.000000
0.000000
0.000000
0.000000
0.000000
0.053244
0.000000
0.071282
0.253560
0.000000
0.000000
0.268409
0.000000
0.999998
0.000000
0.000000
0.000000
0.004609
0.655366
0.000000
0.000000
0.000000
0.758017
0.000000
0.002660
0.000000
0.000000
0.000000
0.138458
0.023279
0.117368
0.000000
0.000006
0.000000
0.483466
0.000000
0.000000
0.000000
0.015588
0.000000
0.000000
0.000000
0.000000
0.026729
0.200646
0.018791
0.014238
0.000000
0.000000
0.052569
0.229883
0.000000
0.023442
0.000000
0.183005
0.000000
0.000000
0.008719
0.200389
0.334143
0.000000
0.012463
0.000000
0.000000
0.000037
0.000000
0.093953
0.000000
0.000000
0.000000
0.000000
0.000000
0.000000
0.000000
0.000000
0.000000
0.012808
0.000000
0.000000
0.000000
0.338254
0.000000
0.195810
0.000000
0.067127
0.000000
0.000000
0.670747
0.000000
0.000000
0.000000
0.644044
0.005419
0.000000
0.000000
0.000000
0.000000
0.000000
0.025087
0.000000
0.000000
0.125970
0.000000
0.000000
0.260548
0.000000
0.000000
0.000000
0.000000
0.006607
0.000000
0.020951
0.000000
0.054921
0.000000
0.000000
0.000000
0.000000
0.000000
0.081701
0.000000
0.097801
0.000000
0.095625
0.000000
0.000000
1.000000
0.000000
0.000000
0.000000
0.000000
0.000000
0.000000
0.042644
0.000000
0.000000
0.000000
0.000000
0.851431
0.000000
0.000000
0.000000
0.000000
0.000000
0.000000
0.903206
0.000000
0.224719
0.000000
0.000000
0.000036
0.000000
0.999999
0.000000
0.000000
0.000000
0.000000
0.000000
0.000000
0.000000
0.000000
0.001131
0.000000
0.617958
0.003309
0.000000
0.000000
0.000000
0.000000
0.090290
0.000000
0.000000
0.000000
0.069960
0.000000
0.109750
0.000000
0.000000
0.228451
0.000000
0.000000
0.000000
0.135118
1.000000
0.000000
0.155623
0.277344
0.009365
0.000000
0.737736
0.000000
0.214062
0.000000
0.000000
0.000000
0.000000
0.000000
0.064591
0.000000
0.000000
0.000000
0.000525
0.000000
0.646323
0.000000
0.000000
0.535558
0.000000
0.000000
0.032941
0.000000
0.001285
0.103783
0.000000
0.000000
0.026745
0.000000
0.000369
0.034051
0.000000
0.132180
1.000000
0.000000
0.000000
0.000000
0.000000
0.344243
0.000000
0.018214
0.000000
0.000000
0.000000
0.000000
0.000000
0.071823
0.000000
0.000000
0.352989
0.013482
0.000000
0.630094
0.014032
0.999921
0.004511
0.000000
0.214158
0.000000
0.000000
0.000000
0.044206
0.000000
0.000000
0.000000
0.000000
0.000000
0.000000
1.000000
0.000000
0.024610
0.000000
0.085345
0.000000
0.273475
0.000000
0.000000
0.868812
0.264732
0.000000
0.000000
0.000000
0.000000
0.000000
0.000000
1.000000
0.812644
0.000000
0.000000
0.540315
0.000000
0.000000
0.000000
0.676906
0.000000
0.000000
0.000000
0.000000
0.000000
0.000000
0.000000
0.000000
0.001460
0.001072
0.000000
0.000000
0.000000
0.000000
0.082749
0.203284
0.000000
0.000000
0.000000
0.000000
0.000000
0.000000
0.000000
0.000000
0.000000
0.000000
0.000000
0.000000
0.000000
0.459558
0.000000
0.000000
0.000000
0.630200
0.000000
0.000000
0.000000
0.000000
0.064630
0.000000
0.781465
0.000000
0.000000
0.225573
0.000000
0.000000
0.000000
0.000000
0.036830
0.000000
0.825931
0.000000
0.000000
0.491687
0.000000
0.000000
0.000000
0.074664
0.075473
0.000000
0.000000
0.000000
0.125075
0.000000
0.000000
0.677099
0.000000
0.001748
0.000343
0.279443
0.000000
0.511097
0.000000
0.000000
0.041334
0.000131
0.007226
0.095116
0.000000
0.000000
0.000000
0.000000
0.000000
0.000000
0.000181
0.000000
0.670128
0.000000
0.072448
0.107050
0.000000
0.000000
0.974035
0.000000
0.000000
0.304069
0.048358
0.019023
0.000000
0.000000
0.053836
0.397440
0.068183
0.000000
0.251053
0.000000
0.000000
0.000000
0.046166
0.530228
0.000000
0.000000
0.001787
0.000000
0.000000
0.280020
0.000000
0.000000
0.000000
0.000000
0.568697
0.000000
0.000000
0.000000
0.000000
0.000000
0.000000
0.000000
0.000000
0.070895
0.000000
0.000000
0.000000
0.000000
0.008078
0.000000
0.000000
0.000000
0.000000
0.000000
0.000000
0.000000
0.000000
0.000000
0.000000
0.000000
0.000000
0.000000
0.000000
0.000000
0.000000
0.000000
0.000000
0.000000
0.000000
0.005903
0.000000
0.833773
0.000000
0.978740
0.000000
0.000000
0.000000
0.070829
0.000000
0.185147
0.000000
0.000000
0.000000
0.000000
0.176169
0.000000
0.000000
0.000000
0.000000
0.349166
0.383660
0.000000
0.111386
0.000000
0.000000
0.001285
0.067559
0.000000
0.000000
0.000000
0.000000
0.000000
0.966511
0.053050
0.026560
0.995483
0.000477
0.000000
0.000000
0.000000
0.000000
0.000000
0.000000
0.352069
0.000000
0.000000
0.000000
0.002780
0.000000
0.000000
0.885486
0.000000
0.304180
0.000000
0.226651
0.000000
0.003148
0.000000
0.000000
0.000000
0.000000
0.999966
0.362161
0.000000
0.000000
0.000000
0.000000
0.000000
0.000000
0.000000
0.000000
0.000000
0.000000
0.000000
0.000000
0.000129
0.000000
0.000000
0.000000
0.000000
0.290812
0.000000
0.000000
0.000000
0.000000
0.000000
0.000000
0.000000
0.118986
0.000000
0.212219
0.000000
0.000000
0.000000
0.177200
0.000000
0.000000
0.000000
1.000000
0.000000
0.000000
0.000000
0.000000
0.000000
0.215155
0.000000
0.000000
0.000000
0.000000
0.000000
0.000006
0.658804
0.000000
0.000000
0.000000
0.056329
0.000000
0.000000
0.000000
0.000000
0.008162
0.000000
0.000000
0.000000
0.000000
0.000000
0.000000
0.848224
0.000000
0.000000
0.000000
0.000000
0.000000
0.000000
0.000000
0.000000
0.000000
0.000000
0.000000
0.000000
0.095896
0.121915
0.000000
0.011645
0.000000
0.000000
0.000000
0.000000
0.000000
0.000000
0.000000
0.141543
0.000000
1.000000
0.445960
0.122504
0.000000
0.000000
1.000000
0.000000
0.000000
0.000000
0.000000
0.000000
0.003866
0.674806
0.502921
0.000000
0.000000
0.000000
0.000000
0.000000
0.000000
0.220811
0.000000
0.000000
0.000000
0.000000
0.000000
0.000000
0.000000
0.086308
0.000000
0.000000
0.000000
0.833640
0.000000
0.010997
0.002052
0.090820
0.064969
0.060398
0.000000
0.000000
0.000000
0.000000
0.853335
0.000000
0.000000
0.000000
0.000000
0.000000
0.000000
0.000000
0.000000
0.000000
0.008581
0.000000
0.000000
0.000000
0.000000
0.000000
0.239677
0.000000
0.000000
0.337677
0.000000
0.000000
0.000970
0.000000
0.000000
0.000000
0.092329
0.001654
0.000000
0.089991
0.000000
0.000000
0.000000
0.000000
0.000000
0.000000
0.000000
0.027057
0.000000
0.000000
0.000000
0.000000
0.000000
0.000000
0.001223
0.000000
0.998671
0.000000
0.000000
0.504712
0.000000
0.000000
0.000000
0.000000
0.000000
0.110746
0.423701
0.000000
0.542083
0.000000
0.000000
0.000000
0.507773
0.000000
0.511845
0.898652
0.189703
0.971052
0.022507
0.000000
0.181376
0.304501
0.000000
0.000000
0.000000
0.000000
0.000000
0.000000
0.000000
0.000000
0.560560
0.000000
0.000000
0.000000
0.000000
0.000000
0.000000
0.000000
0.028077
0.000000
0.000000
0.000000
0.124087
0.000000
0.016267
0.000000
0.020088
0.000000
0.001448
0.000000
0.000000
0.000000
0.000000
0.000000
0.000000
0.000000
0.000000
0.000000
0.000000
0.000000
0.000000
0.000000
0.370995
0.000000
0.000000
0.012051
0.060790
0.000000
0.000000
0.000000
0.000000
0.018583
0.020427
0.000000
0.000000
0.253747
0.000000
0.207812
0.000000
0.000000
0.000000
0.000000
0.000000
0.000000
0.000000
0.000000
0.000567
0.000000
0.000000
0.000000
0.180920
0.049031
0.000000
0.000000
0.003918
0.000000
0.000000
0.000000
0.000000
0.000000
0.000000
0.000000
0.000000
0.000000
0.000000
0.592651
0.000000
0.006903
0.000000
0.158289
0.000000
0.000000
0.000000
0.000000
0.010764
0.000000
0.000000
0.000000
0.000000
0.000000
0.000000
0.000000
0.000000
0.000000
0.000000
0.101490
0.000000
0.000000
0.000000
0.000000
0.141114
0.000000
0.000000
0.000000
0.000000
0.013515
0.000000
0.000250
0.000000
0.039184
0.000000
0.000000
0.000000
0.003740
0.056642
0.000000
0.000000
0.000000
0.122238
0.000000
1.000000
0.000000
0.003844
0.000000
0.000000
0.013871
0.000000
0.000000
0.005576
0.943796
0.000000
0.000000
0.014588
0.042906
0.000000
0.000000
0.000000
0.095005
0.000000
0.505981
0.000000
0.000000
0.000000
0.000000
0.004882
0.000000
0.024118
0.000000
0.000000
0.196737
0.000000
0.000000
0.000000
0.021234
0.054116
0.000000
0.000000
0.000000
0.001289
0.503790
0.000000
0.354715
0.000000
0.000000
0.090964
0.136312
0.897610
0.211408
0.000000
0.036569
0.000000
0.000000
0.490101
0.000000
0.000000
0.000000
0.000000
0.000000
0.073874
0.109051
0.037682
0.000000
0.000000
0.000000
0.030164
0.000000
0.947829
0.000000
0.758106
0.000000
0.017163
0.002810
0.000000
0.159811
0.000000
0.512059
0.000000
0.000000
0.000000
0.000000
0.000000
0.031003
0.000000
0.000000
0.000000
0.127401
0.134586
0.047732
0.000000
0.000000
0.000000
0.000000
0.000000
0.000000
0.000000
0.000000
0.000000
0.000000
0.000000
0.000000
0.000000
0.000000
0.000000
0.000000
0.000000
0.031019
0.000000
0.000000
0.039565
0.000000
0.000000
0.192812
0.752370
0.000000
0.000000
0.000000
0.036147
0.001266
0.000000
0.000000
0.000000
0.000000
0.000000
0.501393
0.000000
0.000000
0.000000
0.000000
0.000000
0.018334
0.000000
0.000000
1.000000
0.000000
0.000000
0.000000
0.003419
0.000000
0.063624
0.000000
0.348878
0.000000
0.346387
0.000000
0.000000
0.000000
0.000000
0.018316
0.000000
0.000000
0.010185
0.000000
0.011342
0.000000
0.000000
1.000000
0.000000
0.000000
0.000000
0.379847
0.000038
0.000000
0.000000
0.000000
0.023806
0.000000
0.147469
0.000000
0.046441
0.000000
0.000000
0.000000
0.000000
0.000000
0.044855
0.211278
0.000000
0.000000
0.000000
0.020389
0.000000
0.000032
0.000000
0.035913
0.000000
0.000000
1.000000
0.116950
0.000000
0.041070
0.001336
0.000000
0.000000
0.000000
0.000000
0.000000
0.000000
0.000000
0.000000
0.000000
0.000000
0.000000
0.220562
0.000000
0.000000
0.000000
0.000000
0.000000
0.000537
0.196803
0.000000
0.000000
0.251937
0.028475
0.543554
0.000000
0.056340
0.056593
0.000000
0.876577
0.000000
0.000000
0.000000
0.000000
0.000000
0.000000
0.000000
0.000000
0.000000
0.007601
0.118043
0.000000
0.000000
0.047776
0.000000
0.024969
0.000000
0.000000
0.000000
0.821673
0.000000
0.000000
0.000000
0.000000
0.000000
0.000000
0.000000
0.000000
0.000000
0.000000
0.000000
0.000000
0.000000
0.000000
0.000000
0.000000
0.000000
0.000000
0.054761
0.000000
0.000000
0.000000
0.000000
0.000000
0.245601
0.000000
0.000000
0.044724
0.000000
0.000000
0.000000
0.227306
0.000000
0.000157
0.109901
0.000000
0.000000
0.040611
0.005085
0.622814
0.000000
0.000409
0.000000
0.000000
0.000000
0.000000
0.639153
0.015051
0.008046
0.000000
0.000000
0.000000
0.000000
0.000000
0.000000
0.000000
0.000000
0.169293
0.000000
0.000000
0.000000
0.000000
0.009920
0.000000
0.000000
0.000000
0.000000
0.000000
0.000000
0.000000
0.000000
0.000000
0.246949
0.613536
0.034605
0.000000
0.697181
0.000000
0.000000
0.006310
0.000000
0.040889
0.993628
0.000000
0.000000
0.000000
0.000000
0.006723
0.885071
0.000000
0.000000
0.000000
0.000000
0.102045
0.000000
0.000000
0.000000
0.000000
0.000000
0.000000
0.000385
0.674855
0.000000
0.000000
0.000000
0.000000
0.000000
0.000000
0.000000
0.000000
0.000000
0.000000
0.000000
0.000000
0.000000
0.000000
0.000000
0.000000
0.118897
0.000000
0.000000
0.000000
0.067912
0.996626
0.000000
0.000000
0.000000
0.000000
0.263165
0.000000
0.000000
0.000000
0.000000
0.000000
0.000000
0.006600
0.000000
0.000000
0.000000
0.000000
0.000000
1.000000
0.000000
0.000000
0.000000
0.000000
0.000000
0.000000
0.737450
0.000000
0.999660
0.000000
0.000000
0.056161
0.003731
0.000000
0.000000
0.225036
0.227830
0.239148
0.000000
0.000000
0.000000
0.694795
0.000000
0.000000
0.000000
0.000000
0.000000
0.000000
0.861059
0.000000
0.000000
0.000000
0.000000
0.000000
0.000000
0.236206
0.000000
0.000000
0.000000
0.000000
0.000000
0.000000
0.000000
0.000000
0.000000
0.973521
0.000000
0.000000
0.000000
0.000000
0.000000
0.000000
0.000000
0.000000
0.000000
0.136929
0.000000
0.000000
0.000000
0.000000
0.000000
0.000000
0.000000
0.000000
0.139362
0.000000
0.000000
0.000000
0.028449
0.218717
0.000000
0.000000
0.002847
0.241796
0.664333
0.000000
0.000000
0.000000
0.000000
0.000000
0.124243
0.000000
0.000000
0.009699
0.000000
0.000000
0.000000
0.000000
0.000000
0.000000
0.000000
0.000000
0.000000
0.217843
0.000000
0.449767
0.000000
0.000000
0.073628
0.000000
0.000000
0.000000
0.156670
0.058424
0.000000
0.081027
0.000000
0.000000
0.000000
0.587325
0.000000
0.000000
0.648656
0.000000
0.000626
0.414208
0.000000
0.000000
0.514022
0.000000
0.000000
0.008676
0.075075
0.000000
0.062138
0.000000
0.001322
0.003435
0.000000
0.568008
0.000000
0.000000
0.000000
0.502094
0.000000
0.000000
0.000000
0.000000
0.000000
0.650543
0.000000
0.000000
0.000000
0.000000
0.000000
0.000000
0.031004
0.000000
0.000000
0.000000
0.000000
0.000000
0.000000
0.000000
0.000000
0.018839
0.000000
0.000000
0.022882
0.998947
0.123620
1.000000
0.000000
0.553691
0.000000
0.000000
0.000000
1.000000
0.245084
0.000000
0.000000
0.208268
0.000000
0.000000
0.000000
0.000000
0.422972
0.000000
0.395757
0.000000
0.000000
0.000000
0.000000
0.096283
0.000000
0.000000
0.000000
0.000000
0.992344
0.000000
0.000000
0.000000
0.000000
0.000000
0.034003
0.000000
0.000000
0.000000
0.000000
0.000000
0.000000
0.000000
0.000000
0.000000
0.242107
0.000000
0.000000
0.000000
0.000000
0.000000
0.000000
0.968691
0.000000
0.000000
0.721568
0.000000
0.000000
0.000000
0.141198
0.000000
0.166093
0.005137
0.143418
0.000000
0.000000
0.000000
0.000000
0.163197
0.000000
0.000000
0.009368
0.005583
0.000000
0.000000
0.000000
0.801679
0.000000
0.000000
0.000000
0.000000
0.000000
0.000000
0.000000
0.722547
0.193379
0.000000
0.001065
0.000000
0.000000
0.070080
0.000000
0.982879
0.000000
0.000000
0.178172
0.000000
0.000000
0.217197
0.000000
0.000000
0.033254
0.706761
0.000000
0.000000
0.000000
0.000000
0.000000
1.000000
0.000000
0.029670
0.000000
0.000000
0.000027
0.000000
0.000000
0.035290
0.000000
0.000338
0.000000
0.000000
0.090676
0.083564
0.000000
0.003368
0.000000
0.848771
0.126717
0.000000
0.076298
0.027855
0.000000
0.000000
0.761689
0.000000
0.000000
0.000000
0.438721
0.000000
0.000000
0.209627
0.000000
1.000000
0.000000
0.373701
0.000000
0.000000
0.000000
0.238026
0.000000
0.000000
0.000000
0.000000
0.000000
0.038830
0.000000
0.000000
0.000000
1.000000
0.000000
0.000000
0.000000
0.000000
0.000000
0.000000
0.000000
0.208782
0.000000
0.000000
0.047235
0.000000
0.000000
0.000000
0.000000
0.799149
0.000000
0.000000
0.244620
0.000000
0.000000
0.205036
0.000000
0.000000
0.000000
0.000000
0.000000
0.104697
0.000000
0.000000
0.000000
0.000000
0.000000
0.000000
0.000000
0.188656
0.000000
0.000000
0.000000
0.172097
0.000000
0.000000
0.000000
0.000000
0.000000
0.000000
0.000000
0.000000
0.000000
0.000000
0.049064
0.000000
0.563180
0.000000
0.186030
0.000000
0.233160
0.000000
0.072221
0.000000
0.000000
0.000000
0.453607
0.433567
0.000000
0.000000
0.000000
0.000000
0.004083
0.000000
0.000000
0.135864
0.000000
0.000000
0.000000
0.000000
0.000000
0.144837
0.000000
0.000000
0.000000
0.000000
0.085705
0.000000
0.000000
0.019109
0.000000
0.000000
0.000000
0.000000
0.000000
0.000000
0.000000
0.000000
0.000000
0.000000
0.692415
0.000000
0.000000
0.000000
0.000000
0.000000
0.000000
0.000000
0.000000
0.000113
0.000000
0.046241
0.000000
0.000000
0.000320
0.000000
0.011838
0.000000
0.000000
0.000000
0.000000
0.000000
0.000000
0.029793
0.000000
0.000000
0.000000
0.299440
0.236611
0.000000
0.000000
0.000000
0.632117
0.000000
0.000000
0.000000
0.000000
0.000000
0.000000
0.000000
0.000000
0.000000
0.000000
0.000000
0.000000
1.000000
0.000000
0.000000
0.000000
0.000000
0.000000
0.096618
0.104293
0.000000
0.293096
0.000000
1.000000
0.000000
0.000000
0.000000
0.000000
0.303400
0.454513
0.000000
0.000000
0.677391
0.000000
0.000000
0.000000
0.000000
0.836720
0.000000
0.000000
0.000000
0.685884
1.000000
0.099882
0.346233
0.000000
0.000000
0.185472
0.000000
0.693804
0.000000
0.000000
0.000000
0.000000
0.000000
0.997915
0.000000
0.000000
0.000000
0.000000
0.000000
0.000000
0.225662
0.000000
0.000000
0.519276
0.000000
0.000000
0.000000
0.000000
0.072288
0.000000
0.000000
0.197677
0.000000
0.000000
0.000000
0.028913
0.123845
0.000000
0.000000
0.097960
0.000000
0.040606
0.000000
0.000000
0.000000
0.182625
0.000000
0.000000
0.228687
0.000000
0.000000
0.000000
0.010628
0.000000
0.000000
0.457460
0.000000
0.000000
0.412309
0.010832
0.000000
0.000000
0.000000
0.000000
0.049859
0.000000
0.000000
0.000000
0.290873
0.000000
0.000000
0.000000
0.000000
0.000000
0.000000
0.000000
0.052224
0.085460
0.000000
0.000000
0.959596
0.000000
0.000682
0.173847
0.000000
0.000000
0.000000
0.000000
1.000000
0.120734
0.000000
0.343300
0.000000
0.000000
0.001907
0.000000
0.000000
0.000000
0.000000
0.000000
0.000000
0.039804
0.000000
0.000000
0.000000
0.668141
0.000000
0.021269
0.000000
0.000000
0.000000
1.000000
0.582904
0.000000
0.000000
0.000000
0.000000
0.000000
0.116359
0.000000
0.007643
0.000000
0.440838
0.000000
0.000000
0.000000
0.000000
0.000000
0.000000
0.349123
0.007067
0.000000
0.219802
0.000000
0.000000
0.000000
0.000000
0.000000
0.000000
0.000000
0.028051
0.000000
0.000000
0.998846
0.349594
0.000000
1.000000
0.000000
0.000000
0.000000
0.403131
0.000000
0.000000
0.069357
0.000000
0.000000
0.000000
0.031424
0.000000
0.000000
0.002519
0.000000
0.000000
0.000000
0.000000
0.000000
0.000000
0.999936
0.011236
0.000000
0.000000
0.000000
0.263059
0.074074
0.004281
0.000000
0.000000
0.044918
0.000000
0.000000
0.000000
0.000000
0.010133
0.002024
0.000173
0.000000
0.000000
0.000000
0.000000
0.000108
0.000000
0.000000
0.000000
0.006357
0.000000
0.000000
0.000000
0.000000
0.000000
0.000000
0.000000
0.000000
0.001386
0.000000
0.000025
0.000000
0.000000
0.023113
0.005315
0.000000
0.485883
0.000000
0.000000
0.000000
1.000000
0.030669
0.000018
0.568159
0.000000
0.000000
0.000000
0.038341
0.000000
0.000000
0.000000
0.999880
0.000000
0.585450
0.000000
0.000000
0.000000
0.069089
0.000000
0.000000
0.000000
0.000000
0.000000
0.000000
0.922429
0.000000
0.000000
0.000000
0.000000
0.000000
0.000000
0.000000
0.000000
0.000000
0.025086
0.000000
1.000000
0.107528
0.000000
0.038202
0.124789
0.000000
0.000000
0.000000
0.000000
0.081012
0.000000
0.000000
0.000000
0.595453
0.000000
0.000000
1.000000
0.000000
0.000000
0.000000
0.000000
0.000000
0.000000
0.000000
0.088764
0.000000
0.000000
0.000000
0.000000
0.000000
0.000000
0.163670
0.000000
0.000000
0.000000
0.000000
0.000000
0.790939
0.000000
0.495716
0.000000
0.000000
0.000000
0.000000
0.000000
0.000000
0.060237
0.000000
0.000000
0.000000
0.999781
0.000016
0.001392
0.000000
0.000000
0.000000
0.000204
0.000000
0.000000
0.000000
0.751546
0.000000
0.084307
0.000000
0.000000
0.000000
0.000000
0.000000
0.000000
0.000000
0.771596
0.001130
0.959116
0.011196
0.000000
0.000000
0.000000
0.000000
0.000000
0.019833
0.000000
0.471478
0.000000
1.000000
0.000000
0.000000
0.000000
0.950298
0.000000
0.838159
0.000000
1.000000
0.000000
0.149360
0.000000
0.000000
0.074816
0.000000
0.000000
0.000000
0.000000
0.000000
0.326299
0.000000
0.000000
0.000000
0.000000
0.017605
0.000000
0.000000
0.000000
0.000000
0.000000
0.000000
0.000000
0.000000
0.000000
0.000000
0.770607
0.000000
0.000000
0.000000
0.000000
0.000757
0.000000
0.030141
0.000000
0.000000
0.000000
0.044429
0.000000
0.000000
0.999841
0.000000
0.033271
0.000000
0.000000
0.000000
0.000000
0.027278
0.000000
0.000000
0.000000
0.000000
0.000000
0.000000
0.000000
0.000000
0.056827
0.777517
0.000000
0.000000
0.000000
0.000000
0.411324
0.000000
0.000091
0.000000
0.668004
0.000000
0.040630
0.000000
0.000000
0.978519
0.000000
0.276141
0.000000
0.048516
0.097184
0.000000
0.000000
0.000000
0.162503
0.000341
0.043364
0.000000
0.000000
0.505658
0.000000
0.229663
0.013301
0.010138
0.002276
0.000000
0.539135
0.000000
0.000000
0.000000
0.000000
0.000000
0.000000
0.977045
0.000000
0.000000
0.177042
0.110930
0.000000
0.185093
0.001037
0.000000
0.000000
0.000000
0.000000
0.000665
0.074985
0.000000
0.000000
0.000000
0.669379
1.000000
0.000000
0.000000
0.004089
0.000000
0.000000
0.000000
0.796750
1.000000
0.000000
0.000594
0.000000
0.000000
0.033589
0.000000
0.000000
0.170792
0.000000
0.031424
0.000000
0.000000
0.000000
0.000000
0.000000
0.013940
0.000000
0.000000
0.000000
0.000000
0.000000
0.000000
0.656997
0.037476
0.000000
0.000000
0.643056
0.000000
0.000000
0.000000
0.000000
0.000000
0.000002
0.000000
0.000000
0.000000
0.000000
0.000000
0.000006
0.000000
0.000000
0.000000
0.065365
0.000000
0.000000
0.000000
0.000000
0.000000
0.000000
0.000000
0.000000
0.025419
0.000000
0.000292
0.000000
0.930969
0.192002
0.763422
0.000000
0.000000
0.000000
0.000000
0.000000
0.000000
0.038350
0.000000
0.913779
0.299752
0.000000
0.902687
0.000000
0.000000
0.000000
0.127900
0.001357
0.040942
0.463058
0.000000
0.000000
0.000000
0.994546
0.000000
0.000000
0.000000
0.007291
0.000000
0.000000
0.000000
0.000000
0.000000
0.000000
0.000000
0.000000
0.000000
0.000000
1.000000
0.000000
0.000183
0.000000
0.000000
0.003213
0.000241
0.000000
0.000000
0.000000
0.000000
0.000000
0.000000
0.000000
0.002515
0.000000
0.000000
0.085527
0.086579
0.000000
0.000000
0.000000
0.143847
0.000000
0.000000
0.000000
0.000000
0.000000
0.000000
0.000000
0.539312
0.000000
0.000000
0.026173
0.157305
0.000000
0.051242
0.674215
0.031004
0.055534
0.290359
0.000000
0.000000
0.000000
0.999990
0.000000
0.000000
0.000000
0.000000
0.000000
0.999865
0.000000
0.000000
0.000000
0.000000
0.011510
0.000000
0.015754
0.556011
0.000000
0.127778
1.000000
0.000000
0.000000
0.000000
0.000000
0.000000
0.000238
0.190528
0.000000
0.000000
0.000000
0.000000
0.010126
0.000000
0.457503
0.000000
0.000000
0.000000
0.000000
0.112362
0.000000
0.000000
0.486133
0.000000
0.000000
0.975677
0.060265
0.000000
0.178910
0.000000
0.000000
0.000000
0.000000
0.000000
0.000000
0.000000
0.000000
0.000000
0.000000
0.000000
0.000000
0.513330
0.000000
0.010443
0.020226
0.000000
0.000000
0.000000
0.000000
0.001122
0.000000
0.096236
0.000000
0.000000
0.000000
0.367574
0.760404
0.112134
0.000000
0.917487
0.126327
0.094522
0.048049
0.000000
0.000000
0.000000
0.000000
0.000000
0.000000
0.000000
0.030387
0.000000
0.000000
0.000000
0.500672
0.080348
0.000000
0.000000
0.174552
0.164760
0.000000
0.000000
0.009822
0.000000
0.000000
0.389200
0.003874
0.000000
0.398195
0.000000
0.000000
0.214000
0.000000
0.000000
0.000000
0.000000
0.000000
0.000000
0.000003
0.000000
0.000000
0.000000
0.000000
0.000937
0.000000
0.000000
0.440156
0.000000
0.000000
0.644764
0.000000
0.000000
0.000000
0.000000
0.000000
0.000000
0.000482
0.000000
0.042700
0.000000
0.010634
0.492157
0.878529
0.732121
0.000000
0.000000
0.000000
0.000000
0.000000
0.000000
0.000000
0.000000
0.000000
0.000000
0.000000
0.000000
0.000000
0.999968
0.000000
0.000000
0.000000
0.113340
0.000000
0.000000
0.000000
0.000000
0.000000
0.000000
0.000000
0.009765
0.000000
0.862755
0.000000
0.429811
0.000000
0.000000
0.000000
0.000000
0.000000
0.000000
0.000796
0.000000
0.000000
0.000000
0.000000
0.000000
0.026964
0.000000
1.000000
0.480275
0.000000
0.000000
0.000000
0.000000
0.000000
0.000000
0.000000
0.000000
0.866717
0.000000
0.000000
0.000000
0.818590
0.000000
0.000000
0.000000
0.021532
0.000000
0.000008
0.000000
0.000000
0.258252
0.000000
0.000000
0.000000
0.000000
0.786394
0.101899
0.069553
0.149777
0.000000
0.000000
0.751237
0.000000
0.000000
0.102748
0.251592
0.756832
0.000018
0.000000
0.017327
0.000000
0.046829
0.004925
0.000000
0.000000
0.000000
0.000000
0.000000
0.000000
0.000000
0.203094
0.000000
0.000000
0.000000
0.000000
0.016447
0.000000
0.000000
0.048975
0.000000
0.000000
0.000000
0.000000
0.000000
0.000000
0.311479
0.000000
0.000000
0.000000
0.050539
0.000000
0.801915
0.002163
1.000000
0.004722
0.078868
0.000000
0.000000
0.000000
0.440976
0.000000
0.000000
0.000000
0.171629
0.000000
0.215494
0.000000
0.019445
0.000000
0.227399
0.000000
0.000000
0.000000
0.000000
0.000000
0.236752
0.000000
0.015675
0.000000
0.000000
0.000000
0.016851
0.000000
0.999868
0.000000
0.000000
0.000000
0.000000
0.000000
0.000000
0.007442
0.000906
0.000000
0.000000
0.000000
0.001132
0.059300
0.000000
0.000000
0.000000
0.000000
0.000862
0.000000
0.000000
0.110557
0.609895
0.000000
0.065860
0.000000
0.000000
0.000000
0.000000
0.000000
0.603975
0.000000
0.000000
0.000000
0.000000
0.000000
0.000000
0.949519
0.000000
0.000000
0.000000
0.000000
0.000000
0.000000
0.000000
0.000000
0.000000
0.000000
0.000000
0.000000
0.000000
0.003281
0.000000
0.000000
0.000000
0.000000
1.000000
0.000000
0.000000
0.000000
0.000000
0.999859
0.000000
0.000000
0.000000
0.000000
0.000000
0.245562
0.000000
0.000000
0.000000
0.000000
0.000000
0.000000
0.000000
0.000000
0.191544
0.000000
0.000000
0.000000
0.996686
0.000000
0.001768
0.000000
0.000000
0.000000
0.885889
0.000000
0.013363
0.000000
0.000000
0.387428
0.000000
0.000000
0.000000
0.000000
0.000959
0.000000
0.701514
0.005099
0.000000
0.000000
0.000000
0.413090
0.000000
0.148949
0.000000
0.000000
0.000000
0.000000
0.000000
0.048299
0.000000
0.000000
0.000000
0.000000
0.000000
0.000000
0.000000
0.415075
0.000000
0.000000
0.000000
0.000000
0.000000
0.000000
0.000000
0.000000
0.006857
0.000000
0.078141
0.000000
0.000000
0.000000
0.000000
0.000000
0.000000
0.000000
0.715649
0.000000
0.000000
0.000000
0.000000
0.000000
0.006045
0.000000
0.019812
0.000000
0.000000
0.000000
0.000000
0.147762
0.089839
0.000811
0.258250
0.000000
0.000000
0.201557
0.000000
0.000000
0.000000
0.000000
0.151978
0.744422
0.000000
0.000000
0.000000
0.000000
0.000000
0.000000
0.456579
0.013435
0.000000
0.000000
0.000000
0.000000
0.063562
0.981578
0.000000
0.000000
0.000000
0.389168
0.000000
0.000000
0.000000
0.000000
0.000000
0.000000
0.000000
0.127101
0.000000
0.000000
0.000000
0.187098
1.000000
0.000000
0.547588
0.000000
0.000000
0.000000
0.000000
0.000000
0.048118
0.000000
0.029104
0.000000
0.000000
0.000000
0.000000
0.004333
0.000000
0.000000
0.000000
0.434819
0.021883
0.000000
0.000000
0.106403
0.909733
0.102296
0.059805
0.061831
0.000000
0.000000
0.000000
0.000003
0.425812
0.000000
0.000000
0.000000
0.023600
0.050693
0.019768
0.000000
0.012960
0.000011
0.000000
0.108945
0.000000
0.000000
0.000000
0.000000
0.000000
0.000000
0.000000
0.000000
0.663578
0.380679
0.000000
0.000000
0.000000
0.000000
0.000000
0.000033
0.000000
0.000000
0.000000
0.311275
0.000000
0.000000
0.000000
0.000000
0.000000
0.000000
0.000000
0.000000
0.000000
0.318963
0.000000
0.175433
0.000000
0.003525
0.000000
0.000000
0.000000
0.000000
0.000000
0.000000
0.000000
0.037084
0.000000
0.000000
0.000000
0.000000
0.000000
0.287864
0.000000
0.000000
0.000000
0.000000
0.000000
0.000000
0.000000
0.002904
0.000000
0.000000
0.000000
0.000000
0.010986
0.000000
0.154130
0.111303
0.000000
0.000000
0.000000
0.000000
0.000000
0.000000
0.020380
0.000180
0.000000
0.120164
0.118948
0.889467
0.000000
0.000000
0.000000
0.000000
0.000000
0.000000
0.000000
0.000000
0.000000
0.056626
0.694792
0.000000
0.000000
0.000000
0.000000
0.000000
0.000000
0.000000
0.767964
0.000000
0.000000
0.000045
0.000000
0.895348
0.036225
0.690970
0.000000
0.000000
0.006870
0.000000
0.000000
0.000000
0.000000
0.000000
0.000000
0.000532
0.000000
0.193660
0.000000
0.000000
0.851609
0.000000
0.999711
0.000000
0.000000
0.000000
0.089021
0.000000
0.000000
0.000000
0.045911
0.000000
0.000000
0.000000
0.006607
0.239022
0.000000
0.000000
0.346462
0.000000
0.000000
0.000000
0.000000
0.000000
0.000000
0.000000
0.000000
0.000000
0.000000
0.000000
0.000000
0.000000
0.000000
0.128961
0.999629
0.965386
0.763250
0.000000
1.000000
0.001173
0.000000
0.371692
0.000022
0.050366
0.000000
0.000000
0.000000
0.000547
0.000000
0.002323
0.000000
0.000000
0.002886
0.000000
0.100160
0.000000
0.000000
0.000000
0.000000
0.000000
0.000000
0.000000
0.000000
0.483073
0.007551
0.000000
0.292962
0.052334
0.000000
0.000000
0.000000
0.424564
0.000000
0.999989
0.000000
0.000000
0.000000
0.081056
0.000000
0.000000
0.000000
0.065146
0.000000
0.122516
0.597293
0.000000
0.000000
0.168144
0.000000
0.000000
1.000000
0.000000
0.000000
0.000000
0.000000
0.000013
0.000000
0.000000
0.420628
0.000000
0.000000
0.000000
0.000000
0.000000
0.000000
0.031388
0.000000
0.000000
0.000000
0.000000
0.792577
0.657984
0.004530
0.000000
0.000000
0.000000
0.000000
0.000000
0.004042
0.000000
0.000000
0.000000
0.000000
0.000000
0.000000
0.000000
0.054133
0.000000
0.604342
0.000000
0.000000
0.000000
0.000000
0.429040
0.006537
0.000000
0.000000
0.999037
0.178810
0.075313
0.000000
0.043435
0.000000
0.000000
0.000000
0.381731
0.347139
1.000000
0.000000
0.000000
0.000000
0.000000
0.067917
0.511795
0.038430
0.027790
0.000000
0.000000
0.000000
0.000000
0.001894
0.000000
0.000000
0.000000
0.000000
0.000000
0.000000
0.000000
0.000000
0.000000
0.000005
0.000000
0.000000
0.000000
0.001776
0.000000
0.000000
0.007251
0.000000
0.000000
0.000000
0.000000
0.000000
0.000000
0.000000
0.000000
0.000000
0.000000
0.000000
0.005931
0.000000
0.761488
0.000000
0.000000
0.000000
0.021995
0.000000
0.360289
0.000000
1.000000
0.420792
0.000000
1.000000
0.000000
0.279022
0.060233
0.000000
0.000000
0.600828
0.000000
0.000000
0.000000
0.018918
0.072051
0.000279
0.000000
0.000000
0.000000
0.000000
0.000000
0.000000
0.000000
0.151585
0.354742
0.020356
0.000000
0.100493
0.000000
0.000000
0.000000
0.034713
0.000000
0.000000
0.124241
0.000000
0.049935
0.083065
0.000000
1.000000
0.902493
0.000000
0.136864
0.000000
0.000012
0.040051
0.424135
0.000000
0.000000
0.000000
0.000000
0.000000
0.123437
0.009818
0.010747
0.000000
0.000000
0.000000
0.000000
0.146284
0.000000
0.000030
0.000000
0.282819
0.000001
0.000000
0.369432
0.000000
0.000000
0.385580
0.608762
0.000000
0.000000
0.037917
0.000000
0.000000
0.077231
0.000000
0.406351
0.000000
0.000000
0.000000
0.000000
0.000000
0.000970
0.171567
0.000000
0.000000
0.145913
0.000000
0.000000
0.000000
0.095549
1.000000
0.061033
0.000000
0.000000
0.000000
0.006071
0.000000
0.000000
0.863416
0.000000
0.790187
0.000000
0.000000
0.000000
0.000000
0.000000
0.000000
0.000000
0.000000
0.000000
0.000000
0.000000
0.000000
0.000000
0.000000
0.000000
0.000000
0.000000
0.000000
0.000000
0.920627
0.000000
0.000000
0.000000
1.000000
0.000000
0.000000
0.000000
0.000037
0.000000
0.000069
0.222305
0.004868
0.000000
0.000000
0.000000
0.000000
0.000000
0.138613
0.000000
0.000000
0.000000
0.000000
0.000223
0.191322
0.000000
0.000000
0.000000
0.000000
0.000000
0.000000
0.000000
0.000000
0.000000
0.000000
0.000000
0.002579
0.116372
0.000000
0.187926
0.194705
0.000000
0.000000
0.000000
0.000000
0.000000
0.000000
0.033518
0.000000
0.000000
0.000000
0.000000
0.000000
0.000000
0.011238
0.000085
0.000000
0.000710
0.002064
0.000000
0.000000
0.000000
0.000000
0.000000
0.000226
0.000000
0.000000
0.000000
0.000000
0.000000
0.021831
0.000000
0.000000
0.118592
0.066158
0.000000
0.000000
0.000000
0.505952
1.000000
0.000000
0.000000
0.000000
0.000000
0.000000
0.000000
0.076267
0.000000
0.000000
0.000000
0.000000
0.000000
0.000000
0.000000
0.000000
0.000000
0.011328
0.000000
0.000000
0.779297
0.000000
0.000000
0.000000
0.000000
0.000000
0.000000
0.000000
0.000000
0.000000
0.000000
0.000000
0.828952
0.128936
0.000000
0.000000
0.000000
0.000000
0.000000
0.000000
0.000000
0.000000
0.000000
0.118752
0.000000
0.013795
0.730571
1.000000
0.000000
1.000000
1.000000
0.000000
0.000000
0.000000
0.000000
0.000000
0.000000
0.000000
0.000000
0.000000
0.728956
0.000000
0.000000
0.000000
0.000000
0.000000
0.000000
0.000000
0.039602
0.000000
0.051044
0.000000
0.371254
0.040956
0.000000
0.000000
0.002031
0.000000
0.000000
0.000000
0.155764
0.542590
0.000000
0.000000
0.000000
0.000000
0.000000
0.000000
0.000000
0.000000
0.999209
0.000000
0.002642
0.000000
0.000000
0.000000
0.394434
0.993694
0.000000
0.000000
0.690642
0.384248
0.384199
0.019091
0.000000
0.000007
0.000000
0.000000
0.000000
0.000000
0.000000
0.000000
0.013990
0.000000
0.130289
0.000000
0.999795
0.000000
0.909942
0.111100
0.000000
0.000000
0.000000
0.000000
0.068957
0.242088
0.001667
0.000000
0.000000
0.000000
0.000000
0.000000
0.000000
0.000000
1.000000
0.064064
0.000000
0.000000
0.000000
0.000000
0.000000
0.140196
0.000000
0.002793
0.000000
0.000000
0.000000
0.000000
0.000000
0.000000
0.000000
0.000000
0.000000
0.000000
0.579817
0.157224
0.000000
0.000000
0.023037
0.377247
0.007667
0.902316
0.000000
0.000000
0.180736
0.511257
0.009306
0.758780
0.000000
0.000000
0.000000
0.000000
0.000000
0.000000
0.000000
0.000000
0.000000
0.000000
0.000000
0.089658
0.000000
0.000000
0.000000
0.000000
0.000000
0.000000
0.015196
0.000000
0.000000
0.000000
0.001093
0.207974
0.000000
0.000000
0.000000
0.000000
0.000000
0.471592
0.000000
0.809819
0.014547
0.000000
0.000000
0.000000
1.000000
0.996474
0.022597
0.000000
0.013143
0.000000
0.000000
0.000000
0.925674
0.000000
0.000000
0.000000
0.058403
0.000000
0.000000
0.004205
0.218565
0.000000
0.000000
0.000000
0.000000
0.000000
0.000000
0.005009
0.001528
0.004058
0.053009
0.000000
0.000000
0.561894
0.000000
0.000000
0.011673
0.000000
0.161950
0.573075
0.000000
0.000000
0.000000
0.000000
0.000000
0.000000
0.000000
0.000000
0.000000
0.000000
0.179780
0.000000
0.010142
0.000000
0.431532
0.000000
0.492025
0.506162
0.013841
0.000000
0.000000
0.000000
1.000000
0.000000
0.000000
0.251666
0.000000
0.135021
0.069595
0.000000
0.000000
0.000000
0.000000
0.000000
0.000000
0.001272
0.000000
0.000000
0.000000
0.000000
0.000000
0.999998
0.000000
0.000000
0.000000
0.000000
1.000000
0.000000
0.542670
0.000000
0.000000
0.000000
0.012518
0.000000
0.000000
0.039308
0.041241
0.000000
0.000000
0.000000
0.000000
0.000000
0.000000
0.000000
0.000000
0.000419
0.000000
0.004588
0.000000
0.000000
0.359744
0.626383
0.111748
0.360051
0.000000
0.000000
0.000000
0.000021
0.000000
0.000000
0.000000
0.000000
0.999479
0.000000
0.000000
0.000000
0.000000
0.024290
0.000013
0.050498
0.000000
0.000000
0.999987
0.359653
0.000000
0.000000
0.000000
0.000000
0.000000
0.000000
0.000000
1.000000
0.000000
0.000000
0.000000
0.000000
0.000000
0.000000
0.000000
0.000000
0.000000
0.000000
0.000000
0.214167
0.000000
0.000000
0.957216
0.000186
0.000000
0.000000
0.000000
0.103321
0.000000
0.000000
0.000000
0.573710
0.244037
0.022022
0.000000
0.000000
1.000000
0.000000
0.285464
0.000000
0.000000
0.000000
0.000000
0.022828
0.000000
0.000000
0.019455
0.000000
0.000000
0.003102
0.047745
0.315677
0.000000
0.000000
0.000000
0.000000
0.000000
0.000000
0.000000
0.169123
0.000000
0.000000
0.000000
0.000000
0.912177
0.000000
0.000000
0.000000
0.241410
0.000000
0.000000
0.000000
0.022422
0.000000
0.000000
0.000000
0.000000
0.000000
0.000000
0.000000
0.000000
0.000000
0.003011
0.000000
0.000000
0.000000
0.000000
0.000000
0.034247
0.000000
0.000000
0.000000
0.000000
0.000000
0.000000
0.000000
0.000000
0.000000
0.000000
0.000000
0.000000
0.000000
0.000000
0.000000
0.000000
0.000000
0.000000
0.000000
0.000000
0.120626
0.000000
0.001554
0.000000
0.001846
0.000000
0.000000
0.000000
0.862119
0.205437
0.005705
0.000000
0.000000
0.000000
0.000000
0.000000
0.084893
0.000000
0.626642
0.000000
0.000000
0.000000
0.109391
0.003653
0.001897
0.000000
0.000000
0.000000
0.000000
0.000000
0.000000
0.554152
0.000000
0.005667
0.000000
0.000000
0.000000
0.000000
0.013410
0.328721
0.000000
0.000000
0.062271
0.000000
0.000000
0.000000
0.000000
0.000000
0.000000
0.000000
0.000000
0.000381
0.000000
0.000000
0.032311
0.000000
0.000000
0.000000
0.000000
0.091201
0.000000
0.000000
0.000000
0.000181
0.092500
0.000000
0.000000
0.073648
0.077346
0.485963
0.000000
0.000000
0.000000
0.000000
1.000000
0.000000
0.000000
0.000000
0.000000
0.979551
0.000000
0.000000
1.000000
0.000000
0.017132
0.099290
0.000000
0.000000
0.170526
0.000000
0.000000
1.000000
0.000000
0.002316
0.000000
0.000000
0.000000
0.000000
0.422966
0.296748
0.000000
0.000000
0.000000
0.646630
0.000000
0.000000
0.000000
0.000000
0.000000
0.000088
0.000000
0.000000
0.000000
0.000000
0.000000
0.000000
0.000000
0.019937
0.000000
0.000000
0.342433
0.000000
0.000000
0.191814
0.000000
0.000000
0.000000
0.939078
0.127873
0.000000
0.258862
0.999857
0.000000
0.000000
0.000000
0.000000
0.070763
0.000000
0.604730
0.000000
0.000000
0.000000
0.000000
0.000000
0.000000
0.941948
0.364928
0.000000
0.000000
0.000000
0.179912
0.057599
0.000000
0.760398
0.000000
0.000000
0.326060
1.000000
0.000000
0.000000
0.661121
0.000000
0.069671
0.000000
0.375330
0.000000
0.035261
0.792318
0.000000
0.000000
0.000000
0.634155
0.000000
0.000000
0.060103
0.000000
0.000000
0.307031
0.061909
0.005382
0.000000
0.000000
0.000000
0.002578
0.000000
0.000000
0.000000
0.000215
0.000000
0.000000
0.139268
0.000000
0.000000
0.000000
0.000000
0.027818
0.974636
0.000000
0.004811
0.000000
0.000000
0.000000
0.000000
0.000000
0.098921
0.027277
0.000000
0.000000
0.000000
0.000000
0.999999
0.000000
0.000000
0.000000
0.118202
0.000000
0.067457
0.000000
0.079407
0.000000
0.999937
0.000000
0.991027
1.000000
0.000000
0.864720
0.046230
0.000693
0.996055
0.104839
0.000000
0.000940
0.000000
0.000000
0.000000
0.000000
0.000000
0.000000
0.000000
0.818727
0.000000
0.000000
0.000000
0.000000
0.060278
0.000000
0.670307
0.000000
0.063117
0.002187
0.000000
0.000000
0.000000
0.000000
0.000000
0.000000
0.000000
0.240240
0.000000
0.474775
0.000000
0.021926
0.000000
0.000936
0.002526
0.000000
1.000000
0.000000
0.000000
0.000000
0.051720
0.000000
0.129276
0.000000
0.000000
0.000000
0.002253
0.000000
0.000000
0.055046
0.000000
0.000000
0.000000
0.000000
0.000000
0.046936
0.000000
0.000000
0.000000
0.999683
0.000000
0.005400
0.000000
0.000000
0.009335
0.000000
0.000000
0.000000
0.025810
0.000000
0.000000
0.999990
0.000000
0.047296
0.112424
0.018231
0.000000
0.000000
0.040683
1.000000
0.000000
0.000000
0.000000
0.000000
0.000000
0.466479
1.000000
0.000000
0.000000
0.000000
1.000000
0.000000
0.000000
0.000000
0.000000
0.000000
0.000000
0.000000
0.000000
0.000000
0.000000
0.000000
0.000000
0.000000
0.305680
0.000000
0.000000
0.998713
0.997487
0.000000
0.159535
0.000000
0.000000
1.000000
0.163812
0.000000
0.000000
0.032501
0.000000
0.000000
0.053078
0.000000
0.000000
1.000000
0.000000
0.000000
0.000000
0.000000
0.000000
0.000000
0.000000
0.000384
0.003038
0.000000
0.000000
0.015816
0.000000
0.000000
1.000000
0.000000
0.000000
0.000000
0.000000
0.000000
0.000017
0.000000
0.000000
0.000000
0.000000
0.000000
0.000000
0.000000
0.345038
0.000000
0.000000
0.000000
0.000000
0.980542
0.000000
0.077485
0.000000
0.132718
0.000000
0.000000
0.000000
0.135088
0.054946
0.000000
0.000000
0.000000
0.000000
0.000000
0.160461
0.000000
0.000000
0.000000
0.000000
0.782338
0.000000
0.000000
0.037052
0.000000
0.000000
0.225244
0.000000
0.753954
0.009909
0.000000
0.000000
0.000000
0.000104
0.000000
0.019054
0.000000
0.000000
0.000000
0.000000
0.000000
0.000000
0.000000
0.001019
0.000000
0.443716
0.000000
0.033286
0.000000
0.000000
0.000000
0.000000
0.000000
0.609163
0.000000
0.000000
0.000000
0.000000
0.279973
0.000000
0.000000
0.000000
0.000000
0.000000
0.002682
0.000000
0.000000
0.080943
0.000000
0.189761
0.090136
0.000000
0.006006
0.469268
0.969907
0.015540
0.000000
0.000000
0.000000
0.000000
0.000000
0.000000
0.000000
0.000000
0.042916
0.000000
0.000000
0.000000
0.999978
0.000000
0.000000
0.000000
0.421543
0.000000
0.000000
0.000000
1.000000
0.317017
0.000000
0.270201
0.000000
0.000000
0.000000
0.000000
0.000000
0.000000
0.000000
0.000000
0.096936
0.000000
0.000000
0.000000
0.572983
0.077580
0.000000
0.000000
0.000000
0.000000
0.000000
0.000000
0.007288
0.000000
0.000000
0.000000
0.000000
0.187424
0.008961
0.183455
0.234630
0.000000
0.000000
0.001871
0.000000
0.000000
0.000000
0.000000
0.404178
0.000000
0.000000
0.000958
0.000000
0.000000
0.000000
0.089561
0.000000
0.000000
0.000000
0.010562
0.000000
0.006203
0.004184
0.000000
0.000000
0.018837
0.664817
0.000000
0.000000
0.000000
0.983648
0.000000
0.000000
0.327577
0.000000
0.000000
0.000000
0.000000
0.000000
0.000000
0.000000
0.000000
0.000000
0.000000
0.000000
0.000000
0.000000
0.000000
0.000000
0.000000
0.000000
0.135444
0.000000
0.000000
0.000000
0.000000
0.000000
0.242772
0.003690
0.002319
0.030139
0.000000
0.000000
0.202327
0.065900
0.197666
0.098320
0.026358
0.000000
0.000000
0.000000
0.214864
0.000000
0.000000
0.996385
0.000000
0.000000
0.000000
0.000000
0.005544
0.000000
0.000000
0.000000
0.007041
0.461520
0.659584
0.000000
0.000000
0.000000
0.000000
0.000000
0.000000
0.000000
0.000000
0.000000
0.000000
0.000000
0.000000
0.000000
0.022336
0.000000
0.000000
0.045795
0.364861
0.000000
0.000000
0.000000
0.000000
0.993791
0.374080
0.000000
0.000000
0.398131
0.000000
0.000000
0.000000
0.744005
0.959240
0.000000
0.000000
0.000000
0.000000
0.000000
0.000000
0.367173
0.000000
0.037743
0.000000
0.077270
0.000000
0.000000
0.000000
0.000000
0.000000
0.000000
0.000000
0.000000
0.000000
0.000000
0.138512
0.000740
0.433137
0.000000
0.074108
0.000000
0.000000
0.275289
0.002508
0.000000
0.000000
0.000000
0.000000
0.000000
0.000000
0.292149
0.000000
0.000000
0.000000
0.000000
0.000100
0.345564
0.000000
0.000000
1.000000
0.000000
0.000000
0.083858
0.000000
0.000000
0.000000
0.000000
0.000000
0.000000
0.116571
0.000000
0.000000
0.168805
0.000000
0.000454
0.000000
0.000000
0.000000
0.015562
0.000000
0.000000
0.000000
0.000000
0.000014
0.123059
0.000000
0.000000
0.712914
0.438292
0.541379
0.000000
0.000000
0.341114
0.000000
0.402289
0.000000
0.000000
0.033539
0.000000
0.000000
0.000000
0.000000
0.037895
0.163159
0.000000
0.000000
0.000000
0.000000
0.000000
0.684955
0.000000
0.000000
1.000000
0.000000
0.000000
0.000000
0.000000
0.000000
0.029199
0.020301
0.000000
0.000000
0.000000
0.000000
0.000000
0.000000
0.000000
0.083506
0.000000
0.020385
0.000000
0.000000
0.000000
0.000000
0.182327
0.009592
0.000000
0.000000
0.000000
0.721719
0.000000
0.000000
0.000000
0.000000
0.000000
0.000000
0.000000
0.001683
0.000000
0.000000
0.000000
0.009915
0.000000
0.105988
0.000000
0.000000
0.000000
0.145380
0.000000
0.000000
0.000000
0.619598
0.000000
0.419620
0.000000
0.000000
0.000000
0.453472
0.000000
0.000000
0.082002
0.000000
0.000000
0.000000
0.000000
0.000000
0.000000
0.000000
0.000000
0.000000
0.000000
0.001148
0.089985
0.000000
0.000000
0.018871
0.000000
0.000000
0.000000
0.000000
0.000000
0.000000
0.000000
0.000000
0.000205
0.000000
0.000000
0.000000
0.000000
0.000000
0.549135
0.000000
0.032441
0.000000
0.090039
0.000000
0.692119
0.000000
0.059190
0.000000
0.998124
0.000000
0.000000
0.000000
0.058058
0.000000
0.000000
0.000000
0.000000
0.000000
0.118907
0.266616
0.000000
0.000000
0.000000
0.000000
0.000000
0.303359
0.000000
0.000000
0.094524
0.235482
0.000000
0.000000
0.000000
0.000000
0.000000
0.000000
0.112934
0.000000
0.000000
0.000000
0.000000
0.000000
0.000000
0.000000
0.000000
0.000000
0.000000
0.000000
0.000000
0.000000
0.000000
0.000000
0.126287
0.000000
0.120438
0.471512
0.000000
0.000000
0.579869
0.000000
0.000000
0.000000
0.057221
0.000000
0.000000
0.000000
0.106472
0.000000
0.047894
0.058709
0.000000
0.000000
0.000000
0.577931
0.000000
0.000000
0.000000
0.609359
0.000000
0.000000
0.000000
0.000000
0.000000
0.023348
0.000000
0.138804
0.196352
0.000000
0.000000
0.065844
0.071322
0.000866
0.000000
0.000000
0.006594
0.000000
0.072417
0.000000
0.000000
0.999998
0.021729
0.000000
0.000000
0.274941
0.519024
0.000000
0.157056
0.046592
0.000000
0.000000
0.031556
0.000000
0.000935
0.000000
0.000000
0.000000
0.885838
0.000000
0.050600
0.000000
0.000000
0.000000
1.000000
0.000000
0.000000
0.000000
0.095618
0.000000
0.000000
1.000000
0.000000
0.000000
0.277775
0.665996
0.000000
0.000000
0.000000
0.000000
0.379071
0.000000
0.413280
0.003960
0.000000
0.000000
0.037795
0.006288
0.142432
0.000000
0.000000
0.000000
0.000099
0.237293
0.000000
0.000000
0.797118
0.000000
0.000000
0.000000
0.000000
0.000001
0.000000
0.000000
0.000000
0.206716
0.000000
0.000000
0.000000
0.000000
0.001261
0.000000
0.328550
0.000000
0.000000
0.000000
0.000000
0.004413
0.000000
0.927741
0.199987
0.080563
0.316855
0.000000
0.044135
0.546698
0.043640
0.082724
0.456589
0.000000
0.000000
0.006562
0.000000
0.000000
0.507720
0.000000
0.000000
0.508208
0.000000
0.000000
0.000000
0.000000
0.000000
0.949719
0.000000
0.212984
0.000000
0.000000
0.000000
0.000000
0.000000
0.259388
0.119128
0.000000
0.000000
0.000000
0.000000
0.000000
0.000000
0.012760
0.000000
0.000000
0.000000
0.000000
0.000000
0.000000
0.072621
0.000000
0.932022
0.524959
0.215351
0.033663
0.000000
0.047269
0.000000
0.000000
0.000000
0.000000
0.000000
0.000000
0.000000
0.052431
0.326580
0.009639
0.343974
0.000000
0.000000
0.000000
0.638849
0.000000
0.000000
0.000000
0.000000
0.987269
0.000000
0.000000
0.000000
0.000000
0.034278
0.000000
0.000000
0.053084
0.000152
0.000000
0.000000
0.000000
0.000000
0.038015
0.000000
0.150885
0.000000
0.000000
0.000000
0.000000
0.007210
0.000682
0.000000
0.000000
0.000000
0.000000
0.000000
0.000000
0.247444
0.000000
0.000000
0.000000
0.000000
0.000000
0.000000
0.000000
0.000000
0.000000
0.085605
0.012652
0.000000
0.000000
0.000000
0.000000
0.000000
0.000000
0.000000
0.000000
0.062989
0.000000
0.000000
0.000000
0.007150
0.145078
0.005146
0.771793
0.006941
0.000000
0.949870
0.002651
0.000000
0.000000
0.000000
0.000000
0.000000
0.000000
0.894978
0.000000
0.000000
0.904718
0.000000
0.000000
0.000000
0.000000
0.000000
0.000000
0.383455
0.153171
0.000000
0.000000
0.000000
0.478632
0.000000
1.000000
0.183531
0.000000
0.000000
0.000000
0.000000
0.206458
0.000000
0.000000
0.292367
0.000000
0.644396
0.000000
0.000003
0.000000
0.071254
0.018484
0.000000
0.337090
0.000000
0.254855
0.768041
0.999920
0.000000
0.999998
0.000000
0.004238
0.004189
0.000000
0.229496
0.000000
0.000000
0.000000
0.000000
0.000000
0.000000
0.000000
0.031576
0.000000
0.000000
0.000000
0.000000
0.701771
0.000000
0.000000
0.000000
0.000000
0.000000
0.000000
0.000000
0.000000
0.000000
0.189772
0.000000
0.000000
0.000000
0.000000
0.000000
0.049461
0.000000
0.872268
0.000000
0.000000
0.000000
0.000000
0.006493
0.969779
0.000000
0.000000
0.000000
0.247069
0.000000
0.000000
0.000000
0.000000
0.000000
0.000000
0.114124
0.000000
0.053634
0.021146
0.219338
0.472073
0.000000
0.000000
0.628011
0.611127
0.893849
0.000000
0.000000
0.000000
0.000000
0.999703
0.000000
0.000000
0.000000
0.000000
0.000000
0.000000
0.000000
0.011823
0.000095
0.242090
0.000000
0.000000
0.864185
0.137794
0.000000
0.101769
0.000000
0.000000
0.000000
0.898137
0.000000
0.302139
0.000000
0.000000
0.000000
0.299575
0.003395
0.000000
0.008075
0.109609
0.000000
0.000000
0.000000
0.000000
0.182757
0.000000
0.000000
0.000000
0.000000
0.000000
0.006490
0.000000
0.000000
0.000000
0.000000
0.000000
0.000000
0.000000
0.193379
0.003366
0.000000
0.478103
0.000000
0.096652
0.000000
0.000000
0.000000
0.000000
0.099519
0.331486
0.000000
0.000000
0.000000
0.000000
0.000000
0.000000
0.000000
0.000000
0.000000
0.115426
0.000000
0.127482
0.000000
0.012308
0.729452
0.000110
0.000000
0.000000
0.000000
0.000000
0.012949
0.142250
0.000000
0.010696
0.000000
0.000000
0.000000
0.000000
0.000000
0.000000
0.000000
0.000000
0.149634
0.000000
0.785312
0.000000
0.000000
0.000000
0.000000
0.663279
0.000000
0.329632
0.032935
1.000000
0.000000
0.000000
0.629306
0.000000
0.001620
0.000000
0.000000
0.000000
0.000000
0.000000
0.000000
0.000000
0.000000
0.000000
0.000000
0.000000
0.000000
0.000000
0.000000
0.000000
0.000000
0.000000
0.045414
0.000000
0.000000
0.000000
0.000000
0.000000
0.163177
0.000000
0.000000
0.309115
0.000000
0.000000
0.000000
0.000000
0.000000
0.000000
0.000000
0.000000
0.000000
0.012384
0.000000
0.000000
0.000000
0.000000
0.426665
0.000000
0.000000
0.000000
0.000000
0.000000
0.000000
0.000000
0.000000
0.000000
0.000000
0.000000
0.000000
0.000000
0.000000
0.000000
0.000000
0.074228
0.000000
0.000000
0.000007
0.000000
0.000000
0.000000
0.000000
0.000000
0.063623
0.000000
0.000000
0.000000
0.000000
0.000000
0.695258
0.100011
0.002282
0.000000
0.000000
0.000000
0.000000
0.000000
0.000000
0.000000
0.010439
0.000000
0.000000
0.000000
0.000000
0.000668
0.000358
0.322920
0.322255
0.000000
0.000000
0.000000
0.000000
0.000000
0.131986
0.000000
0.000000
0.000000
0.000000
0.212690
0.000000
0.866585
0.000000
0.000000
0.039094
0.000000
0.000000
0.000000
0.000000
0.000000
0.000000
0.000000
0.134668
0.000000
0.105340
0.598586
0.940333
0.141733
0.000000
0.000000
0.000000
0.585192
0.000000
0.000000
0.000000
0.000004
0.000000
0.000000
0.000000
0.000000
0.035163
0.063573
0.000000
0.000000
0.000000
0.000000
0.000000
0.005688
0.000000
0.000000
0.000000
0.120154
0.007255
0.000000
0.201058
0.000000
0.316936
0.000000
0.358094
0.000000
0.228947
0.014170
0.129282
0.145833
0.000000
0.000000
0.000000
1.000000
0.205278
0.000000
0.000000
0.001953
0.000000
0.000000
0.000000
0.000000
0.000000
0.011569
0.000000
0.000000
0.000000
0.008137
0.094728
0.000000
0.000000
0.004774
0.000000
0.000000
0.000000
0.000000
0.000000
0.001540
0.000000
0.000000
0.000007
0.000000
0.885423
0.000000
0.000000
0.000000
0.000000
0.000000
0.000000
0.000000
0.000000
0.012881
0.370725
0.000000
0.113769
0.000000
0.999982
0.186509
0.000000
0.000000
0.000000
0.000000
0.000000
0.000000
0.000000
0.000000
0.863111
0.000000
0.000000
0.000000
0.956222
0.000000
0.000000
0.014709
0.010039
0.966255
0.000000
0.997870
0.000000
0.000000
0.000000
0.054742
0.000000
0.000000
0.000000
0.339983
0.000000
0.000000
0.000000
0.000000
0.055522
0.819989
0.000000
0.000000
0.000000
0.000000
0.000000
0.225733
0.007219
0.254905
0.000000
0.001988
0.052048
0.000000
0.000000
0.000000
0.264470
0.000000
1.000000
0.000000
0.000000
0.000000
0.000000
0.000000
0.000000
0.000000
0.724568
0.000000
0.000000
0.000000
0.000000
0.185703
0.000000
0.000000
0.078502
0.708147
0.043118
0.290745
0.000000
0.000000
0.014142
0.000000
0.000000
0.000000
0.000000
0.000000
0.000000
0.000000
0.029054
0.000000
0.000000
0.000000
0.000000
0.000000
0.999961
0.000000
0.196210
0.822325
0.000000
0.000000
0.000000
0.000000
0.000000
0.000005
0.000114
0.000000
0.000000
0.184156
0.378900
0.000000
0.000000
0.000000
0.000000
0.000664
0.000000
0.000000
0.000000
0.000000
0.000000
0.000000
0.000000
0.000000
0.000000
0.000000
0.000000
0.030733
0.000000
0.000000
0.042871
0.817561
0.000000
0.000000
0.000000
0.000000
0.000000
0.004418
0.000000
0.000000
0.000000
0.000000
0.150396
0.000000
0.000000
0.000000
0.999922
0.000000
0.117499
0.000000
0.000000
0.201950
0.000000
0.000000
0.016044
0.000000
0.000000
0.000000
0.381507
0.432849
0.996406
0.000000
0.000000
0.056283
0.000000
0.415904
0.000000
0.000000
0.596410
0.015945
0.000000
0.003120
0.000000
0.174635
0.180058
0.000000
0.135749
0.000000
0.000000
1.000000
0.011828
0.202728
0.000000
0.000000
0.000000
0.928693
0.000000
0.000000
0.000000
0.297370
0.000000
0.000000
0.000000
0.000000
0.000000
0.000000
0.258586
0.013560
0.000000
0.000000
0.003127
0.000000
0.059337
0.019655
0.000000
0.000000
0.000000
0.000000
0.487059
0.000000
0.000000
0.063091
0.000000
0.000000
0.000000
0.000000
0.000000
0.000059
0.993935
0.000000
0.000000
1.000000
0.000000
0.000000
0.000073
0.000000
0.000000
0.000000
0.000373
0.029659
0.000000
0.000000
0.000000
0.026612
0.000000
0.000000
0.002722
0.000000
0.000000
0.000000
0.026346
0.000000
0.000000
0.067929
0.000000
0.000000
0.000000
0.225012
0.000000
0.620903
0.148736
0.000000
0.000000
0.000000
0.000000
0.108169
0.000000
0.000000
0.000000
0.000000
0.374139
0.000000
0.016893
0.610428
0.000000
0.000000
0.000385
0.016691
0.000000
0.161274
0.000000
0.038451
0.000000
0.611659
0.000000
0.237345
0.000000
0.000000
0.000000
0.000000
0.000000
1.000000
0.000000
0.042331
0.000000
0.000000
0.000000
0.125948
0.000000
0.000000
0.000000
0.000000
0.000000
0.022033
0.706326
0.099954
0.000000
0.000000
0.000000
0.000000
0.013157
0.108434
0.000010
0.000000
0.000000
0.000000
0.000000
1.000000
0.000000
0.965287
0.285307
0.130592
0.000000
0.079229
0.000000
0.020583
0.000000
0.013305
0.000000
0.000000
0.000000
0.000000
0.211839
0.795300
0.154197
0.000000
0.000000
0.000000
0.754107
0.017642
0.000000
0.000000
0.546912
0.000000
0.000000
0.000000
0.000000
0.375943
0.000000
0.000000
0.308842
0.000000
0.000000
0.000000
0.234309
0.402711
0.000000
0.000000
0.120542
0.000000
0.409137
0.026483
0.000000
0.000000
0.234784
0.000000
0.000000
0.000000
0.000000
0.000000
0.000000
0.002468
0.000000
0.000000
0.000000
0.000000
0.000000
0.551527
0.000000
0.000000
0.000000
0.999861
0.000000
0.000000
0.000000
0.000000
0.000000
0.000000
0.000000
0.000000
0.606679
0.000000
0.116998
0.000000
0.000000
0.000000
0.000000
0.000000
1.000000
0.000000
0.003691
0.000000
0.439012
0.000000
0.000000
0.690982
0.027624
0.000000
0.000000
0.024775
1.000000
0.000000
0.000000
0.998561
0.000000
0.000000
0.000000
0.000000
0.027381
0.627278
0.000000
0.000000
1.000000
0.000000
0.000000
0.000635
0.000000
0.445058
0.000000
0.000000
0.000000
0.732948
0.102255
0.000000
0.254736
1.000000
0.000000
0.000000
0.868552
0.000000
0.000000
0.277073
0.898475
0.000000
0.000000
0.000000
0.000000
0.000000
0.000000
0.000000
0.000000
0.000000
0.000000
0.000000
0.182155
0.000000
0.828529
0.000000
0.251207
0.000000
0.000000
0.433489
0.000000
0.099365
0.011690
0.000000
0.000000
0.000000
0.000000
0.000000
0.074816
0.000000
0.000000
0.000000
0.005007
0.377985
0.069511
0.576645
0.099105
0.000000
0.000000
0.000000
0.000000
0.000000
0.003689
0.000000
0.000000
0.000000
0.000000
0.748163
0.000000
0.000000
0.000000
0.021786
0.005314
0.000000
0.000000
0.136622
0.000000
0.000000
0.000000
0.000068
0.000000
0.001081
0.000000
0.000000
0.000000
0.000000
0.000000
0.000000
0.049990
0.238251
0.000000
0.091958
0.000000
0.000000
0.000000
0.000000
0.000000
0.993122
0.274769
0.000000
0.277152
0.000000
0.186310
0.477930
0.997489
0.000000
0.000000
0.000000
0.000000
0.000000
0.000000
0.000491
0.000000
0.176704
0.000000
0.417865
0.000000
0.870853
0.000000
0.000000
0.000000
0.000000
0.000000
0.091808
0.116212
0.196611
0.000000
0.000000
0.000000
0.160510
0.004032
0.000000
0.000000
0.000000
0.000000
0.078584
0.015469
0.000000
0.292797
0.000000
0.204988
0.057501
0.000000
0.808816
0.000000
0.000000
0.000000
0.000000
0.000000
0.000000
0.000000
0.000000
0.000000
0.000000
0.000000
0.000000
0.000000
0.000000
0.000000
0.000000
0.722088
0.000000
0.001063
0.020823
0.004517
0.000000
0.000000
0.000000
0.030788
0.053434
0.000000
0.000000
0.000000
0.000000
0.598440
0.000000
0.000000
0.178187
0.814398
0.000000
0.000000
0.000000
0.132406
0.000000
0.000000
0.549110
0.000000
1.000000
0.000000
0.000000
0.000000
0.000000
0.000000
0.000000
0.000000
0.000000
0.365153
0.000000
0.098114
0.000000
0.000000
0.031564
0.302265
0.000000
0.247788
0.000000
0.000000
0.000000
0.056090
0.000000
0.000000
0.000000
0.000000
0.000000
0.005884
0.000000
0.000232
0.000000
0.955753
0.000000
0.000000
0.346059
0.000000
0.000000
0.208513
0.122346
0.000000
0.000000
0.000000
0.000000
0.000000
0.000000
0.076474
0.000000
0.000000
0.346601
0.000000
0.000000
0.000000
0.000000
0.449695
0.077871
0.000000
0.814478
0.000000
0.000000
0.000000
0.000000
0.000000
0.140724
0.000000
0.000000
0.000000
0.000000
0.000000
0.000000
0.000000
0.422385
0.000000
0.000000
0.000000
0.318185
0.000000
1.000000
0.014413
0.000000
0.000000
0.000000
0.000000
0.000000
0.570608
0.798046
0.000000
0.000000
0.000000
0.000000
0.000000
0.369496
0.000000
0.073352
0.899711
0.355069
0.000024
0.113425
0.000000
0.000000
0.000000
0.000000
0.000000
0.000000
0.001242
0.000000
0.000000
0.000000
0.023371
0.000000
0.007287
0.081377
0.000000
0.000000
0.904451
0.617291
0.000000
0.000000
0.000000
0.333996
0.000000
0.000000
0.000000
0.000000
0.001338
0.000000
0.000000
0.000000
0.000000
0.000000
0.000000
0.000000
0.000000
0.000000
1.000000
0.000000
0.000000
0.000000
0.112767
0.999722
0.000000
0.016577
0.342408
0.000000
0.000000
0.000000
0.000000
0.003784
0.000000
0.922600
0.000000
0.000000
0.000000
0.000000
0.000000
0.000000
0.000000
0.000000
0.000000
0.997900
0.000000
0.457058
0.000000
0.000000
0.000000
0.000000
0.000000
0.000000
0.830213
0.000000
0.245489
0.000000
0.000000
0.000000
0.000000
0.000000
0.000000
0.000000
0.000000
0.000000
0.000000
0.000000
0.000000
0.000000
0.000000
0.000000
0.000000
0.000000
0.033614
0.000000
0.590603
0.000000
0.000000
0.000000
0.000000
0.000000
0.532311
0.000000
0.005776
0.000000
0.000000
0.877181
0.000000
0.558195
0.366797
0.000000
0.000000
0.000000
0.000000
0.000000
0.480422
0.000000
0.000000
0.502459
0.000000
0.000000
0.000000
0.003574
0.154011
0.826575
0.000000
0.000000
0.041809
0.000000
0.000000
0.068645
0.000000
0.000000
0.000000
0.000000
0.000000
0.000128
0.000590
0.000000
0.000000
0.166707
0.000000
0.000000
0.000000
0.000000
0.066170
0.000000
0.189410
0.000000
0.000000
0.000000
0.000000
0.000000
0.000000
0.043434
0.000000
0.007316
0.000000
0.168631
0.142793
0.000000
0.037406
0.000000
0.000000
0.000000
0.000000
0.000000
0.000000
0.000000
0.000000
0.643581
0.000000
0.000000
0.025523
0.034077
0.000000
0.258393
0.000000
0.000000
0.000000
0.213419
0.000000
0.000000
0.000000
0.007965
0.000000
0.138096
0.991797
0.003526
0.000000
0.000000
0.000000
0.000000
0.000000
0.000000
0.000000
0.000000
0.000000
0.969151
0.325368
0.000000
0.549146
0.000000
0.000000
0.000000
0.000000
0.076391
0.000000
0.000000
0.000000
0.000000
0.000000
0.000000
1.000000
0.691838
0.000000
0.374487
0.000000
0.000000
0.000000
0.039362
0.000000
0.000000
0.000000
0.000000
0.447587
0.000000
0.000000
0.088972
0.000000
0.232578
0.000000
0.000000
0.000000
0.000000
0.000000
0.000000
0.000000
0.000000
0.000000
0.000000
0.000000
0.000000
0.000000
0.000000
0.635931
0.000000
0.000000
0.000000
0.000000
0.000000
0.000000
0.000000
0.000000
0.000000
0.000000
0.000000
0.000000
0.000000
0.005216
0.000000
0.000000
0.000000
0.000000
0.010948
0.000000
0.000000
0.000000
0.000000
0.000000
0.166499
0.080799
0.000000
0.000000
0.763410
0.000000
0.000000
0.143450
0.016950
0.000000
0.000000
0.000000
0.000000
0.000000
0.000000
0.000000
1.000000
0.000000
0.000000
0.000000
0.085299
0.000000
0.000000
0.947336
0.000779
0.000000
0.001467
0.000000
0.000113
0.000000
0.105032
0.000000
0.000000
0.000000
0.000000
0.000000
0.000000
0.433999
0.000000
0.000000
0.018447
0.000000
0.630320
0.000000
0.000000
0.000000
0.000000
0.066279
0.000000
0.010455
0.039245
0.000000
0.296456
0.000000
0.000000
0.000000
0.384846
0.000000
0.000000
0.000000
0.000000
0.000000
0.000000
0.000000
0.000000
0.013780
0.234538
0.482045
0.000000
0.000000
0.213350
0.095776
0.000000
0.101277
0.000000
0.000000
0.000000
0.000000
0.000000
0.000000
0.014260
0.000000
0.000000
0.000000
0.000000
0.000000
0.000001
0.000000
0.000000
0.000000
0.000000
0.007666
0.404287
0.000000
0.057235
0.000000
0.000000
0.000000
0.000000
0.013716
0.000000
0.000000
0.000000
0.008111
0.000000
0.000000
0.000000
0.000000
0.000000
0.252001
0.000000
1.000000
1.000000
0.000000
0.000000
0.000000
0.136724
0.000000
0.767094
0.000000
0.000000
0.898734
0.013301
0.000000
0.000000
0.000000
0.208088
0.001954
0.000000
0.999862
0.000000
0.000000
0.000000
0.289121
0.000000
0.000000
0.000000
0.000000
0.000000
0.000000
0.625580
0.414173
0.335257
0.085420
0.671944
0.000000
0.063543
0.322319
0.376849
0.000000
0.000000
0.000000
0.000000
0.000000
0.000000
0.000000
0.736788
0.015780
0.012572
0.000000
0.000000
0.000000
0.038488
0.604543
0.000000
0.019671
0.144743
0.000000
0.000000
0.000000
0.000000
0.000000
0.000000
0.000000
0.000000
0.000000
0.000000
0.000000
0.000000
0.018830
0.000000
0.005261
0.000000
0.000000
0.000000
0.872106
0.000000
0.068667
0.000000
0.004723
0.000000
0.000000
0.000000
0.286182
0.731035
0.000000
0.000000
0.000000
0.000000
0.000000
0.000000
0.009272
0.482644
0.000000
0.000000
0.000000
0.000000
0.000000
0.000000
0.000146
0.000000
0.000000
0.191113
0.000000
0.000000
0.000000
0.000000
0.000000
0.018072
0.019008
0.000000
0.000000
1.000000
0.802055
0.000000
0.000000
0.000000
0.000000
0.005811
0.000000
0.000000
0.000000
0.000000
0.000000
0.022270
0.000000
0.000000
0.000000
0.000000
0.000000
0.019893
0.000000
0.022529
0.522126
0.000000
0.001378
0.140770
0.000000
0.028219
1.000000
0.000000
0.000000
0.027929
0.355230
0.000000
0.018885
0.154762
0.046636
0.000000
0.000000
0.576172
0.000000
0.070521
0.000000
0.000000
0.000000
0.000000
0.000000
0.000000
0.000000
0.000000
0.003603
0.000000
0.000000
0.000000
0.000000
0.000000
0.777052
0.000000
0.000000
0.118729
0.000000
0.005975
0.521661
0.000000
0.019890
0.000000
0.000000
0.000000
0.097958
0.000000
0.000000
0.000000
0.000000
0.000000
0.000000
0.253867
0.000000
0.158092
0.000000
0.000000
0.039465
0.000000
0.000000
0.000000
0.000000
0.000000
0.000000
0.110575
0.000540
0.000000
0.000000
0.000000
0.000000
0.000000
0.000000
0.000000
0.000000
0.000000
0.000000
0.000000
0.000000
0.079352
1.000000
0.000000
0.000719
0.518235
0.000000
0.008817
0.003016
0.000000
0.000000
0.000000
0.000000
0.000000
0.000000
0.000000
0.000000
0.000000
0.000000
0.010967
0.000000
0.000000
0.000000
0.013252
0.264958
0.000000
0.002810
0.000000
0.000000
0.080406
0.000000
0.000000
0.000000
0.000000
0.000000
0.869167
0.000000
0.236860
0.000000
0.999516
0.000000
0.065633
0.000000
0.000000
0.191775
0.000000
0.000000
0.000000
0.000000
0.000000
0.527398
0.000000
0.218539
0.000000
0.000000
0.000000
0.000000
0.000000
0.736291
0.000000
0.000000
0.000000
0.000000
0.825179
0.000000
0.138297
0.000000
0.003625
0.890765
0.092254
0.000000
0.276940
0.109147
0.013111
0.000000
0.000000
0.000000
0.000000
0.000000
0.000000
0.000000
0.000000
0.000000
0.000000
0.000000
0.049007
0.007435
0.000000
0.000000
1.000000
0.000000
0.000000
0.000000
0.000000
0.059507
0.000000
0.000000
0.746094
0.000000
0.000000
0.000000
0.000000
0.000000
0.000000
0.000000
0.000000
0.222945
0.000058
0.000000
0.106279
0.000000
0.000000
0.000000
0.000000
0.031327
0.016489
0.000000
0.000000
0.000000
0.000002
0.000000
0.176995
0.000000
0.000000
0.000000
0.000000
0.000000
0.001720
0.000000
0.000000
0.000000
0.002040
0.456139
0.000000
0.340694
0.052994
0.000000
0.000000
0.000000
0.001976
1.000000
0.000000
0.000000
0.029089
0.000000
0.000000
0.000000
0.000000
0.022042
0.000000
0.000000
0.000000
0.000000
0.000000
0.000000
0.019581
0.999875
0.651279
0.000000
0.000000
0.000000
0.017524
0.000000
0.000000
0.067959
0.000000
0.000000
0.000000
0.000000
0.000000
0.000000
0.000000
1.000000
0.010779
0.000000
0.002192
0.413771
0.808777
0.000000
0.914652
0.000000
0.000000
0.000000
0.000000
0.000000
0.000000
0.000000
0.000000
0.017425
0.006800
0.000000
0.000000
0.000000
0.000000
0.568600
0.000000
0.000000
0.000000
0.000000
0.000000
0.000000
0.000000
0.000000
0.013682
0.000000
0.247168
0.013403
0.000000
0.000000
0.000000
0.035895
0.000000
0.279644
0.003417
0.000000
0.000000
0.306513
0.000000
0.000311
0.754528
0.171006
0.000000
0.000000
0.000000
0.000000
0.000000
0.000000
0.151038
0.000000
0.000000
0.000000
0.000000
0.504612
0.000000
0.025437
0.000000
0.000000
0.000000
0.000000
0.000000
0.512079
0.000000
0.626447
0.000000
0.000000
0.000000
0.067252
0.930033
0.027818
0.000000
0.000000
0.000000
0.000000
0.000129
0.000000
0.164309
0.000000
0.000000
0.000000
0.070151
0.284191
0.000000
0.000000
0.000000
0.000000
0.000000
0.148452
0.654015
0.000000
0.127642
0.000000
0.000000
0.000000
0.553521
0.000000
0.000000
0.000000
0.000000
0.128761
0.000000
0.980891
0.000000
0.000000
0.000000
0.000000
0.000000
0.000000
0.322172
0.000000
0.118963
0.000000
0.000000
0.033692
0.000000
0.000000
0.000000
0.000000
0.000000
0.000000
0.000000
0.000000
0.000000
0.000000
0.000000
0.000000
0.000000
0.000000
0.017186
0.147457
0.000000
0.249421
0.627267
0.000000
0.000000
0.000000
0.630384
0.184524
0.000000
0.000000
0.000000
0.000000
0.000000
0.000000
0.000000
0.000000
0.000000
0.000000
0.000000
0.000000
0.000000
0.000000
0.000000
0.005117
0.373883
0.000000
0.000000
0.000000
0.133904
0.000000
0.000000
0.000000
0.000000
0.482135
0.000000
0.011289
0.000000
0.000000
0.000000
0.387698
0.000000
0.000000
0.328221
0.987611
0.212946
0.000000
0.000000
0.003630
0.000271
0.000000
0.000000
0.000000
0.000000
0.000000
0.000000
0.000001
0.000000
0.000000
0.000000
0.000000
0.000000
1.000000
0.000000
0.029268
0.000000
0.043095
0.000000
0.000000
0.806886
0.000000
0.000000
0.000000
0.000000
0.000000
0.000000
0.000000
0.000000
0.322431
0.999264
0.000000
0.000000
0.537495
0.000000
0.000000
0.000000
0.000000
0.082433
0.000000
0.000000
0.000000
0.000000
0.000000
0.000000
0.000000
0.000000
0.007553
0.004082
0.042033
0.000000
0.000000
0.000000
0.000000
0.000000
0.001422
0.028787
0.000000
0.000000
0.000000
1.000000
0.175029
0.012304
0.000000
0.959445
0.227463
0.103824
0.015472
0.000000
0.000000
0.000000
0.000000
0.000000
0.000000
0.290415
0.000000
0.000000
0.000000
0.000000
0.000000
0.217122
0.000000
0.000000
0.000000
0.000000
0.000000
0.000000
0.000000
0.000000
0.000000
0.000000
0.000000
0.163587
0.035014
0.000000
0.000000
0.368099
0.013518
0.000000
0.025975
0.000000
0.000000
0.000000
0.000000
0.000000
0.000000
0.062394
0.000000
0.000000
0.000000
0.000000
0.416223
0.000000
0.000000
0.999976
0.000000
0.000000
0.000000
0.529391
0.000000
0.000000
0.011978
0.000000
0.000000
0.000000
0.999860
0.000000
0.000000
0.000000
0.000000
0.000000
0.000000
0.000000
0.673343
0.000000
0.010637
0.000000
0.000000
0.000000
0.000000
0.000000
0.014535
0.000000
0.216659
0.000000
0.000000
0.000000
0.000000
0.000000
0.000000
0.000000
0.000000
0.000000
0.000000
0.103140
0.100208
0.671379
0.000000
0.000000
0.000385
0.588121
0.000000
0.000000
0.000000
0.000000
0.000000
0.000000
0.000000
0.000000
0.000000
0.000000
0.000000
0.000000
0.000000
0.000000
0.053778
0.003974
0.000000
0.000000
0.000000
0.000000
0.000000
0.000000
0.192899
0.229084
0.039770
0.000000
0.000000
0.000000
0.000000
0.007989
0.000000
0.001039
0.000000
0.000000
0.013174
0.000000
0.000000
0.072988
0.000000
0.000000
0.481570
0.000000
0.000000
0.000000
0.000000
0.000000
0.000000
0.000000
0.000000
1.000000
0.000000
0.552397
1.000000
0.000008
0.000000
0.000000
0.907246
0.000000
0.164683
0.000000
0.000000
0.104532
0.998693
0.000000
0.020811
0.000000
0.000000
0.000000
0.037805
0.000000
0.000000
0.795053
0.000000
0.000000
0.000000
0.917605
0.000000
0.333257
0.000000
0.000000
0.000000
0.000000
0.000000
0.107478
0.208319
0.337190
0.000000
0.008364
0.000000
0.000000
0.007124
0.750058
0.000000
0.000000
0.000000
0.000266
0.000000
0.000000
0.000000
0.868384
0.000000
0.999946
0.000000
0.102187
0.000000
0.000000
0.000000
0.000000
0.310425
0.273364
0.011820
0.000000
0.000000
0.065553
0.311846
0.004278
0.000000
0.000000
0.059449
0.046011
0.013836
0.000000
0.175196
0.151748
0.297917
0.000000
0.001320
0.000000
0.000000
0.999996
0.007126
0.035322
0.288555
0.000000
0.000000
0.000000
0.000000
0.000000
0.000000
0.650153
0.000000
0.000000
0.000000
0.000000
0.000000
0.000000
0.002026
0.000000
0.000000
0.116714
0.000000
0.000000
0.000000
0.000000
0.287273
0.000000
0.000000
0.313155
0.000000
0.000000
0.000048
0.000000
0.000000
0.000000
0.000000
0.000000
0.000000
0.000000
0.055896
0.000000
0.052860
0.000000
0.384261
0.007790
0.000000
0.999348
0.000000
0.012475
0.000000
0.000000
0.000000
0.000000
0.015527
0.004821
0.000000
0.000000
0.000000
0.264285
0.000652
0.002446
0.000000
0.275859
0.000000
0.334935
0.000000
0.000000
0.000000
0.000000
0.000503
0.000000
0.000000
0.000000
0.000000
0.315403
0.036332
0.000000
0.000000
0.000000
0.838271
1.000000
0.000000
0.000000
0.000000
0.253696
0.000000
0.125687
0.000000
0.000000
0.005445
0.123450
0.000000
0.000000
0.000000
0.000000
0.000000
0.000000
0.000000
0.000000
0.000000
0.000000
0.052094
0.000000
0.000000
0.000000
0.000000
0.000000
0.022176
0.000000
0.074082
0.000000
0.054105
0.000000
0.000000
0.648120
0.104462
0.650051
0.000000
0.000000
0.000000
0.000000
0.000000
0.000000
0.994120
0.000000
0.000000
0.000000
0.000000
0.000000
0.156740
0.000000
0.000000
0.000000
0.000187
0.000000
0.970242
0.000000
0.000000
0.000000
0.000000
0.000000
0.000000
0.000000
0.000000
0.000000
0.395258
0.000000
0.043365
0.448796
0.048631
0.000000
0.000000
0.000000
0.000000
0.000000
0.000000
0.024427
0.207952
0.000430
0.000000
0.000000
0.000000
0.000000
0.000000
0.539843
0.149998
0.517973
0.000000
0.000000
0.000000
0.000000
0.032200
0.002449
0.000000
0.000000
0.000000
0.000000
0.000000
0.000000
0.040856
0.000000
0.000000
0.000000
0.064537
0.204192
0.615441
0.385531
0.000000
0.000000
0.000000
0.624334
0.111920
0.024278
0.000000
0.000000
0.000000
0.000000
1.000000
0.000000
0.000000
1.000000
0.000000
0.254173
0.000000
0.269577
0.000000
0.841658
0.243039
0.000000
0.000000
0.000000
0.000000
0.129811
0.000000
0.000000
0.000000
0.000000
0.000000
0.000000
0.837954
0.000000
0.000000
0.000000
0.000000
0.000000
0.000000
0.000000
0.000000
0.000000
0.000000
0.000000
0.000000
0.000000
0.000000
0.303425
0.000000
0.265790
0.275029
0.000000
0.010762
0.000000
0.000000
0.000000
0.336541
0.000000
0.000000
0.000000
0.000000
0.000000
0.000000
0.049280
0.000000
0.000000
0.000000
0.000000
0.000000
0.124120
0.000000
0.000000
0.002371
0.000000
0.000000
0.085631
0.998050
0.000000
0.000000
0.000000
0.000000
0.000000
0.000000
0.000000
0.445409
0.000000
0.000000
0.000000
0.989896
0.877249
0.456436
0.000000
0.000000
0.000000
0.000000
0.000000
0.000000
0.007024
0.000000
0.816022
0.000000
0.969530
0.000000
0.100204
0.210817
0.000000
0.000000
0.000000
0.000000
0.302567
0.000000
0.650643
0.000000
0.000000
0.000000
0.000000
0.999568
0.999997
0.029495
0.000000
0.000000
0.000000
0.280111
0.000000
0.000000
0.000000
0.000000
0.000000
0.000000
0.134843
0.000000
0.000000
0.000000
0.269949
0.000000
0.236039
0.000000
0.999952
0.000000
0.000000
0.000000
0.371804
0.000000
0.000000
0.000000
0.192144
0.000000
0.296295
0.000000
0.000000
0.423698
0.000000
0.000000
0.999961
0.000000
0.000092
0.000000
0.000000
0.000000
0.652036
0.000000
1.000000
0.000000
0.000000
0.000000
0.000000
0.000000
0.001767
0.000000
0.000000
0.000000
0.000000
0.000000
0.000000
0.000000
0.265053
0.000000
0.000000
0.000000
0.000000
0.000000
0.000000
0.445347
0.000000
0.000000
0.000000
0.000000
0.000000
0.000000
0.000000
0.000000
0.000000
0.091995
0.000192
0.000000
0.000000
0.006495
0.000000
0.000000
0.378025
0.000000
0.000000
0.000000
0.000000
0.593021
0.014326
0.000000
0.000000
0.000000
0.069157
0.404268
0.000000
0.258375
0.000000
0.000000
0.000000
0.000115
0.083214
0.000000
0.000000
0.000000
0.000000
0.000019
0.000000
0.000000
0.000000
0.000000
0.000000
0.040854
0.000000
0.007334
0.000000
0.820816
0.000000
0.000000
0.079892
0.036417
0.000281
0.000000
0.968993
0.000000
0.000000
0.000000
0.000000
0.000000
0.000000
0.993995
0.000000
0.019066
0.692703
0.000000
0.000000
0.000000
0.140791
0.000000
0.000000
0.000000
0.000000
0.000000
0.000000
0.000000
0.941188
0.000000
0.000000
0.000000
0.000000
0.000000
0.068119
0.644991
0.000169
0.000000
0.000000
0.082348
0.230500
0.981426
0.000000
0.570188
0.000000
0.000000
0.000000
0.995853
0.000000
0.000000
0.000000
0.000107
0.000000
0.109127
0.000000
0.000148
0.000000
0.421538
0.000000
0.000000
0.045784
0.000000
0.000000
0.055451
0.000000
0.025619
0.000000
0.283004
0.000000
0.000000
0.152109
0.836659
0.000000
0.000000
0.163492
0.638147
0.000000
0.000000
0.000000
0.096195
0.152726
0.122307
0.000000
0.000000
0.000000
0.985211
0.000000
0.076940
0.493251
0.100758
0.000000
0.000000
0.000000
0.000000
0.000000
0.000000
0.000000
0.004647
0.000000
0.000000
0.000000
0.000000
0.015521
0.021085
0.000000
0.000000
0.000000
0.200194
0.000000
0.000000
0.471027
0.000000
0.000000
0.162185
0.000000
0.000000
0.000000
0.007966
0.109840
1.000000
0.000000
0.000000
0.000000
0.000000
0.000575
0.000000
0.000000
0.000000
0.224898
0.000000
0.000000
1.000000
0.043114
0.000000
0.008196
0.017924
0.000000
0.000000
0.000000
0.000000
0.000000
0.000000
0.020437
0.000000
0.000000
0.000000
0.000004
0.000000
0.000000
0.000000
0.000000
0.000000
0.000000
0.000000
0.000000
0.000000
0.295274
0.031642
0.022586
0.000493
0.000000
0.000000
0.352503
0.000000
0.000000
0.000000
0.000000
0.000000
0.161635
0.116203
0.004611
0.000000
0.000000
0.250820
0.000000
0.000000
0.198387
0.000000
0.000000
0.000000
0.000000
0.000000
0.000000
0.000000
0.000000
0.059298
0.398777
0.000000
0.000000
0.006727
0.973079
0.000000
0.000000
0.000000
0.000000
0.000000
0.000000
0.499234
0.000000
0.000000
0.000000
0.238791
0.000000
0.415043
0.000000
0.000000
0.000000
0.000000
0.161530
0.000000
0.503102
0.000000
0.000000
0.000000
0.895531
0.000000
0.000000
0.000000
0.000000
0.000000
0.000000
0.011928
0.000000
0.000000
0.000000
0.000000
0.000000
0.000000
0.000000
0.007256
1.000000
0.000000
0.000000
0.000000
0.000000
0.000179
0.003649
0.274494
0.000781
0.623348
0.000066
0.997527
0.000000
0.000000
0.000000
0.093979
0.000000
0.000000
1.000000
0.610472
0.000123
0.000000
0.000000
0.000000
0.000000
0.000000
0.000000
0.000000
0.000000
0.000000
0.000000
0.000000
0.000000
0.000000
0.000000
0.000000
0.000000
0.000000
0.000000
0.093734
0.000000
0.000000
0.000000
0.001832
0.000000
0.000000
0.177922
0.000000
0.408365
0.000000
0.000000
0.000000
0.775002
0.000000
0.000000
0.000000
0.000000
0.025848
0.647075
0.000000
0.000000
0.000000
0.000000
0.000000
0.000000
0.000000
0.006958
0.753845
0.000000
0.000000
0.000000
0.000000
0.045962
0.000000
0.007853
1.000000
0.924674
0.008417
0.000000
0.252498
0.879974
0.000000
0.000000
0.000000
0.000000
0.000000
0.000000
0.000000
0.893311
0.000000
0.908010
0.000000
0.000000
0.000000
0.079989
0.000000
0.000000
0.000000
0.000000
0.000000
1.000000
0.000000
0.000000
0.000000
0.000000
0.000000
0.000000
0.000000
0.000000
0.414606
0.207917
0.138490
0.000000
0.000000
0.000000
0.000000
0.254865
0.000782
1.000000
0.630062
0.112202
0.000000
0.000186
0.000000
0.201420
0.000000
0.000000
0.000000
0.000000
0.000000
0.000000
0.000000
0.006344
0.169331
0.030612
0.000000
0.000000
0.000000
0.000000
0.000000
0.000000
0.862178
0.357781
0.639202
0.326108
0.000000
0.097369
0.000000
0.000327
0.000000
0.000000
0.390687
0.000000
0.120222
0.000000
0.015815
0.000000
0.054571
0.235125
0.000000
0.000000
0.116938
0.000000
0.000000
0.000000
0.070920
0.000000
0.000000
0.000000
0.000000
0.000000
0.000000
0.000000
0.000000
0.000000
0.000000
0.000000
0.000000
0.331639
0.205756
0.000000
0.000000
0.000000
0.000000
0.000000
0.000000
0.000000
0.000000
0.497369
0.000000
0.000000
0.000000
0.215119
0.000000
0.000388
0.000000
0.000000
0.000000
0.012292
0.000000
0.000000
0.945075
0.137859
0.000000
0.000000
0.000000
0.000000
0.000000
0.000000
0.000000
0.002024
1.000000
0.000000
0.000000
0.000000
0.157534
0.000000
0.000000
0.036711
0.000000
0.000091
0.000000
0.127433
0.000000
0.000000
0.000000
0.000000
0.130365
0.008423
0.000000
0.000000
0.000000
0.000000
0.999807
0.000000
0.000000
0.102265
0.938076
0.000000
0.011346
0.988126
0.167725
0.000000
0.000000
0.000000
0.048840
0.000000
0.183983
0.742744
0.298914
0.000000
0.006682
0.212891
0.000000
0.000000
0.000000
0.030898
0.000000
0.000000
0.000000
0.000000
0.161335
0.413338
0.000000
0.000000
0.000000
0.018272
0.000000
0.000000
0.000011
0.000000
0.000000
0.000000
0.000000
0.382097
0.000000
0.000000
0.000000
0.000000
0.000000
0.000000
0.000000
0.407941
0.005612
0.000000
0.000000
0.000000
0.247545
0.011678
0.001342
0.000000
0.000000
0.000000
0.026312
0.000000
0.000000
0.461593
0.233818
0.000000
0.000000
0.000000
0.000000
0.035205
0.000000
0.000000
0.172441
0.000000
0.000000
0.403049
0.000000
0.000000
0.000000
0.000000
0.000000
0.231859
0.000000
0.000000
0.007368
0.000000
0.000000
0.716634
0.000000
0.000000
0.000000
0.000000
0.261897
0.000000
0.000000
0.029098
0.000000
0.000000
0.004249
0.126036
0.000000
0.431582
0.013622
0.000000
0.000000
0.000000
0.000000
0.000000
0.176816
0.324480
0.153544
0.000000
0.000000
0.000000
0.960482
1.000000
0.000000
0.000000
0.000000
0.023958
0.303454
0.000045
0.571988
0.000000
0.000000
0.000000
0.000000
0.157889
0.000000
0.000000
0.606407
0.000000
0.000000
0.000000
0.122652
0.000000
0.023356
0.000000
0.000000
0.000000
0.000000
0.000013
0.000000
0.000000
0.000000
0.162505
0.000000
0.000000
0.000000
0.000000
0.000000
0.000108
0.000000
0.115205
0.062613
0.000000
0.048001
0.047145
0.000000
0.000000
0.000000
0.059927
0.000000
0.025921
0.000000
0.057537
0.000000
0.000000
0.054687
0.000000
0.000000
0.000000
0.000000
0.000000
0.000000
0.000000
0.000000
0.000000
0.433213
0.000000
0.000000
0.927832
0.000000
0.000000
0.000000
0.000000
0.000000
0.299646
0.000000
0.000000
0.002574
0.054915
0.000000
0.000000
0.000000
0.000000
0.222036
0.281195
0.000000
0.000000
0.000000
0.000000
0.316537
0.000000
0.000000
0.069336
0.581077
0.000000
0.000000
0.119880
0.672831
0.525643
0.434383
0.000000
0.000000
0.000000
0.000000
0.000000
0.092745
0.000000
0.000000
0.000000
0.091685
0.000000
0.000000
0.332492
0.000000
0.977261
0.000000
0.000000
0.000000
0.132538
0.000000
0.000000
0.309909
0.011547
0.000000
0.000000
0.423585
0.000000
0.032414
0.000000
0.000000
0.002565
0.000000
0.000000
0.123390
0.000000
0.000000
0.000000
0.000000
0.000000
0.229130
0.000000
0.000000
0.422130
0.000000
0.000000
0.293669
0.000000
0.027877
0.000000
0.000000
0.000000
0.000000
0.000000
0.000000
0.488460
0.000000
0.000000
0.063785
0.008573
0.000000
0.000000
0.000000
0.000000
0.000000
0.000000
0.000000
0.158072
0.100086
0.000000
0.000000
0.701285
0.000000
0.000000
0.036764
0.000000
0.000000
0.000000
0.747243
0.203760
0.235659
0.025180
0.000000
0.000000
0.000000
0.015093
0.000000
0.074731
0.000000
0.093708
0.000000
0.000000
0.000000
0.000000
0.131857
0.080913
0.000000
0.005516
0.000000
0.000000
0.000000
0.000000
0.000000
0.000000
0.000000
0.000000
0.000000
0.285739
0.000000
0.000000
0.000000
0.000000
0.043025
0.000000
0.000000
0.000000
0.000000
0.000000
0.107144
0.000000
0.000000
0.000000
0.073600
0.000000
0.000000
0.238260
0.090246
0.000000
0.000000
0.000000
0.725786
0.000000
0.000000
0.061431
0.000000
0.000000
0.000000
0.000000
0.027720
0.000000
0.240388
0.000000
0.000000
0.000000
0.000000
0.000000
0.000000
0.000000
0.000000
0.000000
0.949507
0.000000
0.000000
0.000000
0.000000
0.000000
0.000000
0.000080
0.000000
0.636687
0.633335
0.736413
0.000000
0.000000
1.000000
0.000000
0.339761
0.000000
0.000000
0.000000
0.000000
0.000000
0.000000
0.000000
0.000683
0.000000
0.000000
0.000000
0.000000
0.104433
0.000000
0.166503
0.000000
0.081391
0.632723
0.423211
0.000000
0.000000
0.000000
0.000000
0.000000
0.000000
0.000000
0.645126
0.000000
0.000000
0.158514
0.072331
0.000000
0.000000
0.174588
0.000000
0.000000
0.000000
0.000000
0.863297
0.000000
0.563548
0.242389
0.000000
0.000000
0.059894
0.000000
0.999995
0.022704
0.000650
0.000000
0.000000
0.000000
0.000000
0.000000
0.000000
0.000000
0.000000
0.000000
0.000000
0.996299
0.000000
0.000000
0.000000
0.000000
0.000000
0.663611
0.000000
0.000000
0.101880
0.032747
0.999728
0.820277
0.000000
0.591865
0.000000
0.000000
0.006420
0.000000
0.000000
0.000000
0.000000
0.296001
0.005267
0.302120
0.000000
0.000000
0.000000
0.000000
0.388910
0.000000
0.239797
0.312001
0.000000
0.000000
0.222144
0.679472
0.000000
0.033544
0.799018
0.107337
0.000000
0.000000
0.000000
0.923711
0.000000
0.000000
0.000000
0.006505
1.000000
0.000000
0.000000
0.876547
0.000000
0.152645
0.003547
0.000000
0.062970
0.000000
0.000000
0.000000
0.000000
1.000000
0.000000
0.000000
0.000000
0.000000
0.361384
0.000000
0.000000
0.000000
0.000000
0.000000
0.576099
0.000000
0.000000
0.000000
0.000000
0.000000
0.000000
0.009721
0.000000
0.000000
0.000000
0.000000
0.000000
0.000675
0.000000
0.118298
0.054170
0.000000
0.122947
0.000000
0.000000
0.000000
0.000000
0.233873
0.000000
0.000000
0.068760
0.000000
0.049739
0.000025
0.000312
0.000000
0.040649
0.999861
0.136074
0.000000
0.000000
0.000000
0.000000
0.000000
0.000000
1.000000
0.000000
0.000000
0.000000
0.000000
0.000000
0.000000
0.000021
0.000000
0.000000
0.234282
0.000000
0.000000
0.000000
0.341277
0.000000
0.008398
0.000000
0.009162
0.131885
0.000000
0.000000
0.443595
0.000000
0.000000
0.000000
0.000000
0.000000
0.017694
0.101121
0.000000
0.000000
0.000000
0.000000
0.000000
0.000000
0.000000
0.000000
0.022413
0.000000
0.000000
0.343117
0.000000
0.608823
0.025386
0.000000
0.006239
0.000000
0.000000
0.019584
0.000000
0.000000
0.000000
0.661336
0.000000
0.037721
0.000000
0.000000
0.000000
0.999948
0.000000
0.998285
0.005922
0.000000
0.000000
0.000000
0.000000
0.000000
0.000000
0.000000
0.000000
0.000000
0.056747
0.007200
0.221602
0.029641
0.005010
0.250502
0.085234
0.000000
0.000000
0.000000
0.000000
0.395293
0.000000
0.000000
0.000001
0.000000
0.083479
0.000000
0.000000
0.000000
0.000000
0.411376
0.069494
0.000000
0.000000
0.081077
0.000000
0.422434
0.000000
0.000000
0.000000
0.548662
0.000000
0.000000
0.339746
0.000000
0.034693
0.000000
0.000000
0.000000
1.000000
0.000000
0.183545
0.000000
0.000000
0.000000
0.000000
0.155813
0.000000
0.000000
0.000000
0.229452
0.000000
0.569473
0.057176
0.173254
0.015675
0.017746
1.000000
0.098849
0.001506
0.000000
0.000000
0.000000
0.000000
0.000000
0.000000
0.000000
0.000000
0.000000
1.000000
0.000000
0.000000
0.000000
0.000000
0.000000
0.000000
0.000000
0.000000
0.000000
0.425306
0.000000
0.000000
0.000000
0.027032
0.000000
0.000000
0.013389
0.000000
0.000000
0.425241
0.197887
0.000000
0.000000
0.001565
0.000000
0.000000
0.000000
0.000000
0.000000
0.000000
0.000000
0.000000
0.000000
0.135737
0.000000
0.070941
0.000000
0.000000
0.000000
0.000000
0.000000
0.000000
0.000000
0.049502
0.029522
0.000000
0.000000
0.000000
0.000000
0.000000
0.000000
0.000000
0.000000
0.000000
0.000000
0.000000
0.000000
0.173542
0.596173
0.058666
0.000000
0.000000
0.000000
0.000000
0.000000
0.238819
0.000000
0.000000
0.049812
0.845133
0.000000
0.209147
0.038035
0.000000
0.000000
0.000000
0.053033
0.000000
0.015169
0.000000
0.215024
0.000000
0.227003
0.000000
0.536539
0.000000
0.000000
0.000000
0.024171
0.000000
0.000000
0.061292
0.000000
0.093189
0.509023
0.000000
0.000717
0.588741
0.000000
0.000000
0.000000
0.000000
0.000000
0.000000
0.000000
0.378779
0.000000
0.000000
0.000000
0.000000
0.304664
0.000000
0.000000
0.000000
0.000000
0.000000
0.000000
0.000000
0.000000
0.000000
0.003590
0.000000
0.000000
0.000134
0.000000
0.252578
0.000000
0.000000
0.000000
0.000000
0.000000
0.000000
0.000000
0.000000
0.101715
0.000000
0.000000
0.000000
0.283594
0.911177
0.359289
0.000090
0.761226
0.000000
0.000000
0.000000
0.000000
0.136001
0.010577
0.000000
0.005705
0.010814
0.000000
0.140258
0.000263
0.083558
0.000000
0.000542
0.000000
0.000000
0.000000
0.000000
0.000000
0.000000
0.000000
0.000000
0.000000
0.247154
0.000000
0.036845
0.034470
0.000000
0.000000
0.000000
0.000002
0.000000
0.000000
0.000000
0.000031
0.000000
0.997564
0.000000
0.000000
0.000000
0.000000
0.000304
0.225863
0.006254
1.000000
0.186169
0.000000
0.000000
0.000000
0.000000
0.000000
0.000000
0.000000
0.004558
0.000000
0.000000
0.000000
0.313033
0.015317
0.000000
0.004213
0.000000
0.000000
0.000000
0.000000
0.000000
0.110711
0.043645
0.353880
0.000000
0.000000
0.000000
0.000000
0.000000
0.000000
0.000000
0.000000
0.000000
0.053718
0.000000
0.000471
0.000000
0.000000
0.000000
0.000000
0.000000
0.000000
0.729006
0.128004
0.000000
0.000000
0.000000
0.290971
0.000000
0.054665
0.000375
0.000000
0.000000
0.055380
0.268580
0.000000
0.000000
0.000000
0.058796
0.000000
0.000000
0.105865
0.039300
0.043521
0.000000
0.658493
0.000000
0.021659
0.000000
0.000000
0.201356
0.000000
0.000000
0.000000
0.000000
0.000000
0.629280
0.000000
0.000000
0.000000
0.606262
0.054818
0.626332
0.000000
0.000000
0.000000
0.000000
0.000000
0.000000
0.000000
0.000000
0.072625
1.000000
0.318227
0.000000
0.167764
0.000000
0.092407
0.000000
0.624515
0.000000
0.074574
0.152939
0.000000
0.029410
0.000000
0.000000
0.000000
0.020350
0.000000
0.000000
0.000000
0.360518
0.000000
0.000000
0.010745
0.000000
0.000000
0.000000
0.206426
0.721681
0.000000
0.996055
0.000000
0.194947
0.827338
0.000000
0.002059
0.000000
0.000000
0.000000
0.454315
0.000000
0.000000
0.000000
0.365189
0.000000
0.202484
0.000000
0.001728
0.000000
0.671992
0.000000
0.477344
0.000000
0.652795
0.000000
0.995701
0.000000
0.000000
0.187781
0.000000
0.000000
0.027215
0.000000
0.000000
0.110175
0.400571
0.000000
0.094630
0.000000
0.000000
0.000000
0.000000
0.000000
0.000000
0.000000
0.000000
0.156935
0.000000
0.000000
0.000000
0.000000
0.000000
0.000000
0.000000
0.000000
0.000000
0.003558
0.000000
0.000000
0.344497
0.000000
0.000000
0.000000
0.000000
0.000000
0.003273
0.000000
0.000000
0.000000
0.000000
0.000000
0.000000
0.000000
0.537468
0.000000
0.086692
0.000913
0.000000
0.000000
0.000000
0.000000
0.021218
0.000000
0.026197
0.000000
0.000000
0.000000
0.000000
0.011534
0.000000
0.996929
0.000000
0.000000
0.000000
0.000000
0.000000
0.000000
0.000000
0.000000
0.000000
0.000000
0.000000
0.607794
0.000000
0.000000
0.000000
0.000000
0.000000
0.107702
0.000000
0.000000
0.000000
1.000000
0.000000
0.000000
0.000000
0.000000
0.000000
0.000000
0.000000
0.114221
0.100803
0.000000
1.000000
0.000000
0.045013
0.933114
0.000000
0.522263
0.888658
0.511766
0.000000
0.000000
0.054159
0.000000
0.000000
0.000000
0.000000
0.070155
0.000000
0.000000
0.315666
0.000000
0.018798
0.000000
0.000000
0.466479
0.000000
0.000000
0.000000
0.000000
0.018812
0.000000
0.803752
0.000000
0.000000
0.000000
0.096733
0.000000
0.034061
0.005646
0.229663
0.148635
0.019135
0.000000
0.094169
0.000000
0.000000
0.000000
0.000000
0.000000
0.944571
0.000000
0.000000
0.000000
0.899990
0.000000
1.000000
0.047443
0.000000
0.396758
0.130926
0.000000
0.000000
0.000000
0.000000
0.000000
0.000000
0.000000
0.601296
0.000000
0.000000
0.000000
0.000000
0.000000
0.028247
0.031184
0.000000
0.395763
0.000000
0.000000
0.000000
0.063166
0.000000
0.000000
0.000000
0.000000
0.321758
0.000000
0.000304
0.000000
0.000000
0.438306
0.000000
0.000000
0.000000
0.000000
0.122925
0.255360
0.000000
0.000000
0.000000
0.060327
0.064145
0.055412
0.000000
0.000000
0.034642
0.023159
0.000000
0.003402
0.054522
0.000000
0.000000
0.000000
0.000000
0.000000
0.000943
0.000000
0.000000
0.000000
0.000000
0.000000
0.000650
0.000000
0.915349
0.000000
0.000000
0.000000
0.148337
0.000000
0.088511
0.000000
0.014688
0.000000
0.062411
0.277642
0.000000
0.000000
0.000000
0.000000
0.000000
0.000000
0.120953
0.000000
0.000000
0.024988
0.000000
0.000000
0.000000
0.000000
0.000000
0.000000
0.100545
0.000000
0.999998
0.000000
0.083716
0.000000
0.000000
0.126789
0.000000
0.000000
0.425215
0.000000
0.000000
0.028914
0.000000
0.199606
0.999790
0.000000
0.004886
0.000000
0.000000
0.000000
0.000000
0.033508
0.000000
0.000000
0.000000
0.000000
0.000000
0.260407
0.141391
0.000000
0.000000
0.082116
0.000000
0.000000
0.000000
0.000000
0.051960
0.000000
0.000000
0.000000
0.000000
0.000010
0.000000
0.000000
0.000000
0.000000
0.000000
0.035393
0.990199
1.000000
0.000181
0.000000
0.001294
0.034672
0.076272
0.000000
0.307301
0.002992
0.053995
0.000000
0.000000
0.000000
0.000000
0.000000
0.000000
0.232270
0.000000
0.000000
0.000000
0.000000
0.000000
0.127221
0.000000
0.068058
0.000000
0.000000
0.000000
0.000000
0.069182
0.000000
0.000000
0.000000
0.000000
0.000000
0.000000
0.000000
0.054009
0.000000
0.751589
0.000000
0.000000
0.000000
0.000367
0.000000
0.001701
0.003816
0.000000
0.052054
0.046476
0.000000
0.000000
0.080253
0.000000
0.000000
0.000000
0.000000
0.796873
0.319148
0.000000
0.063201
0.000000
0.000000
0.987074
0.647435
0.000000
1.000000
0.000000
0.110635
0.000000
0.000000
0.000000
0.000000
0.000000
0.000000
0.000000
0.000000
0.866729
0.000000
0.000000
0.000000
0.000000
0.000000
0.000000
0.070057
0.063946
0.000000
0.000000
0.341836
0.000000
0.000000
0.000000
0.476939
1.000000
0.000000
0.000000
0.014672
0.070304
0.344306
0.000000
0.487437
0.000000
0.000000
0.013021
0.000000
0.000000
0.337826
0.000000
0.000000
0.000000
0.000000
0.000000
0.000000
0.000000
0.000000
0.000000
0.000000
0.000000
0.923618
0.000000
0.000000
0.000000
0.454180
0.258812
0.000000
0.995126
0.157175
0.000000
0.000000
0.000000
0.040742
0.000000
0.000000
0.000367
0.001173
0.000000
0.000000
0.000000
0.000000
0.715690
0.000000
0.000000
0.000000
0.000000
0.999997
0.000000
0.000000
0.029465
0.000000
0.421060
0.022641
0.007060
0.652217
0.000000
0.000000
0.154909
0.000000
0.002482
0.926057
0.000000
0.000000
0.000000
0.000000
0.000000
0.000901
0.054747
0.000000
0.000000
0.000000
0.000000
0.904769
0.034049
0.268126
0.916295
0.000000
0.163395
0.000000
0.000067
0.000000
0.041652
0.000000
0.000000
0.000000
0.000000
0.000000
0.000000
0.002681
0.000000
0.000000
0.000000
0.198561
0.000000
0.000000
0.000000
0.260768
0.000000
0.654361
0.000000
0.000000
0.000243
0.000000
0.000000
0.000000
0.000000
0.000000
0.000000
0.000000
0.012374
0.000000
0.000000
0.000000
0.000485
0.000000
0.000000
0.000000
0.000000
0.000000
0.168698
0.000000
0.000000
0.000000
0.015235
0.000000
0.000000
0.000000
0.000000
0.000000
0.015116
0.000000
0.000000
0.114039
0.000000
0.005374
0.005971
0.011435
0.000000
0.000000
0.233002
0.000000
0.000000
0.000000
0.000000
0.000000
0.557065
0.000000
0.000000
0.000000
0.061330
0.000000
0.000000
0.000000
0.000000
0.999987
0.000000
0.000000
0.307870
0.000000
0.000000
0.000000
0.000000
0.000000
0.001109
0.000000
0.000000
0.000000
0.000000
0.238121
0.000000
0.211122
0.000000
0.000000
0.713779
0.000000
0.000000
0.000000
0.000000
0.000000
0.030338
0.000000
0.000000
0.000000
0.000000
0.000000
0.000000
0.000000
0.000000
0.000000
0.000000
0.058946
0.000000
0.000000
0.787814
0.985749
0.000000
0.000000
0.000000
0.000000
0.000000
0.096222
0.000000
0.000000
0.000000
0.000000
0.000000
0.996250
0.000000
0.000000
0.000000
0.000000
0.000000
0.022182
0.000000
0.000000
0.267563
0.002176
0.000000
0.000000
0.000000
0.002816
0.234414
0.970779
0.000000
0.000000
0.000000
0.000000
0.000000
0.000000
0.140454
0.000000
0.000000
0.000000
0.000000
0.000000
0.013663
0.186782
0.001436
0.000000
0.097319
0.000000
0.591294
0.000000
0.000000
0.000000
0.000000
1.000000
0.622788
0.003212
0.000000
0.241641
0.000000
0.000000
0.002197
0.000000
0.000000
0.203937
0.000000
0.000000
0.000000
0.672950
0.000000
0.007846
0.208948
0.000000
0.000000
0.000000
0.000000
0.000000
0.000000
0.000000
0.000000
0.000000
0.000000
0.005340
0.000000
0.054073
0.000000
0.000000
0.473170
0.000000
0.000000
0.000000
0.467464
0.000000
0.000000
0.000000
0.997001
0.022401
0.000000
0.067959
0.000000
0.538577
0.000000
0.086768
0.000000
0.000000
1.000000
0.000000
0.008359
0.147643
0.000000
0.000000
0.000000
0.213215
0.000000
0.082156
0.341310
0.000000
0.000000
0.162159
0.000000
0.000000
0.000000
0.000000
0.047915
0.000000
0.000000
0.000000
0.030635
0.999642
0.000000
0.000000
1.000000
0.546223
1.000000
0.024087
0.000000
0.000000
0.000000
0.009223
0.995356
0.000000
0.000000
0.000000
0.000000
0.000000
0.000000
0.109806
0.000000
0.000000
0.293338
0.015964
0.000000
0.022076
0.000000
0.000000
0.681070
0.000000
0.000000
0.000000
0.000000
0.458899
0.635250
0.000000
0.000000
0.000000
0.999915
0.000000
0.000000
0.000000
0.025460
0.356509
0.000000
0.000000
0.000000
0.000002
1.000000
0.348280
0.306242
0.001380
0.000000
0.000000
0.050090
0.084078
0.152620
0.000000
0.000000
0.007748
0.038816
0.000000
0.001978
0.002480
0.000000
0.000000
0.134716
0.576855
0.001023
0.000000
0.000000
0.000000
0.000000
0.000000
0.465247
0.006348
0.000000
0.000000
0.834072
0.000000
0.000000
0.000000
0.000000
0.108214
0.990876
0.991646
0.000000
0.000000
0.000000
0.409321
0.000000
0.000000
0.000000
1.000000
0.000000
0.000000
0.000000
0.000000
0.000000
0.000000
0.000000
0.046408
0.000000
0.000000
0.000000
0.641523
0.000000
0.000000
0.292554
0.000000
0.000000
0.000000
0.000000
0.000000
0.348396
0.000000
0.000000
0.000000
0.000000
0.000000
0.000000
0.000000
0.000000
0.000000
0.000000
0.000000
0.021744
0.006348
0.000000
0.000000
0.000000
0.000000
0.248355
0.051417
0.002314
0.000000
0.000000
0.037245
0.998864
0.000000
0.009652
0.000000
0.207884
0.000000
0.000000
0.000000
0.000000
0.000000
0.185124
0.000000
0.000000
0.000000
0.000000
0.000000
0.007742
0.000000
0.000000
0.875842
0.000000
0.000000
0.000000
0.000000
0.000000
0.000000
0.392048
0.114985
0.000000
0.000000
0.965456
0.000000
0.000000
0.000000
0.000000
0.070315
0.000000
0.345857
0.900780
0.000000
0.000000
0.000000
0.000000
0.000000
0.047532
0.170079
0.004508
0.000000
0.000000
0.199396
0.000000
0.000000
0.000000
0.000000
0.000000
0.000000
0.000000
0.000000
0.000000
0.000000
0.000000
0.000000
0.000000
0.000000
0.000000
0.000000
0.012665
0.000000
0.348527
0.137329
0.000000
0.352715
0.000000
0.111885
0.000000
0.417538
0.000000
0.000000
0.999999
0.221862
0.322765
0.000000
0.008771
0.002224
0.000000
0.000000
0.181398
0.000000
0.000000
0.000000
0.000000
0.000000
0.216209
1.000000
0.000000
