0.770939
0.139555
0.996114
0.726964
0.454625
0.305777
0.428581
0.000000
0.336583
0.356511
0.587771
0.465876
0.011767
0.763242
0.877341
0.143419
0.346333
0.184877
0.303801
0.819048
1.000000
0.666680
0.338597
0.149152
0.975871
0.250543
0.784064
0.207357
0.576573
0.785996
0.575158
0.413885
0.645093
0.216758
0.238982
0.441449
0.000000
0.000092
0.996747
0.001007
0.013241
1.000000
0.689563
0.154038
0.311543
0.805821
0.969784
0.458006
0.000000
0.805785
0.036154
0.784223
0.000000
0.820727
0.887230
0.250297
0.271904
0.566202
0.043992
0.563272
0.491951
0.284422
1.000000
0.595651
0.000000
0.905572
0.000000
0.528278
0.911918
0.590093
0.000000
0.420334
0.246307
0.847801
0.779891
0.999980
0.882179
0.676158
0.975814
0.873916
0.000000
0.000000
0.928181
0.457228
0.248159
0.000000
0.000000
0.594292
0.998643
0.919317
0.497086
0.777251
0.661517
0.006350
0.275614
0.889569
0.083085
0.699739
0.913314
0.000000
0.000000
0.291137
0.157064
0.107204
0.999533
0.490358
0.999683
0.168755
0.539689
0.774711
0.604998
0.491382
0.165308
0.117289
0.635140
0.986925
0.000000
0.318018
0.000000
0.000000
0.000251
0.173877
0.323826
0.182148
0.411505
0.749732
0.003104
0.939784
0.456130
0.712509
0.997270
0.565541
0.587288
0.339422
0.455808
0.343000
0.000000
0.996604
0.000000
0.000000
0.594211
0.882092
0.967693
0.978586
0.462283
0.452863
0.183976
0.615162
0.178539
0.009872
0.208340
0.255465
0.078722
0.815229
0.987559
0.234356
0.003820
0.528899
0.125048
0.804805
0.516474
0.192184
0.244051
0.592459
0.266034
0.970628
0.729580
0.579710
0.178783
0.749562
0.035130
0.991575
0.476738
0.168788
0.705160
1.000000
0.215497
0.652429
0.684787
0.874631
0.884265
0.725550
0.343696
0.480313
0.000000
0.341178
0.315191
0.996114
0.558469
0.986060
0.907521
0.632821
0.377349
0.992556
0.000000
0.000000
0.985930
0.021316
0.000000
0.424257
0.782822
0.843608
0.625054
0.937145
1.000000
0.568987
0.000000
0.805960
0.881626
0.519249
0.020180
0.942948
0.409489
0.447871
0.262832
0.288718
0.151837
0.770338
0.718123
0.075678
0.542767
0.048637
0.891094
0.963289
0.437651
0.000000
0.619720
0.193232
0.663159
0.812971
0.468855
0.998868
0.790350
0.000000
0.616744
0.000000
0.858016
0.306121
0.156923
0.222801
0.000000
0.840293
0.988288
0.000000
0.886213
0.972484
0.163610
0.010360
0.474819
0.976197
0.199604
0.000000
0.000000
0.562767
0.297004
0.854523
0.788162
0.135699
0.338390
0.000000
0.601215
0.016951
0.000000
0.307286
0.577988
0.185592
0.329004
0.563871
0.025985
0.374526
0.551830
0.298592
0.000005
0.024119
0.763033
0.516648
0.072733
0.000000
0.000000
0.560513
0.008455
0.000000
0.382634
0.159416
0.614207
0.257778
0.997505
0.397082
0.694497
0.000000
0.666067
0.820692
0.329808
0.000000
0.158082
0.000000
0.383843
0.103623
0.128436
0.246197
0.136455
0.761387
0.993455
1.000000
0.901696
0.002739
0.541989
0.246085
0.725559
0.162580
1.000000
0.351549
0.639889
0.891677
0.918358
0.446113
0.792728
0.364543
0.021057
0.477312
0.473120
0.220847
0.100353
0.210472
0.199859
0.351564
0.417607
0.280017
0.939423
0.617315
0.495585
1.000000
0.802543
0.939968
0.999529
0.652862
0.151774
0.261962
0.272205
0.392300
0.931588
0.706428
0.002188
0.000000
0.026849
0.000000
0.140820
0.205323
1.000000
0.997228
0.763284
0.748091
0.317627
0.335142
0.071761
0.348776
0.277538
0.219378
0.410869
0.598075
0.472369
0.775255
0.012832
0.095702
1.000000
0.547246
0.504021
0.475944
0.228001
0.557170
0.023106
0.687971
0.571292
0.000000
0.772636
0.690397
0.142207
0.260709
0.265427
0.205494
0.993516
0.029458
0.555632
0.056010
0.295543
0.494023
0.885515
0.724023
0.564290
0.247408
0.000039
0.000000
0.727597
0.999708
0.179796
0.445159
0.369431
0.742610
0.767845
0.149583
0.875898
0.427863
0.519321
0.307802
0.067489
0.867299
0.704016
0.680905
0.988944
0.806798
0.695211
0.634344
0.050657
0.006831
0.447006
0.264507
0.982140
0.638517
0.468112
0.888050
0.437194
0.443876
0.686272
0.584663
0.441557
0.702682
0.239713
0.898063
0.027491
0.383854
0.653831
0.517943
0.474546
0.584219
0.000000
0.977521
1.000000
0.970923
0.401428
0.603785
0.157018
0.000000
0.284270
1.000000
0.262539
0.000000
0.236245
0.252068
0.543215
0.135691
0.652036
0.000000
0.622951
0.208061
1.000000
0.246495
0.203654
0.555898
0.672661
0.000000
0.147199
0.000000
0.954935
0.369971
0.775668
0.225464
0.530211
0.716494
0.707544
0.453475
0.131972
0.461030
0.464370
0.283368
0.486403
0.280835
0.664213
0.552256
0.978990
0.268377
0.996343
0.101239
0.013721
0.000000
0.082697
0.171017
0.323026
0.068129
0.945432
0.869497
0.999993
0.158244
0.400694
0.851488
0.451892
1.000000
0.044935
0.197647
0.115284
0.150407
0.529773
0.246307
0.801653
0.334125
0.908576
0.000000
0.347942
0.237993
0.937510
1.000000
0.959619
0.000000
0.996114
0.000000
0.993779
0.183568
1.000000
0.434645
0.673322
0.996093
0.782756
0.776099
0.000000
0.005969
0.000000
0.041968
0.866145
0.955560
0.000000
1.000000
0.117568
0.999997
0.795025
0.088451
0.000000
0.989932
0.000076
0.426671
0.035436
0.277953
0.000000
0.545551
0.479144
0.884920
0.678695
0.966017
0.239485
0.000000
0.000000
0.533319
0.370753
0.343456
0.050380
0.320109
0.226044
0.000000
0.490128
0.694539
0.928409
0.221309
0.300689
0.661813
0.000000
0.999999
0.113023
0.918490
0.402538
0.199409
0.037919
0.211980
0.653583
0.007854
0.000000
0.599680
0.244529
0.698631
0.520555
0.947322
0.508765
0.991418
0.818545
0.631383
0.984136
0.930367
0.485062
0.018818
0.998745
0.179550
0.250807
0.198323
0.771141
0.938980
0.936469
0.209795
0.119326
0.184474
0.000000
0.842002
0.000000
0.718445
0.000000
0.871522
0.728687
0.262896
0.536737
0.190984
0.257862
0.228903
0.195114
0.299037
0.018746
0.718444
0.603723
0.303961
0.548221
0.098795
0.156060
0.452214
0.165610
0.479719
0.999999
0.262431
0.851020
0.478071
0.985951
0.000000
0.000000
0.074102
0.031697
1.000000
0.740607
0.477223
0.946265
0.824352
0.149908
0.384166
0.256729
0.345790
0.945546
0.794976
0.675696
0.999968
0.742493
0.309089
0.501933
0.000000
0.413423
0.173605
0.767389
0.999975
0.302955
0.050442
0.632443
0.945212
0.072442
0.304336
0.235653
0.000000
0.379672
0.324261
0.993033
0.212023
0.653464
0.113534
0.974119
0.233775
0.233725
0.103128
0.550808
0.132450
0.039933
0.000000
0.845392
0.874489
0.322578
0.887442
0.476263
0.269906
0.516301
0.030115
0.797407
1.000000
0.266610
0.240755
0.984826
0.559627
0.880987
0.336892
0.999940
0.065535
0.404624
0.914114
0.466424
0.001326
0.981038
0.469057
0.721065
0.060760
0.972654
0.454325
1.000000
0.160926
0.015805
0.000023
0.118906
0.548104
0.091219
0.799973
0.595077
0.000000
0.080046
0.340318
0.625942
0.000000
0.702452
0.000000
0.972930
0.363855
0.195258
0.025418
0.376471
0.476750
0.936775
0.184178
1.000000
0.225592
0.253908
0.898990
1.000000
0.885963
0.421090
0.999991
0.486025
0.051344
0.001767
0.246197
0.184185
0.705719
0.213800
0.219196
0.000000
0.139948
0.493325
0.927414
0.115302
0.247599
0.177561
1.000000
0.222618
0.436042
0.417970
0.800246
0.294622
0.000000
0.953518
0.000024
0.471964
0.999999
0.002348
0.531016
0.456351
0.972227
0.896848
0.268497
0.782923
0.877247
0.826298
0.671143
0.836659
0.461159
0.490771
1.000000
0.154038
0.764771
0.000000
0.108910
0.000000
0.163951
0.946399
0.233611
0.191690
1.000000
0.349092
0.477778
0.382504
0.165148
0.997663
0.666186
0.323602
0.000000
0.991197
0.201979
0.340327
0.898287
0.516244
0.519213
0.000000
0.238137
0.564056
0.178929
0.000000
0.359553
0.095493
0.987573
0.000000
0.054989
0.740293
0.137722
0.790698
0.553961
0.252331
0.477404
0.689899
0.253666
0.256157
0.565431
0.300988
0.381770
0.877215
0.453967
0.007145
0.309162
0.995986
0.973731
1.000000
0.987476
0.238153
0.014453
0.000000
0.791016
0.927600
0.030349
0.193931
0.429763
0.066768
0.197090
0.000000
0.504405
0.564035
0.141442
0.448277
0.542189
0.131866
0.000149
0.564825
0.727773
0.999506
0.110411
0.000000
0.725535
0.320011
0.995481
0.725152
0.933707
0.954611
0.838513
0.000000
0.804120
0.000000
0.300250
0.000000
0.221132
0.176729
0.960288
0.300531
0.220594
0.998045
0.776975
0.335583
0.000000
0.332071
0.202124
0.296414
0.790345
0.139207
0.093742
0.342582
0.189498
0.692909
0.296796
0.000112
0.599625
0.135601
0.910590
0.977524
0.141566
0.831457
0.512642
0.469034
0.997969
0.801238
0.878072
0.733741
0.754258
0.559003
0.122500
0.208841
0.154259
0.766715
0.478387
0.847645
0.000001
0.664485
0.262150
0.695663
0.850443
0.746978
0.624006
0.000000
0.786601
0.058052
0.501237
0.675978
0.276423
0.022033
0.277088
0.282457
0.419727
0.642589
0.000000
0.000000
0.163037
0.909486
0.954911
0.876576
0.198993
0.631844
0.788366
0.323288
0.000000
0.406335
0.999946
0.000000
0.452045
0.000000
0.419379
0.680594
0.004760
0.694539
0.000000
0.261275
0.212335
0.536750
0.691613
0.416239
0.022390
1.000000
0.999396
0.583208
0.695131
0.176729
0.018111
0.949309
0.000000
0.648662
0.793892
0.200875
0.199308
0.465475
0.548279
0.784741
0.115700
0.244937
0.195127
0.000000
0.687875
0.939580
0.151130
0.418620
0.431890
0.507339
1.000000
0.120577
0.509289
0.000000
0.142041
0.366896
0.560788
0.421137
0.211818
0.006002
0.167874
0.946075
0.218064
0.386747
0.953624
0.105803
0.467049
0.510197
1.000000
0.299622
0.090136
0.933370
0.614961
0.999969
0.376689
0.097682
0.000000
0.000000
0.464328
0.000861
0.000000
1.000000
0.238922
0.335832
0.124514
1.000000
0.859796
0.283252
0.218969
0.589333
0.705846
0.085237
0.369481
0.230060
0.593893
0.329150
0.000000
0.235278
0.392585
0.549373
0.303253
0.318442
0.331908
0.425903
0.364002
0.046225
0.375519
0.246603
0.000000
1.000000
0.707704
0.000000
0.737309
0.205713
0.130380
0.770750
0.820699
0.993663
0.000000
0.525336
0.394847
0.039003
0.061810
0.480850
0.070041
0.697027
0.848338
0.027702
0.018778
0.094215
0.000000
0.000000
0.586737
0.070094
0.000000
0.282485
0.000000
0.535095
0.597007
0.025618
0.917234
0.999892
0.000000
0.017888
0.660483
0.408620
0.346585
0.378025
0.608812
1.000000
0.842977
0.913887
0.665299
0.092399
0.771700
0.550832
0.886700
0.417157
0.879922
0.000000
0.412631
0.677589
0.809331
0.616229
0.715064
0.451193
0.103221
0.110938
0.841023
0.315304
1.000000
0.955344
0.031666
0.581298
0.551016
0.035959
0.896472
0.473631
0.654504
0.020960
0.922918
0.991787
0.915049
0.303404
0.307251
0.386887
0.552589
0.209079
0.305172
0.185866
0.999998
0.363490
0.325782
1.000000
1.000000
0.788412
0.000000
0.000000
0.883382
0.068542
0.000000
0.334300
0.000000
0.307008
0.805653
0.306205
0.999536
0.978542
0.229182
0.424115
0.920403
0.667557
0.525199
0.828289
0.058082
0.329467
0.000695
0.772833
0.000857
0.999996
0.106501
0.698568
0.063928
0.607013
0.722978
0.001104
0.111285
0.663168
0.486853
0.561332
0.000039
0.081648
0.491099
1.000000
0.061988
0.999773
1.000000
0.700952
0.884310
0.187858
0.461518
0.140788
0.041097
0.428501
0.270920
0.132066
0.619869
0.886882
0.409035
0.998012
0.363167
1.000000
1.000000
0.422520
0.979807
0.357009
0.000000
0.427981
0.000000
0.000118
0.521991
0.258932
0.396131
0.000000
0.193335
0.188081
1.000000
0.165633
0.961438
0.921332
0.324295
0.109340
0.995434
0.000000
0.337695
0.605803
0.392861
0.526562
0.970806
0.063315
0.000000
0.390849
0.074163
0.883712
0.132189
0.994688
0.999999
0.058763
0.381458
0.862558
0.280542
0.675603
0.000000
1.000000
0.139067
0.994739
0.329225
0.008383
0.762397
0.000000
0.086670
0.312043
0.133138
0.586634
0.875735
0.914118
0.997832
0.201442
0.999665
0.052427
0.644505
0.874903
0.825811
0.107415
0.032339
0.310110
0.583289
0.889514
0.537974
0.990305
0.234483
0.656217
0.052010
0.999987
0.990354
0.495245
0.404507
0.193459
0.115027
0.358694
0.996355
0.306285
0.163626
0.999984
0.127524
0.019558
0.000388
1.000000
0.996423
0.956010
0.043897
0.785138
0.276024
0.100624
0.992280
0.959359
0.068202
0.512322
0.816290
0.254822
0.573885
0.999021
0.896649
0.174248
1.000000
0.163473
0.752492
0.289373
0.998434
0.416389
0.156507
0.014138
0.558031
0.457762
0.000000
0.000000
0.658341
0.702614
0.006547
0.921735
0.417102
0.366604
0.000000
0.011727
1.000000
1.000000
0.330572
0.879257
0.599417
0.238982
0.982406
0.971878
0.810344
0.630711
0.491813
0.998431
0.701458
0.873224
0.413827
0.004162
0.668927
0.508347
0.423574
0.265747
0.504112
0.143179
0.303810
0.607596
0.294140
0.305787
0.573296
0.200543
0.328598
0.384538
0.032089
0.173099
0.028329
0.971794
0.004486
0.210692
0.413907
0.737364
0.256857
0.544562
1.000000
0.054325
0.570782
0.326770
0.934063
0.283778
0.177708
0.420946
0.592283
0.000000
0.925521
0.525958
0.415395
0.611657
0.214702
0.534749
0.652390
0.521617
0.999957
0.804065
0.785306
0.794992
0.146489
0.932788
0.012081
0.111293
0.759717
0.154829
0.297741
0.999951
0.305904
0.890756
0.626827
0.818883
0.552142
0.262831
0.063283
0.488152
0.900520
0.228189
0.192281
0.549342
0.675686
0.506508
0.182740
1.000000
0.161071
0.551869
0.430711
0.647788
0.273744
0.928257
0.354063
0.000078
0.941150
0.081075
0.560839
1.000000
0.913125
0.095258
0.329152
0.344797
0.673703
0.189127
0.986462
0.743450
0.613132
0.538852
0.901571
0.761971
0.503158
0.876576
0.374612
0.358319
1.000000
0.814916
0.121516
0.885203
0.967867
0.321678
0.131892
0.341584
1.000000
0.631758
0.005059
0.917866
0.294140
0.538708
0.075460
0.000000
0.967143
0.985572
0.072999
0.587188
0.190984
0.441160
0.955678
0.622951
0.507422
0.295937
0.743329
0.909344
0.426817
0.532399
0.406471
0.779299
0.351986
0.000000
0.630082
0.995328
0.343725
0.666144
0.660551
0.123020
0.958930
0.756194
0.655990
0.983850
0.999770
0.278781
0.717164
0.335070
0.779315
0.049810
0.941864
0.022646
0.000000
0.259181
0.785983
0.952089
0.326331
0.177358
0.982807
0.659274
0.293654
0.217298
0.133817
0.000000
0.542673
0.895863
0.847489
0.355633
0.000000
1.000000
0.450950
1.000000
0.013466
0.009215
0.245646
0.409520
0.999641
0.995168
0.364334
0.166981
0.003053
1.000000
1.000000
0.530827
0.607152
0.000000
0.868479
0.282256
0.665312
0.866300
0.765956
0.297862
0.026917
0.326186
0.495946
0.271384
0.000000
0.268845
0.087252
0.033122
0.504225
0.294891
0.000000
0.331110
0.751258
0.000000
0.189139
0.306801
0.913240
0.825607
0.000604
0.723521
0.973098
0.211468
0.889110
0.368515
0.317063
0.531088
0.643592
1.000000
0.230393
0.729610
0.198852
0.618954
0.798102
0.388978
0.442734
0.341581
0.825327
0.417715
0.864290
0.000000
0.168652
0.565730
0.549771
0.942618
0.991872
0.616996
0.320974
0.932609
0.176810
0.855018
0.882515
0.979074
0.415756
0.710197
0.266421
0.307723
0.347085
0.630616
0.198052
0.870797
0.102931
0.999973
0.236801
0.824913
0.662481
0.391190
0.016784
0.443452
0.299001
0.491734
0.700050
0.331241
0.959283
0.153543
0.976928
0.000000
0.855160
0.994910
0.230060
0.290117
0.260150
0.998888
0.037001
0.181244
0.787348
0.406723
0.081429
0.740418
0.000000
0.992959
0.295074
0.240078
0.000000
0.786082
0.000000
0.399113
0.135944
0.834879
0.030186
0.000000
0.689944
0.169321
0.490397
0.440478
0.196305
0.998501
0.535682
0.531468
0.551869
0.656854
0.395047
0.003987
0.792384
0.000314
0.688697
0.517304
0.175381
0.895008
0.091579
0.255504
0.470632
0.447936
0.180731
0.562112
0.000000
0.059646
0.818970
0.937958
0.175435
0.554196
0.147459
0.000000
0.726614
0.964489
1.000000
1.000000
0.999999
0.314700
0.987226
0.861871
0.000000
0.396490
0.765247
0.000000
0.414115
0.931469
0.668687
1.000000
0.120502
0.027801
1.000000
0.668347
0.293270
0.984007
0.389600
0.273587
0.730233
0.287468
0.000000
0.845440
0.047051
0.115559
0.958134
0.444657
0.413981
0.040869
0.378737
0.337177
0.847463
0.626165
0.225747
0.999993
0.180262
0.262590
0.383696
0.249312
0.001605
0.000000
0.019946
0.787740
0.352602
0.555007
0.896158
1.000000
0.000000
0.989781
0.836902
0.120567
0.239240
0.509017
0.617955
0.287300
0.255045
0.463082
0.951954
0.000000
0.890693
0.471507
0.452921
0.573509
0.962999
0.000000
0.000000
0.093315
0.211675
0.315118
0.000000
0.990062
0.180816
0.003046
0.502073
0.456978
0.019602
0.116588
0.407556
0.008612
0.247351
0.904884
0.377155
0.129011
0.835886
0.643593
0.411053
0.691684
0.252141
1.000000
0.704539
0.009814
0.565017
0.390575
0.968893
0.967599
0.985421
0.762902
0.000000
0.599744
0.705667
0.706890
0.899344
0.009128
0.000000
0.551826
0.000000
0.000000
0.150536
0.680744
0.824420
0.819183
0.127986
0.063862
0.909208
0.607937
0.122401
0.143295
0.173241
0.719977
0.871332
0.942647
0.207211
0.608770
0.187588
0.649963
0.466138
0.421077
0.200312
0.310033
0.579586
0.000617
0.998994
0.999999
0.705511
0.322681
0.286265
0.135944
0.000000
0.059218
0.528399
0.795830
0.078185
0.571764
0.870264
0.330460
0.254617
0.343983
0.634391
0.457228
0.993162
0.982069
0.466810
0.136488
0.686414
0.567510
0.176188
0.000000
0.648634
0.818364
0.000210
0.000000
0.451852
0.996071
0.549373
0.384156
0.096547
0.122915
0.574797
0.000000
0.725703
0.302695
0.000000
0.041018
0.158742
0.493445
0.234250
0.086103
0.381412
0.530141
0.115452
0.999995
0.655303
0.003372
0.000000
1.000000
0.999910
0.856000
0.000000
0.143157
0.588517
0.742513
0.626012
0.327075
0.384880
0.404478
0.317180
0.707927
0.279757
0.521168
1.000000
0.991788
0.197101
0.138394
0.242954
0.000000
0.996969
0.000000
0.048870
0.377222
0.114930
0.938170
0.512193
0.697009
0.193591
0.146787
0.934916
0.543841
0.365334
0.999999
0.751629
0.957088
0.551308
0.484502
0.570214
0.761820
0.180623
0.263409
0.000000
0.496716
0.919204
0.028720
0.089790
0.377697
0.476246
0.000000
0.516526
0.528066
0.231046
0.000000
0.706511
0.000000
0.786975
0.000000
0.580651
0.369933
0.609032
0.244378
0.835593
0.579032
0.538450
0.953444
0.684664
0.872696
0.000000
0.836022
0.498975
0.156089
0.410349
0.366651
0.451101
0.000000
0.239681
0.005780
0.980825
0.859781
0.419122
0.516278
0.330422
0.055728
0.619946
0.630281
0.090796
0.664983
0.138949
0.536873
0.075946
0.000000
0.032122
0.000000
0.000000
0.201709
0.531274
0.000000
0.710647
0.488014
0.999246
0.140022
0.870631
0.527316
0.168371
1.000000
0.161458
0.991162
0.564825
0.401978
0.000000
0.731797
0.642086
0.000000
0.192671
0.000000
0.000005
0.538649
0.688615
1.000000
0.764564
0.999843
0.285971
0.403293
0.367964
0.944133
0.983586
0.173815
0.405765
0.358294
0.306853
0.000000
0.055233
0.532069
0.222881
0.999998
0.077774
0.000000
0.714854
0.969724
0.000000
0.967795
0.823125
0.006385
0.616847
0.023548
0.000000
0.759639
0.857252
0.640805
0.628191
0.391802
0.001385
0.456619
0.438075
0.137490
0.733585
0.843945
0.697582
0.402919
0.082140
0.645483
0.578175
0.827661
0.942979
0.953720
0.245106
0.226770
0.000000
0.999594
0.058082
0.344711
0.973731
0.913401
0.000000
0.056551
0.457351
0.997400
0.000000
0.899617
0.230755
0.414657
0.780773
0.000000
0.000000
0.114573
0.257521
0.000000
0.418969
0.999119
0.830075
0.034142
0.905688
0.000000
0.147599
0.311428
0.740973
0.000000
0.377976
0.152738
0.026553
0.682550
0.000000
0.511955
0.061307
0.351243
1.000000
0.449522
0.315842
0.999957
0.755177
0.175734
0.434703
0.389760
1.000000
0.143726
0.838030
0.081510
0.772306
0.290274
0.066187
0.934981
0.863901
0.742900
0.176121
0.408362
0.387275
0.479904
0.506315
0.574241
0.253377
0.323051
1.000000
0.995443
0.398242
0.994980
0.535900
0.208808
0.717686
0.592499
0.637948
0.998581
0.444681
0.155066
0.896962
0.512429
0.992506
0.000000
0.177088
0.806141
0.000000
0.586547
0.999757
0.353092
0.716216
0.354431
0.286095
0.201742
0.003578
0.408677
0.415928
0.000000
0.366460
0.569293
0.321722
0.694539
0.106830
0.996858
0.263502
0.471607
0.000756
0.193291
0.042992
0.377832
0.105839
0.058306
0.109804
0.085580
0.000000
0.801336
0.950342
0.924145
0.147851
1.000000
0.000000
0.000000
0.967789
0.524707
0.813451
0.000000
0.577567
0.063016
0.002445
0.568572
0.649408
0.067324
0.905725
0.248888
0.489890
0.873818
0.027591
0.663159
0.591434
0.418318
0.403052
0.283780
0.741141
0.583436
0.855369
0.754032
0.362489
0.624448
0.474869
0.907374
0.975007
0.942605
0.890519
0.529658
0.012495
0.000000
0.257620
0.502212
0.005239
0.189477
0.956655
0.371866
0.981786
0.562820
0.215133
0.165308
0.350488
0.000000
0.144910
0.993074
0.769991
0.422840
0.394730
0.485460
0.000000
0.898930
0.087305
0.966874
0.000000
0.178570
0.941291
0.287749
0.110273
0.227591
0.143157
0.627641
0.816186
0.668815
0.349778
0.821074
0.000000
0.279698
0.419801
0.000314
1.000000
0.933332
0.314259
0.000000
0.981874
0.000000
0.088051
0.999969
0.189342
0.409281
0.455183
0.813993
0.734748
0.189574
0.312645
0.249812
0.971590
0.586466
0.526730
0.999987
0.118473
0.000000
0.487841
0.038463
0.569972
0.173332
0.102411
0.247168
0.908137
0.885606
0.153642
0.690071
0.964115
0.831226
0.263786
0.067897
0.032735
0.828643
0.761350
0.000000
0.539978
1.000000
0.993628
0.000000
0.868825
0.023013
0.286177
0.688848
0.804642
0.000000
0.307148
0.105331
0.000000
0.000000
0.162279
0.165158
0.000000
0.974894
0.000000
0.000000
0.000000
0.651155
0.711052
0.883712
0.329292
0.965858
0.765177
0.315779
0.000000
0.337999
0.317535
0.080832
0.222391
0.083903
0.596111
0.632763
0.838521
0.483381
0.806464
0.000000
0.706586
0.000000
0.180503
0.000000
0.086507
0.689548
0.164287
0.575852
0.000000
0.982464
0.000000
0.072060
0.000000
0.447579
0.033861
0.969131
0.118833
0.003847
0.583428
0.000000
0.236676
0.133260
0.000002
0.249076
0.162946
0.724895
0.164665
0.893363
0.714036
0.060308
0.674212
0.577969
0.619620
0.082999
0.940099
0.068794
0.151794
0.960473
1.000000
0.979283
0.083623
0.494248
0.253666
0.595087
0.315538
0.434327
0.156475
0.191951
0.681370
0.000305
0.405266
0.813576
0.653853
0.504714
0.114779
0.451850
0.226778
0.157301
0.115916
0.817990
0.087353
0.113656
0.606784
0.000000
0.080189
0.219594
0.000000
0.554441
0.156626
0.928612
1.000000
0.381857
0.589819
0.000000
0.104352
0.927580
0.096884
0.302316
0.473608
0.999962
0.961651
0.606567
0.249514
0.058643
0.197116
0.732663
0.182441
0.751047
0.245433
0.000161
0.076049
0.279635
0.718726
0.092439
0.999505
0.772617
1.000000
0.584302
0.977918
0.343859
0.581768
0.236291
0.981683
0.152085
0.607982
0.374779
0.133993
0.796547
0.369971
0.227359
0.238960
0.974575
0.124592
0.000000
0.457577
1.000000
0.818414
0.037142
0.270806
0.350187
0.194932
0.644240
0.046364
0.431170
0.781017
0.461506
0.070383
0.772833
0.744758
0.183904
0.000000
0.197133
0.888397
0.898562
0.641123
0.000000
0.429739
0.656121
0.999994
0.656698
0.375832
0.959827
0.132144
0.679145
0.590805
0.314891
0.819464
0.622993
0.511608
0.968634
0.246383
0.465326
0.599998
0.995361
0.389039
0.993548
0.772999
0.999972
0.084197
0.491853
0.165701
0.729009
0.010842
0.310420
0.958867
0.975700
0.570617
0.768385
0.571828
0.854325
0.359170
0.042129
0.697759
0.586537
0.000000
0.954164
0.415548
0.535662
0.166595
0.422734
0.856738
0.060412
0.738317
0.167459
0.000000
0.858528
0.197288
0.971737
0.020280
0.684195
0.361391
0.712368
0.303745
0.858141
0.430699
0.762102
0.000000
0.000000
0.361072
0.762640
0.972965
0.995340
0.715358
0.167731
0.850603
0.491816
0.591805
0.965532
0.063468
0.000000
0.992171
0.896502
0.040348
0.493874
0.000000
0.578093
0.050781
0.097024
0.406422
0.100628
0.322562
0.998531
0.140900
0.040394
0.815248
0.898034
0.000000
0.609980
0.010989
1.000000
0.942618
0.050563
0.387053
0.946533
0.000000
0.751423
0.189887
0.017572
0.181638
0.616208
0.146813
0.218064
0.775255
0.815657
0.609508
0.287357
0.319788
1.000000
0.701100
0.601644
0.135699
0.000000
0.781669
1.000000
0.066208
0.375650
0.844141
0.236759
0.997663
0.567095
0.777655
0.721065
0.767669
0.497387
0.366333
0.751567
0.994944
0.616776
0.000000
0.386351
0.446077
0.206073
0.796995
0.240192
0.000000
0.411262
0.774243
0.189825
0.880466
0.447457
0.000000
0.014504
0.168978
0.033745
0.000000
0.813968
0.358332
0.679138
0.000000
0.819589
0.596344
0.802696
0.378903
0.000000
0.256723
0.413598
0.270865
0.982706
0.837443
0.553687
0.175008
0.937377
0.451837
0.492238
0.109098
0.358498
0.028637
0.581861
0.000000
0.000000
0.084488
0.046154
0.998445
0.811103
0.996002
0.985580
0.195570
0.645196
0.603913
0.463876
0.120868
0.849649
0.450632
0.996192
0.645093
0.994611
0.814779
0.647932
0.336838
0.893812
0.205252
1.000000
0.434844
0.587644
0.355136
0.987738
0.000000
0.067546
0.634379
0.327350
0.631421
0.994330
0.317413
0.095651
0.729755
0.244333
0.223425
0.057736
0.119500
0.353480
0.738852
0.449236
0.000000
0.336319
0.000000
0.134519
0.739751
0.489697
0.897152
0.000000
0.917081
0.494465
0.332284
0.993442
0.596126
0.196860
0.948152
0.024458
0.931531
0.862941
0.896640
0.000000
0.264953
0.146815
0.167644
0.047371
0.999617
0.867510
0.047182
0.620125
0.365971
0.996655
0.097462
0.677388
0.998867
0.376048
0.503865
0.899705
0.005657
0.359738
0.231110
0.833180
0.475092
0.439669
0.640393
0.895669
0.867242
0.783914
0.863981
0.031701
0.215660
0.438901
0.999893
0.444965
0.139711
0.406235
0.493305
0.066364
0.000000
0.251107
0.999108
0.725451
0.908478
0.082260
0.000491
0.917007
0.696051
0.527024
0.732663
0.000000
0.000000
0.463879
0.998261
0.011795
0.001929
0.094105
0.000000
0.816139
0.007156
0.000000
0.230130
0.303826
0.558588
0.000000
0.000000
0.544109
0.108400
0.447639
0.478076
0.429739
0.508212
0.035679
0.003729
0.504819
0.398127
0.363536
0.812910
0.000000
0.146322
1.000000
0.171417
0.568994
0.649762
0.949942
0.608190
0.560439
0.662393
0.000000
0.450036
1.000000
0.788935
0.903524
0.681767
0.975694
0.362853
0.144629
1.000000
0.000000
0.728147
0.997086
0.131071
0.528695
0.257333
0.000560
0.561759
0.147672
0.230066
0.871080
0.221123
0.058780
0.250776
0.352040
0.998306
0.593784
0.000000
0.763801
0.563871
0.782938
0.000000
0.646354
0.608443
0.148664
0.888411
0.138788
0.754874
0.988753
0.287424
0.689677
0.729755
0.000000
0.064113
0.428243
0.903549
0.660290
0.867730
0.232213
0.573979
0.595485
0.461879
0.881391
0.659008
0.890662
0.311378
0.418953
0.692099
0.897085
0.658056
0.000000
0.000000
0.907923
0.000000
0.163515
0.727387
0.522041
0.000000
0.748492
0.723934
0.101921
0.000000
0.938224
0.227914
0.000000
0.179475
0.753239
0.027184
0.772109
0.983074
0.676238
0.115007
0.676141
0.813440
1.000000
0.859796
0.005717
0.004270
0.557808
0.000000
0.434339
0.730239
0.013598
0.650628
0.140281
0.044171
0.128464
0.965046
0.139082
0.709223
0.471678
0.733806
0.056551
0.092790
0.197116
0.168217
0.000270
0.108495
0.157301
0.999135
0.665370
0.545778
0.971074
0.803748
0.000000
0.000000
0.172365
0.000000
0.870017
0.000000
0.996391
0.237920
1.000000
0.312618
0.523926
0.812684
0.189680
0.757181
0.000000
0.030435
0.051687
0.720618
0.572438
0.339681
0.974040
0.884936
0.299250
0.017236
0.641317
0.246767
1.000000
0.449546
0.000000
0.337695
0.309431
0.711266
0.996823
0.681045
0.643107
0.991264
0.719199
0.703071
0.000000
0.399347
0.346662
0.796381
0.655033
0.292434
0.380985
0.366004
0.294751
0.297983
0.000000
0.835310
0.994326
0.585960
1.000000
0.303807
0.177067
0.632460
0.411916
0.842172
0.821041
0.253382
0.191687
0.171638
0.287528
0.427770
0.135699
0.820857
0.222190
0.001551
0.940549
0.641577
0.929127
0.517602
0.585410
0.373590
0.944899
0.461609
0.365971
0.181414
0.442590
0.000000
0.623453
0.637601
0.671246
0.121320
0.986149
0.453071
0.000000
0.607939
0.256676
0.000000
0.524707
0.904622
0.509126
0.133871
0.075396
0.243048
0.876740
0.215616
0.934338
0.411633
0.878118
0.800207
0.616716
0.540739
0.969028
0.630637
0.538683
0.491028
0.051033
0.476406
0.597773
0.868146
0.484874
0.450791
0.571718
0.601385
0.973510
0.000000
0.656335
0.016768
0.338775
0.052573
0.997977
0.749732
0.388721
0.000000
0.202400
0.229247
0.926371
0.544092
0.660813
0.089556
0.188405
0.147216
0.681070
0.340178
0.952126
0.203793
0.245479
0.578987
1.000000
0.199409
0.643728
0.050860
0.997980
0.140773
0.714510
0.816402
0.294295
0.653336
0.000000
0.762253
0.955031
0.000000
1.000000
0.373660
0.769386
0.186817
0.149284
0.226205
0.000000
0.566070
0.011788
0.994146
0.785723
0.787138
0.185598
0.666387
0.736265
0.505043
0.086754
0.810435
0.823220
0.715483
0.590314
0.512551
0.353070
0.146787
0.707482
0.361174
0.106167
0.045414
0.146913
0.753509
0.077887
0.734940
0.000000
0.583599
0.661554
0.317108
0.000000
0.868909
1.000000
0.936548
0.871210
0.890535
0.022565
0.553284
0.346767
0.575544
0.574958
0.502578
0.040869
0.477290
0.562029
0.622033
0.598714
0.985109
0.811035
0.049337
0.038252
0.013651
0.426671
0.265094
0.808940
0.225309
0.162924
0.105586
0.896135
0.999951
0.182885
0.995770
0.604896
0.858141
0.000000
0.056334
0.685819
0.194837
0.194249
0.000000
0.000000
0.677619
0.492307
0.156836
0.042074
0.298601
0.270671
0.982647
0.840332
0.321843
1.000000
0.803542
0.241645
0.349558
0.292194
0.499798
0.255792
0.836184
0.482644
0.790929
0.157105
0.967184
0.549157
0.329394
1.000000
0.836237
0.969843
0.961916
0.034395
0.194474
0.246197
0.619919
0.561559
0.281778
0.810832
0.172614
0.840156
0.997353
0.311653
0.162669
0.277005
0.941058
0.031336
0.210994
0.774361
0.808432
0.233000
0.966125
0.637344
0.022390
0.326865
1.000000
0.000000
0.001359
0.000000
0.826816
0.675236
0.693620
0.483244
0.084289
0.907904
0.212724
0.652974
0.505611
0.000000
0.008120
0.362945
0.975286
0.000000
0.611301
0.999997
0.128829
0.514144
0.159586
0.567089
0.999999
0.769711
1.000000
0.143810
0.433252
0.960844
0.252659
0.090728
0.008325
0.245760
0.283001
0.050920
0.807039
0.990924
0.174865
0.801106
0.999495
0.191523
0.674917
0.023548
0.350584
0.097677
0.414441
0.167990
0.878929
0.000065
0.000000
1.000000
0.000000
0.915794
0.701400
0.345408
0.441427
0.515448
0.000000
0.998463
0.469161
0.184012
0.112912
0.137932
0.000000
0.354136
0.221549
0.561571
0.221871
0.195075
0.058267
0.327805
0.801688
0.149428
0.655230
0.000000
0.764302
1.000000
0.485318
1.000000
0.927049
0.985524
0.285840
0.949661
0.232060
0.000000
0.111862
0.391091
0.000726
0.698655
0.748618
0.058885
0.964271
0.062869
0.961816
0.759717
0.472663
0.169515
0.962872
0.000652
0.688069
0.000000
0.000000
0.000000
0.168140
0.867863
0.870913
0.117028
0.067374
0.222568
0.359671
0.965633
0.524474
0.704166
1.000000
0.745188
0.823142
0.759703
0.768140
0.998465
0.000000
0.031635
0.075689
0.755177
0.066440
0.389021
0.000000
1.000000
0.999989
0.987015
0.445536
0.812522
0.467276
0.458345
0.752726
0.533441
0.000000
0.541189
0.000000
0.734940
0.614849
0.319838
0.287120
0.476206
0.202256
0.804076
0.454300
0.000000
0.632267
0.094613
0.024507
0.000000
0.000000
0.344843
0.290339
0.280172
0.276016
0.000000
0.171572
0.082015
0.254959
0.544716
0.329467
0.133232
0.102736
0.913141
0.865810
0.000000
0.998200
0.155049
0.531002
1.000000
1.000000
0.931022
0.213779
0.000000
0.023363
0.422404
0.671792
0.523363
0.330870
0.429741
0.639959
0.064461
0.722901
0.444928
0.906224
0.448074
0.000000
0.770075
0.199465
0.840448
0.823679
0.818906
0.742892
1.000000
0.000000
0.975972
0.161495
0.844851
0.646075
0.928830
0.303404
0.960570
0.045955
0.257219
0.553289
0.876607
0.992714
0.358627
0.499485
0.056991
0.309451
0.440430
0.903798
0.614636
0.948155
0.057744
0.988700
0.972924
0.289802
0.279228
0.434850
0.000000
0.000000
0.535304
0.302575
0.358168
0.152469
0.000000
0.709349
0.435648
0.653852
0.692339
1.000000
0.999787
0.133660
0.001767
0.364828
0.170411
0.205548
0.775162
0.664919
0.580473
0.352045
0.013946
0.480876
0.864892
0.076201
0.261537
0.039651
0.935603
0.996788
0.999866
0.872942
0.604896
0.280883
0.416239
0.844150
0.974041
0.634575
0.632861
0.407556
0.998064
0.339093
0.640779
0.933193
0.540341
0.798836
0.585237
0.992084
0.470138
0.337614
0.563871
0.010579
0.999999
0.921474
0.633283
0.086863
0.174074
0.000000
0.404389
0.957211
0.476966
0.582822
0.909685
0.444188
0.166497
0.144148
0.663943
0.000091
1.000000
0.842809
0.890478
0.052110
0.213681
0.013016
0.005807
0.227639
0.982971
0.774349
0.552017
0.286756
0.254925
0.806719
0.870977
0.000000
0.726068
0.812538
0.751020
0.000000
0.893748
0.000000
0.334819
0.000000
0.000000
0.390064
0.000000
0.547402
1.000000
0.047301
0.943650
0.387594
0.515061
0.971061
0.189533
0.353115
0.123604
0.582352
0.920971
0.928409
0.000000
0.283309
0.002434
0.680165
0.376737
0.870283
0.000000
0.311376
0.230443
0.841180
0.792919
0.599621
0.454293
0.042915
0.464623
1.000000
0.811815
1.000000
0.166794
0.042498
0.902698
0.000000
0.191687
0.528993
1.000000
0.741491
0.000000
0.000000
0.783433
0.421718
0.244548
0.696534
0.718742
0.534568
0.000000
0.974960
0.104680
0.320467
0.105120
0.393784
0.143714
0.204745
0.336542
0.549419
0.441477
0.000000
0.000000
0.664890
0.147103
0.100279
0.549887
0.000000
0.363009
0.151640
1.000000
0.877589
0.600302
0.438631
0.000000
0.288538
0.992967
0.471511
0.000000
0.358708
0.079043
0.005625
0.049748
0.649179
0.126500
0.602660
0.036784
0.351224
1.000000
0.000000
0.728523
0.385607
0.527370
0.378400
0.003790
0.449235
0.679521
0.478927
0.177852
0.189747
0.453243
0.554654
0.341905
0.551827
0.584014
0.185029
0.421737
0.530226
1.000000
0.913780
0.603930
0.365969
0.135971
0.969730
0.210179
0.935328
0.968893
0.830723
0.997208
0.026023
0.384541
0.999554
0.272777
0.879598
1.000000
0.749129
0.151170
0.141053
0.063637
0.000000
0.000000
0.749034
0.926616
0.724341
0.000000
0.219448
0.471407
0.140708
0.350607
0.274895
0.044207
0.576326
0.688541
0.273823
0.851141
0.574934
0.757649
0.792320
0.140770
0.660771
0.539263
1.000000
0.960288
0.026467
0.089556
0.815319
0.809554
0.320036
0.276903
0.500063
0.136873
0.000000
0.427899
0.114782
0.379672
0.913943
0.694299
0.031946
0.360623
0.635344
0.429397
0.298634
0.099668
0.988262
0.023213
0.000000
0.094801
0.707010
0.031092
0.565934
0.429739
0.934109
0.017588
0.049309
0.714696
0.837298
0.372089
0.971020
0.865106
0.531119
0.386473
0.424569
0.589537
0.524337
0.120868
0.370634
0.699999
0.362913
0.612235
0.419923
0.562437
0.999198
0.848433
0.000000
0.000000
0.000136
0.791254
0.000000
0.618065
0.798358
0.076681
0.496267
0.122904
0.006385
0.307627
0.000000
0.907965
0.263739
0.955232
0.000000
0.999340
0.422103
0.879518
0.806273
0.759291
0.169167
0.000064
0.625407
0.000000
0.000277
0.726430
0.999288
0.408840
0.117892
0.223961
0.515457
0.981832
0.611050
0.782938
0.948691
0.921111
0.926747
0.316012
0.426314
0.979088
0.002062
0.148671
0.399201
0.870855
0.944686
0.775319
0.000000
1.000000
0.978778
0.448865
0.649318
0.570066
0.971139
0.356826
0.591925
0.141466
0.155126
0.181967
0.000000
0.000000
0.625026
0.020854
0.846229
0.981008
0.503918
0.821216
0.885600
0.392344
0.000000
0.397584
0.000000
0.794898
0.993610
0.493598
0.302963
0.132656
0.653338
0.921488
0.247605
0.168571
0.000000
0.898117
0.309052
0.691573
0.256011
0.000000
0.273058
0.406979
0.000019
0.199824
0.058404
0.964396
0.448304
0.949157
0.608532
0.525481
0.997983
0.181120
0.463621
0.771178
0.224879
0.000000
0.892194
0.999999
0.996281
0.196772
0.718326
0.112222
0.615852
0.999840
0.678242
0.404389
0.000482
0.949061
0.534925
0.534727
0.003953
0.157338
0.213410
0.379296
0.752437
0.157804
0.344835
0.899076
0.985515
0.570279
0.601564
0.615812
0.477752
0.113052
0.153668
0.248903
0.218193
0.848527
0.190581
0.183271
0.322650
0.728196
0.231086
0.265890
0.895263
0.027639
0.974990
0.000000
0.175750
0.049397
0.508244
0.103474
1.000000
0.326714
0.352915
0.486173
0.945156
0.107105
0.034734
0.999799
0.426950
0.421348
0.359936
0.098378
0.274979
0.000000
0.868690
0.956965
0.000000
0.735706
1.000000
0.680203
0.005033
0.000000
0.909814
0.548883
0.851811
0.117093
0.236284
0.992781
0.783695
0.208395
0.168048
0.472327
0.727963
1.000000
0.999926
0.726964
0.122631
0.630359
0.186439
0.134881
0.675603
0.305311
0.828055
0.464322
0.137513
0.004510
0.018668
0.000000
0.000000
0.935565
0.844208
0.347993
0.559283
0.538996
0.256732
0.968493
0.942354
0.064683
0.520962
0.368212
0.034062
0.852962
0.874670
1.000000
0.179320
0.000000
0.170561
0.026682
0.121041
0.074411
0.374401
0.840324
0.269582
0.463638
0.663817
0.134402
0.773744
0.820852
0.980840
0.867242
0.296461
0.136767
0.135397
0.657156
0.238870
0.003629
0.000000
0.030926
0.000000
0.102263
0.385209
0.999909
0.067380
0.944633
0.344438
0.332370
0.535068
0.430115
0.745922
0.652140
0.380871
0.261300
0.008083
0.180647
0.328659
0.948705
0.606323
0.685926
0.000000
0.416140
0.567858
0.968719
0.000000
0.280121
0.022288
0.934894
0.674185
0.226490
0.274063
0.425082
0.802497
0.210888
0.760239
0.004959
0.068564
0.814182
0.667215
1.000000
0.074688
0.000000
0.645111
0.919204
0.000000
0.359212
0.999911
0.990311
0.000000
0.396722
0.435642
1.000000
0.000000
0.174652
0.016932
0.000000
0.987337
0.224637
0.559678
0.866909
0.006604
0.614898
0.302893
0.025812
0.117765
0.000000
0.290721
0.552256
0.111413
0.474342
0.997918
0.510414
0.283435
0.604550
0.500412
0.877675
0.094348
0.271098
0.999979
0.186817
0.935794
0.509426
0.929865
0.724758
0.218352
0.014547
0.711455
0.262832
0.000000
0.270004
0.928027
0.999994
0.000000
0.451407
0.231422
0.751749
0.950708
0.251055
0.329395
0.847908
0.062359
0.126596
0.629399
0.177305
0.532868
0.164392
0.319574
0.641147
0.006567
0.296035
0.622767
0.000000
0.227711
0.284574
0.288265
0.072601
0.963144
0.000000
0.520600
0.999278
0.170223
0.870571
0.902565
0.155481
0.201446
0.964619
0.458712
0.458630
0.622489
0.539448
0.938437
0.377464
0.741720
0.748086
0.471764
0.711563
0.962948
0.529799
0.419267
0.999952
1.000000
0.979010
0.255792
0.609876
0.442109
0.942808
0.500238
0.507600
0.536524
0.240849
0.346748
0.508568
0.284665
0.022862
0.614567
0.893591
0.681881
0.580784
0.214144
0.065747
0.023888
0.846243
0.645848
0.054745
0.416966
0.634248
0.243048
0.903895
0.325928
0.317134
0.059082
0.406422
0.620671
0.000000
0.513093
0.999953
0.889842
0.319849
0.000000
0.748394
0.000000
0.711342
0.243946
0.043892
0.158013
0.157257
0.750568
0.179065
0.387738
0.543806
0.982608
0.828538
0.997046
0.404835
0.158319
0.877581
0.379843
0.465435
0.000480
0.933806
0.389444
0.683551
0.000000
0.372944
0.540860
0.682101
0.691813
0.209443
0.902179
0.999815
0.356687
0.413855
0.834411
0.995582
0.291316
0.626392
0.296231
0.845261
0.000000
0.797974
0.064259
0.166395
0.124566
0.000000
0.280802
0.237895
0.799756
0.000000
0.472981
0.537306
0.555517
0.287070
0.378025
0.023807
0.003843
0.493765
0.802014
1.000000
0.640795
0.955862
0.443804
0.566551
0.362297
0.146304
0.000000
0.000000
0.174865
0.630063
0.866399
0.177850
0.288698
0.579540
0.836659
0.936944
0.231198
0.336542
0.451773
0.650936
0.987573
0.000000
0.696960
0.885500
0.658287
0.343678
0.125891
0.998328
0.312338
0.817595
0.833761
0.294781
0.779372
0.433200
0.744251
0.765986
0.712313
0.983464
0.589113
0.415420
0.261580
0.529078
0.075695
0.255150
0.382010
0.951545
0.820545
0.184478
0.485752
0.992856
0.955623
0.272015
0.982396
0.191700
0.147467
0.793311
0.612544
0.445344
0.502651
0.326677
0.131060
0.000000
0.212773
0.935696
0.000000
0.651538
0.229273
0.000000
0.000000
0.000000
0.185427
0.475181
0.529609
0.182740
0.203947
0.000000
0.320742
0.824469
0.611840
0.000000
0.999998
0.690100
0.192157
0.000000
0.648872
0.538643
0.999697
0.349083
0.425082
0.117328
0.667469
0.006440
0.996801
0.272495
0.410162
0.892589
0.999998
0.619311
0.323416
0.953312
0.802161
0.634974
0.283252
0.032219
0.057347
0.907412
0.054456
0.380486
0.360323
0.000000
0.414303
0.000000
1.000000
0.813111
0.831948
0.423887
1.000000
0.383635
0.702285
0.231503
0.107783
0.598026
0.766325
0.950765
0.313979
0.320399
0.878966
0.860046
0.240078
0.125473
0.000000
0.655099
0.915681
0.999691
0.826298
0.853249
0.362647
0.276867
0.000000
0.756859
0.000000
0.119443
0.190901
0.000000
0.678147
0.158164
0.871963
0.912459
0.537129
0.289363
0.266025
0.025937
0.916268
0.389868
0.448868
0.999999
0.874130
0.408903
0.603398
0.000000
0.421649
0.843153
0.257822
0.002885
0.860421
0.352574
0.121414
0.680601
0.734764
0.179159
0.847549
0.385181
0.000000
0.049633
0.592721
0.458262
0.967524
0.934276
0.999991
0.631749
0.545555
0.000000
0.495770
0.985007
0.000000
1.000000
0.240078
0.166863
0.151235
0.225485
0.083220
0.604919
0.536482
0.374111
1.000000
0.000000
0.516873
0.316974
1.000000
0.645475
0.129328
0.853058
0.632267
0.913936
0.999854
0.185804
0.299418
0.245511
0.000005
0.174144
0.185812
0.015512
0.988885
0.843911
0.432683
0.892613
0.949129
0.019946
0.045931
0.220868
0.000996
0.139703
0.539115
0.627015
0.162041
0.172614
0.831826
0.722346
0.000000
0.325206
0.478855
0.966874
0.133186
0.591543
0.886344
0.439731
0.000000
0.324810
0.000000
0.923739
0.217750
0.999998
0.608848
0.000000
1.000000
0.096393
0.000000
0.070305
0.234229
0.228072
0.455826
0.045258
0.575026
0.517532
0.101435
0.384520
0.239931
0.792358
0.233872
0.000033
0.241449
0.803349
0.278416
0.430109
0.973249
0.757603
0.728619
0.999555
0.107127
0.706104
0.006864
0.903318
0.318018
0.228733
0.319627
0.000000
0.623865
0.765518
0.291123
0.602890
0.986804
0.904881
0.007805
0.779115
0.000000
0.393811
0.000000
0.423892
0.464323
0.544569
0.000000
0.997458
0.451096
0.107015
0.781375
0.635757
1.000000
0.000000
0.896735
0.099181
0.605174
0.308669
0.369316
0.291694
0.728901
0.000000
0.993653
0.000000
0.000000
0.380878
0.122205
0.000000
1.000000
0.262639
0.110994
0.944756
0.959811
0.012250
0.305291
0.594279
1.000000
0.388051
0.932781
0.301701
0.619916
0.787713
0.999988
0.764736
0.636210
0.666722
0.343035
0.777193
0.357564
0.875368
0.894303
0.298461
0.000000
0.000000
0.571660
0.871403
0.876261
0.948857
0.010229
0.792773
0.978349
0.582626
0.000000
0.000000
0.476605
0.309062
0.584398
0.000000
0.079416
1.000000
0.000000
0.421674
0.379672
0.834742
0.999931
0.527309
0.060741
1.000000
0.044565
0.000000
0.230060
0.049658
0.141788
0.633583
0.077536
0.790968
0.000000
0.850907
1.000000
0.561140
1.000000
0.457518
0.000000
0.907354
0.000000
0.269009
0.883618
0.336310
1.000000
0.172235
0.616551
0.319740
0.119010
0.569257
0.645168
0.555843
0.772427
0.520165
0.823220
0.734300
0.469258
0.039133
0.984435
0.502337
0.298654
0.320535
0.180965
0.894896
0.000017
0.142325
0.000000
0.200036
0.696360
0.097643
0.139837
0.819606
0.350044
0.028281
0.499227
0.239903
0.613884
0.471142
0.697813
0.000000
0.153073
0.065197
0.703404
0.246977
0.557220
0.932408
0.932343
0.366866
0.292456
0.997023
0.908119
0.980225
0.438255
0.194057
0.618757
0.378063
0.000000
0.182918
0.000000
0.000000
0.999996
0.612500
0.703164
0.923012
0.901008
0.433799
1.000000
1.000000
0.379173
0.997672
0.051710
0.069711
0.743587
0.029363
0.363278
0.590351
0.181777
0.148281
0.999998
0.991747
0.911040
0.187132
0.335330
0.000000
0.641490
0.088051
0.700462
0.988544
0.792412
0.180787
0.999997
0.384440
0.029649
0.811402
0.455122
0.432068
0.405739
0.164317
0.999178
0.837165
0.452993
0.999830
1.000000
0.998599
0.047918
0.999367
0.473219
0.178350
0.390636
0.088936
0.501851
0.952537
0.502116
0.446014
0.964008
1.000000
0.395785
0.822184
0.031823
0.947221
0.753326
0.398677
0.886208
0.065254
0.251177
0.182949
0.583985
0.834978
0.637869
0.958657
0.688848
0.740223
0.864671
0.961445
0.576419
0.836349
0.664774
0.774654
0.110175
0.000000
0.254877
0.996613
0.958156
0.000000
0.993618
0.557140
0.498189
0.090600
0.046364
0.138947
0.271565
0.962083
0.483616
0.346767
0.655069
0.262832
0.600266
0.924121
0.000000
0.024408
0.946770
0.000450
0.422912
0.275985
0.040389
0.002486
0.244210
0.000000
0.439542
0.855921
0.970921
0.368966
0.408842
0.125306
0.572114
0.763797
0.425937
0.980316
0.859775
0.477758
0.082167
0.879889
0.390227
0.981322
0.000000
0.390205
0.050466
0.000000
0.979374
0.000000
0.820857
0.715526
0.202089
0.000000
0.855451
0.545583
0.411125
0.643248
0.435980
0.751820
0.000000
1.000000
0.952411
0.995832
0.000000
0.927323
1.000000
0.241813
0.878919
0.931966
0.562186
0.997977
0.528995
0.834137
0.818197
0.464370
0.034572
0.002919
0.451604
0.997803
0.573296
0.854087
0.000000
0.326615
0.000000
0.175645
0.000487
1.000000
0.225208
0.411892
1.000000
0.939717
0.997309
0.647917
0.623434
0.093130
0.571566
0.301540
0.049897
0.475787
0.506507
0.848695
0.601406
0.346565
0.349003
0.000000
0.289358
0.690938
0.793817
0.250979
0.740385
0.139104
0.995522
0.992072
0.986103
0.032865
0.824606
0.630960
0.576173
0.000000
0.058543
0.186254
0.115733
1.000000
0.484064
0.756452
1.000000
0.819686
0.000000
0.580727
0.682565
0.896245
0.762517
0.000000
0.892754
0.736521
0.041257
0.000000
0.750371
0.272086
0.944219
0.746794
0.416800
0.214675
0.000788
0.435784
0.971513
0.000000
0.150931
0.957683
0.824101
0.616901
0.000000
0.316604
0.627719
0.240901
0.000000
0.537496
0.757673
0.589096
0.104124
0.275764
0.000000
0.013271
0.008386
0.235719
0.866876
0.157009
0.960452
0.355809
0.537301
0.843608
0.446150
0.598919
0.203915
0.130557
1.000000
0.297448
0.219726
0.214250
0.012450
0.335976
0.523008
0.000000
0.922090
1.000000
0.080222
0.519306
0.271207
0.240521
0.515007
0.221549
0.148440
0.000996
0.000000
0.890478
0.804876
0.785623
0.209887
0.333199
0.486998
0.000000
0.999589
0.619336
0.407556
0.430838
0.021157
0.221054
0.004176
0.364406
0.751440
0.999846
0.210295
0.002458
1.000000
0.698769
0.066743
0.910968
0.308282
0.943368
0.646330
0.224099
0.248464
0.383615
0.095460
0.454938
0.334558
0.072859
0.917049
1.000000
0.856877
0.559938
0.125080
0.934673
0.219154
0.000000
0.604327
0.389095
0.835403
0.943204
0.150637
0.370945
0.000000
0.001722
0.907209
0.608913
0.274941
0.272287
0.800440
0.781610
0.793011
0.919964
0.578062
0.627513
0.745743
0.976616
0.553979
0.288602
0.762404
0.432717
0.782284
0.000060
0.000000
0.000000
0.077803
0.347978
0.614780
0.269074
0.531661
0.698703
0.016807
0.185593
0.107634
0.349099
0.630082
0.418308
0.836347
0.998468
0.614537
0.000000
0.492407
0.000000
0.871434
0.871359
0.000000
0.189015
0.329717
0.582024
0.999965
0.487783
0.660219
0.432424
0.357801
0.097944
0.448593
0.574128
1.000000
0.992590
1.000000
0.928501
0.093727
0.306134
0.153142
0.074574
0.373076
0.345809
0.073673
0.073465
0.582575
0.173218
0.255536
0.978586
0.793358
0.615834
0.658325
0.570413
1.000000
0.017192
0.999968
0.647304
0.174476
0.999552
0.961869
0.034722
0.976200
0.836783
0.021049
0.000000
1.000000
0.856577
0.581294
0.000000
0.761795
0.422404
0.082999
0.166004
0.000000
1.000000
0.514398
0.012518
0.571235
0.715123
0.934240
0.387394
0.556063
0.616208
0.719369
0.642671
0.391503
0.998956
0.492465
0.464245
0.620125
0.000000
0.215194
0.495382
0.505505
0.860779
0.956091
0.858141
0.564083
0.348570
1.000000
0.139985
0.160598
0.863480
0.529528
0.414194
0.255077
0.572083
0.283443
0.414717
0.742541
0.000000
0.169318
0.837805
0.091579
0.213779
0.982750
0.673263
0.685959
0.071732
0.857448
0.329966
0.434497
0.000000
0.497340
0.000000
0.329519
0.611030
0.444681
0.827128
0.545329
0.271246
0.203373
0.691378
0.178890
0.335522
0.494775
0.286600
0.874130
1.000000
0.999988
0.078599
0.120678
0.120430
0.000000
0.539119
0.538643
0.360137
0.979880
0.810193
0.725152
0.363868
1.000000
0.466527
0.910783
0.315902
0.799519
0.286844
0.000000
0.169019
0.350880
0.962875
0.596894
0.975287
0.084052
0.001332
0.128964
0.769886
0.681872
0.598694
0.494288
1.000000
0.805335
0.865407
0.719273
0.823296
0.648431
0.000000
0.859437
0.421223
0.932058
0.464496
0.854887
0.605028
0.322005
0.708062
0.000005
0.831893
0.024291
0.419727
0.291007
0.022386
0.349847
0.611840
0.685162
0.635320
0.995697
0.951545
0.809844
0.000000
0.933211
0.934037
0.000000
0.000000
0.000000
0.512405
0.863221
0.622033
0.094814
0.000000
0.498824
0.671027
0.000409
0.999307
0.716498
0.041728
0.741834
0.000000
0.194628
0.705287
0.452254
0.000000
0.734800
0.853817
0.922677
0.505285
0.537167
0.000000
0.902698
0.694675
0.415880
0.856760
0.491605
0.800972
0.164235
0.687557
0.232286
0.871779
0.297480
0.374140
0.999982
0.726197
0.000000
0.974403
0.244025
0.928561
0.036803
0.259869
0.080189
0.005605
0.758536
0.293778
0.417386
0.000000
0.822703
0.998974
0.719802
0.485161
0.356288
0.742493
0.129001
0.000000
0.416468
0.459936
0.180920
0.262909
0.798126
0.091579
0.997309
0.906333
0.655779
0.796689
0.440937
0.754881
0.591616
0.409352
0.962648
0.475421
0.992041
0.000000
0.223492
0.715343
0.926616
0.474088
0.013776
0.409201
0.754094
0.817091
0.178401
0.307864
0.185864
0.000000
0.680331
0.924258
0.387247
0.728880
0.016638
0.788652
0.576419
0.106884
0.731925
0.402829
0.201047
0.386395
0.825411
0.987231
0.769754
1.000000
0.388274
0.021912
0.999998
0.000297
0.265922
0.435642
0.253255
0.999998
0.000000
0.604950
0.110426
0.211637
0.153784
0.207933
0.840010
0.326006
0.998297
0.496623
0.463799
0.745069
0.000000
0.751024
0.407817
0.230060
0.196144
0.690370
0.347978
0.000000
0.531565
0.923021
0.769041
1.000000
0.000000
0.609876
0.000000
0.027071
0.042012
0.220914
0.000000
0.000000
1.000000
0.017609
0.073274
0.611601
0.752313
0.346197
0.324000
1.000000
0.002838
0.374854
0.994151
0.000000
0.658962
0.991747
0.819399
0.991531
0.654393
0.067523
0.821875
0.151450
0.407070
0.063032
0.804947
0.974631
0.183062
0.000000
0.813542
0.168663
0.046663
0.354272
0.512284
0.937451
0.990957
0.000000
0.685966
0.665181
0.308256
0.536243
0.272490
0.893577
0.995085
0.966548
0.664464
0.046962
0.000000
0.067923
0.652280
0.430810
0.248585
0.445850
0.689484
0.438052
0.181175
0.000000
0.548115
0.347850
0.327328
0.256328
0.250729
0.278543
0.974660
0.979685
0.990461
0.000000
0.157990
0.104998
0.131930
0.225312
0.818614
0.601172
0.365867
0.757071
0.588105
0.935271
0.339681
0.569801
0.481965
0.987997
0.023506
0.005821
0.016617
0.960050
0.000000
0.998631
0.619092
0.957718
1.000000
0.657004
0.000000
0.397701
0.000000
0.252936
0.810273
0.786283
0.000000
0.356863
0.000000
0.161511
0.635307
0.669282
0.399347
0.905154
0.164263
0.305913
0.609697
0.902819
0.204401
0.331050
0.388209
0.829391
0.656121
0.003214
0.008299
0.185508
0.982643
0.246057
0.037711
0.397984
0.934243
0.409164
0.313708
0.412080
0.442709
0.995501
0.503586
0.306547
0.543019
0.294622
0.541749
0.889890
0.383622
1.000000
0.602952
1.000000
0.571660
0.620783
0.987704
0.080163
0.186259
0.609546
0.167996
0.978940
0.318954
0.993998
0.332297
0.571211
0.753889
1.000000
0.544325
0.433071
0.688883
0.573615
0.068084
0.576058
0.988364
0.334143
0.063521
0.495781
0.100036
0.660765
0.861619
0.373123
0.250715
0.983339
0.389519
0.767502
0.425501
0.987411
0.443793
0.836881
0.262805
0.603666
0.998900
0.674994
0.000000
0.917357
0.660635
0.422340
0.064453
0.451225
0.416781
0.662154
0.999892
0.861442
0.208329
0.319627
0.415945
0.672830
0.760010
0.494039
0.292037
0.677045
0.437913
0.891999
0.258683
0.718326
0.972091
0.860399
0.937646
0.568807
0.999987
0.053503
0.373152
0.659581
0.257333
0.457056
0.229970
0.802970
0.874624
0.071277
0.294751
0.000000
0.079899
0.707867
0.035468
0.385948
0.218582
0.000000
0.123568
0.179905
0.931271
0.124566
0.203595
0.999702
0.661823
0.000000
0.026475
0.254089
0.585079
0.000000
0.103486
0.627640
0.242055
0.039950
0.943204
0.417971
0.000000
0.332455
0.156355
0.000000
0.000046
0.985821
0.946570
0.620232
0.769661
0.000010
0.699739
0.164312
0.643459
0.999984
0.001092
0.396748
0.419410
0.396428
0.806513
0.033281
0.000000
0.367475
0.522748
0.104311
0.962524
0.578068
0.546705
0.186465
0.999877
0.991400
0.929524
0.861422
0.000904
0.000000
0.996592
0.000000
0.063308
0.000000
0.360849
0.083434
0.000000
0.000000
0.090798
1.000000
0.304090
0.467957
0.878584
0.487497
0.921070
0.050094
0.569922
0.013034
0.773545
1.000000
0.132923
0.365358
0.000000
0.000000
0.324046
0.084225
0.999999
0.657095
0.440483
0.990547
0.495723
0.053262
0.413981
0.279526
0.326764
0.977831
0.027511
0.063308
0.140522
0.858460
0.809999
0.516932
0.146231
0.999485
0.448432
0.284924
0.685456
0.229511
0.095678
0.472488
0.837782
0.381278
1.000000
0.116446
0.579958
0.289079
0.535444
0.230673
0.583594
0.914199
0.222375
0.436808
0.160747
0.777112
1.000000
0.584191
0.701240
0.000000
0.000000
0.852553
0.290711
0.301572
0.210034
0.834629
1.000000
0.983606
0.610172
0.498975
0.002704
1.000000
0.523900
0.815146
0.461153
0.546652
1.000000
0.549591
0.000000
0.614549
1.000000
0.916429
0.129134
0.961599
0.295951
0.000000
0.272661
0.000000
0.110428
0.331541
0.615162
0.585368
0.201106
0.873618
0.996203
0.090458
0.974880
0.031429
0.731889
0.550325
0.406038
0.594573
0.919942
0.202793
0.116777
0.305542
0.644429
0.056425
0.947537
0.059646
0.000000
0.999994
0.848979
0.314343
1.000000
0.872408
0.987659
0.747007
0.971909
0.651642
0.884208
0.621357
0.571070
0.251097
0.000000
1.000000
0.396204
0.365475
0.947668
0.072943
0.496964
0.119443
0.569462
0.998564
0.880460
0.396254
0.550709
0.249108
0.727478
0.613727
1.000000
0.798311
0.199523
0.629975
0.507974
0.690996
0.952659
1.000000
0.236032
0.036200
0.125982
0.107238
0.065773
0.144002
0.996379
0.331255
0.999538
0.000000
0.000000
0.982716
1.000000
0.373955
0.592907
0.645822
0.647917
0.462256
0.731501
0.000000
0.000000
0.258163
0.205534
1.000000
0.215362
0.944958
0.422075
0.103110
0.769844
0.576241
0.689242
0.184117
0.637177
0.023594
0.999945
0.279316
0.588873
0.773828
0.200989
0.351084
0.285273
0.331711
0.607926
0.254021
0.817444
0.159558
0.395964
0.018746
0.656217
0.475661
1.000000
0.874555
0.842448
0.070016
0.074952
0.397843
0.562544
0.000000
0.976328
0.000000
0.991654
0.242257
0.877923
0.667863
0.998320
0.306300
0.474916
0.000000
0.009235
0.469928
0.536872
0.421959
0.998570
0.278392
0.384520
0.000000
0.821699
0.999985
0.648208
0.827280
0.717665
0.396698
0.194362
0.999843
0.534685
0.735274
0.436042
0.949051
0.379175
0.174347
0.610941
0.336587
0.740859
0.569698
1.000000
0.000000
0.726517
0.704008
0.575250
0.625358
0.000000
0.000000
0.000000
0.886702
0.230037
0.024299
0.223896
0.903643
0.997730
0.000000
0.920541
0.271864
0.198097
0.937936
0.217208
0.335387
0.936548
1.000000
0.758775
0.384934
0.929670
0.000000
0.988184
0.303413
0.377217
0.149363
0.133161
0.899617
0.547438
0.061000
0.054307
0.881913
0.906197
0.054100
0.063315
0.996034
0.548086
0.225751
0.049400
0.000000
0.523565
0.036720
0.000000
0.990758
1.000000
0.904750
0.532399
0.000000
0.000000
0.999569
0.307160
0.336706
0.698166
0.000000
0.302400
0.373420
0.967931
0.462682
0.000000
0.577305
0.139196
0.252001
0.171572
0.723803
0.335522
0.548257
0.044860
0.448757
0.103110
0.877291
0.063521
0.704495
0.851345
0.000000
0.560989
0.060802
0.406471
0.204145
0.980066
0.921506
0.200789
0.000000
0.989281
0.818320
0.042841
1.000000
0.113457
0.063521
0.085051
0.362859
0.456431
0.250012
0.565058
0.966576
0.508342
0.647830
0.801666
0.254875
0.351308
0.852866
0.004014
0.732145
0.225002
0.810774
0.000000
0.163148
0.203784
0.008340
0.014434
0.000000
0.027128
0.000910
0.978607
0.576357
0.004432
0.162532
0.537858
0.984575
0.004623
0.212588
0.849840
0.445706
0.000000
0.235073
0.601299
0.000001
0.804157
0.845639
0.331174
0.725636
0.271579
0.359366
0.995412
0.786426
0.523926
0.652134
0.000000
0.000000
0.023104
0.441251
0.979914
0.750578
0.490104
0.555466
0.402642
0.426671
0.725872
0.517580
0.470218
1.000000
0.405777
0.533910
0.548167
0.305580
0.036837
0.182521
0.593154
0.172650
0.201393
0.322443
0.781318
1.000000
0.143933
0.802483
0.102176
0.000000
0.456131
0.110249
0.295505
1.000000
0.285601
0.705970
0.451222
0.890837
0.000000
0.047124
0.349683
0.858141
0.679915
0.997270
0.995726
0.538117
0.000000
0.322420
0.726714
0.944691
0.220572
0.745910
0.000000
0.253183
0.330454
0.278929
0.747908
0.237184
0.995463
0.089643
0.257726
0.992196
0.618239
0.451186
0.890478
0.263772
0.467332
0.683759
0.772759
0.044324
0.210714
0.093308
0.635066
0.384044
0.253173
0.000248
0.624024
0.421417
0.176823
0.344892
0.382426
0.143526
0.933652
0.908641
0.987929
0.622239
0.683297
0.301965
0.065580
0.000000
0.532829
0.115741
0.000070
0.369159
0.531339
0.883776
0.012333
0.863027
0.100046
0.943204
0.710187
1.000000
0.487584
0.723445
0.098886
0.197430
0.146787
0.230393
0.000000
0.727436
1.000000
0.978976
0.319309
0.362067
0.374104
0.825706
0.998797
0.314484
0.676593
0.495093
0.421774
0.883258
0.574600
0.000000
0.808016
0.386818
0.000000
0.347946
0.298634
0.499162
0.104506
0.105161
0.677818
0.914577
0.270818
0.951184
0.000000
0.784863
0.788058
1.000000
0.000000
0.202256
0.000061
0.469378
0.185128
0.770073
0.068459
0.039403
0.248798
0.046638
0.425518
0.585960
0.067873
0.262809
0.123438
0.522249
0.707821
0.680180
0.411288
0.622567
0.787027
0.802207
0.995595
0.160593
0.046977
0.343075
0.018075
0.083520
0.741629
1.000000
0.797711
0.717681
0.480826
0.252715
0.000000
0.221537
0.416907
0.239742
0.000000
0.370634
0.000000
0.575012
0.406422
0.039627
0.414657
0.669764
0.989825
0.979610
0.505346
0.088887
0.571805
0.104262
0.203671
0.996736
0.633178
0.428419
0.798966
0.564357
0.961231
0.155907
0.266799
1.000000
0.252535
0.239062
0.088475
0.799838
0.256905
0.128436
0.814428
0.166317
0.434070
0.998543
0.744784
0.124292
0.667307
1.000000
0.017622
0.275472
0.000000
1.000000
0.263721
0.351012
0.408676
0.651490
0.282305
0.041808
0.146887
0.676955
0.962928
0.538723
0.150998
0.962083
0.646630
0.703432
0.537402
0.227444
1.000000
0.494953
0.098497
0.491645
0.256591
0.568430
0.990305
0.982608
0.563272
0.000000
0.646923
0.570697
1.000000
0.000000
0.018075
0.210797
0.005615
0.563466
0.685560
0.430757
0.415473
0.386747
0.265483
0.369107
0.999996
0.988877
0.612901
0.720280
0.745653
0.166004
0.226636
0.918729
1.000000
0.723434
0.316873
0.073105
0.758233
0.006300
0.720736
0.027576
0.587759
0.992993
0.305236
0.941052
0.543492
0.819136
0.583985
0.205035
0.323985
1.000000
0.009146
0.427161
0.737462
0.569672
0.150998
0.997560
0.949539
0.288051
0.224276
0.403719
0.000000
0.000000
0.131035
0.306547
0.664919
0.000000
0.364228
0.217229
0.856131
0.482963
0.996607
0.957693
0.750240
0.514208
0.125601
0.156089
0.000000
0.593888
0.239388
0.023706
0.000000
0.273058
0.944160
0.633724
0.000000
0.000000
0.775176
0.479327
0.337199
0.653345
0.474957
0.519951
0.283034
0.183062
0.596501
0.513756
0.992167
0.279810
0.283860
0.019938
0.671782
0.996707
0.713088
0.638020
0.048872
0.612500
0.070279
0.126277
0.174684
0.431520
0.469473
0.000000
0.418837
0.488871
0.750482
0.280540
0.102796
0.673816
0.000000
0.978876
0.528393
0.010929
0.440263
0.178280
0.000000
0.169366
0.943204
0.271585
0.720565
0.160923
0.977066
0.737285
0.999360
0.380052
0.000000
0.998797
0.294784
0.597829
0.252405
0.969003
0.316267
0.881869
0.437809
0.529138
0.604528
0.000000
0.337175
0.956281
0.093449
0.528695
0.089552
0.000000
0.544645
0.945457
0.230354
0.323287
0.548257
0.949492
0.829976
1.000000
0.999962
0.765422
0.193577
0.390719
0.139624
0.000000
0.230621
0.665094
0.480365
0.331230
0.562745
0.980929
0.699377
0.978415
0.581674
0.866932
0.379175
0.342819
0.000000
0.003476
0.104882
0.998133
0.788878
0.645858
0.000000
0.000000
1.000000
0.036180
0.825572
0.042701
0.589275
0.000000
0.672361
0.988220
0.250858
0.294751
0.000000
0.965121
0.353349
0.485019
0.002522
0.498106
0.686771
0.368986
0.000000
0.940747
0.000361
0.650256
1.000000
0.955920
0.742493
0.361570
0.066084
0.527223
0.363518
0.382988
0.000000
0.688848
0.486867
0.087070
0.699959
0.654504
0.000000
0.198623
0.010761
0.986676
1.000000
0.000055
0.606729
0.000000
1.000000
0.210434
0.243006
0.000000
0.009741
0.834020
0.854887
0.232735
0.464273
0.216374
0.765034
0.532399
0.789070
0.107155
0.135752
0.788589
0.353633
0.435689
1.000000
0.263122
0.999996
0.532039
0.964561
0.989656
0.442039
1.000000
0.968497
0.497602
0.283275
0.510205
0.000000
0.640657
0.173835
0.000000
0.462156
0.906824
0.092340
0.237982
0.650819
0.102314
0.000000
0.045434
0.882721
0.192611
0.031343
0.999999
0.589090
0.804110
0.186901
0.185231
0.201132
0.149195
0.680150
0.000000
0.672680
0.495608
0.971237
0.142063
0.628795
0.019716
0.795139
0.239108
0.000000
0.947258
0.222197
0.481537
0.343564
0.655878
0.232192
0.793817
0.298313
0.850675
0.947269
0.745231
0.362894
0.945930
0.147088
0.703052
0.158973
0.999795
0.501108
0.143038
0.553274
0.341280
0.011913
0.351341
0.823625
0.469491
0.799757
0.011850
0.000000
0.999334
0.289316
0.213405
0.440946
0.293948
0.423207
0.234541
0.192276
0.749418
0.330767
0.702232
0.166429
0.219807
0.329349
0.521132
0.596544
0.935598
0.341979
0.840803
0.374111
0.574262
0.632953
0.638966
0.551826
0.004634
0.998963
0.339336
0.462408
0.222251
0.159634
0.314748
0.890738
0.972828
0.981132
0.000000
0.000000
0.679888
0.529174
0.000000
0.266600
0.630626
0.052091
0.323016
0.622272
0.380896
0.000000
0.743915
0.596264
0.000000
0.789057
0.009508
0.813953
0.152180
0.000000
0.246286
0.470250
0.962999
0.961490
0.234212
0.285047
0.988036
0.919942
0.964944
0.886314
0.018075
0.907790
0.145886
0.527818
0.685975
0.827903
0.581586
0.116482
0.086165
0.496267
0.373398
0.719710
0.013260
0.643851
0.918626
0.000000
0.002479
0.130614
0.839351
0.197356
0.783553
0.999394
0.370984
0.373442
0.046998
0.757849
0.663938
0.090217
0.473328
0.360468
0.062294
0.902143
0.318351
0.016429
0.521594
0.024721
0.534545
0.157606
0.520872
0.000000
0.000000
0.000000
0.117419
0.003761
0.400647
0.341931
0.998743
0.000000
0.000000
0.471469
0.271681
0.816737
0.991981
0.000000
0.010450
0.193245
0.213114
0.878807
0.513955
1.000000
0.582104
0.714036
0.303744
0.825262
0.398696
0.671995
0.998433
0.070032
0.537979
0.491409
0.000000
0.985735
0.261383
0.000000
0.867491
0.997403
0.036503
0.507527
0.236907
0.955406
0.328445
0.818659
0.413920
0.200012
0.080835
0.279200
0.154021
0.661736
0.644651
0.950279
0.444857
0.153257
0.102173
0.000000
0.023607
0.334390
0.924852
0.077702
0.601495
0.522230
0.055819
0.000596
0.959827
0.797641
0.400080
0.000000
0.620393
1.000000
0.376633
0.971737
0.218171
0.408292
0.043919
0.806226
0.532482
0.685868
0.430276
0.463494
0.806758
0.030349
0.580365
0.569514
0.000000
0.361124
0.000000
0.000000
0.441373
0.481669
0.974311
0.440792
0.286844
0.000000
0.000000
0.982867
0.405371
0.218314
0.960288
0.000000
0.913125
0.966296
0.999916
0.002477
0.320208
0.145267
0.999997
0.454202
0.255621
0.713774
0.165308
0.744491
0.022978
0.614537
0.643728
0.198604
0.847454
0.783299
0.147608
0.969292
0.864512
0.000000
0.357064
0.771584
0.339226
0.662737
0.102176
0.015982
0.000000
0.983753
0.000000
0.142269
0.171920
0.782476
0.627453
0.438071
0.509214
0.408676
0.778555
0.412127
0.625758
0.364002
0.888149
0.000000
0.192244
0.320075
0.794314
0.018782
0.756236
0.766603
0.996595
0.159655
0.930424
0.480446
0.981324
0.733932
1.000000
0.060787
0.000000
0.274382
0.840855
0.000000
0.000000
0.465666
0.110938
0.908616
0.603291
0.061693
0.547941
0.826035
0.428481
1.000000
0.790406
0.785939
0.026596
0.233014
0.003714
0.371686
0.529174
0.274546
0.547676
0.892267
0.302464
0.438548
0.791865
0.158804
0.044041
0.808257
0.494876
0.068052
0.450231
0.374779
0.000000
0.653631
0.073833
0.003011
0.001437
0.965177
0.003888
0.720852
0.999575
0.541602
0.473513
0.477099
0.546361
0.199272
0.434762
0.013806
0.557040
0.000000
0.002887
0.393122
0.757226
0.063276
0.492021
0.259054
0.757226
0.000453
0.701336
0.179905
0.974152
0.420582
0.946508
0.450698
0.526491
0.007015
0.681071
0.127618
0.097643
0.999867
0.849874
0.000000
0.212251
1.000000
0.000000
0.857416
0.287357
0.649106
0.531995
0.030600
0.230393
0.874555
0.024419
0.581168
0.482878
0.821845
0.746113
0.963567
0.018226
0.939472
1.000000
0.395835
0.805481
0.827809
0.100036
0.112733
0.866869
0.383064
0.481572
0.415473
0.002739
0.196713
0.684191
0.185606
0.000000
0.831846
0.331042
0.439420
0.977687
0.878191
0.431169
0.930590
0.045607
0.678626
0.299799
0.040705
0.929987
0.317226
0.761897
0.925208
0.730460
1.000000
0.383291
0.257778
0.136628
0.980929
0.356865
0.653744
0.309787
0.435045
0.379908
0.336418
0.240124
0.490611
0.055462
0.492614
0.439114
0.545041
0.351436
0.015864
0.309587
0.907841
0.229704
0.000000
0.999365
0.561678
0.074124
0.244512
0.881799
0.000000
0.000000
0.358694
0.773340
0.474063
0.145824
0.616762
0.598439
0.285409
0.427859
0.306062
0.781402
0.000000
0.805514
0.882398
0.464175
0.808432
0.147773
0.000000
0.769336
0.000000
0.392606
0.811815
0.001846
0.592907
0.476703
0.002389
0.359368
0.920163
0.403616
0.000000
0.319183
0.683240
0.000000
0.645978
0.776585
0.014470
0.558992
0.665828
0.745851
0.409388
0.218898
0.341766
0.432367
0.566961
0.801033
0.339298
0.039331
0.320044
0.000000
0.544219
0.974279
0.978598
0.353456
0.451893
0.003944
0.544969
1.000000
0.000000
0.710197
0.849778
0.771678
0.120979
0.296215
0.000000
0.681292
0.909296
0.000000
0.143221
0.107588
0.639504
0.435229
0.201062
0.000102
0.297436
0.019652
0.197984
0.841117
0.940303
0.412081
0.916925
0.561156
0.677132
0.017001
0.000000
0.319399
0.913083
0.777695
0.000000
0.000770
0.449789
0.000000
0.065677
0.915201
0.874795
0.368672
0.000000
0.645388
0.447651
0.983667
0.999149
0.186837
0.356481
0.999996
0.353614
0.714028
0.000000
0.881662
0.682261
0.095159
0.006169
0.000000
0.254577
0.330547
0.640109
0.689445
0.411990
0.000000
0.088234
0.616551
0.192426
0.238007
0.046665
0.665112
0.327046
0.446086
0.510224
0.958045
0.674524
0.927857
0.789079
0.988331
0.392511
0.000000
0.445792
0.000000
0.776660
0.919186
0.017940
0.218063
0.000417
0.680905
0.464162
0.207372
0.989657
0.078807
0.760010
0.283275
0.959957
0.996433
0.715219
0.997155
0.083208
0.814294
0.935686
0.654959
0.260966
0.914355
0.000000
0.996701
0.124905
0.400893
0.267979
0.451186
0.775255
0.787111
0.999931
0.212475
0.331870
0.453204
0.114154
0.133062
0.076877
0.858066
0.904640
0.420756
0.000000
0.736444
0.426043
0.000000
0.000000
0.000000
0.954970
0.000000
0.966451
0.054759
0.710594
0.516278
0.805335
0.103003
0.177632
0.995751
0.231492
0.356031
0.351117
0.838812
0.619167
0.353928
0.000000
0.000000
0.154880
0.981874
0.847911
0.918873
0.931469
0.188365
0.915681
0.321539
0.574241
1.000000
0.357213
0.041920
0.192628
1.000000
0.564818
0.000000
0.329499
0.618066
0.847272
0.765171
0.096832
0.267362
0.873002
0.219480
0.015541
0.554450
0.000000
0.000000
0.578362
0.287929
0.999971
0.979914
0.136455
0.418405
0.999946
0.541658
0.745389
0.186483
0.988504
0.306446
0.528017
0.139652
0.928960
0.000173
0.067765
0.000000
0.823612
0.215295
0.158821
0.847908
0.089224
0.549773
0.244512
0.000000
0.000000
0.019062
0.102176
0.931606
0.034250
0.029484
0.569602
0.716902
0.683164
0.104471
0.397385
0.000000
0.631667
0.145369
0.230393
0.578415
0.814651
0.099847
0.845851
0.105675
0.179149
0.109634
0.654760
0.541288
0.061298
0.758415
0.107634
0.000000
0.209666
0.312610
0.000184
0.768379
0.756611
0.000000
1.000000
0.694751
0.022497
0.142188
0.573644
1.000000
0.161161
0.000000
0.699739
0.363518
0.237801
0.000428
0.997267
0.525645
0.000000
0.070191
0.493352
0.012470
0.824618
0.589743
0.784365
0.020469
0.481962
0.977636
0.476801
0.042930
0.337917
0.964469
0.390481
0.442709
0.613320
0.232505
0.668588
0.165619
0.357564
0.661697
0.671725
1.000000
0.875681
0.000000
0.476872
0.472287
0.957253
0.280495
0.954159
0.997237
0.999975
0.016494
0.465858
0.345126
0.199979
1.000000
0.022633
0.600322
0.339479
0.919109
0.956780
0.000000
0.493184
0.545013
0.000000
0.645519
0.244937
0.353992
0.994936
0.078135
0.269687
0.074782
0.822809
0.000000
0.000000
0.169413
0.162923
0.775819
0.709384
0.052941
0.062558
0.999572
0.276725
0.566129
0.472649
0.999945
0.030370
0.000000
0.510563
0.048158
0.999681
0.479056
0.434795
0.227601
0.689828
0.015560
0.000000
0.527182
0.244512
0.562640
0.735392
0.326262
0.484114
0.528867
0.643119
0.235212
0.548182
0.204065
0.069840
0.271135
0.000000
0.177088
0.531664
0.103889
0.980929
0.414856
0.191796
0.357494
0.502686
0.846309
0.000000
0.254246
0.849092
0.510407
0.293654
0.000000
0.669152
0.000000
0.290662
0.669663
0.734583
0.167377
0.679915
0.083195
0.000000
0.377517
0.964676
0.904946
0.116252
0.434115
0.194205
0.232483
0.759554
0.398569
0.109495
0.509225
0.000000
0.814426
0.380796
0.293975
0.946105
0.620252
0.963216
0.336456
0.998550
0.054896
0.000423
0.707851
0.399387
0.999992
0.442664
0.398609
0.236533
0.000000
0.167444
0.000000
0.072541
0.214478
0.817885
0.166863
0.053027
0.557291
0.824453
0.285540
0.067710
0.437817
0.390815
0.830943
0.328178
0.986433
0.993161
0.894210
0.202221
0.990739
0.375802
0.000000
0.816407
0.989644
0.117161
0.970440
0.447323
0.378345
0.721752
0.081551
0.230453
0.767794
0.991426
0.113789
0.031710
0.141171
1.000000
0.022555
0.982473
0.963232
0.647752
0.403101
0.852413
0.317384
0.177332
1.000000
0.528289
0.057647
0.000000
1.000000
0.117507
0.000000
0.380024
0.771328
0.889871
0.842534
0.581199
0.226267
0.164184
0.338886
0.905938
0.803748
0.999997
0.000000
0.880562
0.602233
0.382142
0.919558
0.902986
0.211922
0.999735
0.990611
0.884700
0.395068
0.259099
0.558427
0.277644
0.712509
1.000000
0.999869
0.000000
0.184214
0.111238
0.138651
0.962331
0.751024
0.001077
0.216495
0.936604
0.103110
0.000000
0.667529
0.997663
0.000000
0.565457
0.186465
0.269582
0.000000
0.828401
0.826972
0.373096
0.981859
0.000000
0.233250
0.585033
0.399504
0.000000
0.005717
0.645583
0.167808
0.343969
0.035799
0.518140
0.999957
0.082632
0.586020
0.239265
0.893783
0.703327
0.991419
0.000000
0.464288
0.224683
0.614049
0.091746
0.000000
1.000000
0.237982
0.877804
0.049128
0.198858
0.999755
0.305406
0.435045
0.648079
0.372810
0.266563
0.000000
0.711798
0.597912
0.045397
0.885024
0.974660
0.905588
0.000000
0.536724
0.000000
0.066156
0.736251
0.941437
0.193316
1.000000
0.883941
0.007182
0.560897
0.846973
0.999701
0.072360
0.000000
0.106156
0.993540
0.017624
0.974318
0.999969
0.145898
0.049028
0.798640
1.000000
0.383919
0.949306
0.000000
0.686736
0.298123
0.990885
0.270256
0.923012
0.000000
0.155387
0.167805
0.817813
0.532399
0.414744
0.000463
0.000000
0.299984
0.000000
0.674007
0.733387
0.534568
0.698524
0.000000
0.922677
0.088948
0.000000
0.000661
0.672332
0.837621
1.000000
0.076256
0.005124
0.511727
0.414219
0.515146
0.000000
0.569648
0.484802
0.000000
0.021894
0.532826
0.480348
0.372530
0.601742
0.335832
0.563871
0.957727
0.093326
0.893857
0.300314
0.000000
0.999137
0.221876
0.691684
0.660029
0.463089
0.415154
0.012599
0.227225
0.576894
0.802841
0.809813
0.000000
0.154898
0.939002
0.282592
0.005327
0.682183
0.822070
1.000000
0.757594
0.516973
1.000000
0.165413
0.715630
0.396854
0.010947
0.000000
0.173456
0.694338
0.000000
0.996232
0.465614
0.660355
0.479862
0.084249
0.757349
0.950963
0.999999
0.279516
0.000063
0.702374
0.995770
0.971439
0.325551
0.425082
0.615768
0.249325
0.940495
0.031759
0.541749
0.444049
0.274724
0.908585
0.203169
0.366648
0.458631
0.166150
0.401110
0.997251
0.260541
0.457383
0.253516
0.978220
0.694675
0.091783
0.809349
0.008690
0.844404
0.522270
0.135699
0.101553
0.000000
0.215293
0.537649
0.262948
0.067945
0.168054
0.883751
0.976863
0.429340
0.790698
0.374074
0.627673
0.997308
0.359517
0.205875
0.863311
0.986123
0.499102
0.329163
0.614901
0.469788
0.189670
0.613431
0.097117
0.776631
0.463119
0.086503
0.023707
0.001892
0.881461
0.000000
0.923234
0.482102
0.105750
0.187189
0.997806
0.000000
0.037540
0.515439
0.784021
0.271864
0.180647
0.232738
0.101539
0.076623
0.984777
0.000000
0.361822
0.055712
0.000000
0.073536
0.999760
0.745402
0.325839
0.730133
0.855544
0.007413
0.519640
0.184269
0.607301
0.152586
0.874776
0.189796
0.886332
0.790698
0.955534
0.483755
0.019666
0.129984
0.322732
0.829644
0.738895
0.771678
0.942522
0.912875
0.999751
0.973664
0.138147
0.551703
0.000000
0.542189
0.172255
0.103627
0.806802
0.142283
0.964489
0.023822
0.063567
0.042582
0.232524
0.300088
0.287941
0.689904
0.000000
0.443824
0.087979
0.657640
1.000000
0.551899
0.000000
0.188498
0.582517
0.730234
0.741735
0.529639
0.000000
0.817595
0.022825
0.106928
0.955458
0.249276
0.339635
0.609028
0.297457
0.999997
0.669135
0.000000
0.348018
0.704487
0.773545
0.000000
0.577986
0.849234
0.149676
0.411249
0.171805
0.685190
0.830579
0.172235
0.407839
0.860549
0.156868
0.322507
0.434264
0.381815
0.837604
0.640830
0.256168
0.116835
0.992943
0.445076
0.119873
0.685210
0.571490
0.256256
0.792194
0.369279
0.149798
0.000000
0.746572
0.714432
0.928923
0.859796
0.991564
0.193550
0.581187
0.457138
0.793766
0.183956
0.192611
0.018936
0.640258
0.585977
0.579144
0.805245
0.930542
0.046814
0.114307
0.480020
0.357852
0.512266
0.886482
0.999969
0.579528
0.475657
0.900880
0.704311
0.770540
0.600029
0.227746
0.493366
0.879057
0.251313
0.143698
0.218580
0.249369
0.000000
0.694798
0.467773
0.511500
0.949522
0.311083
0.000015
0.000000
0.329004
0.376973
0.000000
0.248869
0.267511
0.978462
0.550035
0.000000
0.840619
0.434030
0.000000
0.219714
0.397302
0.000000
0.934673
0.458711
0.210456
0.568272
0.990726
0.230060
0.700243
0.680568
0.000000
0.314644
0.181395
0.796590
0.129152
0.005791
0.756859
0.136068
0.227813
0.000000
0.382476
0.109703
0.880987
0.031420
0.738981
0.872644
0.251829
0.907521
0.638772
0.546337
0.000082
0.000000
0.936429
0.000000
0.289809
0.354848
0.393105
0.158195
0.603908
0.955170
0.946288
0.335592
0.439906
0.319537
0.000000
0.225178
0.942318
0.969011
0.998685
0.502212
0.127618
0.113739
0.999935
0.519506
0.478451
0.000000
0.279719
0.139368
0.408840
0.075317
0.142000
0.997748
0.434950
0.134477
0.358863
0.380494
0.000000
0.000000
0.773272
0.860685
0.391437
0.805925
0.230060
0.098686
0.634066
0.689446
0.152297
0.918581
0.514755
0.196466
0.412054
0.361782
0.934981
0.014893
0.215019
0.284496
0.000000
0.300798
0.161337
0.230130
0.000000
0.298149
0.315934
0.160528
0.891999
0.154330
0.005708
0.994178
0.187708
0.000112
0.000000
0.838494
0.431170
0.870017
0.058157
0.665526
0.594059
0.393762
0.378025
0.178004
0.350525
0.087051
0.236835
0.627537
0.058163
0.910742
0.016627
0.292765
0.959368
0.000000
0.982371
0.997270
0.104262
0.945348
0.033953
0.548801
0.213261
0.463888
0.000000
0.579587
0.336310
0.006243
0.745402
0.529138
0.759981
0.581964
0.000000
0.469824
0.688654
0.346134
0.083813
0.000000
0.177740
0.267447
0.818149
0.907662
0.097183
0.132974
0.084716
0.215285
0.019864
0.040640
0.999954
0.342467
0.001328
0.067795
0.642678
1.000000
0.130923
0.981864
0.000000
0.032457
0.069443
0.604471
0.689132
0.329089
0.624622
0.344897
0.664295
0.252450
0.148382
0.027827
0.819183
0.885024
0.508069
0.710777
0.574962
0.542892
0.416886
0.335093
0.000000
0.939580
1.000000
0.616715
0.192721
0.781141
0.026678
0.975814
0.321540
0.978923
0.275277
0.000000
0.995499
0.402300
0.953308
0.445159
0.685603
0.000000
0.218974
0.000000
0.000000
0.362994
0.095811
0.999957
0.251891
0.729755
0.314793
0.117782
0.932672
0.137686
0.000000
0.338132
0.145986
0.998567
0.420680
0.000000
0.966252
0.122107
0.242686
0.112926
0.294761
0.000000
0.228018
0.645946
0.120961
0.055438
0.849912
0.170298
0.290738
0.999999
0.736659
0.230060
0.000000
0.276861
1.000000
1.000000
0.000000
0.786981
0.065862
0.274143
0.096178
0.384779
0.937378
0.852063
0.992807
0.607052
0.999996
0.037263
0.065607
0.115179
0.448735
0.995512
0.000000
0.352565
0.132870
0.728540
0.928545
0.092183
0.609135
0.744154
0.350880
0.902800
0.461592
0.631115
0.771540
0.205938
0.112509
0.871284
0.103107
0.579032
0.161814
0.608801
0.000000
0.635003
0.338134
0.947409
0.371277
0.273764
0.590981
0.568813
0.251432
0.123340
0.303243
0.102274
0.666235
0.000000
0.128436
0.401001
0.000000
0.390037
0.572892
0.308878
0.361135
0.799769
0.835368
0.989878
0.517927
0.265102
0.004162
0.031606
0.097731
0.000000
0.000000
0.846922
0.787518
0.997649
0.869044
0.823820
0.877802
0.000000
0.007667
0.398381
0.240765
0.219527
0.800888
0.030817
0.049208
0.337119
0.971405
0.832118
0.369929
0.408040
0.141782
0.999993
0.171357
1.000000
0.000000
0.662796
0.335709
0.000000
0.505792
0.048160
0.630092
0.174742
0.000000
0.991022
0.824461
0.000000
0.840424
0.821008
0.000000
0.595273
0.551277
0.699575
0.340374
0.873498
0.000000
0.089582
0.338857
0.984854
0.225049
0.696773
0.938865
0.528866
0.938339
0.868565
0.303571
0.743691
0.913059
0.343486
0.165166
0.000000
0.244845
0.000000
0.000001
0.122054
0.708021
0.878111
0.986274
0.905317
0.062718
0.263721
1.000000
0.994259
0.349993
0.227843
0.063434
0.831738
0.351243
1.000000
0.388665
0.149927
0.379321
0.511835
0.618066
0.946231
0.031343
0.018930
0.125133
0.000000
0.212965
0.833723
0.109937
0.999987
0.543561
0.112669
0.498610
0.341062
0.786159
0.505739
0.839203
0.746406
0.483755
0.000000
0.542416
0.540048
0.612119
0.710518
0.498730
0.641403
0.112037
0.590277
1.000000
0.888017
0.222918
0.505673
0.272171
0.222002
0.784345
0.961499
0.594965
1.000000
0.340185
1.000000
0.533384
0.585712
0.973055
0.662794
0.235106
0.324481
0.804120
0.261344
0.559182
0.567019
0.467341
0.143642
0.538818
0.999999
0.192688
0.000000
0.464968
0.797851
0.921881
0.522270
0.911177
0.065646
0.000000
0.386223
0.733932
0.924770
0.337493
0.288238
0.987396
0.496704
0.757845
0.983524
0.128146
1.000000
0.010989
0.000000
1.000000
0.109767
0.000000
0.990590
0.235650
0.560367
1.000000
0.767135
0.998091
0.978518
0.790123
0.311779
0.360323
0.130559
0.000000
0.424015
0.595232
0.722818
0.160586
0.249637
0.861694
0.190997
0.209696
0.890720
0.091391
0.999802
0.033044
0.000000
0.933669
0.304824
0.534204
0.778422
0.000101
0.097090
0.747495
0.511182
0.000000
0.390394
0.318778
0.959162
0.825795
0.552943
0.913738
1.000000
0.385750
0.102295
0.991149
0.915177
0.256600
0.836550
0.968907
1.000000
0.597786
0.848741
0.000000
0.000000
0.208778
0.517580
0.731821
0.058037
0.999078
0.632894
0.992729
0.000000
0.624367
0.000000
0.062182
0.785040
0.941616
0.247898
0.506807
0.404945
0.669863
0.435793
0.900094
0.658287
0.851781
0.712368
0.669772
0.983416
0.431776
0.000000
0.711864
0.801493
0.000000
0.816733
0.999995
0.811103
0.000000
0.571457
0.528780
0.760915
0.829818
0.061555
0.251356
0.553270
0.637148
0.518733
0.698795
0.396810
0.142130
0.874630
0.000000
0.350715
0.310877
0.045834
0.878111
0.973318
0.986968
0.293136
0.309497
0.855108
0.095066
0.547022
0.620197
0.333792
0.266015
0.712898
0.421754
0.358954
0.045331
0.374779
0.000000
0.531119
0.000312
0.677045
0.302525
0.972065
0.000000
0.962442
0.000000
0.964170
0.206677
0.999483
0.884048
0.931940
0.000000
0.218949
0.245826
0.967878
0.195508
0.847681
0.436360
0.630834
0.116550
0.115229
0.226461
0.978800
0.000000
0.901584
1.000000
0.583985
0.199409
0.729755
0.079976
0.968604
0.096976
0.931611
0.786220
0.074467
0.396081
0.834079
0.188268
0.000099
0.000000
0.760375
0.212570
0.104393
0.092831
0.993161
0.184455
0.003398
0.297436
1.000000
0.997286
0.253322
0.734142
0.077803
0.000000
0.356865
0.000000
0.900816
0.995942
0.999999
0.960269
0.607386
0.612500
0.831769
0.172680
0.096607
0.034290
0.998376
0.740620
0.416759
1.000000
0.749265
0.395212
0.000000
0.000000
0.072705
0.000000
0.560788
0.239077
0.330001
0.623573
0.814823
0.187979
0.989024
0.397789
0.837604
0.869677
0.722869
0.355571
0.000000
0.000000
0.451850
0.773952
0.402694
0.998454
0.990295
0.793382
0.878571
0.514073
0.290905
0.445632
0.895695
0.839110
0.547165
0.108953
0.094635
0.697418
0.520207
0.685521
0.424995
0.333912
0.542868
0.321393
0.431450
0.619676
0.792868
0.921902
0.866783
0.377976
0.323731
0.319060
0.239931
0.681164
0.379946
0.545416
0.108145
0.139129
0.435039
0.553172
0.000000
0.522757
0.178885
0.236543
0.879598
0.635505
0.399143
0.212420
0.000000
0.189161
0.552754
0.492238
1.000000
0.037935
0.000000
0.560619
0.391087
0.609152
0.179475
0.295334
0.383593
0.749774
0.006612
0.013256
0.937485
0.238650
0.636602
0.538338
0.915957
0.000000
0.593789
0.975625
0.444618
0.670319
0.000000
0.989838
0.605132
0.283275
0.036110
0.000000
0.015305
0.735635
1.000000
0.470391
0.266979
0.784223
0.285988
0.571222
0.293856
0.081013
0.535362
0.264366
1.000000
0.050860
0.046016
0.375143
0.094655
0.300616
0.388578
0.936797
0.025979
0.345226
0.763709
0.803994
0.657205
0.996494
0.990305
0.000000
0.000000
0.379177
0.896007
0.754571
0.835228
0.624641
0.274283
0.613013
0.217774
0.739315
1.000000
0.536477
0.988086
0.000000
0.521202
0.282457
0.656368
0.156304
0.285988
0.303637
0.287596
0.368624
0.320273
0.454374
0.828468
0.627319
0.000000
0.006323
0.584567
0.000000
0.999272
0.500086
0.091603
0.000175
0.709984
0.899243
0.999999
0.999749
0.750740
0.163473
0.525150
0.989467
0.357246
0.244871
0.997502
0.445317
0.191864
1.000000
0.000000
0.247135
0.741517
0.190897
0.885033
0.847341
0.351090
0.000000
0.000602
0.000000
0.303682
1.000000
0.730525
0.000255
0.385135
0.220851
0.993535
0.921731
0.650215
0.373657
0.070649
0.824618
0.000000
0.964306
0.494266
0.879314
0.820469
1.000000
0.976541
0.293270
0.000000
0.315845
0.834792
0.168680
0.128082
0.650302
0.880325
0.994503
0.377517
0.779639
0.998275
0.813097
0.145833
0.000000
0.118951
0.193291
0.683759
0.630774
0.042841
0.245162
0.136624
0.589073
0.147467
0.190678
0.084507
0.989880
0.312582
0.334542
0.164708
0.000000
0.355346
0.747769
0.900095
0.000000
0.444865
0.611567
0.269485
0.120189
1.000000
0.095668
0.265928
0.371970
0.716615
0.513972
0.388250
0.782297
0.680248
0.561256
0.999990
0.364837
0.178808
0.283255
0.632631
0.364760
0.032418
0.148643
0.003052
0.063036
0.000000
0.521434
0.000000
0.149966
0.552021
0.676174
0.349558
0.000000
0.040827
0.268849
0.101288
0.831687
0.868928
0.969714
0.467360
0.000000
0.328797
0.754903
0.184290
0.316790
0.258441
0.000000
0.982099
0.017956
0.128735
0.228901
0.748470
0.021670
0.000000
0.555456
0.534775
0.548694
0.211789
0.559485
0.524833
0.000000
0.000000
0.000000
0.970788
0.276460
0.000000
0.464260
0.000000
0.320783
0.686601
0.275375
0.539095
0.593403
0.861561
0.123340
0.961445
0.000504
0.162053
0.130564
0.193403
0.000000
0.892035
0.501802
0.660484
0.043545
0.993847
0.413836
0.863715
1.000000
0.000000
0.057087
0.000000
0.591584
0.000000
0.230646
0.794780
0.599998
0.178988
0.041718
0.344327
0.319827
0.000000
0.000006
0.553231
0.313741
0.080998
0.999560
0.248166
0.000000
0.884371
0.912459
0.000000
0.086876
0.971601
0.202688
0.173955
0.000000
0.693978
0.887648
0.650810
0.511519
0.000000
0.552760
0.453639
0.000000
0.956292
0.084997
0.000000
0.000000
0.233573
0.982375
0.000000
0.162659
0.595714
0.203817
0.392780
0.671661
0.000000
0.000000
0.925179
0.000000
0.007262
0.088985
0.253812
0.379529
0.716925
0.999125
0.004488
0.429739
0.294751
0.800792
0.373341
0.022741
0.775388
0.418969
0.993784
0.242119
0.722933
0.582471
0.042449
0.230060
0.661052
0.808432
0.142421
0.809250
0.760314
0.968554
0.451027
0.788688
0.090006
0.000000
0.843807
0.000000
0.690764
0.542322
0.284798
0.356286
0.144636
0.000000
0.866239
0.000000
0.633388
0.244512
0.462288
0.873717
0.857156
0.744267
0.045775
0.574055
0.554488
0.664712
0.490941
0.989352
0.141244
0.434821
0.269918
0.387713
0.560619
0.396722
0.082054
0.423608
0.988640
0.616590
0.357891
0.688325
0.999939
1.000000
0.211473
0.000000
0.063315
0.978513
0.897953
0.544815
0.024738
0.163169
0.763142
0.582441
0.338598
0.805067
0.000000
0.832646
0.000000
0.000000
0.956226
0.420274
0.355308
0.708223
0.687223
0.286340
0.281107
0.652390
0.054742
0.184695
0.272837
0.999999
0.442532
0.474957
0.890131
0.616203
0.004240
0.000000
0.109679
0.902739
0.073340
0.141380
0.000000
0.823769
0.795618
0.705729
0.126879
0.000000
0.668543
0.984106
0.000000
0.127741
0.257304
0.233889
0.623817
0.365135
0.702865
0.167276
0.776340
0.000000
0.137686
0.802189
0.206373
0.254875
0.434789
0.683720
0.990539
0.000000
0.170264
0.521617
0.284825
0.562482
0.389478
0.329304
0.288383
0.000000
0.000297
0.999835
0.999785
0.000000
0.373794
1.000000
0.999980
0.218384
0.302977
0.696059
0.964364
0.000000
0.110385
0.000000
1.000000
1.000000
0.508329
0.141829
0.468144
0.000000
0.883847
0.663205
0.999931
0.000000
0.308862
0.837551
0.360919
0.935937
0.014701
0.000051
0.000000
0.000000
0.165158
0.125405
0.430115
0.573687
0.115783
0.000000
0.137559
0.835947
0.247092
0.972007
0.635574
0.679989
0.534180
0.714552
0.007895
0.000000
0.129996
1.000000
0.728261
0.648626
0.925184
0.940985
0.571190
0.259343
0.196579
0.340178
0.126526
1.000000
0.761250
0.930890
0.000000
0.253067
0.144423
0.000000
0.932149
0.606012
0.999868
0.199824
0.384543
0.000000
0.066219
0.000000
0.324572
0.707150
0.845361
0.400694
0.499949
0.475317
0.999982
0.999051
0.114779
0.297852
0.222088
0.072855
0.665268
0.001484
0.023548
0.891233
0.012494
0.252832
0.907757
0.728090
0.592180
0.707345
0.260869
0.125598
0.084843
1.000000
1.000000
0.189484
0.562708
0.488303
0.507562
0.230060
0.005562
0.653353
0.076041
0.135278
0.185446
0.493300
0.378331
0.754301
0.530727
0.740794
0.954518
0.565883
0.691910
0.287052
0.776240
0.729122
0.158649
1.000000
0.114369
0.344739
0.999700
0.737215
0.000000
0.890569
0.273165
0.033329
0.998628
0.000000
0.165633
0.469377
0.000000
0.291007
0.664881
0.639821
0.665044
0.946153
0.000000
0.000000
0.064786
0.000000
0.119631
0.854887
0.821105
0.492199
0.382240
0.185128
0.596805
0.768539
0.000000
0.320329
0.000000
0.000000
0.564357
0.509761
0.636602
1.000000
0.093567
0.146795
0.000000
0.120857
0.000068
0.930358
0.567172
0.884355
0.105400
0.283161
0.000000
0.492470
0.000000
0.000000
0.257281
0.153980
0.332999
0.746434
0.562133
0.620821
0.482030
0.984916
0.179763
0.165871
0.000000
0.999758
0.000000
0.386957
0.778153
0.696149
0.601995
0.301112
0.000000
0.160254
0.381034
0.872092
0.907450
0.548058
0.426479
0.330589
0.999981
0.228808
0.964124
0.550190
0.150498
0.516910
0.309451
0.000000
0.106929
0.777575
0.999995
0.574241
0.530460
0.027187
0.864327
0.984207
1.000000
0.988894
0.263721
0.785558
0.785635
0.000000
0.694726
0.095054
0.997431
0.577969
0.909010
0.811690
0.999999
0.255517
0.794559
0.000475
0.121105
0.638480
0.093130
0.000000
0.520630
0.909836
0.598265
0.274554
0.132124
0.869919
0.718326
0.000000
0.623299
0.711852
0.683714
0.130762
0.041952
0.000000
0.539534
0.755753
0.622465
1.000000
0.000000
0.377976
0.751836
0.000000
0.351572
0.342453
0.605390
0.000000
0.032848
0.051340
0.032219
0.000000
0.459104
0.309428
0.108188
0.098123
0.409215
0.534392
0.409968
0.924454
0.198604
0.360105
0.280495
0.000000
0.112610
0.073022
0.098519
0.074469
0.148741
0.132968
0.010010
1.000000
0.889221
0.074469
0.283633
0.395068
0.125002
0.269308
0.976237
0.999931
0.330603
0.020644
0.186601
0.175171
0.108251
0.012932
0.352807
0.080907
0.587217
0.762022
0.522652
0.000000
0.913132
0.019043
0.744203
0.000000
0.229745
0.926633
0.741141
0.590166
0.621770
0.007551
0.999846
0.898272
0.290499
0.516873
0.451720
0.950511
0.071516
0.434268
0.492801
0.132515
0.000000
0.423069
0.073235
0.854495
0.765763
0.000000
0.570546
0.947018
0.937155
0.286844
0.121684
0.622569
0.039581
0.586718
0.999507
0.265438
0.666548
0.000006
0.565117
0.547182
0.589090
0.635931
0.771450
0.093300
0.485547
0.645432
0.178309
0.000000
0.212043
0.723590
0.856051
0.047064
0.855108
0.441483
0.758536
0.999927
0.000076
0.328111
0.000000
0.151730
0.033807
0.560297
0.128276
0.000000
0.258441
0.000000
0.106244
0.103110
0.029988
0.390830
0.560127
1.000000
0.377976
0.957872
0.484395
1.000000
1.000000
0.490463
0.605920
0.399441
0.100353
0.001618
0.930006
0.797718
0.022704
0.212251
0.041529
0.885034
0.430276
0.121572
0.141457
0.002364
0.577986
0.000000
0.000000
0.490334
0.941919
0.887026
0.697061
0.974722
0.380796
0.124058
0.230060
0.000003
0.583985
0.433152
0.432325
0.146065
0.024666
0.209765
0.824687
0.621530
0.983293
0.000000
0.000443
0.560980
0.006848
0.842448
0.857973
0.136500
0.892123
0.391885
0.000000
0.966874
0.012155
0.027569
0.091314
0.999515
0.516278
0.239808
0.677862
0.138023
0.655935
0.873792
0.112324
0.892889
0.329715
0.421208
0.336310
0.374150
0.937044
0.508791
0.815248
0.674700
0.933835
0.995752
0.970911
0.095448
0.035261
0.991744
0.000000
0.567786
0.158821
0.027398
0.371127
0.323938
0.374815
0.953846
0.557825
1.000000
0.315804
0.295398
0.842021
0.594085
0.000000
0.081981
0.077025
0.593790
0.467913
0.190412
1.000000
0.211020
0.640001
0.374728
0.557912
0.760563
0.922816
0.999342
0.088421
0.000845
0.130105
1.000000
1.000000
0.894432
0.985779
1.000000
0.000000
0.000000
0.991747
0.988687
0.151228
0.884048
0.000000
0.364407
0.435174
0.775829
0.789469
0.761401
0.488320
0.141734
0.999612
0.249585
0.276441
0.507619
0.194636
0.395903
0.191666
0.999942
0.501458
0.257812
0.077263
0.323676
0.094389
0.692358
0.256723
0.324998
0.791103
0.217052
0.991158
0.000320
0.675821
0.399425
0.065781
0.916163
0.844719
0.787011
0.878154
0.820555
1.000000
0.377556
0.463312
0.990177
0.000000
0.344863
0.522046
0.668138
0.424762
1.000000
0.465272
0.059241
0.000000
0.896189
0.664304
0.404073
0.339296
0.374699
0.307321
0.463979
0.807258
0.168839
0.194010
0.332823
0.929956
0.284496
0.172740
0.501399
0.000000
0.510554
1.000000
0.000000
0.225936
0.676839
0.946563
1.000000
0.314522
0.285496
0.156169
0.219668
0.676351
0.689210
0.305927
0.002083
0.937091
0.338302
0.915578
0.459114
0.483921
0.063228
0.000000
0.030007
0.187357
0.935937
0.472630
0.524166
0.856000
0.172532
0.062899
0.454125
0.000000
0.000420
0.468227
0.950831
0.232276
0.787017
0.000000
0.999732
0.993986
0.515232
0.217475
0.260709
0.689016
0.486859
0.834625
0.000000
0.799136
0.872140
0.216087
0.196239
0.645519
0.000000
0.989107
0.553468
0.917150
0.083612
0.787593
0.362374
0.748599
0.594448
0.464225
0.323893
0.096930
0.862846
0.913031
0.000000
0.370508
0.772664
0.000000
0.630074
0.674566
0.672361
0.999960
0.296869
0.016836
0.767253
0.626846
0.339781
0.446763
0.000000
0.176654
0.695864
0.467991
0.738659
0.279828
0.852008
1.000000
0.924468
0.128615
0.094057
0.982600
0.862134
0.399812
0.762075
0.053061
0.877111
0.476157
0.324623
0.000000
0.108761
1.000000
0.874088
0.731355
0.730003
0.484547
0.230393
0.505692
0.006425
0.322436
0.095428
0.000844
0.205533
0.376281
0.379438
0.406030
0.158786
0.449350
0.997198
0.527769
0.760022
0.652551
0.000000
0.000000
0.081528
0.330633
0.128485
0.465858
0.809147
0.000000
0.280153
0.513406
0.002281
0.558632
0.002825
0.489179
0.992968
0.686358
0.616794
0.005314
0.212760
0.719322
0.468088
0.476059
0.252882
0.563761
0.835495
0.486828
0.582626
0.370165
0.008941
0.999981
0.442459
0.954926
0.118048
0.133653
0.140966
0.994820
0.948160
0.836659
0.999801
0.692930
0.208139
0.138735
0.277423
0.784469
0.162865
0.000000
0.686800
0.924987
0.000000
0.160380
0.659295
0.095730
0.711664
0.000000
0.289043
0.999947
0.928612
0.244512
0.194847
0.911970
0.999999
0.990856
0.577773
0.578518
0.609671
0.069325
0.000000
0.765843
0.576199
0.993028
0.309029
0.955118
0.133854
0.281791
0.293520
0.485379
1.000000
0.731571
0.299909
0.288284
0.984723
0.806053
0.796457
0.557120
0.392751
0.596349
0.097146
0.828594
0.408914
0.960789
0.000000
0.209526
0.000314
0.693059
1.000000
0.398703
0.043897
0.235024
0.112199
1.000000
0.093815
0.018814
0.194395
0.000000
0.659581
0.992877
0.476656
0.371794
0.999898
0.541658
0.378639
0.694489
0.860369
0.999835
0.548598
0.290871
0.145379
0.900321
0.942342
0.858355
0.000000
0.267556
0.154570
0.750111
0.645054
0.431088
0.923012
0.299051
0.007276
0.760493
0.219486
0.436668
0.467594
0.968466
0.094238
0.155208
0.542296
0.836612
0.009590
0.000000
0.598198
0.200812
0.679585
0.987795
0.493903
0.999367
0.610803
1.000000
0.017429
0.198933
0.291703
0.000000
0.994943
0.851198
0.057077
0.964469
0.457401
0.585992
0.897181
0.333790
0.065661
0.111681
0.286347
0.204317
0.198624
0.685629
0.434960
0.039833
0.211503
0.242664
0.107003
0.833180
0.737240
0.664575
0.961109
0.378085
0.958842
0.007521
0.000000
1.000000
0.789987
0.499337
0.442659
0.000000
0.204906
0.433200
0.798705
0.891236
0.329152
0.296864
0.302404
0.000000
0.644707
0.430850
0.522186
0.960288
0.318018
0.017104
0.711940
0.054050
0.956481
0.000000
0.596350
0.955232
1.000000
0.849074
0.020326
0.328905
0.322740
0.965706
0.336542
0.542382
0.375143
0.944849
0.423129
0.615004
0.647646
0.272707
0.830723
0.254865
0.684667
0.868010
0.277878
0.144892
0.497208
0.480406
0.947099
0.242879
0.421305
0.826205
0.276068
0.335672
0.348463
0.362297
0.549939
0.064087
0.307864
0.379672
0.288019
0.497430
0.768385
0.520960
0.180787
0.335212
0.002445
0.344565
0.595868
0.958271
0.515988
0.235241
0.000000
0.951719
0.000000
0.342996
0.874095
0.639854
0.999118
0.989924
0.655480
0.025002
0.649953
0.999994
0.233423
0.876576
0.255621
0.924937
0.148382
0.198933
0.792612
0.867242
0.999992
0.253683
0.000000
0.000000
0.000029
0.912929
0.995892
0.110059
0.989554
0.923551
0.135728
0.033621
0.586853
0.063474
0.396458
0.602140
0.516873
0.306600
0.120961
0.494530
0.000000
0.624024
0.727963
0.088535
0.999979
1.000000
0.131943
0.927092
0.000000
0.029097
0.440201
0.979085
0.000000
0.998089
0.254904
0.934129
0.464560
0.116252
0.451186
0.132558
0.912982
0.999990
0.969225
0.442202
0.380614
0.206099
0.456616
0.376405
0.021005
1.000000
0.794849
0.327065
0.091790
0.176695
0.856579
0.820259
0.521677
0.637507
0.000000
0.142293
0.992645
0.497351
0.999185
0.145252
0.483686
0.273629
0.239177
1.000000
0.065695
0.504069
0.578773
0.053450
0.000000
0.659030
0.000000
0.871763
0.700300
0.850468
0.393987
0.497689
0.420480
0.210296
0.613565
0.494058
0.890696
0.790651
0.682758
0.360221
0.369069
0.000000
0.000000
0.452170
0.890926
0.000000
0.737312
0.000000
1.000000
0.820268
0.349578
0.003249
0.841545
0.519741
0.196363
0.000766
0.442709
0.344296
0.264330
0.359215
0.000000
0.079016
0.097467
0.000000
0.999968
0.244512
0.095484
0.981948
0.184460
0.799392
0.516134
0.418110
0.999263
0.454927
0.109831
0.998983
0.999996
0.013736
0.113584
0.090002
0.649479
0.233889
0.851543
0.079973
0.238852
0.460621
0.226983
0.000000
0.157009
0.000000
0.127490
0.239409
0.783319
0.965292
0.752022
0.909234
0.858747
1.000000
0.474741
0.207211
0.179679
0.020469
0.424548
0.230020
0.000000
0.170350
0.000000
0.715869
1.000000
0.020828
0.977352
0.608728
0.000000
0.000000
0.552942
0.322443
0.002157
0.331131
0.592677
0.635127
0.087429
0.545583
0.053046
0.000000
0.244512
0.479051
0.432395
0.994553
0.316947
0.020433
0.810930
0.000000
0.148961
0.096052
0.934692
0.000000
0.773243
0.629126
0.632942
0.135596
0.543025
0.121690
0.970463
0.545901
0.404867
0.300133
0.017488
0.529560
0.220997
0.616383
0.297206
0.598075
0.195284
0.000000
0.021739
0.000000
0.017910
0.792573
0.300695
0.090092
0.992689
0.193273
0.128099
0.592698
0.021223
0.878807
0.033073
0.564818
0.457415
0.209458
0.000000
1.000000
0.143925
0.683820
0.327328
0.310467
0.728910
0.000000
0.835736
1.000000
0.439220
0.000000
0.059355
0.585607
0.000000
0.558469
0.567044
0.075695
0.746200
0.128642
0.990038
0.166545
0.411297
0.777204
0.582051
0.754375
0.194220
0.606139
0.000000
0.000000
0.560724
0.187813
0.693201
0.188488
0.108440
0.616992
0.088948
0.092241
0.097461
0.207268
0.000000
0.779634
0.829629
0.512295
0.000000
0.411001
1.000000
0.106608
0.776905
0.181907
0.647881
0.757365
0.000000
0.751424
0.241874
0.874095
0.486727
0.026449
0.184422
0.657561
0.673768
0.226880
0.221134
0.261173
0.187274
0.121430
0.608039
0.644935
0.503558
0.428272
0.266951
0.591819
0.747868
0.521626
0.531824
0.059218
0.163869
1.000000
0.000000
0.733573
0.751852
0.531903
0.556038
0.634861
0.301922
0.179663
0.000000
0.431494
0.997976
0.905070
0.464136
0.364723
0.332395
0.525735
0.659675
0.020382
0.163473
0.781338
0.356074
0.000000
0.232567
0.001254
0.000000
0.769368
0.737758
0.935094
0.758645
0.889116
0.560642
0.562130
0.999996
0.469034
0.301334
0.995869
0.465797
0.393762
0.147514
0.250582
0.000000
0.737343
0.295315
0.925080
0.834231
0.834645
0.000000
0.667910
0.020851
0.029302
0.646567
0.000000
0.416529
0.116415
0.000000
0.782013
0.008115
0.854630
0.288190
0.628861
0.308935
0.254856
0.465909
0.984406
0.000000
0.817653
0.972914
0.039628
0.128985
0.639534
0.763768
0.199824
0.869794
0.761195
0.052374
0.905133
0.000000
0.039344
0.178783
0.000000
0.356910
0.154533
0.533389
0.996253
0.999468
1.000000
0.405777
1.000000
0.998010
1.000000
0.795834
0.000000
0.951811
0.721899
0.060429
0.596111
0.735529
0.575999
0.484188
0.000000
0.879226
0.818491
0.328996
0.367470
0.569606
0.000884
0.814783
0.419655
0.386283
0.103110
0.428229
0.662558
0.000000
0.116473
0.021521
0.229179
0.373277
0.357867
0.528945
0.908232
0.883803
0.146766
0.000000
0.088871
0.282136
0.000000
0.017478
0.985583
0.502786
0.757349
0.332854
0.620430
0.840010
0.946508
0.000000
0.414701
0.446166
0.408308
0.255784
0.627961
0.996261
0.611601
0.596479
0.411217
0.903241
0.834625
0.000000
0.001570
0.300420
0.365766
0.038499
0.251218
0.438171
0.622370
0.173192
1.000000
0.734079
0.727488
1.000000
0.007298
0.000657
0.971183
0.340338
0.149363
0.326330
0.321393
0.124534
1.000000
0.999482
0.960117
0.577302
1.000000
0.000000
0.000000
0.465797
0.055139
0.847606
0.420823
0.281293
0.000000
0.143299
0.976136
0.806061
0.008146
0.727789
0.435045
0.574304
0.615754
0.142739
0.000000
0.997184
0.644873
0.021572
0.563854
0.000000
0.867468
0.000000
0.169333
0.999962
0.725670
0.000000
0.374815
0.353671
0.064041
0.198821
0.840942
0.000000
0.512266
0.126429
0.475689
0.453243
0.076049
0.000000
0.000000
0.096752
0.609262
0.000000
0.000000
1.000000
0.213628
0.553689
0.000000
0.803717
0.519054
0.417480
1.000000
0.930791
0.932275
0.999952
0.000000
0.176600
1.000000
0.671467
0.228136
0.997184
0.000000
0.180647
0.140839
0.349682
0.941414
0.047264
0.726543
0.718460
0.169375
0.855856
0.209143
0.547052
0.099617
0.208778
0.189966
0.226556
0.470250
0.561998
0.783263
0.497238
0.165981
0.885024
0.539445
0.513136
0.845325
1.000000
0.999758
0.711563
0.980132
0.029542
0.000000
0.988358
0.692116
0.000000
0.221335
0.245290
0.622849
0.064327
0.822878
0.101570
0.000000
0.241129
0.505103
0.963790
0.000017
0.992414
0.935526
0.000000
0.749265
0.420584
0.000000
0.689133
0.655592
0.288911
0.034841
0.394213
0.379531
0.130689
0.698120
0.999963
1.000000
0.001835
0.461101
1.000000
1.000000
0.000000
0.000000
0.000000
0.483965
0.169070
0.795037
0.999984
0.377565
0.710755
0.059513
0.403151
0.382753
0.120766
0.217947
0.924548
0.196751
1.000000
0.408912
0.658441
1.000000
0.000000
0.094541
0.365107
0.856304
0.237307
0.022631
0.032603
0.000849
1.000000
0.652839
0.849192
0.328745
0.000000
0.000000
0.287357
0.131935
0.243640
0.470745
0.265769
0.021344
0.583712
0.407555
0.949894
0.439271
0.000000
0.662393
1.000000
0.580602
0.438800
0.591434
0.150148
0.861748
0.483244
0.000000
0.732530
0.473785
1.000000
0.667445
0.678443
0.472485
0.073159
0.294594
0.559182
0.468363
0.569801
0.245609
0.767751
0.380147
0.130362
0.881713
0.169122
0.000000
0.852476
0.575792
0.000000
0.345661
0.052377
0.998982
1.000000
0.913212
0.324481
0.977378
0.999998
0.891314
0.385328
0.102833
0.134365
0.862631
0.509769
0.996613
0.187588
0.182326
0.000000
0.511848
0.363601
0.994593
0.086456
0.644747
0.839110
0.528146
0.916116
0.744295
0.301815
0.066876
0.991604
0.281290
0.000000
0.409694
0.391986
0.398366
0.463820
0.000000
0.526235
0.055092
0.477493
0.750363
0.151239
0.994057
0.382545
0.596910
0.508322
0.000000
1.000000
0.505110
0.699943
0.637103
0.115088
0.597890
0.285965
0.010596
0.005066
0.447507
0.403568
0.913392
0.880732
0.304448
0.351867
0.343051
0.272030
0.994639
0.775592
0.982267
1.000000
0.298634
0.718345
0.425254
0.124380
0.283829
0.415938
0.000000
0.580284
0.604778
0.417215
0.754654
1.000000
1.000000
0.916383
0.278493
0.511613
0.350677
0.261259
0.754092
0.089402
1.000000
0.945681
0.740022
0.330850
