0.000000
0.000000
0.000000
0.000053
0.000000
0.000000
0.000000
0.000000
0.000000
0.002448
0.000050
0.000000
0.000000
0.000469
0.000000
0.000000
0.000000
0.000000
0.000000
0.000000
0.000000
0.000000
0.000000
0.006184
0.000000
0.000000
0.000000
0.000000
0.002500
0.000000
0.000000
0.000000
0.000000
0.000000
0.000000
0.000000
0.000000
0.000000
0.000000
0.000000
0.158919
0.000000
0.000000
0.000000
0.000000
0.000000
0.000000
0.000000
0.000000
0.000386
0.000000
0.000000
0.000000
0.000000
0.000000
0.000000
0.000000
0.000000
0.090842
0.138953
0.000000
0.000000
0.000000
0.000000
0.000000
0.000000
0.000000
0.000000
0.081034
0.000000
0.000000
0.000000
0.000000
0.000000
0.000000
0.000000
0.000000
0.000000
0.000000
0.067457
0.000000
0.000000
0.000000
0.000000
0.000000
0.000000
0.000000
0.000000
0.000000
0.000000
0.000000
0.000000
0.000000
0.000000
0.000000
0.000000
0.000000
0.000000
0.000000
0.000000
0.000000
0.432594
0.000041
0.000000
0.000000
0.000000
0.000000
0.000000
0.000000
0.000000
0.000000
0.000000
0.000000
0.000000
0.000000
0.000000
0.000000
0.000000
0.000000
0.000000
0.026773
0.000000
0.000000
0.000000
0.000000
0.000000
0.000000
0.000000
0.000000
0.000000
0.000000
0.000000
0.000000
0.000000
0.000000
0.000000
0.000917
0.000000
0.000000
0.000000
0.000000
0.000000
0.000000
0.000000
0.000000
0.000338
0.000000
0.000000
0.000000
1.000000
0.000000
0.000000
0.000000
0.005046
0.000000
0.000000
0.000000
0.000810
0.000000
0.000000
0.000000
0.000000
0.000000
0.000000
0.000000
0.000000
0.000000
0.000000
0.000000
0.000000
0.000000
0.546608
0.000000
0.000000
0.000000
0.000000
0.000000
0.000000
0.000000
0.000000
0.000000
0.000000
0.000000
0.000000
0.000000
0.000000
0.000000
0.000000
0.000000
0.000000
0.000000
0.000000
0.000000
0.222652
0.000000
0.000000
0.000000
0.000000
0.000000
0.000000
0.000000
0.000000
0.000000
0.000000
0.000000
0.000000
0.000000
0.000000
0.000000
0.000000
0.000000
0.000000
0.000000
0.003372
0.000000
0.000000
0.516353
0.000000
0.000000
0.000000
0.000000
0.000000
0.000000
0.000000
0.017271
0.006445
0.000000
0.020208
0.253077
0.000000
0.014975
0.000000
0.000000
0.000000
0.000000
0.000873
0.000000
0.000000
0.000000
0.000000
0.000000
0.000000
0.000000
0.000000
0.000000
0.000000
0.000000
0.000000
0.000000
0.000000
0.000000
0.000000
0.000000
0.000000
0.000000
0.000000
0.000000
0.000000
0.000000
0.017438
0.005962
0.008767
0.000000
0.000000
0.000000
0.000000
0.004382
0.000000
0.000000
0.000000
0.001093
0.000000
0.000000
0.045865
0.000000
0.045927
0.000000
0.000000
0.000000
0.000000
0.000000
0.000000
0.000000
0.000000
0.006717
0.000000
0.000000
0.000000
0.000000
0.000000
0.000000
0.000000
0.000000
0.000000
0.000000
0.000000
0.000000
0.000000
0.000000
0.000000
0.054439
0.000000
0.000000
0.000000
0.000000
0.000000
0.000000
0.000000
0.000000
0.075568
0.000000
0.000000
0.000000
0.000000
0.000000
0.000000
0.000000
0.000000
0.000000
0.000000
0.000000
0.000000
0.000000
0.000000
0.000000
0.000000
0.000000
0.000000
0.000000
0.055713
0.002029
0.000000
0.000000
0.000000
0.000000
0.541852
0.000000
0.000000
0.000000
0.000000
0.000000
0.000000
0.000000
0.079736
0.000000
0.000000
0.000000
0.000000
0.000000
0.000000
0.999968
0.000000
0.000000
0.000000
0.799084
0.000000
0.000000
0.000000
0.000000
0.000000
0.000000
0.000000
0.000000
0.000000
0.000000
0.000000
0.000000
0.000000
0.000000
0.000000
0.000000
0.000000
0.380619
0.543709
0.000000
0.000000
0.000000
0.000012
0.000000
0.000000
0.000000
0.000000
0.000000
0.000000
0.000000
0.000000
0.000000
0.000000
0.000336
0.000000
0.000000
0.000000
0.000000
0.000000
0.000000
0.000000
0.000000
0.000000
0.000000
0.000000
0.004218
0.000000
0.000000
0.000000
0.004931
0.072752
0.000000
0.000000
0.000000
0.000000
0.005057
0.287308
0.006795
0.009107
0.655007
0.000000
0.000000
0.000000
0.000000
0.000000
0.000000
0.000000
0.000000
0.000000
0.000000
0.000000
0.999979
0.000000
0.000000
0.000000
0.000000
0.000000
0.000000
0.000000
0.000000
0.000000
0.000000
0.000000
0.000128
0.000000
0.000000
0.000000
0.000000
0.000000
0.000000
0.000000
0.000000
0.000000
0.013288
0.000000
0.000000
0.000000
0.000000
0.058629
0.000000
0.000000
0.000000
0.004993
0.014031
0.000000
0.000000
0.000000
0.000000
0.000000
0.000000
0.000000
0.000000
0.000000
0.000000
0.000000
0.531587
0.000000
0.007034
0.067336
0.000000
0.000000
1.000000
0.000000
0.000000
0.000000
0.000000
0.000000
0.000000
0.000000
0.000318
0.000000
0.000000
0.000000
0.000000
0.000000
0.000000
0.000000
0.000000
0.000000
0.000000
0.000000
0.000000
0.000000
0.000000
0.000000
0.000000
0.000000
0.009270
0.000000
0.000000
0.000000
0.036586
0.000000
0.000000
0.000000
0.001677
0.000000
0.001325
0.000000
0.000000
0.000000
0.000000
0.000000
0.000000
0.000000
0.000000
0.000000
0.000000
0.000000
0.000000
0.000000
0.000000
0.000000
0.000000
0.000000
0.000000
0.000000
0.000000
0.000000
0.000000
0.000000
0.218142
0.000000
0.000000
0.000000
0.281350
0.000000
0.000000
0.000000
0.000000
0.000000
0.002664
0.000000
0.000000
0.074202
0.000000
0.000000
0.180461
0.000000
0.000000
0.000000
0.000000
0.000000
0.000000
0.000000
0.000000
0.000000
0.000000
0.004068
0.000000
0.000000
0.000000
0.001745
0.000000
0.000000
0.000000
0.000000
0.000000
0.000000
0.000000
0.000000
0.000000
0.000000
0.000000
0.000000
0.000000
0.000000
0.000000
0.000000
0.000000
0.000000
0.000000
0.000000
0.000000
0.000000
0.323460
0.000000
0.000000
0.000000
0.000000
0.000000
0.000000
0.000000
0.067177
0.000000
0.000000
0.000000
0.000000
0.000000
0.000000
0.000000
0.000000
0.000000
0.000000
0.000000
0.000000
0.000000
0.000000
0.000000
0.000000
0.000000
0.000000
0.000000
0.000000
0.000000
0.053788
0.000000
0.000000
0.000000
0.000000
0.000000
0.000167
0.000000
0.000000
0.000000
0.000000
0.000000
0.000000
0.000000
0.000000
0.000000
0.000000
0.000000
0.000000
0.000000
0.000000
0.000000
0.000000
0.007681
0.000000
0.000000
0.000000
0.429331
0.000000
0.000000
0.000000
0.000000
0.000000
0.000000
0.573630
0.000000
0.000000
0.006503
0.000000
0.000000
0.000000
0.000000
0.000000
0.000000
0.000000
0.000000
0.000000
0.000000
0.000000
0.000000
0.000000
0.000000
0.000000
0.000000
0.000000
0.000000
0.000000
0.000000
0.000000
0.000000
0.000000
1.000000
0.000000
0.000000
0.000000
0.000000
0.000000
0.000000
0.000000
0.000000
0.000000
0.000000
0.000000
0.000000
0.000327
0.000000
0.000000
0.000000
0.000000
0.000000
0.000000
0.000000
0.000000
0.000000
0.000000
0.000000
0.000000
0.000000
0.000000
0.781852
0.009987
0.000000
0.000000
0.000000
0.005879
0.000000
0.000000
0.000000
0.000000
0.000000
0.000000
0.000000
0.000000
0.000000
0.000000
0.000000
0.000000
0.000000
0.000000
0.000000
0.000000
0.000000
0.280636
0.000000
0.000000
0.000000
0.000000
0.000000
0.000000
0.000000
0.000000
0.000000
0.000000
0.000000
0.888531
0.000000
0.000000
0.000000
0.000000
0.000000
0.000000
0.000000
0.000000
0.000000
0.000000
0.000000
0.000000
0.000000
0.000000
0.000000
0.000000
0.000000
0.000000
0.065112
0.000000
0.000002
0.000000
0.006493
0.000000
0.000000
0.000000
0.000000
0.000000
0.000000
0.001985
0.000000
0.000000
0.001463
0.000000
0.000000
0.000000
0.000000
0.000000
0.000000
0.000000
0.000000
0.000000
0.091142
0.000000
0.008471
0.000000
0.000000
0.000000
0.000000
0.000000
0.000000
0.000000
1.000000
0.000000
0.000000
0.000000
0.000000
0.000000
0.000000
0.038530
0.000000
0.000000
0.000000
0.000000
0.000000
0.000000
0.000000
0.007151
0.056530
0.000000
0.000000
0.000000
0.000000
0.000000
0.000000
0.000000
0.000000
0.000000
0.000000
0.000000
0.000000
0.000000
0.000000
0.005845
0.000000
0.000000
0.000000
0.000000
0.000000
0.000000
0.000000
0.000070
0.000000
0.000000
0.000000
0.000000
0.000000
0.000000
0.000000
0.000000
0.000000
0.000000
0.000000
0.007775
0.127280
0.000000
0.000000
0.000000
0.000000
0.000000
0.000000
0.982918
0.000000
0.000000
0.000000
0.000000
0.000000
0.000000
0.050043
0.000000
0.000000
0.000000
0.000000
0.000000
0.000000
0.147754
0.000000
0.000000
0.000000
0.000000
0.000000
0.000000
0.000000
0.000000
0.000000
0.000000
0.000000
0.000000
0.000000
0.000000
0.000000
0.000000
0.000000
0.000000
0.000000
0.000000
0.000000
0.000000
0.023130
0.000000
0.000000
0.938816
0.000000
0.000000
0.000000
0.000000
0.000000
0.000000
0.000000
0.000000
0.000000
0.000000
0.000000
0.000000
0.000000
0.000000
0.000000
0.000000
0.000000
0.000000
0.000000
0.000000
0.000000
0.000000
0.000000
0.000000
0.000000
0.000000
0.000000
0.000000
0.000000
0.000000
0.000000
0.000000
0.000000
0.000000
0.000000
0.005743
0.390600
0.000000
0.000000
0.000000
0.000000
0.000000
0.000000
0.000000
0.000000
0.000000
0.000000
0.000000
0.000000
0.000000
0.000000
0.000000
0.000000
0.019984
0.000000
0.294826
0.000000
0.000000
0.000000
0.000000
0.000000
0.028074
0.000000
0.000000
0.024704
0.000000
0.000000
0.000000
0.000000
0.000000
0.000000
0.000000
0.000000
0.053306
0.000000
0.000000
0.000000
0.000000
0.000000
0.000000
0.000000
0.000000
0.000000
0.000122
0.000000
0.029551
0.000000
0.000000
0.000000
0.000000
0.000000
0.000000
0.000000
0.000000
0.000000
0.000000
0.000000
0.958787
0.000000
0.000000
0.000000
0.000000
0.000000
0.000000
0.000000
0.000000
0.000000
0.000000
0.000000
0.000000
0.000000
0.000000
0.000000
0.000000
0.000000
0.003029
0.071890
0.000000
0.000000
0.000000
0.000000
0.000000
0.000000
0.000000
0.000000
0.000000
0.000000
0.000000
0.000000
0.000000
0.000000
0.000000
0.000000
0.000000
0.000000
0.000000
0.000000
0.000000
0.000000
0.000000
0.000000
0.000000
0.000000
0.002153
0.000000
0.000000
0.000000
0.000000
0.000000
0.000000
0.000000
0.000000
0.000000
0.000000
0.000000
0.000000
0.000000
0.000000
0.000000
0.000000
0.000000
0.000000
0.028971
0.129918
0.000000
0.000000
0.000000
0.000000
0.000000
0.000000
0.000610
0.000000
0.000000
0.000000
0.000000
0.000000
0.000000
0.000000
0.219862
0.000000
0.000000
0.000000
0.000000
0.000000
0.000000
0.000000
0.000000
0.000000
0.000000
0.000000
0.000000
0.000000
0.000000
0.000000
0.000000
0.000000
0.000000
0.000000
0.000000
0.000000
0.000000
0.000000
0.000000
0.000000
0.000000
0.000000
0.000000
0.000000
0.000000
0.000000
0.000000
0.000000
0.000000
0.000000
0.002727
0.000000
0.000000
0.000000
0.028278
0.000000
0.000000
0.000000
0.000000
0.000000
0.213282
0.000000
0.000000
0.000000
0.000000
0.000000
0.143135
0.000000
0.000000
0.000000
0.000000
0.000000
0.000000
0.000000
0.000000
0.000000
0.000000
0.000000
0.000000
0.000000
0.000000
0.000000
0.333422
0.000000
0.000000
0.000000
0.000000
0.000000
0.000000
0.000000
0.000000
0.000000
0.000000
0.000000
0.000000
0.000000
0.097318
0.000000
0.445492
0.000000
0.000000
0.000000
0.000000
0.000000
0.000000
0.000000
0.000000
0.000000
0.000000
0.000000
0.000000
0.000000
0.000000
0.000000
0.000000
0.000000
0.000000
0.000000
0.000000
0.000000
0.000000
0.000000
0.000000
0.000000
0.000000
0.000000
0.000000
0.000000
0.000000
0.000000
0.000000
0.000000
0.000000
0.000000
0.000000
0.000000
0.000000
0.000000
0.000000
0.000000
0.000000
0.000000
0.000000
0.000000
0.000000
0.000000
0.000000
0.000000
0.000000
0.000000
0.000000
0.000000
0.000000
0.000000
0.000000
0.036585
0.000000
0.000000
0.000000
0.000000
0.000000
0.325443
0.000000
0.000000
0.000000
0.000000
0.000000
0.000000
0.000000
0.000000
0.000000
0.000000
0.000000
0.027142
0.000000
0.000000
0.000000
0.000000
0.000000
0.000000
0.007193
0.000000
0.000000
0.000000
0.000000
0.000000
0.000000
0.000000
0.000000
0.000000
0.000000
0.000000
0.000000
0.000000
0.000000
0.000000
0.000000
0.000000
0.000000
0.000000
0.000000
0.000000
0.000000
0.000000
0.000000
0.124961
0.000000
0.000000
0.000000
0.000000
0.000000
0.000000
0.000000
0.040787
0.000000
0.000000
0.000000
0.000000
0.000000
0.009997
0.000000
0.000000
0.000000
0.000000
0.000000
0.000000
0.000000
0.000000
0.000000
0.000000
0.000000
0.000000
0.000000
0.105822
0.000000
0.000000
0.132343
0.000000
0.004524
0.000000
0.000000
0.000000
0.000000
0.013169
0.000000
0.000000
0.000000
0.000000
0.000000
0.000000
0.173788
0.000000
0.000000
0.062610
0.000000
0.000000
0.000000
0.000000
0.000000
0.000000
0.000000
0.000000
0.000000
0.137735
0.000000
0.046772
0.000000
0.000000
0.000000
0.000000
0.000000
0.000000
0.000000
0.000000
0.000000
0.000000
0.000000
0.000000
0.000000
0.000631
0.058523
0.000000
0.000000
0.000000
0.000000
0.000000
0.000000
0.000000
0.000000
0.000749
0.000000
0.000000
0.000000
0.000000
0.000000
0.000000
1.000000
0.010282
0.000000
0.000000
0.000000
0.000000
0.000000
0.170722
0.000000
0.000000
0.249192
0.000000
0.000000
0.000000
0.000000
0.000000
0.000000
0.000000
0.000000
0.000000
0.000000
0.000000
0.000000
0.000000
0.000000
0.071400
0.000000
0.000000
0.000805
0.603637
0.000577
0.000000
0.000000
0.000000
0.000000
0.000000
0.000000
0.000000
0.000000
0.695156
0.000000
0.000000
0.000000
0.000000
0.000000
0.000000
0.000000
0.000000
0.000000
0.000000
1.000000
0.000000
0.000000
0.000000
0.000000
0.000000
0.000000
0.000000
0.000000
0.000000
0.000000
0.000000
0.000000
0.000000
0.003826
0.000000
0.000000
0.000000
0.000000
0.000000
0.000000
0.000000
0.000000
0.000000
0.000000
0.000000
0.000000
0.000000
0.000000
0.000000
0.000000
0.000000
0.000000
0.000000
0.000000
0.015881
0.000000
0.000000
0.000000
0.000000
0.000000
0.000000
0.000000
0.000000
0.000000
0.000000
0.000000
0.000000
0.001173
0.000000
0.002175
0.000000
0.766210
0.000000
0.000000
0.000000
0.000000
0.000000
0.000000
0.106594
0.000000
0.000000
0.000000
0.000000
0.000068
0.225313
0.044407
0.000000
0.196057
0.000000
0.000000
0.000000
0.000000
0.000000
0.000000
0.000000
0.000000
0.000000
0.000000
0.000000
0.002643
0.000000
0.000000
0.298650
0.000000
0.000000
0.000000
0.000000
0.000000
0.000000
0.000000
0.000000
0.000000
0.000000
0.000000
0.000000
0.000000
0.000000
0.000000
0.000000
0.000000
0.000000
0.000000
0.000000
0.000000
0.000000
0.000000
0.000000
0.000000
0.000000
0.000000
0.209840
0.000000
0.000000
0.000000
0.849817
0.000000
0.001287
0.901574
0.000000
0.000000
0.000000
0.000000
0.000000
0.000000
0.000000
0.000000
0.004017
0.000000
0.000000
0.000000
0.000000
0.000000
0.991715
0.000000
0.000000
0.000000
0.000000
0.006197
0.975748
0.000000
0.000000
0.000000
0.000000
0.000000
0.000000
0.000000
0.000000
0.000000
0.000000
0.000000
0.000000
0.000000
0.000032
0.000000
0.000000
0.011469
0.000000
0.000000
0.000000
0.000000
0.000000
0.000000
0.000000
0.000000
0.000000
0.001489
0.028759
0.000000
0.000000
0.000000
0.000000
0.000000
0.000000
0.000000
0.000000
0.000000
0.000000
0.000000
0.000000
0.000000
0.000000
0.000000
0.000000
0.000000
0.000000
0.000000
0.000000
0.000000
0.000000
0.097233
0.000000
0.000000
0.000000
0.000000
0.000236
0.000000
0.000000
0.000000
0.000000
0.000000
0.000000
0.000000
0.000000
0.000000
0.000000
0.000000
0.000000
0.000000
0.000000
0.000000
0.032185
0.047729
0.000000
0.000000
0.000000
0.000000
0.000000
0.000000
0.001639
0.039175
0.000000
0.000000
0.000000
0.000000
0.000000
0.000825
0.000000
0.001000
0.000000
0.000000
0.000000
0.000168
0.000000
0.000000
0.003005
0.000000
0.000000
0.000000
0.000000
0.000000
0.000000
0.000000
0.047302
0.000000
0.000000
0.000000
0.000000
0.000000
0.000000
0.000000
0.000000
0.058888
0.000000
0.000000
0.000000
0.000000
0.000000
0.000000
0.000000
0.000000
0.000000
0.000000
0.000000
0.000000
0.000000
0.003481
0.078663
0.000000
0.000000
0.000000
0.000000
0.000000
0.000000
0.000000
0.000000
0.000000
0.000000
0.000000
0.000000
0.000000
0.000000
0.000000
0.000000
0.999218
0.000000
0.000000
0.000000
0.000000
0.000000
0.045544
0.079979
0.000000
0.104212
0.000000
0.000000
0.000000
0.000000
0.352289
0.000000
0.000000
0.246168
0.092110
0.000000
0.000000
0.000000
0.000000
0.000000
0.000000
0.000000
0.000000
0.000000
0.000000
0.000000
0.078383
0.000000
0.983171
0.000000
0.000000
0.000000
0.000000
0.000000
0.000000
0.000000
0.000000
0.000000
0.000000
0.000000
0.000000
0.000000
0.000000
0.000778
0.000000
0.000000
0.000000
0.155217
0.000000
0.000000
0.328843
0.000000
0.000000
0.000000
0.000000
0.262951
0.000000
0.000000
0.000000
0.000000
0.000000
0.000000
0.000000
0.000000
0.000000
0.000000
0.000000
0.003443
0.000000
0.000000
0.000000
0.000000
0.000000
0.029751
0.000000
0.000000
0.000000
0.000000
0.000000
0.000000
0.000000
0.000000
0.000000
0.000000
0.000000
0.000000
0.000000
0.000000
0.000000
0.000000
0.000000
0.000000
0.000000
0.000000
0.000000
0.000000
0.000000
0.000000
0.009549
0.000000
0.000000
0.000000
0.000000
0.000000
0.019396
0.000000
0.315679
0.000000
0.000000
0.000000
0.000000
0.000000
0.000000
0.000000
0.000000
0.021493
0.000000
0.000000
0.000000
0.000000
0.000000
0.832967
0.000000
0.000000
0.000000
0.000000
0.000000
0.000013
0.000000
0.000000
0.000000
0.099147
0.000000
0.000000
0.000000
0.000000
0.000000
0.000000
0.000000
0.000000
0.000000
0.000000
0.000000
0.000000
0.000000
0.000000
0.000000
0.000000
0.000000
0.000000
0.000000
0.011542
0.000000
0.012531
0.000000
0.000000
0.000000
0.000000
0.000000
0.000000
0.000000
0.000000
0.000000
0.000000
0.000000
0.000000
0.000000
0.000000
0.000000
0.000000
0.098274
0.000000
0.000000
0.000000
0.004311
0.000000
0.000000
0.000000
0.000000
0.000000
0.000000
0.000000
0.461687
0.000144
0.000000
0.000000
0.000000
0.000000
0.000000
0.000000
0.000000
0.000000
0.000000
0.000000
0.000000
0.000000
0.000000
0.000000
0.000000
0.000000
0.000000
0.000000
0.000000
0.000000
0.000000
0.000000
0.000000
0.000000
0.000000
0.000000
0.000000
0.000000
0.000000
0.000000
0.000000
0.016004
0.000000
0.119495
0.000000
0.000000
0.000000
0.000000
0.000000
0.000000
0.000000
0.000000
0.000000
0.000000
0.000000
0.000000
0.000000
0.000077
0.000000
0.000000
0.000000
0.000000
0.000000
0.000000
0.000000
0.000000
0.000000
0.000000
0.000000
0.028889
0.000000
0.018266
0.000000
0.079800
0.000000
0.838244
0.000000
0.000000
0.006676
0.047718
0.000000
0.000000
0.000000
0.154231
0.000000
0.000000
0.001533
0.000000
0.000000
0.000000
0.000000
0.000000
0.000000
0.000000
0.000000
0.000000
0.000000
0.000000
0.000000
0.000000
0.000000
0.000000
0.002103
0.000000
0.029834
0.000000
0.000000
0.000000
0.000000
0.000000
0.000000
0.006673
0.000000
0.000000
0.000000
0.000000
0.000000
0.000000
0.000000
0.000000
0.000000
0.000000
0.000000
0.000000
0.000000
0.000000
0.000000
0.000000
0.000000
0.000000
0.000000
0.000000
0.000000
0.000000
0.000000
0.000000
0.000000
0.039623
0.000000
0.000000
0.000000
0.000000
0.000000
0.000000
0.000000
0.000000
0.000000
0.000000
0.000000
0.000000
0.000000
0.000000
0.000000
0.000000
0.000000
0.000000
0.000000
0.000000
0.183159
0.000000
0.000000
0.000000
0.000000
0.000000
0.000000
0.000000
0.000000
0.000000
0.000000
0.000000
0.006043
0.000000
0.000000
0.000000
0.000000
0.000000
0.000000
0.000000
0.069100
0.000000
0.000000
0.000000
0.000000
0.000000
0.000000
0.000000
0.107262
0.000000
0.000000
0.001618
0.997415
0.000000
0.000245
0.000000
0.000000
0.000000
0.000000
0.146438
0.000000
0.000000
0.000000
0.000000
0.000000
0.000000
0.010718
0.000000
0.000000
0.000000
0.000000
0.000000
0.000000
0.000000
0.000000
0.000000
0.000000
0.000000
0.000000
0.000000
0.000000
0.000000
0.000000
0.000000
0.000000
0.000000
0.000000
0.000000
0.000000
0.000000
0.000000
0.000000
0.000000
0.000000
0.000000
0.389474
0.000000
0.000000
0.000000
0.000000
0.000000
0.000000
0.000000
0.000000
0.090769
0.000000
0.000000
0.000000
0.000000
0.000000
0.000000
0.000000
0.000015
0.999989
0.004032
0.000000
0.038203
0.000303
0.000000
0.000000
0.000000
0.000000
0.000000
0.000000
0.000000
0.000000
0.000000
0.000000
0.193930
0.000000
0.000000
0.000000
0.031264
0.000000
0.000000
0.000000
0.000000
0.000000
0.000000
0.000000
0.000000
0.000000
0.000000
0.000018
0.000000
0.000000
0.000000
0.000000
0.000000
0.000000
0.000000
0.000000
0.000000
0.033183
0.000000
0.000000
0.000000
0.000000
0.000000
0.000000
0.000000
0.000000
0.000000
0.000000
0.000000
0.000000
0.000000
0.000000
0.000000
0.103718
0.000000
0.000000
0.000000
0.000000
0.008333
0.000000
0.000000
0.018625
0.000000
0.000000
0.000000
0.000000
0.000000
0.000000
0.000000
0.000000
0.000000
0.000000
0.000000
0.000000
0.000000
0.000000
0.077045
0.000000
0.000000
0.009132
0.000000
0.000000
0.000000
0.000350
0.000000
0.000000
0.000000
0.000000
0.000000
0.010534
0.133509
0.000000
0.000000
0.000000
0.000000
0.000000
0.000000
0.000000
0.001847
0.000000
0.003113
0.000000
0.000000
0.000000
0.000000
0.000000
0.000000
0.000000
0.000000
0.000000
0.000000
0.000000
0.000000
0.000000
0.000000
0.000000
0.000000
0.000000
0.000000
0.000000
0.000000
0.000063
0.000787
0.000000
0.000000
0.000000
0.003865
0.000000
0.000000
0.000000
0.000000
0.000000
0.000000
0.000000
0.000000
0.000000
0.968673
0.000000
0.000000
0.000000
0.000000
0.000000
0.000000
0.000000
0.000000
0.000000
0.000000
0.000000
0.000000
0.000000
0.000000
0.000000
0.000000
0.000000
0.000000
0.000000
0.000000
0.000000
0.000000
0.000000
0.000000
0.000000
0.000000
0.000000
0.000000
0.000000
0.000000
0.000000
0.000000
0.014507
0.000000
0.000000
0.001850
0.000000
0.000000
0.000000
0.000000
0.000000
0.594287
0.000000
0.000000
0.000000
0.000000
0.000000
0.179856
0.019807
0.000000
0.000000
0.000000
0.000000
0.000000
0.512733
0.000000
0.000000
0.001076
0.000000
0.000000
0.021927
0.000000
0.000000
0.000000
0.000000
0.000000
0.000000
0.000000
0.000000
0.000000
0.000000
0.000000
0.000000
0.000000
0.000000
0.000000
0.000000
0.000000
0.013987
0.000000
0.000000
0.000000
0.000000
0.000000
0.000022
0.000000
0.000000
0.012302
0.000000
0.000000
0.115492
0.000000
0.000000
0.000000
0.000000
0.000000
0.000000
0.000000
0.000000
0.960663
0.000000
0.000000
0.000000
0.000000
0.000000
0.000000
0.000000
0.000000
0.000000
0.000000
0.000000
0.000000
0.000000
0.000000
0.000000
0.000000
0.000000
0.000000
0.000000
0.000000
0.121887
0.946926
0.000000
0.000000
0.000000
0.000000
0.181703
0.000000
0.422846
0.000000
0.000000
0.000000
0.000000
0.000000
0.000000
0.000000
0.000000
0.000000
0.000000
0.000000
0.000000
0.000000
0.000000
0.000000
0.000000
0.000000
0.000000
0.000000
0.000000
0.000000
0.000000
0.000000
0.000000
0.000000
0.000000
0.000000
0.000000
0.889897
0.000000
0.000000
0.558852
0.000000
0.000000
0.000000
0.000000
0.000000
0.000000
0.000000
0.000000
0.000000
0.000000
0.000000
0.000000
0.000000
0.000000
0.000000
0.000000
0.000000
0.000000
0.000000
0.000000
0.000000
0.000000
0.000000
0.000000
0.000000
0.000000
0.000000
0.000000
0.000000
0.000000
0.219699
0.000325
0.000000
0.000000
0.000000
0.511608
0.000000
0.000000
0.000000
0.000000
0.000000
0.000000
0.022550
0.000000
0.000000
0.000000
0.000000
0.000000
0.000000
0.000000
0.000000
0.000000
0.000000
0.000000
0.000007
0.000000
0.693560
0.277295
0.000000
0.004391
0.000000
0.000000
0.000000
0.452381
0.000000
0.168693
0.000000
0.000000
0.000000
0.999927
0.000000
0.000000
0.000000
0.000000
0.000000
0.000000
0.000000
0.169307
0.000000
0.000000
0.000000
0.000000
0.000000
0.000082
0.000000
0.000000
0.000000
0.000000
0.000000
0.002157
0.000000
0.000000
0.000000
0.000000
0.000000
0.000000
0.000000
0.000000
0.000000
0.000000
0.202865
0.000000
0.000000
0.000000
0.000000
0.000000
0.000000
0.000000
0.000000
0.000000
0.867646
0.000000
0.000000
0.000000
0.000000
0.000000
0.000000
0.000000
0.000000
0.000000
0.000000
0.000000
0.000000
0.000000
0.000000
0.000000
0.000000
0.000000
0.000000
0.000000
0.000000
0.000000
0.000000
0.000000
0.000000
0.000000
0.000000
0.000000
0.000000
0.000000
0.000000
0.000000
0.000000
0.000000
0.000000
0.000000
0.000000
0.000000
0.000000
0.000000
0.000000
0.000000
0.000000
0.000000
0.000000
0.067327
0.000000
0.000000
0.000000
0.238284
0.000000
0.000000
0.000000
0.017973
0.000000
0.000000
0.000000
0.000000
0.000000
0.702400
0.000000
0.000000
0.000000
0.000000
0.000000
0.000000
0.000000
0.000000
0.000000
0.000000
0.000000
0.000715
0.000000
0.000000
0.000000
0.074195
0.000000
0.000000
0.000000
0.000000
0.000000
0.000000
0.000000
0.321149
0.000000
0.000000
0.000000
0.000000
0.699510
0.000000
0.000000
0.043026
0.000000
0.000000
0.000000
0.679173
0.008800
0.000000
0.000000
0.000000
0.000000
0.612717
0.000000
0.000000
0.000000
0.000000
0.000000
0.000000
0.000000
0.000000
0.000000
0.000000
0.000000
0.000000
0.000000
0.000000
0.000000
0.000000
0.000000
0.000000
0.000000
0.000000
0.000000
0.041705
0.000000
0.000000
0.000000
0.000000
0.000000
0.000000
0.000000
0.000002
0.000000
0.000000
0.000000
0.000000
0.000000
0.000000
0.000000
0.999876
0.000000
0.015406
0.244373
0.000000
0.316359
0.000000
0.000000
0.000000
0.000000
0.000000
0.000000
0.032379
0.002496
0.000000
0.014386
0.000000
0.002467
0.000000
0.900987
0.000000
0.000000
0.000000
0.000000
0.000000
0.000000
0.000000
0.000000
0.000000
0.000000
0.000000
0.000000
0.000000
0.000000
0.000000
0.000000
0.000000
0.000000
0.000000
0.002058
0.000000
0.000000
0.000000
0.000000
0.000122
0.000000
0.000000
0.472470
0.000000
0.000000
0.000000
0.000000
0.000000
0.000000
0.000000
0.000000
0.000000
0.000000
0.000000
0.000000
0.000000
0.000000
0.000000
0.000000
0.000000
0.000000
0.177566
0.000000
0.000000
0.000000
0.000000
0.000000
0.000000
0.000000
0.000000
0.000000
0.000000
0.264471
0.000000
0.000000
0.000000
0.000000
0.000000
0.000000
0.000000
0.000000
0.000000
0.000000
0.000000
0.000000
0.000000
0.000000
0.000000
0.896099
0.000000
0.000000
0.000000
0.000000
0.000000
0.000000
0.000000
0.020913
0.000000
0.000000
0.000000
0.000000
0.000000
0.000000
0.000000
0.000000
0.087557
0.970175
0.000000
0.000000
0.000000
0.000000
0.179880
0.000000
0.000000
0.000000
0.000000
0.000000
0.000000
0.000000
0.000000
0.000000
0.000000
0.000000
0.000000
0.000000
0.000000
0.000000
0.000000
0.000000
0.000000
0.000000
0.000000
0.000000
0.000000
0.000000
0.000000
0.000000
0.000000
0.000000
0.100230
0.159478
0.000000
0.000000
0.000000
0.000000
0.000000
0.000000
0.000000
0.000000
0.246966
0.006096
0.000000
0.000000
0.000000
0.000000
0.000000
0.000000
0.000000
0.000000
0.000000
0.000000
0.086450
0.000000
0.000000
0.000000
0.000000
0.000000
0.000000
0.000000
0.000000
0.000000
0.000000
0.000000
0.000001
0.000000
0.000000
0.000000
0.000000
0.235103
0.000000
0.000000
0.000000
0.000000
0.000000
0.000000
0.000000
0.000000
0.000000
0.000000
0.000000
0.002782
0.000000
0.000000
0.018255
0.000000
0.000000
0.000000
0.000000
0.000000
0.000000
0.000000
0.000000
0.000000
0.000000
0.000000
0.000000
0.000000
0.000000
0.000000
0.000000
0.000000
0.000000
0.000000
0.000000
0.001294
0.000000
0.000000
0.422294
0.000000
0.000000
0.000000
0.000000
0.000000
0.013662
0.000000
0.000000
0.000000
0.000000
0.000000
0.000000
0.000000
0.000000
0.000000
0.000000
0.000000
0.000000
0.000000
0.000000
0.000000
0.000000
0.000000
0.000000
0.000000
0.000000
0.000000
0.000000
0.000000
0.000000
0.095469
0.000000
0.000000
0.000000
0.000000
0.000000
0.000000
0.000000
0.000000
0.000000
0.000000
0.000000
0.000000
0.000000
0.000000
0.000000
0.000000
0.000000
0.000000
0.000000
0.000000
0.000000
0.000000
0.000000
0.000000
0.000000
0.000000
0.000000
0.000000
0.000000
0.000000
0.000000
0.000000
0.000000
0.000000
0.000000
0.000000
0.271768
0.000000
0.003867
0.000000
0.000000
0.000000
0.000000
0.000000
0.000000
0.000000
0.000000
0.000000
0.000000
0.000000
0.000000
0.000000
0.000000
0.000000
0.000000
0.000000
0.000000
0.000001
0.000000
0.000000
0.000000
0.000000
0.000000
0.000000
0.000000
0.000000
0.000000
0.000000
0.000000
0.000000
0.000000
0.000000
0.000000
0.000000
0.000000
0.000000
0.000000
0.000000
0.000000
0.000000
0.000000
0.000000
0.000000
0.000000
0.000000
0.000000
0.000000
0.000000
0.107316
0.000000
0.000000
0.000000
0.000000
0.000000
0.000000
0.999985
0.000000
0.000000
0.000000
0.000000
0.000000
0.000000
0.000000
0.000000
0.000000
0.000000
0.721768
0.000000
0.000000
0.000000
0.000000
0.000000
0.000000
0.000000
0.000000
0.000000
0.000000
0.078970
0.000000
0.000000
0.000000
0.000000
0.000000
0.000000
0.000000
0.000000
0.000000
0.000000
0.000000
0.000000
0.000000
0.000000
0.000000
0.000000
0.002147
0.000000
0.000000
0.000000
0.000000
0.000000
0.000000
0.000000
0.000000
0.709107
0.000000
0.265491
0.000000
0.000000
0.000000
0.000000
0.000000
0.000000
0.000000
0.136950
0.000000
0.000000
0.000000
0.000000
0.000000
0.000000
0.000000
0.000000
0.046346
0.000000
0.000000
0.000000
0.004088
0.000000
0.000000
0.000000
0.000000
0.000000
0.000000
0.000000
0.000000
0.000000
0.000000
0.000000
0.000000
0.000000
0.092649
0.000000
0.009394
0.000000
0.487013
0.000000
0.031764
0.000000
0.000000
0.000000
0.000000
0.000000
0.000000
0.000000
0.000000
0.000000
0.000000
0.000000
0.000000
0.000000
0.035772
0.000000
0.000000
0.000000
0.000000
0.000000
0.000000
0.000000
0.000000
0.000000
0.000000
0.000000
0.000362
0.000000
0.000000
0.000013
0.000000
0.000000
0.000000
0.000000
0.000000
0.233107
0.000000
0.000000
0.000000
0.000000
0.000000
0.000000
0.000000
0.000000
0.000000
0.000000
0.000000
0.000469
0.000000
0.000000
0.000000
0.000000
0.000000
0.000000
0.000000
0.000000
0.000000
0.078446
0.000000
0.001568
0.000000
0.000000
0.000000
0.000000
0.000000
0.000000
0.000000
0.188918
0.000000
0.057737
0.000000
0.000000
0.000000
0.000000
0.000000
0.000000
0.000000
0.347246
0.000000
0.000000
0.011691
0.000000
0.000000
0.000000
0.000000
0.000000
0.000000
0.000000
0.000000
0.731906
0.000000
0.000000
0.678054
0.000000
0.000000
0.000000
0.000000
0.000000
0.000000
0.034439
0.000000
0.000000
0.000000
0.000000
0.000000
0.000000
0.000035
0.000000
0.000000
0.000000
0.000000
0.000000
0.231238
0.000000
0.000000
0.003272
0.000000
0.000000
0.000000
0.000000
0.000000
0.087406
0.000000
0.000000
0.000000
0.000000
0.001251
0.000000
0.000000
0.000000
0.000000
0.000000
0.000000
0.000000
1.000000
0.000000
0.000000
0.000033
0.000000
0.000000
0.000000
0.000000
0.005762
0.000000
0.000000
0.220465
0.000000
0.000000
0.000000
0.000000
0.000000
0.000000
0.000000
0.000000
0.000000
0.000000
0.000000
0.562359
0.737607
0.000000
0.000000
0.000000
0.000000
0.000000
0.000000
0.000000
0.000000
0.000000
0.000000
0.000000
0.000000
0.000000
0.000000
0.000000
0.000000
0.000000
0.000000
0.000000
0.000000
0.000000
0.000000
0.000364
0.000000
0.000000
0.000000
0.000000
0.000000
0.034103
0.000000
0.000000
0.024052
0.000000
0.000000
0.000000
0.031583
0.000000
0.000000
0.000000
0.000000
0.000000
0.000000
0.000000
0.569267
0.000000
0.000000
0.000000
0.000000
0.000000
0.000000
0.000000
0.000000
0.000000
0.000000
0.018135
0.000000
0.000000
0.000000
0.000000
0.000079
0.000000
0.000000
0.030490
0.000000
0.029837
0.000000
0.000000
0.000000
0.000000
0.000000
0.000000
0.000000
0.000000
0.000000
0.000000
0.000000
0.000000
0.000000
0.000000
0.000000
0.039103
0.000000
0.000000
0.000000
0.000000
0.005451
0.000000
0.000000
0.000000
0.000000
0.003351
0.000000
0.001065
0.000000
0.000000
0.000000
0.000000
0.000000
0.000000
0.000000
0.000000
0.000000
0.000000
0.000368
0.000000
0.000000
0.000994
0.000000
0.000000
0.000000
0.420886
0.000000
0.000000
0.000000
0.000000
0.000000
0.000000
0.000000
0.000000
0.000000
0.000000
0.000000
0.000000
0.000000
0.000000
0.000000
0.000012
0.000000
0.000000
0.000000
0.000000
0.000000
0.000000
0.015747
0.000000
0.000000
0.004889
0.000000
0.000000
0.000000
0.000000
0.000000
0.000000
0.000000
0.000000
0.010360
0.000000
0.000000
0.000000
0.000000
0.000000
0.000000
0.000000
0.000000
0.000000
0.000000
0.000000
0.000000
0.000000
0.051917
0.000013
0.000000
0.000000
0.000000
0.000000
0.000000
0.000000
0.024318
0.000000
0.000000
0.000000
0.000000
0.000000
0.000000
0.000000
0.000000
0.002769
0.000000
0.653451
0.000000
0.000000
0.000000
0.000000
0.000000
0.000000
0.000000
0.000000
0.000000
0.000000
0.000000
0.000000
0.000000
0.000000
0.000000
0.000000
0.000000
0.000000
0.000000
0.000000
0.000000
0.000000
0.000000
0.000000
0.000000
0.000000
0.000000
0.000000
0.000000
0.000000
0.029877
0.000000
0.000000
0.000000
0.000000
0.000000
0.000000
0.000000
0.000000
0.000000
0.000000
0.000000
0.000933
0.000000
0.000000
0.000000
0.000000
0.000000
0.000023
0.000000
0.000000
0.000000
0.000000
0.000000
0.000000
0.000000
0.000000
0.029105
0.000000
0.000000
0.000003
0.088704
0.000000
0.000378
0.000000
0.000000
0.000000
0.000000
0.000000
0.000000
0.000835
0.001787
0.000000
0.000000
0.000000
0.014132
0.000000
0.000000
0.000000
0.005885
0.000000
0.000000
0.000000
0.000000
0.000000
0.000000
0.000000
0.000000
0.000000
0.000000
0.000000
0.000037
0.000000
0.000000
0.000000
0.000000
0.046010
0.000000
0.000000
0.000000
0.000000
0.000000
0.000000
0.000000
0.000000
0.000000
0.000000
0.000000
0.000000
0.000000
0.000000
0.000000
0.049404
0.000000
0.000000
0.000000
0.000000
0.000000
0.000000
0.000000
0.000000
0.331013
0.960960
0.000000
0.000000
0.000000
0.000000
0.004385
0.000004
0.000000
0.159441
0.000000
0.035590
0.000000
0.000000
0.000000
0.000000
0.000000
1.000000
0.000000
0.092849
0.000000
0.000000
0.000000
0.855935
0.000000
0.000000
0.000000
0.000000
0.000000
0.000000
0.000000
0.000000
0.000000
0.000000
0.000000
0.000000
0.000000
0.000000
0.000000
0.000000
0.187590
0.171777
0.000000
0.000000
0.000000
0.000000
0.000000
0.000000
0.000000
0.000000
0.000000
0.055825
0.000000
0.000000
0.000000
0.000000
0.000000
0.000000
0.000000
0.000000
0.000000
0.000000
0.000000
0.000000
0.000000
0.000000
0.000000
0.000000
0.000000
0.000000
0.000000
0.000000
0.964635
0.000000
0.000000
0.000000
0.000000
0.000000
0.000000
0.000000
0.000000
0.000000
0.000000
0.036340
0.000000
0.001283
0.000000
0.000000
0.000000
0.000097
0.000000
0.007916
0.000000
0.001821
0.000000
0.003762
0.000000
0.000000
0.000000
0.000000
0.412247
0.000000
0.000000
0.000000
0.025690
0.000000
0.902233
0.000000
0.000000
0.000000
0.000000
0.128053
0.960903
0.000000
0.000000
0.000000
0.005851
0.000000
0.144964
0.000000
0.000000
0.000000
0.000000
0.000000
0.000000
0.000000
0.000000
0.000000
0.000000
0.000000
0.000000
0.000000
0.005296
0.000000
0.000073
0.000000
0.000000
0.000371
0.000000
0.000000
0.000000
0.000000
0.107238
0.000000
0.000000
0.929985
0.292807
0.000000
0.289001
0.000000
0.000000
0.000000
0.000000
0.000000
0.000000
0.000000
0.000000
0.000000
0.000213
0.043555
0.000000
0.000000
0.000000
0.000000
0.000000
0.000000
0.000000
0.000000
0.000000
0.000000
0.000000
0.000000
0.000000
0.000000
0.000000
0.000000
0.000000
0.000000
0.000000
0.000000
0.000000
0.000000
0.000000
0.000000
0.000000
0.000000
0.000000
0.000000
0.000000
0.000000
0.000000
0.000000
0.068440
0.000000
0.000000
0.000000
0.000000
0.008486
0.000000
0.000000
0.000000
0.000000
0.000000
0.000000
0.000000
0.000000
0.000000
0.000345
0.000000
0.000000
0.000000
0.000000
0.000000
0.000000
0.000000
0.000000
0.000000
0.000122
0.000000
0.000000
0.000000
0.000000
0.000000
0.003995
0.000000
0.000000
0.000000
0.000000
0.000000
0.000000
0.033825
0.556379
0.000000
0.000000
0.000000
0.000000
0.112835
0.000000
0.000000
0.000000
0.000000
0.000000
0.000000
0.000000
0.000000
0.231897
0.000000
0.000000
0.000707
0.005174
0.000000
0.000000
0.000000
0.000000
0.000000
0.000000
0.000000
0.000000
0.000000
0.000000
0.000000
0.000000
0.000000
0.000000
0.000000
0.000000
0.000000
0.000000
0.000000
0.000000
0.000000
0.000000
0.000000
0.000000
0.000000
0.025053
0.000000
0.000000
0.000000
0.000000
0.000000
0.429342
0.000000
0.000332
0.000000
0.000000
0.012549
0.985469
0.000000
0.023945
0.000000
0.000000
0.000000
0.000000
0.000000
0.000000
0.000014
0.000000
0.000000
0.000000
0.108747
0.000000
0.000000
0.000000
0.000000
0.000000
0.567826
0.011655
0.000000
0.000000
0.000000
0.000000
0.000000
0.000000
0.000000
0.000000
0.000000
0.000000
0.105769
0.000000
0.000000
0.000000
0.005328
0.000000
0.000000
0.000000
0.004223
0.000000
0.011867
0.017072
0.000000
0.000000
0.000000
0.000000
0.000000
0.000000
0.000000
0.000000
0.000000
0.000000
0.000000
0.000000
0.729079
0.003107
0.000000
0.000000
0.000000
0.000000
0.000000
0.007939
0.000000
0.000000
0.000000
0.000000
0.000000
0.000000
0.000000
0.000000
0.000000
0.000000
0.000000
0.000000
0.000000
0.000000
0.000000
0.000000
0.000000
0.000000
0.000000
0.022393
0.008472
0.000000
0.000000
0.000000
0.037324
0.000000
0.000000
0.000000
0.009588
0.000000
0.000000
0.000000
0.361512
0.000000
0.000000
0.000000
0.000000
0.070171
0.000000
0.000000
0.000000
0.000000
0.000000
0.000000
0.067263
0.000000
0.000000
0.000000
0.000000
0.000000
0.001384
0.000000
0.000000
0.000000
0.000000
0.000000
0.000000
0.000000
0.007220
0.000000
0.766668
0.000000
0.000010
0.998430
0.000000
0.000000
0.000000
0.000000
0.000000
0.996075
0.000000
0.000000
0.000000
0.000000
0.000000
0.000000
0.000000
0.000000
0.000000
0.000000
0.013221
0.000000
0.000000
0.000000
0.000000
0.000000
0.000000
0.000000
0.000000
0.000057
0.000000
0.000000
0.000000
0.000000
0.053851
0.000000
0.000000
0.000000
0.000000
0.000000
0.000000
0.000160
0.000000
0.000000
0.000000
0.000000
0.000000
0.000000
0.000000
0.000000
0.000000
0.000000
0.000000
0.000000
0.000000
0.008650
0.000000
0.000000
0.000000
0.000000
0.000000
0.000230
0.000000
0.000000
0.000000
0.000000
0.000000
0.000000
0.000000
0.000000
0.000000
0.000000
0.000000
0.000000
0.000000
0.000000
0.000000
0.000000
0.000000
0.000000
0.000000
0.000000
0.000000
0.000000
0.000000
0.000000
0.000000
0.000000
0.000000
0.000000
0.000000
0.000418
0.000000
0.000000
0.110514
0.000000
0.208773
0.000000
0.000000
0.000000
0.000000
0.000000
0.000000
0.000000
0.030229
0.000000
0.000000
0.000000
0.000000
0.063345
0.000000
0.000000
0.000000
0.000000
0.000000
0.000000
0.000000
0.000000
0.000000
0.000000
0.033841
0.000000
0.024078
0.000000
0.000000
0.000000
0.000000
0.000000
0.002252
0.000000
0.000000
0.000000
0.000000
0.000000
0.000000
0.005079
0.000000
0.000000
0.000000
0.000000
0.000000
0.000000
0.000000
0.000000
0.000000
0.000000
0.000000
0.000000
0.000000
0.000000
0.000000
0.000000
0.000000
0.000000
0.000000
0.000000
0.000000
0.000000
0.000000
0.000000
0.000000
0.000000
0.409178
0.000000
0.000000
0.000000
0.000000
0.000000
0.000000
0.000000
0.000000
0.000000
0.000000
0.000000
0.000000
0.000000
0.000000
0.000000
0.000000
0.000000
0.000000
0.000000
0.000000
0.893087
0.000000
0.000000
0.000000
0.000000
0.001043
0.000000
0.000000
0.000000
0.000000
0.000000
0.000000
0.000000
0.000000
0.000000
0.000090
0.000246
0.000000
0.000000
0.000000
0.000000
0.000000
0.000000
0.000000
0.000000
0.000000
0.000000
0.000000
0.090406
0.000000
0.000000
0.332743
0.000000
0.000000
0.000000
0.000000
0.000000
0.000000
0.000000
0.000000
0.000000
0.000000
0.000000
0.000000
0.000000
0.014016
0.986447
0.000000
0.000000
0.000000
0.000000
0.000000
0.026592
0.000000
0.000000
0.000000
0.000000
0.000000
0.000000
0.000000
0.000000
0.000000
0.000000
0.000000
0.000000
0.000000
0.000528
0.000000
0.000000
0.000000
0.000000
0.020125
0.000000
0.000000
0.000000
0.000000
0.000000
0.000000
0.277941
0.000000
0.000000
0.005894
0.000000
0.000000
0.081722
0.028890
0.000000
0.000023
0.104620
0.000000
0.000000
0.000000
0.000000
0.000000
0.000000
0.000000
0.000000
0.000000
0.000000
0.000000
0.000000
0.000000
0.000000
0.000000
0.000000
0.000000
0.000000
0.000000
0.631319
0.547450
0.000000
0.000000
0.000000
0.000000
0.000438
0.000000
0.009076
0.000000
0.753780
0.000000
0.000000
0.000000
0.000000
0.676535
0.000000
0.883883
0.273496
0.007219
0.002595
0.000000
0.000000
0.510642
0.000000
0.000000
0.000000
0.000000
0.000000
0.000000
0.000000
0.000000
0.000000
0.000000
0.000000
0.000000
0.000000
0.092512
0.000000
0.000000
0.000000
0.000000
0.000000
0.000000
0.000000
0.000000
0.000001
0.000000
0.000000
0.000000
0.000000
0.000000
0.000000
0.000000
0.000000
0.000000
0.000155
0.000000
0.000000
0.000000
0.000000
0.000000
0.000000
0.319795
0.283702
0.211155
0.000000
0.000000
0.000000
0.000000
0.000000
0.000000
0.000000
0.000000
0.000000
0.000000
0.001153
0.000000
0.000000
0.000000
0.000000
0.000000
0.000000
0.000000
0.000000
0.000000
0.065358
0.000000
0.000000
0.000000
0.000000
0.013087
0.000000
0.000000
0.000000
0.000000
0.000000
0.000000
0.437261
0.000000
0.000000
0.000000
0.000000
0.000000
0.000000
0.000000
0.000000
0.000000
0.000000
0.000000
0.000000
0.000000
0.000000
0.009913
0.000000
0.000000
0.000000
1.000000
0.000000
0.000000
0.000000
0.000000
0.000000
0.000000
0.000000
0.000000
0.118290
0.000000
0.000000
0.000000
0.000000
0.000000
0.000000
0.000000
0.602509
0.000000
0.074948
0.000000
0.000000
0.000314
0.000000
0.000279
0.000000
0.000000
0.000000
0.000000
0.000000
0.000000
0.000000
0.000000
0.000000
0.000000
0.000000
0.001876
0.000000
0.000000
0.000000
0.567873
0.000000
0.000000
0.000000
0.000000
0.000000
0.000000
0.000000
0.000000
0.000000
0.199502
0.003978
0.000000
0.000000
0.000000
0.000000
0.000000
0.009809
0.139850
0.000000
0.000000
0.000000
0.000000
0.249394
0.000000
0.000000
0.000000
0.968529
0.031762
0.000000
0.000000
0.000000
0.000000
0.026438
0.000000
0.000000
0.000000
0.000000
0.000000
0.000000
0.034825
0.000009
0.000000
0.000000
0.000000
0.000000
0.000000
0.000000
0.000000
0.000000
0.024251
0.000000
0.000000
0.000000
0.000000
0.000000
0.000000
0.000000
0.000000
0.000000
0.000000
0.000000
0.000000
0.000000
0.000000
0.000000
0.000000
0.000000
0.000000
0.000000
0.000000
0.000000
0.000437
0.000000
0.000000
0.000000
0.192553
0.000000
0.000000
0.000000
0.000000
0.000000
0.000000
0.000000
0.000000
0.000000
0.000000
0.000000
0.000000
0.000000
0.000399
0.000000
0.000000
0.000000
0.000000
0.000000
0.000000
0.002946
0.000000
0.000000
0.000866
0.000000
0.000000
0.000000
0.000000
0.000000
0.022709
0.000000
0.000000
0.000643
0.000100
0.000000
0.000000
0.000000
0.000000
0.000000
0.000000
0.000000
0.000000
0.000000
0.000000
0.000000
0.000000
0.000000
0.000000
0.000000
0.000000
0.000000
0.000000
0.000000
0.000000
0.000000
0.000000
0.000000
0.000000
0.000000
0.000000
0.000000
0.000000
0.000000
0.583693
0.000000
0.000000
0.000000
0.000000
0.000000
0.103037
0.000000
0.000000
0.000000
0.000000
0.000000
0.000000
0.000000
0.053244
0.000000
0.000000
0.000000
0.000000
0.000000
0.000000
0.000000
0.000000
0.276648
0.000000
0.000000
0.000000
0.000000
0.078027
0.000000
0.000000
0.000000
0.000357
0.000000
0.000000
0.000000
0.000000
0.000000
0.000000
0.000000
0.134296
0.000000
0.760076
0.000000
0.000000
0.000000
0.000000
0.633593
0.000000
0.000000
0.000000
0.000000
0.000000
0.000000
0.000000
0.000000
0.000000
0.000000
0.000000
0.000000
0.000000
0.000000
0.000000
0.000000
0.000000
0.000000
0.000000
0.000000
0.000000
0.000000
0.000000
0.000000
0.000000
0.000000
0.000000
0.000000
0.000000
0.000000
0.057054
0.000000
0.420779
0.000000
0.000000
0.000000
0.407419
0.000000
0.000000
0.000000
0.000000
0.000000
0.000000
0.343920
0.000000
0.000000
0.000031
0.000000
0.000000
0.000000
0.000000
0.000000
0.000000
0.000000
0.000000
0.000000
0.000000
0.000000
0.000000
0.000000
0.000000
0.000000
0.000000
0.000000
0.000000
0.000000
0.000000
0.000000
0.000000
0.000000
0.000069
0.000000
0.000000
0.000000
0.000000
0.000000
0.000000
0.015885
0.000000
0.000263
0.000000
0.000000
0.000000
0.000000
0.000000
0.000000
0.000000
0.000000
0.000000
0.000000
0.000000
0.000000
0.000000
0.000000
0.039211
0.000000
0.000000
0.000000
0.000000
0.000000
0.000000
0.000000
0.000000
0.000000
0.000000
0.000000
0.000000
0.000000
0.000000
0.000000
0.000000
0.000000
0.000000
0.000000
0.000000
0.000000
0.000000
0.000000
0.000000
0.000000
0.000000
0.000000
0.000000
0.000000
0.000000
0.000000
0.000000
0.000000
0.000000
0.000000
0.000000
0.000000
0.000000
0.001622
0.000000
0.067953
0.000000
0.000000
0.000000
0.000000
0.000000
0.000000
0.000000
0.000000
0.000000
0.010581
0.000000
0.000000
0.000000
0.000000
0.069639
0.000000
0.000000
0.000000
0.000000
0.000000
0.000000
0.001495
0.000000
0.000000
0.024240
0.036411
0.000000
0.000000
0.000000
0.000000
0.000000
0.000000
0.000000
0.000000
0.000000
0.000000
0.000000
0.000000
0.000000
0.000000
0.000000
0.000000
0.000000
0.000000
0.000000
0.525133
0.000000
0.000000
0.000000
0.000000
0.000000
0.000000
0.000000
0.000000
0.000000
0.000000
0.000000
0.000000
0.000000
0.000000
0.000000
0.000113
0.001844
0.000000
0.000000
0.000000
0.000000
0.000000
0.000000
0.000000
0.049555
0.000000
0.000000
0.000000
0.000000
0.000000
0.002667
0.000000
0.000000
0.000000
0.000000
0.000000
0.059771
0.000000
0.000000
0.000000
0.000000
0.000000
0.000000
0.000000
0.006945
0.000000
0.000000
0.000000
0.000000
0.000000
0.000000
0.000000
0.000000
0.000000
0.000000
0.000000
0.000000
0.000000
0.000000
0.000000
0.000000
0.000000
0.000000
0.000000
0.000000
0.000000
0.000001
0.000000
0.000000
0.028695
0.000000
0.000000
0.000000
0.000000
0.000000
0.000000
0.000000
0.000000
0.000000
0.000000
0.993503
0.000000
0.000000
0.000000
0.000000
0.000000
0.000000
0.000000
0.000000
0.011727
0.000000
0.000000
0.000000
0.000000
0.000000
0.000000
0.000000
0.000000
0.000000
0.168723
0.000000
0.000000
0.009191
0.000000
0.000000
0.000000
0.000000
0.000000
0.000000
0.000000
0.000000
0.000000
0.000000
0.000000
0.000000
0.000000
0.000000
0.000000
0.000000
0.000000
0.000000
0.000000
0.000000
0.000000
0.000000
0.000000
0.000000
0.000000
0.000000
0.000000
0.000000
0.000000
0.000000
0.671127
0.000000
0.000000
0.000000
0.000000
0.000000
0.000000
0.000000
0.000000
0.000000
0.000000
0.398576
0.000000
0.000000
0.000000
0.000000
0.000000
0.000000
0.000000
0.000000
0.667087
0.000000
0.000000
0.000000
0.000000
0.000000
0.000000
0.003370
0.000000
0.000000
0.000000
0.000000
0.000000
0.000000
0.000000
0.000000
0.000000
0.000000
0.000000
0.000000
0.000000
0.016114
0.000000
0.000000
0.000000
0.000000
0.000000
0.000000
0.000000
0.000000
0.000000
0.000000
0.000000
0.000000
0.011992
0.000000
0.000000
0.000000
0.000000
0.000000
0.000000
0.066352
0.000000
0.000000
0.000000
0.000000
0.000000
0.000000
0.000000
0.000000
0.000013
0.000000
0.069901
0.000000
0.000000
0.000000
0.000000
0.000000
0.000000
0.000000
0.335669
0.000000
0.000000
0.000000
0.000000
0.165361
0.000000
0.000000
0.025206
0.000000
0.000000
0.000000
0.000000
0.000000
0.000000
0.000000
0.000000
0.000000
0.000000
0.261410
0.000000
0.000000
0.000000
0.000000
0.000000
0.000000
0.000000
0.000000
0.000000
0.001590
0.000000
0.000000
0.000000
0.002829
0.000000
0.000000
0.000000
0.000000
0.000000
0.000000
0.000000
0.000000
0.067433
0.000000
0.485120
0.000000
0.000000
0.000000
0.000000
0.000000
0.000000
0.000000
0.000000
0.000000
0.000000
0.000000
0.009467
0.000000
0.000000
0.000302
0.093776
0.000000
0.000000
0.000000
0.000000
0.000000
0.000000
0.000000
0.000000
0.000000
0.000000
0.000000
0.000000
0.000000
0.000000
0.000000
0.000000
0.000203
0.000000
0.000000
0.000000
0.000000
0.003542
0.000000
0.000000
0.000000
0.000000
0.000000
0.000000
0.000000
0.000000
0.000000
0.001303
0.000000
0.000000
0.000000
0.000000
0.000000
0.000000
0.091660
0.678661
0.000000
0.460095
0.000000
0.102200
0.000000
0.837285
0.000000
0.000000
0.000000
0.000000
0.000000
0.000000
0.000000
0.000000
0.000000
0.000000
0.000000
0.000000
0.000000
0.000000
0.000000
0.000000
0.000000
0.000000
0.000456
0.000000
0.000000
0.000000
0.002030
0.000000
0.000000
0.000000
0.000000
0.000000
0.002544
0.040238
0.000000
0.000000
0.000000
0.000000
0.000000
0.000000
0.000000
0.000000
0.000000
0.010742
0.000000
0.000000
0.000000
0.000000
0.000000
0.000000
0.000838
0.000000
0.000011
0.000000
0.000000
0.000000
0.000000
0.000000
0.000000
0.000000
0.000000
0.000000
0.000000
0.000000
0.000000
0.000000
0.000000
0.000000
0.000000
0.000000
0.000000
0.000000
0.000000
0.000000
0.274801
0.000000
0.000000
0.000000
0.000000
0.060006
0.000000
0.000000
0.000000
0.000000
0.000000
0.000000
0.000000
0.000000
0.000000
0.000000
0.015451
0.000000
0.000000
0.000000
0.000000
0.000000
0.000000
0.000000
0.000000
0.000000
0.000000
0.000000
0.000000
0.000111
0.000000
0.000000
0.000000
0.000000
0.000000
0.000000
0.000000
0.000000
0.000000
0.000000
0.000000
0.057443
0.000000
0.000000
0.252734
0.000000
0.000000
0.000000
0.000000
0.000000
0.000000
0.000000
0.581765
0.000000
0.000000
0.000000
0.589063
0.000000
0.000000
0.000000
0.000000
0.000000
0.000000
0.000000
0.000000
0.000000
0.000000
0.000000
0.000000
0.000000
0.000000
0.000000
0.000000
0.000000
0.000000
0.000000
0.000000
0.000000
0.411382
0.741306
0.000000
0.000000
0.000000
0.000000
0.000000
0.000000
0.000000
0.000000
0.000784
0.634022
0.000000
0.000000
0.000000
0.170451
0.000005
0.000000
0.000000
0.000000
0.000000
0.000000
0.000000
0.000000
0.000000
0.000000
0.000000
0.000000
0.000000
0.000000
0.068993
0.000000
0.000000
0.000000
0.000000
0.000000
0.000000
0.000000
0.000000
0.000000
0.018197
0.000000
0.000000
0.000000
0.000000
0.000000
0.000000
0.000000
0.000000
0.000000
0.000000
0.000000
0.000000
0.000000
0.000000
0.220742
0.000000
0.000000
0.000000
0.000000
0.000000
0.000000
0.000000
0.000000
0.000000
0.014683
0.000000
0.000000
0.000000
0.000000
0.000000
0.000000
0.000000
0.936105
0.000000
0.000000
0.002400
0.000000
0.000000
0.000000
0.000000
0.000000
0.000000
0.000000
0.000000
0.000000
0.000000
0.000000
0.000296
0.001446
0.000000
0.000000
0.010666
0.000000
0.000000
0.000000
0.000000
0.000000
0.000000
0.000000
0.000000
0.000000
0.124401
0.000000
0.000000
0.003161
0.000000
0.000000
0.000000
0.000000
0.004218
0.000000
0.000000
0.000000
0.000000
0.027558
0.000000
0.834940
0.000000
0.000000
0.273800
0.000000
0.000000
0.000000
0.000000
0.000000
0.000000
0.000000
0.004598
0.000000
0.000000
0.000000
0.000000
0.000000
0.245746
0.000000
0.000000
0.000000
0.000000
0.000000
0.000000
0.000000
0.000000
0.000000
0.000000
0.000000
0.000000
0.000000
0.046721
0.000000
0.000000
0.000000
0.001713
0.000000
0.000000
0.036978
0.000000
0.000000
0.000000
0.000000
0.000000
0.000000
0.000000
0.000000
0.000000
0.000000
0.000000
0.000000
1.000000
0.000000
0.000000
0.000000
0.000000
0.000000
0.000000
0.000000
0.000000
0.000000
0.000000
0.000000
0.000000
0.020910
0.000000
0.000000
0.962816
0.000000
0.000000
0.000000
0.000000
0.000000
0.000000
0.000000
0.000000
0.000000
0.000000
0.000000
0.000000
0.184756
0.000000
0.000000
0.035052
0.000000
0.000000
0.000000
0.000000
0.000000
0.000000
0.000000
0.000000
0.000000
0.000000
0.000000
0.000000
0.000000
0.000000
0.000000
0.185162
0.000000
0.000000
0.000000
0.000000
0.000000
0.000000
0.025506
0.174748
0.026591
0.000000
0.000000
0.000000
0.000000
0.032595
0.000000
0.103772
0.000000
0.000000
0.000000
0.000000
0.000000
0.000011
0.000000
0.000000
0.000000
0.000000
0.000000
0.000000
0.000000
0.000000
0.000000
0.000000
0.000000
0.000000
0.000000
0.000000
0.000000
0.000000
0.000000
0.000000
0.000000
0.000000
0.000000
0.000000
0.000000
0.000000
0.000000
0.000000
0.000000
0.000000
0.000000
0.004859
0.000000
0.000000
0.000000
0.000000
0.000000
0.000000
0.000000
0.000000
0.000000
0.000000
0.000000
0.000000
0.000000
0.000000
0.999915
0.000000
0.000000
0.000000
0.000000
0.029397
0.000000
0.000000
0.000000
0.000000
0.000000
0.000000
0.000000
0.000000
0.000000
0.000000
0.000000
0.000000
0.000000
0.000000
0.000000
0.000000
0.000000
0.000000
0.000000
0.000000
0.000000
0.000000
0.000000
0.000000
0.000000
0.000000
0.000000
0.000000
0.000000
0.000000
0.000000
0.000000
0.000000
0.000000
0.000000
0.000000
0.000000
1.000000
0.000000
0.000000
0.639388
0.000000
0.000000
0.000000
0.000000
0.000000
0.000000
0.000000
0.000000
0.000000
0.000000
0.000000
0.000000
0.000000
0.000000
0.000000
0.000000
0.000000
0.000000
0.000000
0.000000
0.000000
0.000000
0.000000
0.000000
0.000000
0.000000
0.000000
0.000000
0.000000
0.000000
0.000000
0.000000
0.000000
0.000000
0.000000
0.846152
0.000000
0.000000
0.000000
0.000000
0.000000
0.000000
0.000000
0.000000
0.000000
0.000000
0.000000
0.000000
0.000000
0.000000
0.000000
0.002484
0.000188
0.000000
0.000000
0.000000
0.000000
0.000000
0.000000
0.001533
0.000000
0.000000
0.000000
0.000000
0.060715
0.000000
0.000000
0.000000
0.000000
0.000000
0.000000
0.000000
0.000000
0.000000
0.000000
0.379508
0.000000
0.000000
0.000000
0.000000
0.000000
0.000000
0.032612
0.000000
0.191778
0.000000
0.000000
0.137273
0.000000
0.000000
0.000000
0.000000
0.000000
0.000000
0.000000
0.000000
0.000000
0.000000
0.000000
0.000000
0.000000
0.000000
0.000000
0.000000
0.000000
0.000000
0.101312
0.000000
0.015988
0.000000
0.000000
0.000000
0.000000
0.000000
0.000000
0.000000
0.000000
0.000910
0.000000
0.000000
0.231799
0.026685
0.000000
0.000000
0.000000
0.166921
0.000000
0.000000
0.000000
0.000000
0.005824
0.000000
0.000000
0.000000
0.000630
0.000000
0.000000
0.000000
0.000000
0.039708
0.000000
0.000000
0.000000
0.000000
0.000000
0.000000
0.000000
0.000000
0.000000
0.000000
0.000000
0.000000
0.000000
0.000000
0.000000
0.000000
0.000000
0.000000
0.000000
0.000000
0.000000
0.000000
0.000000
0.018250
0.000000
0.482926
0.000000
0.000000
0.000000
0.000000
0.000000
0.000000
0.000000
0.000000
0.000000
0.000000
0.000000
0.000000
0.102712
0.000000
0.000000
0.000000
0.000000
0.000000
0.000000
0.000000
0.000000
0.000000
0.000000
0.000000
0.000000
0.000000
0.000000
0.000000
0.000000
0.000000
0.000000
0.000000
0.000000
0.000000
0.000000
0.000000
0.000000
0.000000
0.000000
0.000000
0.000000
0.000000
0.374086
0.000000
0.000000
0.008638
0.004799
0.000000
0.130191
0.000000
0.000000
0.000000
0.000000
0.000000
0.000000
0.466308
0.000000
0.000000
0.000000
0.000000
0.000000
0.000000
0.000000
0.000000
0.000000
0.000000
0.000000
0.262327
0.000000
0.000000
0.000000
0.000000
0.000000
0.051962
0.000000
0.000000
0.000000
0.967638
0.000000
0.000000
0.252872
0.864302
0.000000
0.000000
0.000000
0.057692
0.000000
0.188614
0.000000
0.000000
0.000000
0.000000
0.000000
0.000000
0.000000
0.560701
0.000000
0.071491
0.000000
0.074554
0.000000
0.000000
0.000000
0.000000
0.000000
0.000000
0.000000
0.000000
0.000000
0.000000
0.000000
0.000000
0.000000
0.000000
0.000019
0.000000
0.000000
0.000000
0.000000
0.000000
0.028739
0.000000
0.000000
0.000000
0.000000
0.000000
0.000000
0.000000
0.000000
0.000000
0.000000
0.000000
0.000003
0.090454
0.000000
0.000000
0.000000
0.000000
0.000000
0.006952
0.000000
0.810364
0.000000
0.000000
0.000000
0.000000
0.001911
0.000000
0.719254
0.000000
0.000000
0.000000
0.000000
0.000000
0.000000
0.000000
0.000000
0.000000
0.683340
0.000000
0.000000
0.000000
0.000000
0.000000
0.000000
0.000000
0.000000
0.000000
0.130907
0.000000
0.000000
0.000000
0.000000
0.000000
0.000000
0.000000
0.000000
0.000000
0.000000
0.000000
0.000000
0.000000
0.000000
0.000035
0.000000
0.000000
0.000000
0.000000
0.000000
0.000000
0.000000
0.000000
0.000000
0.000000
0.000000
0.000000
0.000000
0.000000
0.000000
0.000000
0.000000
0.000000
0.000000
0.000000
0.000000
0.000000
0.000562
0.000217
0.000000
0.000000
0.000000
0.011241
0.000000
0.000000
0.000000
0.000000
0.000000
0.000000
0.000000
0.000000
0.070130
0.000000
0.000000
0.000000
0.851252
0.000000
0.063133
0.000000
0.000000
0.000000
0.000000
0.000000
0.000000
0.000000
0.000000
0.000000
0.000000
0.000000
0.000000
0.000000
0.000000
0.000000
0.000000
0.000000
0.000000
0.000000
0.000000
0.000000
0.000000
0.000000
0.000000
0.000000
0.000000
0.000000
0.289933
0.000000
0.000959
0.000000
0.000000
0.000000
0.000000
0.000000
0.000000
0.000000
0.000000
0.000000
0.000000
0.000000
0.000000
0.000000
0.865586
0.000000
0.000000
0.000000
0.000000
0.000000
0.000000
0.000000
0.000000
0.000000
0.000000
0.000000
0.000000
0.000000
0.000000
0.000000
0.000000
0.000000
0.000000
0.000000
0.000000
0.000000
0.000000
0.000000
0.000000
0.000000
0.000000
0.783772
0.000000
0.000000
0.000000
0.000000
0.000000
0.000000
0.000000
0.000000
0.000000
0.000000
0.004372
0.433454
0.000000
0.000000
0.000000
0.000000
0.000000
0.000099
0.000000
0.000000
0.000000
0.000000
0.000000
0.000000
0.000000
0.000000
0.000000
0.000000
0.000000
0.391813
0.000000
0.089117
0.000000
0.000000
0.000000
0.000000
0.000000
0.000000
0.000000
0.000000
0.000000
0.000000
0.000000
0.000000
0.000000
0.000000
0.000000
0.000000
0.000000
0.000000
0.000000
0.000000
0.000000
0.000000
0.000000
0.000000
0.663543
0.000000
0.000000
0.377532
0.000000
0.000000
0.000000
0.000000
0.000000
0.023412
0.000000
0.000000
0.000000
0.000000
0.003554
0.000000
0.000000
0.000000
0.076134
0.000000
0.000000
0.000000
0.131033
0.000000
0.000000
0.000000
0.000000
0.000000
0.000000
0.000000
0.009650
0.000000
0.000000
0.000000
0.055105
0.000000
0.000000
0.000000
0.000000
0.000000
0.013243
0.000000
0.017210
0.000000
0.000000
0.000000
0.000000
0.000000
0.000000
0.000000
0.000000
0.000000
0.000000
0.000000
0.000000
0.000000
0.000000
0.000000
0.000000
0.000000
0.000000
0.000000
0.002369
0.000000
0.000000
0.000000
0.000000
0.180765
0.023087
0.000000
0.000000
0.000000
0.000000
0.000000
0.000000
0.000000
0.000000
0.000000
0.000000
0.000000
0.000000
0.000000
0.000000
0.000000
0.000000
0.693873
0.000000
0.000000
0.000000
0.000000
0.000000
0.019164
0.000000
0.000000
0.000002
0.000000
0.000000
0.000000
0.000000
0.000000
0.000000
0.000000
0.000000
0.000000
0.000004
0.000000
0.000000
0.000000
0.000000
0.000000
0.000000
0.000000
0.000000
0.097827
0.000000
0.000000
0.000000
0.000000
0.000000
0.000000
0.000000
0.069656
0.000000
0.000000
0.000000
0.000000
0.000000
0.000000
0.000000
0.000000
0.000000
0.170285
0.000000
0.006703
0.462693
0.000000
0.000000
0.000000
0.000000
0.000000
0.000000
0.001093
0.000000
0.000000
0.000000
0.000000
0.000000
0.000000
0.000000
0.000000
0.000000
0.000000
0.000000
0.000000
0.000000
0.000000
0.000000
0.000000
0.010706
0.000000
0.000000
0.000000
0.000000
0.000000
0.000000
0.000000
0.000000
0.000000
0.000000
0.000000
0.000000
0.000000
0.000000
0.000000
0.000157
0.006221
0.000000
0.000000
0.010577
0.000000
0.000000
0.000000
0.010101
0.000000
0.006228
0.000000
0.000000
0.000000
0.000000
0.072119
0.000000
0.000000
0.000000
0.000000
0.000000
0.000000
0.000000
0.000000
0.000000
0.000000
0.000000
0.000000
0.000000
0.000000
0.000000
0.000000
0.000000
0.000047
0.000000
0.000000
0.000000
0.223319
0.000000
0.000000
0.000000
0.000000
0.000000
0.000000
0.000000
0.000000
0.000000
0.143551
0.000000
0.047894
0.000000
0.000000
0.000000
0.000000
0.005277
0.000000
0.000000
0.000000
0.000000
0.000000
0.000000
0.023819
0.012072
0.218146
0.000000
0.000000
0.000000
0.008264
0.000000
0.000000
0.000000
0.000000
0.000000
0.000000
0.000000
0.000000
0.000000
0.000000
0.000000
0.000000
0.001691
0.000000
0.000000
0.000000
0.000000
0.000000
0.000000
0.000000
0.000000
0.000000
0.000000
0.000001
0.000000
0.000000
0.000000
0.000000
0.000000
0.000000
0.000000
0.030249
0.000000
0.000000
0.000000
0.000000
0.000000
0.000000
0.000000
0.000000
0.000000
0.000000
0.000000
0.000000
0.000000
0.000000
0.000000
0.000000
0.000000
0.000000
0.000000
0.000000
0.000000
0.000000
0.000000
0.219396
0.000000
0.000000
0.000000
0.000000
0.000000
0.000439
0.141050
0.999993
0.192173
0.000000
0.000000
0.000000
0.000000
0.000000
0.000000
0.000000
0.000000
0.000000
0.000000
0.000000
0.000000
0.000587
0.331636
0.000000
0.000000
0.000000
0.000000
0.000000
0.006403
0.000000
0.000000
0.000000
0.000000
0.000551
0.000000
0.000000
0.000000
0.000000
0.000000
0.000000
0.000000
0.000000
0.000000
0.105033
0.000000
0.000000
0.000000
0.000000
0.020122
0.000000
0.000000
0.000000
0.000000
0.000000
0.000000
0.000000
0.000000
0.032286
0.009964
0.000000
0.000000
0.000000
0.000000
0.000000
0.000000
0.000000
0.000000
0.000000
0.000000
0.544703
0.000000
0.000000
0.000000
0.000000
0.000194
0.000000
0.000000
0.000000
0.000000
0.000000
0.015059
0.042233
0.000000
0.000000
0.000000
0.000000
0.000000
0.000000
0.000000
0.000000
0.000000
0.000000
0.000000
0.247050
0.000000
0.000000
0.000000
0.000000
0.000000
0.000000
0.000000
0.000000
0.000000
0.000000
0.000000
0.000000
0.000000
0.000000
0.000000
0.000000
0.000000
0.000000
0.000000
0.034736
0.000000
0.000000
0.004235
0.000000
0.000000
0.000000
0.426307
0.000000
0.000000
0.000000
0.000000
0.000000
0.000000
0.000000
0.466546
0.000000
0.000000
0.000000
0.000006
0.000000
0.000000
0.000000
0.000000
0.000000
0.000000
0.000000
0.000000
0.000000
0.000000
0.000000
0.000000
0.000000
0.000000
0.000000
0.000000
0.000000
0.000000
0.000000
0.000000
0.000000
0.000000
0.000000
0.000000
0.332048
0.000000
0.000000
0.000000
0.000000
0.000000
0.000000
0.000000
0.000000
0.000000
0.000000
0.000671
0.000000
0.000000
0.000000
0.000000
0.000000
0.000703
0.000000
0.000000
0.000000
0.032899
0.000000
0.000000
0.000000
0.000000
0.000000
0.000000
0.000000
0.000000
0.000000
0.000000
0.000134
0.065546
0.000000
0.000000
0.920700
0.000000
0.000000
0.000000
0.000000
0.000039
0.000000
0.000000
0.000000
0.000000
0.000000
0.000000
0.000000
0.000000
0.000000
0.000000
0.000000
0.000000
0.000000
0.000000
0.000000
0.000000
0.000000
0.000000
0.000000
0.000000
0.000000
0.000000
0.000000
0.000000
0.000000
0.000000
0.000000
0.000000
0.000000
0.000000
0.217603
0.000000
0.000000
0.000000
0.000000
0.000000
0.000000
0.000000
0.000000
0.000000
0.054814
0.000000
0.877409
0.000000
0.000000
0.006400
0.000000
0.000000
0.000000
0.000000
0.000000
0.000676
0.000000
0.000000
0.000000
0.004220
0.000000
0.991811
0.000000
0.000000
0.000000
0.000000
0.000000
0.000000
0.485006
0.000000
0.000583
0.001239
0.000000
0.000000
0.000000
0.000000
0.000000
0.000000
0.000000
0.000000
0.000000
0.000000
0.000000
0.000000
0.043445
0.000000
0.000000
0.000529
0.000000
0.000000
0.000000
0.000084
0.000000
0.000000
0.000000
0.000000
0.000000
0.575891
0.000000
0.000000
0.000000
0.000000
0.000000
0.000000
0.000020
0.000000
0.000000
0.000000
0.000000
0.000000
0.000000
0.057405
0.000000
0.000000
0.000000
0.000000
0.050658
0.000000
0.000000
0.000000
0.000000
0.000000
0.000000
0.000000
0.000000
0.000000
0.000000
0.000000
0.000000
0.068421
0.000000
0.000000
0.782526
0.000000
0.015481
0.000000
0.058782
0.021720
0.890148
0.000000
0.000000
0.000000
0.000000
0.000000
0.000000
0.000000
0.000000
0.000000
0.000000
0.000000
0.000000
0.000000
0.000000
0.000000
0.000000
0.000000
0.000000
0.003941
0.000000
0.000000
0.000000
0.000000
0.000000
0.008475
0.000000
0.000000
0.000000
0.000000
0.000000
0.000000
0.000000
0.000082
0.000000
0.000000
0.000000
0.000000
0.000000
0.001331
0.000000
0.861866
0.000000
0.015230
0.000000
0.000000
0.000000
1.000000
0.000000
0.000000
0.000000
0.002531
0.000000
0.000000
0.000000
0.000000
0.000000
0.000000
0.000000
0.105461
0.000000
0.000000
0.146121
0.000000
0.000000
0.000000
0.000000
0.000830
0.000000
0.000000
0.000000
0.000000
0.000000
0.000000
0.000000
0.000000
0.000000
0.034854
0.000000
0.000547
0.000000
0.000157
0.000000
0.000000
0.000000
0.000000
0.000000
0.000398
0.008386
0.000000
0.000000
0.519609
0.000000
0.000000
0.000000
0.001953
0.000000
0.000000
0.000000
0.000000
0.000000
0.000000
0.783007
0.000000
0.000000
0.180245
0.000000
0.000000
0.000000
0.000000
0.000000
0.000000
0.000000
0.000000
0.177080
0.041582
0.000000
0.000000
0.000000
0.000000
0.000000
0.000000
0.251869
0.000000
0.000000
0.000000
0.000000
0.000000
0.450869
0.000000
0.000000
0.023686
0.000000
0.000000
0.000000
0.000000
0.179184
0.000000
0.000000
0.035926
0.000000
0.000000
0.207879
0.000000
0.000000
0.000000
0.000000
0.000000
0.000000
0.000000
0.000000
0.000000
0.098265
0.000020
0.000000
0.000000
0.000000
0.000000
0.000000
0.000000
0.000000
0.000000
0.000000
0.422150
0.000000
0.000000
0.000000
0.000000
0.000000
0.000000
0.004315
0.000012
0.000000
0.000000
0.000000
0.000000
0.000000
0.000000
0.000000
0.000000
0.000000
0.000000
0.000000
0.000000
0.000000
0.000000
0.000000
0.000000
0.000000
0.000000
0.032187
0.000000
0.000000
0.000000
0.000000
0.000000
0.000000
0.000015
0.000000
0.000000
0.000000
0.000000
0.000000
0.000000
0.000000
0.000000
0.000000
0.000000
0.000000
0.000000
0.000000
0.000010
0.000000
0.000000
0.000000
0.000000
0.000000
0.000000
0.000000
0.000000
0.000020
0.000000
0.000000
0.000000
0.000000
0.000000
0.000000
0.000000
0.000000
0.000000
0.000000
0.000000
0.000000
0.006177
0.000000
0.000000
0.000000
0.039931
0.000000
0.021345
0.000000
0.000000
0.000000
0.000000
0.000000
0.000000
0.054584
0.000000
0.000000
0.000000
0.000000
0.000000
0.000000
0.000000
0.000000
0.000000
0.000000
0.000000
0.000000
0.000000
0.000000
0.063854
0.000000
0.000000
0.000000
0.000000
0.000000
0.000000
0.000000
0.000000
0.000000
0.000000
0.000000
0.000000
0.000000
0.000000
0.000000
0.000000
0.000000
0.000000
0.000000
0.000000
0.004754
0.000000
0.000000
0.000000
0.000000
0.000000
0.000000
0.000000
0.000000
0.002098
0.000000
0.000000
0.000000
0.000000
0.000000
0.000000
0.000000
0.402818
0.000000
0.000000
0.000000
0.000000
0.000000
0.000000
0.000000
0.000000
0.000000
0.000000
0.000000
0.000000
0.000000
0.000000
0.000000
0.883433
0.000000
0.000000
0.056519
0.000000
0.014645
0.000000
0.000000
0.000000
0.000000
0.000000
0.000000
0.000000
0.000000
0.000000
0.000000
0.000000
0.000000
0.000000
0.000000
0.000000
0.000000
0.000000
0.000000
0.000000
0.000000
0.000000
0.000000
0.000000
0.000000
0.006602
0.136757
0.000046
0.000000
0.000000
0.000000
0.000000
0.000000
0.000000
0.000000
0.000000
0.000000
0.000000
0.000000
0.000000
0.000000
0.000000
0.000000
0.000000
0.000000
0.000000
0.000000
0.000000
0.000000
0.000000
0.000000
0.000000
0.000000
0.000000
0.000000
0.000000
0.000000
0.000000
0.000000
0.000000
0.000000
0.000000
0.000000
0.000000
0.000000
0.000000
0.000000
0.000000
0.000000
0.000000
0.000000
0.000000
0.000000
0.000000
0.000000
0.000000
0.000000
0.000000
0.000000
0.000000
0.000000
0.084299
0.000000
0.000000
0.047551
0.000000
0.000000
0.000018
0.000000
0.000000
0.009412
0.000000
0.000000
0.000000
0.000000
0.000000
0.684394
0.086791
0.000000
0.000000
0.000000
0.000000
0.000000
0.000000
0.000000
0.000000
0.000000
0.000000
0.000000
0.000000
0.000000
0.000000
0.000000
0.000000
0.000000
0.000000
0.050074
0.000000
0.000000
0.000000
0.000000
0.000000
0.000000
0.000000
0.000000
0.000000
0.098465
0.000000
0.000000
0.000000
0.000000
0.000000
0.000000
0.000000
0.984113
0.000000
0.000000
0.001941
0.000000
0.000000
0.000000
0.000000
0.000000
0.000000
0.000000
0.000000
0.000229
0.000000
0.000000
0.000000
0.000000
0.000000
0.000000
0.000000
0.000000
0.000000
0.000000
0.000000
0.000000
0.000000
0.000000
0.000000
0.000000
0.000000
0.000000
0.000000
0.000007
0.011857
0.000000
0.000000
0.446104
0.000000
0.207211
0.000000
0.000000
0.000000
0.016587
0.000000
0.000000
0.000000
0.000000
0.000000
0.000000
0.000000
0.000659
0.000000
0.000000
0.000000
0.000000
0.000000
0.000000
0.000000
0.000000
0.000000
0.000000
0.104144
0.000000
0.000000
0.000000
0.000000
0.000000
0.000312
0.000000
0.000000
0.000000
0.000000
0.000000
0.290706
0.003503
0.000000
0.000000
0.000000
0.000000
0.000000
0.000000
0.000000
0.000000
0.000000
0.000000
0.000000
0.000000
0.000000
0.000000
0.000000
0.000000
0.000000
0.000000
0.000000
0.000000
0.000000
0.023916
0.000000
0.000000
0.000000
0.000000
0.000000
0.001228
0.000000
0.000000
0.000000
0.004148
0.000000
0.000000
0.000000
0.000000
0.000000
0.000000
0.000000
0.000000
0.000000
0.000000
0.000000
0.000000
0.000000
0.000000
0.000000
0.000000
0.000000
0.000000
0.014874
0.025293
0.000000
0.000000
0.000000
0.000000
0.000000
0.000000
0.000000
0.000000
0.000000
0.000000
0.000000
0.000000
0.000000
0.000000
0.000000
0.000000
0.000000
0.000000
0.000004
0.026608
0.000779
0.108198
0.000000
0.000000
0.000000
0.000000
0.000000
0.000000
0.000000
0.000000
0.000000
0.000000
0.000000
0.000000
0.000000
0.166809
0.000000
0.000000
0.000000
0.000000
0.000000
0.000000
0.000000
0.000000
0.000000
0.000000
0.000000
0.000000
0.000000
0.000000
0.534727
0.000000
0.016599
0.000000
0.000000
0.000000
0.000000
0.056465
0.000000
0.000000
0.000000
0.000000
0.000000
0.000000
0.000000
0.000000
0.000000
0.000000
0.000000
0.000000
0.000000
0.000000
0.000000
0.000000
0.000000
0.017102
0.010384
0.000000
0.807056
0.000000
0.000000
0.000000
0.000000
0.000000
0.000000
0.000000
0.000000
0.000000
0.000000
0.000000
0.000000
0.000000
0.000000
0.000000
0.000000
0.000000
0.000000
0.000000
0.000000
0.000000
0.000000
0.489781
0.000000
0.000000
0.000000
0.018162
0.000000
0.000000
0.000000
0.000000
0.394423
0.000000
0.000000
0.000000
0.000097
0.000000
0.000000
0.000000
0.000000
0.000000
0.000000
0.000000
0.000000
0.000000
0.001875
0.000000
0.000000
0.000000
0.000000
0.000000
0.000000
0.000000
0.000000
0.000000
0.000000
0.000000
0.000000
0.000000
0.000000
0.000000
0.000000
0.000000
0.000000
0.000000
0.000000
0.000000
0.000000
0.000000
0.000000
0.000000
0.000000
0.000000
0.000000
0.000000
0.000000
0.000000
0.000000
0.000346
0.000000
0.000000
0.016300
0.000000
0.000000
0.000000
0.000000
0.000000
0.000000
0.000000
0.089077
0.000000
0.000000
0.000000
0.010269
0.000000
0.000000
0.244369
0.000000
0.000000
0.000000
0.440537
0.000000
0.000000
0.000000
0.000000
0.000000
0.000000
0.000000
0.000000
0.000000
0.000013
0.000000
0.000513
0.000000
0.000000
0.000000
0.000000
0.522326
0.000000
0.000000
0.000000
0.000000
0.000000
0.000000
0.000000
0.000000
0.001450
0.000000
0.000000
0.000000
0.000000
0.000000
0.000000
0.034522
0.000000
0.000000
0.000000
0.000000
0.000000
0.000000
0.000000
0.000000
0.014671
0.000000
0.000000
0.000000
0.000000
0.000000
0.000000
0.000000
0.000000
0.000000
0.000000
0.000000
0.000000
0.000000
0.000000
0.000000
0.002273
0.000367
0.000000
0.000000
0.000000
0.000000
0.000000
0.000000
0.000000
0.069635
0.000000
0.000000
0.000000
0.097966
0.000000
0.000000
0.000000
0.000000
0.000000
0.984675
0.386749
0.000000
0.000000
0.000000
0.000000
0.000000
0.000000
0.000000
0.000000
0.000000
0.013408
0.000000
0.000000
0.000000
0.000000
0.000000
0.000000
0.000000
0.000000
0.000000
0.107672
0.014549
0.000000
0.000000
0.000000
0.000000
0.000000
0.057676
0.000000
0.000000
0.000000
0.000000
0.000000
0.000000
0.000000
0.000000
0.000000
0.000000
0.000000
0.000000
0.000000
0.000000
0.000000
0.000000
0.000000
0.000000
0.000000
0.000000
0.000000
0.000000
0.000000
0.490576
0.000000
0.000000
0.393118
0.000000
0.000000
0.000000
0.000000
0.000000
0.000000
0.000000
0.000000
0.000000
0.000000
0.000073
0.000000
0.000000
0.000000
0.000000
0.000000
0.006446
0.819703
0.000000
0.000000
0.000000
0.000000
0.000000
0.000000
0.000000
0.000000
0.000000
0.000000
0.000000
0.003153
0.000000
0.026871
0.000000
0.000000
0.000000
0.000000
0.000000
0.000000
0.000000
0.000000
0.000000
0.000000
0.000000
0.000000
0.999341
0.000000
0.000000
0.000000
0.000000
0.000000
0.000000
0.000000
0.000000
0.018924
0.000000
0.000097
0.000000
0.000000
0.000000
0.000000
0.000000
0.000000
0.000000
0.000000
0.007440
0.000000
0.000000
0.000000
0.000000
0.000000
0.000000
0.000000
0.000000
0.044135
0.000000
0.000000
0.000000
0.000000
0.000000
0.000000
0.000000
0.000000
0.323455
0.584263
0.000000
0.000000
0.000000
0.000000
0.000162
0.000000
0.000000
0.000000
0.000000
0.171005
0.000000
0.000000
0.000000
0.000000
0.000000
0.000000
0.000000
0.000000
0.000000
0.000000
0.000000
0.000000
0.000000
0.000000
0.000000
0.000000
0.000000
0.000000
0.000000
0.908477
0.000000
0.000000
0.000000
0.000000
0.000000
0.000000
0.000000
0.000000
0.000000
0.000000
0.020274
0.000000
0.000000
0.000000
0.000000
0.000000
0.000000
0.000000
0.720226
0.000000
0.000000
0.000000
0.000000
0.000000
0.000000
0.100164
0.444771
0.000000
0.011360
0.000000
0.000000
0.000000
0.000000
0.000000
0.163246
0.000000
0.000000
0.000000
0.000000
0.073463
0.000000
0.000000
0.000000
0.000000
0.000000
0.000000
0.018411
0.000000
0.220381
0.000000
0.000000
0.926856
0.000000
0.000000
0.000000
0.000000
0.000000
0.000000
0.000000
0.001037
0.000000
0.000000
0.000000
0.000000
0.085643
0.000000
0.000000
0.000000
0.005096
0.000000
0.000000
0.000000
0.000000
0.000000
0.000000
0.000000
0.000000
0.000000
0.288366
0.000000
0.000000
0.000000
0.140567
0.000000
0.000000
0.000000
0.000000
0.000000
0.000000
0.000000
0.000000
0.000000
0.000000
0.000000
0.000000
0.000000
0.000000
0.000000
0.000000
0.000000
0.000000
0.000000
0.000000
0.000065
0.000000
0.000000
0.000000
0.000000
0.000238
0.000000
0.000000
0.000000
0.000000
0.000401
0.306823
0.000000
0.000000
0.000000
0.000000
0.056169
0.000000
0.019672
0.000000
0.000000
0.000000
0.000000
0.000000
0.000000
0.000000
0.000000
0.000000
0.000000
0.000000
0.863772
0.000000
0.000000
0.000000
0.000000
0.000000
0.000000
0.000000
0.000000
0.000000
0.000000
0.000000
0.531191
0.000000
0.000000
0.000000
0.000000
0.000000
0.000000
0.000000
0.000000
0.000000
0.000000
0.451617
0.000000
0.000000
0.000000
0.000000
0.000000
0.000000
0.000000
0.000000
0.000000
0.000000
0.000000
0.000000
0.000000
0.000000
0.000000
0.000000
0.000000
0.000000
0.000945
0.000000
0.000000
0.000000
0.000000
0.000000
0.004263
0.000000
0.000000
0.030859
0.000000
0.000000
0.000000
0.000000
0.000000
0.000000
0.000000
0.000000
0.000000
0.000000
0.000000
0.000000
0.000000
0.018153
0.000000
0.000000
0.000546
0.000000
0.000000
0.000000
0.000000
0.000000
0.000000
0.020042
0.005974
0.000000
0.000000
0.000000
0.000000
0.000108
0.000000
0.000000
0.000000
0.000000
0.000000
0.000000
0.000000
0.000000
0.000000
0.000000
0.000000
0.000000
0.002624
0.000000
0.090732
0.000000
0.000000
0.000000
0.000000
0.000000
0.000000
0.000000
0.000000
0.000000
0.000000
0.000000
0.000000
0.000000
0.000000
0.000000
0.000000
0.000000
0.000000
0.000000
0.000000
0.256653
0.000000
0.000000
0.000000
0.000000
0.000000
0.000000
0.000000
0.000000
0.000000
0.000000
0.000000
0.026587
0.000000
0.000000
0.000000
0.000000
0.000000
0.000000
0.000000
0.000000
0.000000
0.000000
0.000000
0.000000
0.000000
0.000000
0.000000
0.000000
0.000000
0.000000
0.000000
0.000000
0.000000
0.000000
0.000000
0.000000
0.000000
0.000000
0.000000
0.000000
0.000000
0.000000
0.000000
0.000000
0.000000
0.000000
0.035919
0.000000
0.000000
0.000000
0.000000
0.000000
0.000000
0.000000
0.000000
0.000000
0.996637
0.000000
0.000000
0.000000
0.000000
0.000000
0.000000
0.000000
0.010608
0.000000
0.000000
0.000000
0.000000
0.000000
0.000000
0.000000
0.000000
0.000000
0.000000
0.000000
0.000000
0.000000
0.007767
0.000000
0.000000
0.000000
0.000000
0.000000
0.000000
0.000000
0.000000
0.000000
0.000000
0.000000
0.000000
0.000000
0.000000
0.000000
0.000000
0.000000
0.000000
0.000000
0.000000
0.000000
0.000000
0.000000
0.000000
0.000000
0.103131
0.000000
0.000000
0.000000
0.000000
0.000000
0.002409
0.000000
0.000000
0.981104
0.000000
0.000000
0.000000
0.000000
0.000000
0.000000
0.999212
0.000000
0.395166
0.000000
0.000000
0.000000
0.000000
0.000000
0.000000
0.000000
0.000000
0.000000
0.000000
0.000000
0.000000
0.000000
0.000000
0.000000
0.000000
0.515668
0.000000
0.000000
0.000000
0.000000
0.000000
0.209103
0.000027
0.000000
0.000000
0.000000
0.000000
0.000000
0.000000
0.000000
0.000000
0.000000
0.000000
0.339365
0.000000
0.054273
0.098244
0.228029
0.000000
0.000000
0.000000
0.000000
0.000655
0.000000
0.000000
0.000000
0.000000
0.000000
0.000000
0.000000
0.000000
0.000000
0.009779
0.000000
0.000000
0.277403
0.000000
0.000000
0.000000
0.000000
0.000000
0.000000
0.000000
0.000000
0.000000
0.000000
0.000000
0.000000
0.000000
0.000000
0.000000
0.000127
0.023031
0.000000
0.000000
0.000000
0.000000
0.000000
0.000000
0.000000
0.000000
0.000000
0.000000
0.000000
0.000000
0.000000
0.525598
0.000000
0.000000
0.000000
0.000000
0.000000
0.000000
0.000000
0.000000
0.000000
0.000000
0.000000
0.000000
0.000000
0.000000
0.009141
0.000000
0.000000
0.000000
0.000000
0.000000
0.099292
0.000000
0.000274
0.000000
0.000000
0.000000
0.000000
0.000000
0.000000
0.000000
0.000000
0.000000
0.000000
0.000000
0.000000
0.000000
0.000000
0.000000
0.000000
0.000000
0.000000
0.000000
0.000000
0.000000
0.000000
0.000000
0.000000
0.000000
0.000000
0.322137
0.000000
0.000000
0.000000
0.000000
0.000000
0.000000
0.000000
0.000000
0.000000
0.000000
0.000000
0.000000
0.000000
0.000000
0.000000
0.000000
0.000000
0.000000
0.000000
0.000000
0.000000
0.000000
0.000000
0.580217
0.000000
0.000000
0.000000
0.004470
0.000000
0.000000
0.000000
0.000000
0.000000
0.000000
0.000000
0.000000
0.122097
0.000087
0.000000
0.000000
0.000000
0.000000
0.008366
0.000000
0.000000
0.000000
0.000000
0.000000
0.000000
0.000000
0.000000
0.000000
0.000000
0.000000
0.000000
0.000000
0.000000
0.010638
0.000000
0.000000
0.000000
0.000000
0.000000
0.000000
0.000000
0.000000
0.000000
0.000084
0.000000
0.000000
0.000000
0.000000
0.000000
0.000000
0.000000
0.000000
0.001047
0.000000
0.000000
0.000000
0.027722
0.245370
0.000000
0.000000
0.000000
0.000000
0.000000
0.000000
0.000000
0.000000
0.664834
0.000000
0.000000
0.000000
0.000000
0.000000
0.000000
0.000000
1.000000
0.000000
0.000000
0.000000
0.000000
0.000000
0.000000
0.000000
0.000000
0.000000
0.999982
0.000000
0.000000
0.000000
0.000000
0.000000
0.000000
0.000000
0.000000
0.000000
0.000000
0.000000
0.250671
0.000000
0.028265
0.000000
0.000000
0.000000
0.000000
0.000000
0.000000
0.000000
0.000000
0.000000
0.000000
0.000000
0.000000
0.000000
0.000000
0.019998
0.000000
0.000000
0.001010
0.000000
0.000000
0.000000
0.000000
0.000000
0.000000
0.000000
0.000000
0.000000
0.000000
0.000000
0.000000
0.000000
0.000000
0.000000
0.000000
0.000000
0.913408
0.000000
0.000000
0.000000
0.000000
0.000000
0.000000
0.021652
0.000000
0.260608
0.000000
0.000000
0.000000
0.000000
0.000000
0.000000
0.000000
0.000147
0.000000
0.674637
0.000000
0.000000
0.000000
0.000000
0.000000
0.000000
0.361399
0.000000
0.000000
0.000000
0.000000
0.000000
0.000000
0.000000
0.000000
0.000000
0.000000
0.000000
0.062169
0.000000
0.000000
0.000000
0.000000
0.250294
0.000000
0.000000
0.000000
0.000000
0.035765
0.000000
0.000000
0.000000
0.082156
0.000000
0.000000
0.687364
0.000000
0.000000
0.000000
0.000000
0.000000
0.000000
0.000000
0.000000
0.000000
0.290013
0.000000
0.000000
0.000000
0.008177
0.000000
0.000000
0.000000
0.000000
0.024763
0.000000
0.000000
0.000000
0.000000
0.000000
0.000000
0.000000
0.000000
0.000000
0.000000
0.000000
0.000000
0.000000
0.000000
0.000000
0.000000
0.000000
0.000000
0.000000
0.000000
0.000000
0.000000
0.000000
0.080349
