0.000000
0.711529
0.668286
0.700006
0.010709
0.018599
0.000056
0.988716
0.999993
0.829739
0.892138
0.000000
0.251009
0.774278
0.175317
0.000000
0.999739
0.239981
0.642737
0.916604
0.732862
0.975828
0.000000
1.000000
0.520911
0.051954
0.975680
0.999648
0.999685
0.000000
0.786414
0.000000
0.974831
0.999855
0.068658
0.938666
0.000912
0.989989
0.605902
0.032106
0.997728
0.039175
0.000000
0.000000
0.000000
0.953738
0.969952
0.925129
0.933357
0.000000
0.858632
0.970850
0.997610
0.085763
0.978314
0.665261
0.633031
0.998147
0.938420
0.000000
0.060895
0.903692
0.916608
0.985621
0.000000
0.000000
0.983137
0.999645
0.886260
0.925696
0.830005
0.138641
0.870082
0.964039
0.393030
0.000000
0.936236
0.788172
0.971369
0.000000
0.927376
0.000000
0.622476
0.999956
0.615946
0.999999
0.432882
0.979309
0.269494
0.999968
0.966647
0.000000
0.860995
0.000000
1.000000
0.177893
0.661279
0.908210
1.000000
0.127069
0.999486
0.519505
0.000000
0.965233
0.911706
0.995583
0.000000
0.980962
0.209182
0.000000
0.972612
0.000000
0.000000
0.949266
1.000000
0.000000
0.015957
0.978661
0.817041
0.746260
0.765469
0.679617
0.999803
0.182945
0.999907
0.000000
0.220065
0.334993
0.000000
1.000000
0.999989
0.993148
0.999615
0.458744
0.181255
0.999760
0.881568
0.997121
0.999980
0.270504
0.597301
0.784471
1.000000
0.000000
0.115762
0.978792
0.924694
0.147578
0.000000
0.999982
0.000000
0.000000
0.588580
0.981973
0.731958
0.097639
0.813237
1.000000
0.994595
1.000000
0.869243
0.008950
0.029147
0.970974
0.897418
0.032500
1.000000
0.605962
0.001861
0.003112
0.643396
0.945757
0.858497
0.000000
0.728707
0.000641
0.808677
0.109807
0.992740
0.081212
0.000000
1.000000
0.000000
0.849904
0.982860
0.961854
0.012975
0.354961
0.986115
0.983873
0.449023
0.576137
1.000000
0.000000
0.991342
0.439519
0.259619
0.057252
1.000000
0.908467
0.000000
0.000000
0.759249
0.038245
0.904213
0.976672
0.438626
0.002064
0.946140
0.921261
0.855340
0.000000
0.959559
0.000000
0.000000
1.000000
0.113450
0.196572
0.000000
0.965683
0.841100
0.000489
0.000000
0.000000
0.997499
0.989457
0.997592
0.994303
0.731418
0.040242
0.997640
0.000000
0.000000
0.975814
0.813296
0.707519
0.986451
0.727059
0.994317
0.972515
0.899232
0.760014
0.960875
0.994200
0.000000
0.912883
0.111907
0.941770
1.000000
0.983689
0.000000
0.949581
0.905828
0.724660
0.761876
0.012505
0.774778
0.986969
0.793529
0.999999
0.951979
0.000000
0.912221
0.989097
0.055399
0.999998
0.000000
0.916775
0.458243
0.000000
0.977124
0.774634
0.863746
0.992702
0.996150
0.000000
0.962439
0.000544
1.000000
0.893996
0.844711
0.999931
0.999971
0.999899
0.564761
0.086609
0.335404
0.880904
0.000000
0.093085
0.999995
0.948304
0.791117
1.000000
0.892445
0.094192
0.920181
0.857733
0.000000
0.062114
0.000000
0.000743
0.987023
0.470889
0.412966
0.000000
0.461321
0.000000
0.000000
0.000711
0.967309
0.942670
0.618601
0.377363
0.000000
0.734751
0.035055
0.996676
0.921545
0.000000
0.862483
0.000000
1.000000
0.409556
0.000000
0.927518
0.975141
0.842595
1.000000
0.725436
0.999564
0.215955
0.126743
0.000000
0.000000
0.117958
0.167465
1.000000
0.969007
0.004745
0.956585
0.878915
0.135872
0.995550
0.885120
0.644817
0.000000
0.985708
1.000000
0.999686
0.169653
0.959884
0.959075
0.746400
0.001838
0.000000
0.228477
0.730307
0.790687
1.000000
0.925721
0.000000
0.667174
0.000000
0.036678
0.229568
0.983072
0.957782
1.000000
0.000000
0.000000
0.000000
0.001561
0.939015
0.944879
0.998612
0.513567
0.891421
0.983333
0.000000
0.000000
0.060218
0.000000
0.739847
0.881742
0.832476
0.871097
0.977197
0.732783
0.000889
0.803373
0.843462
0.033717
0.000000
0.168803
0.999515
0.898142
0.370944
1.000000
0.999918
0.000000
0.000000
0.430064
0.872184
0.000000
0.557295
0.787354
0.868835
0.862136
0.790241
0.914741
0.000000
0.000178
0.986140
0.982558
0.824834
0.000000
0.924916
0.810547
0.000000
0.223281
0.530573
0.003301
0.238091
0.945196
0.859965
0.948140
0.260802
0.384919
0.169657
0.047992
0.000000
0.687063
0.007470
0.563818
0.897474
0.675777
0.000000
0.872220
0.008540
0.965640
0.999944
0.000465
0.421696
0.950678
0.788167
0.909351
0.421457
0.000000
0.068939
0.979854
0.999999
0.936761
0.996228
0.999350
0.985247
0.000000
1.000000
0.789930
0.966527
0.000000
0.791915
0.977245
1.000000
0.953550
0.999158
0.000568
0.000000
0.956648
0.000000
0.998765
0.027949
0.958639
0.000024
0.035161
0.998012
0.932686
0.110721
0.817864
0.985936
0.999362
0.000000
0.858640
0.000000
0.659639
0.976890
0.901927
0.000000
0.000000
0.000000
0.840700
0.827468
0.813910
0.603832
0.021271
0.999980
0.976142
0.476544
0.869766
0.000000
0.035561
0.999183
0.983951
0.000000
0.999273
0.000000
0.940613
0.943951
0.627891
0.925551
0.825557
0.990255
1.000000
0.000000
0.344038
0.858635
0.995584
0.851987
0.969999
0.914230
0.975786
0.998780
0.994426
0.831869
0.624278
0.957151
0.939011
0.000000
0.991803
0.996657
0.517137
0.026487
0.999543
0.890205
0.870252
0.000000
0.872220
0.988649
0.997193
0.694804
0.000000
0.962431
0.865186
0.946707
0.481298
0.848150
0.792090
1.000000
0.769579
0.770446
0.389446
0.882074
1.000000
0.010242
0.999975
0.000000
0.965829
0.000000
0.113209
0.566858
0.000000
0.328728
0.978350
0.122396
0.993551
0.001192
0.995803
0.850293
0.000000
0.896256
0.686970
0.928023
0.954951
0.281133
0.000000
0.999985
1.000000
1.000000
0.000562
0.872558
0.999995
1.000000
0.849960
0.964606
1.000000
0.515988
0.999977
0.879908
0.000000
1.000000
0.000000
0.087637
0.000000
0.888967
0.998686
0.000000
0.361257
0.354562
0.995256
0.875721
0.943888
1.000000
0.000008
0.999486
0.957818
0.695794
1.000000
0.352768
0.301028
0.000000
0.912815
1.000000
0.996580
0.999653
0.923351
0.037813
0.000000
0.988292
0.000000
0.832952
0.704486
0.988270
0.589286
1.000000
0.095521
0.000000
1.000000
0.376524
0.996285
0.476075
0.830225
0.880536
1.000000
0.999929
0.999999
0.031702
0.557654
0.732783
0.818371
0.999999
0.001787
0.152661
1.000000
0.000000
1.000000
0.040016
0.881289
0.000000
0.005885
0.065700
0.000000
0.999986
1.000000
0.992147
0.218188
0.855453
0.648713
0.994671
0.327735
0.912663
0.956494
0.000000
0.837313
0.976794
1.000000
0.000000
0.991210
0.998836
0.000000
0.892800
0.764757
0.999587
0.927966
0.987994
0.025472
0.913267
0.045895
1.000000
1.000000
0.548917
0.097243
0.305549
0.000000
0.000000
0.999429
0.249523
0.995744
0.944688
0.663702
0.891112
0.912589
0.941025
0.889728
0.798636
0.915386
0.000000
0.632322
0.999561
0.135594
0.708441
0.080425
0.842570
0.000000
0.990156
0.921547
0.775855
0.000959
0.000000
0.943267
0.429301
0.000000
0.999357
1.000000
0.000000
0.000000
0.975680
0.959164
0.000000
0.992158
0.000000
0.996926
0.000000
0.868644
0.895172
0.000000
0.000000
0.209072
0.988612
0.902606
0.941891
0.000942
0.999742
0.595251
0.766783
1.000000
0.141737
0.000137
0.999753
0.239374
0.954548
0.999832
0.993135
0.000000
1.000000
0.539274
0.004645
0.000000
0.292840
0.841783
0.668210
0.000000
0.549450
0.018907
0.000000
0.995135
0.002152
0.001471
0.193134
0.091635
0.983189
0.000000
0.893698
0.999993
0.820610
0.689415
0.003373
1.000000
1.000000
0.000000
0.941363
0.478254
0.914392
0.464380
0.998626
0.999999
1.000000
0.597491
0.902227
0.989229
1.000000
0.996389
0.992037
0.000178
0.000000
0.211936
0.112442
0.987082
1.000000
0.098093
0.018070
0.998921
0.965215
0.925510
0.993859
0.199072
0.000000
0.871517
0.000000
0.969165
0.000000
0.990387
0.847490
0.258380
0.999999
0.999999
0.368730
0.848761
0.588425
0.277722
0.000000
0.964569
0.248324
0.996052
0.735997
0.617113
0.882545
0.000000
0.000000
0.902020
0.242150
0.000000
0.401029
0.824355
0.969386
0.998127
0.921079
0.601171
0.000000
0.793900
0.668770
0.955131
0.000000
0.000000
0.994478
0.535617
0.360688
1.000000
0.215489
0.514472
1.000000
0.000000
0.000042
0.964196
0.978160
0.821058
0.000000
0.000000
0.924729
0.815519
0.000000
0.343699
0.997935
0.000000
0.000000
0.740068
0.000000
0.982263
0.818833
0.721545
0.000000
0.000000
0.552057
0.000000
0.924716
0.775272
0.982340
0.043811
0.997705
0.999824
0.362399
0.998497
0.000000
0.000000
0.938591
0.697981
0.923830
0.000000
0.998012
0.064927
0.324948
0.842807
0.922883
1.000000
0.999957
0.970398
0.999876
0.001375
0.914219
1.000000
0.000000
0.998102
0.374964
0.000000
0.997655
0.495186
0.999999
0.936791
0.996724
0.527419
0.808870
0.221822
0.051674
0.513616
0.000000
0.007221
0.482347
0.330614
0.000000
0.100798
0.999753
0.130931
0.958029
0.999975
0.086547
0.569970
0.999319
0.740580
0.983711
0.737294
0.819117
0.815952
0.024914
0.000000
0.942957
0.000000
0.000000
0.000000
0.895024
0.075116
0.000000
0.616060
0.996439
0.646347
0.896536
0.102906
0.996966
0.988839
0.043920
1.000000
1.000000
0.000000
0.999075
0.983499
0.796975
0.823585
1.000000
0.000000
0.110298
0.907341
0.000000
0.968688
0.912711
0.999969
0.999527
0.840981
0.761992
0.996203
0.977420
0.999999
0.996200
0.530406
0.954659
0.999998
0.006099
0.000000
0.677700
0.934675
0.002543
0.324771
0.552660
0.720090
0.006070
0.911182
0.793685
0.999991
0.000048
0.994080
1.000000
0.626845
0.444482
0.000000
0.999439
0.794618
0.000000
0.000000
0.978906
0.243226
0.012788
0.680833
0.998446
0.012567
0.837540
0.000000
0.979486
0.981893
0.984029
0.000000
0.000000
0.823700
1.000000
0.999612
0.000000
0.952535
0.353729
0.013302
0.000000
0.984428
0.999982
0.898892
0.912410
0.972124
0.454208
1.000000
0.000000
0.971762
0.998727
0.963573
0.985418
0.710130
0.497664
0.992037
0.999985
0.956759
0.672808
0.279868
0.914032
0.996352
0.125481
0.000000
0.999983
0.163191
0.820527
0.000000
0.814004
0.830638
0.821487
0.014696
0.226040
0.000000
0.999999
0.000000
0.508319
0.999980
0.921562
0.013984
0.849555
0.962792
0.795300
0.000000
0.418660
0.675270
0.979170
0.000000
0.910297
0.020245
0.965934
0.842667
0.665829
0.019122
0.853504
0.144891
0.828347
0.000000
0.991645
0.000000
0.000000
0.882545
0.851819
0.000000
0.989847
0.717196
0.928265
1.000000
0.777042
0.321223
0.995557
0.000000
0.516851
1.000000
0.000000
0.000000
0.870677
0.999887
0.000000
0.027358
0.631260
0.336507
0.870172
0.795747
1.000000
0.939015
0.908467
0.000000
0.803837
0.994665
0.000000
0.920211
0.649805
0.098325
0.044042
0.783810
0.000000
0.900016
0.263692
0.788080
0.269281
0.982521
0.002186
0.111409
0.320413
0.000000
0.601459
0.139589
0.000000
0.935192
0.998180
0.596751
0.975828
0.000000
0.003610
0.595592
0.983329
0.764710
0.777781
0.584611
0.000000
1.000000
0.762554
0.000000
0.017759
0.448480
0.905881
0.989853
0.194639
0.832542
0.766810
0.995558
0.959722
0.000000
0.866456
0.000000
0.999249
0.514380
0.000000
0.000000
0.009141
0.000445
1.000000
0.073761
1.000000
0.696373
0.000000
0.149233
0.678626
0.000000
1.000000
0.649593
0.744695
0.000000
0.999091
0.824744
0.948715
0.206524
0.996260
0.851545
0.461150
0.245891
0.000484
0.398227
0.985392
0.325336
0.999982
0.836240
0.998706
0.978242
0.000000
0.228511
0.000000
1.000000
0.964951
1.000000
0.995508
0.651966
0.999965
1.000000
0.000000
0.896845
0.682430
0.148958
0.110748
0.531484
0.120186
0.999458
0.839866
0.000000
0.559970
1.000000
0.005833
0.882549
0.000000
0.003606
0.068792
0.885001
0.896907
0.000000
0.998888
0.994080
0.007868
0.907666
0.984507
0.412154
0.901187
0.008384
0.998585
0.486097
0.000000
0.788640
0.825867
1.000000
0.825665
0.923291
0.000000
0.945340
0.660732
0.955152
0.999989
0.302956
0.000000
0.864072
0.859474
1.000000
0.000000
0.984644
0.996208
0.004391
0.005823
0.992491
0.000000
0.065034
0.089868
0.000000
0.949469
1.000000
0.995384
0.060075
0.020816
0.405153
0.022021
0.641464
0.688288
0.004660
0.998528
0.989309
0.000000
0.268734
0.425367
0.999997
0.096560
0.918109
0.893959
0.790509
0.999217
0.999073
0.999686
0.003103
0.935112
0.999988
0.000000
0.760262
0.952969
1.000000
0.931127
0.040014
0.998581
0.974466
0.981067
0.909811
0.000000
0.000000
0.000000
0.999648
0.998564
0.000000
0.812074
0.489311
0.996774
0.601809
0.933434
0.806544
0.936881
0.730909
0.959552
0.999920
0.885529
0.000000
0.735859
0.998635
0.968176
0.869542
0.970100
0.000000
0.484141
0.413282
0.171976
0.659480
0.059366
0.999685
0.000000
1.000000
0.992660
0.493016
0.873037
0.502323
0.989857
1.000000
0.918375
0.000000
0.997436
0.957660
0.700051
0.962372
0.992038
0.817650
0.007243
0.234407
0.810216
0.967719
0.000000
0.998749
0.878213
0.907623
0.998867
0.632702
0.650800
0.203568
0.999810
0.998272
0.042925
0.000000
0.954199
0.000000
0.935908
0.360688
0.999795
0.881022
1.000000
0.000000
0.000000
0.000732
0.911707
0.688404
0.962439
0.306088
0.000000
0.960328
0.914426
0.000000
0.000000
0.007440
0.000000
0.000000
0.972673
0.000000
0.000587
0.999448
0.999988
0.040581
0.888296
0.510503
0.000000
1.000000
0.973528
0.123678
0.000000
0.002285
0.962041
0.626541
0.924734
0.923446
0.003058
0.048511
0.748787
0.999326
0.066610
0.914308
0.088249
0.991745
0.999760
0.255344
0.753017
0.999516
0.938201
0.751250
0.000000
0.866355
0.000000
0.999999
0.908418
0.000000
0.947651
0.000000
0.928348
0.000000
0.035749
0.000180
1.000000
0.984925
0.028388
0.999853
0.737517
1.000000
0.960290
0.798872
0.634291
0.974453
0.908639
0.969093
0.809598
0.738145
0.000000
0.000000
0.992046
0.015196
0.288533
1.000000
0.859061
0.941536
0.061310
0.999999
0.958078
0.981545
0.000000
0.969665
0.913550
0.638326
0.985729
0.553937
0.022788
0.085815
0.822928
0.967659
0.999952
0.961670
0.976179
0.979773
0.383925
0.637167
0.928927
0.927942
0.888822
0.000000
0.209160
0.263274
0.229008
0.000343
0.000000
0.060051
0.427796
0.000000
0.000000
0.032096
0.000000
0.085274
0.446204
0.795427
0.000000
0.000000
0.853821
1.000000
0.995854
0.998774
0.745801
0.884524
0.117586
0.000000
0.564717
0.986947
0.999987
1.000000
0.840981
1.000000
0.059487
0.956271
0.000982
0.989931
0.035850
0.969999
0.812927
0.926995
0.611638
0.983472
0.041729
0.000000
0.867124
0.000000
0.912644
0.999527
0.000000
0.007373
0.890495
0.999998
0.855538
0.000000
0.998116
0.027364
0.112730
0.000000
0.002937
0.907866
0.991143
0.468824
0.000000
0.981405
0.909583
0.000000
0.347860
0.921619
0.999487
0.974693
0.815783
0.797023
0.000000
0.999843
0.622995
0.000000
0.000000
0.014042
0.965737
0.632121
0.000000
0.837827
0.000000
0.822499
0.982368
0.246812
0.238359
0.901222
0.931097
0.995602
0.007242
1.000000
0.966133
0.517735
0.803394
0.014024
0.999903
0.000000
0.894178
0.969889
0.405363
0.371582
0.000000
0.715957
0.021499
0.000000
0.900720
0.815977
0.000000
0.999873
0.004100
0.907758
0.874965
1.000000
0.076482
0.917487
0.625201
0.031777
0.989313
0.876878
0.000787
0.956456
0.992084
0.886596
0.000000
0.336696
0.000000
0.000000
0.025528
0.809738
0.998130
0.149179
0.791117
0.000000
0.901609
0.867958
0.272349
0.190243
0.962161
0.929247
0.068815
0.338515
0.978309
0.100292
0.999994
0.851398
0.678674
0.104071
0.789425
1.000000
0.875089
0.030418
0.989350
0.000000
0.761154
0.923128
0.694554
0.881272
0.000000
0.000000
0.999320
0.000000
0.518972
1.000000
0.353676
0.011060
0.847897
0.000000
0.512448
0.000000
0.645544
1.000000
0.985981
0.880904
0.485777
0.000003
1.000000
1.000000
0.937229
0.000000
0.943378
1.000000
0.017185
0.864313
0.545158
0.997713
0.850501
0.016136
0.999514
0.989994
0.063065
0.946753
0.000000
0.942637
0.938305
0.999970
0.999993
0.793765
0.860657
0.756079
0.545627
1.000000
0.992641
0.000000
0.999886
0.999988
0.248678
0.829747
0.977083
0.087179
0.133476
0.480138
1.000000
0.984615
0.986165
0.196572
0.954130
0.598715
0.000000
0.004213
0.623822
0.733601
1.000000
0.924208
1.000000
0.000511
0.990143
0.008876
0.997477
0.018058
0.996355
1.000000
0.255225
0.995863
0.964005
0.950224
0.071716
0.861399
0.969886
0.999929
1.000000
1.000000
0.701545
0.222468
0.557357
0.498817
0.024516
0.095397
0.997398
0.209817
0.999039
0.006929
0.973086
0.257893
0.995844
0.998357
0.247765
0.000000
0.920055
0.000537
0.464814
0.205160
0.626387
0.000000
0.976693
0.203551
0.000000
0.000000
0.139186
0.000000
0.000000
0.983387
0.009519
0.000000
0.000000
0.998930
0.000000
0.953288
0.952926
0.910288
0.893060
0.567611
0.804950
0.994665
1.000000
0.755980
0.014757
0.377335
0.000000
0.963794
0.931568
1.000000
0.697695
0.000000
0.090731
0.035159
0.000000
0.000000
0.960367
0.952658
0.000000
0.000000
0.948074
0.881231
0.877732
0.000000
0.816361
0.000000
0.000000
0.000000
0.843166
0.954747
0.980936
0.029932
0.707492
0.957375
0.815977
0.999998
0.895671
0.000000
1.000000
0.922073
0.994698
0.998800
0.992752
0.884936
0.998236
0.000000
0.718077
0.083420
0.000000
0.677700
0.000000
0.000000
0.974864
0.968059
0.000000
0.020250
0.000000
0.917969
0.729727
0.000000
0.670952
0.000000
0.000054
0.510365
0.871059
0.000000
0.922473
0.134822
0.984976
0.000000
0.054025
0.000000
0.912589
0.000000
0.197355
0.000000
0.810825
0.974015
0.980255
0.989009
0.019816
0.696036
0.164809
0.080221
0.626692
0.992090
0.000000
0.773553
0.000000
0.626609
0.652651
0.206820
0.000000
0.999857
0.849463
0.925544
0.974570
1.000000
0.899474
0.950301
0.592632
0.961679
0.929417
0.000000
0.984002
0.994145
0.167045
0.019897
0.099225
0.987116
0.000000
0.998025
0.991177
0.720081
1.000000
0.334194
0.045947
0.909867
0.000000
1.000000
0.935243
0.944521
0.999923
0.817961
0.976880
0.000000
0.008902
0.043867
0.853069
0.762768
0.930031
0.041835
0.574799
0.000000
0.988593
0.266365
1.000000
0.241727
0.899489
1.000000
0.997142
0.532283
0.071074
0.831268
0.956045
0.999992
0.000000
0.000000
0.236124
0.983943
0.331341
0.996910
0.594128
0.971320
0.139378
0.500595
0.894146
0.301024
0.000000
0.955340
0.000000
0.731566
0.000000
0.304552
0.999597
0.033008
0.955686
0.999982
0.000000
0.786231
0.875777
0.021122
0.100445
0.239493
0.969875
0.023320
0.854266
0.000000
0.898892
0.092791
0.147433
0.014830
0.404505
0.470215
0.056266
0.097761
1.000000
0.870521
0.003755
0.911576
0.998753
0.222265
0.824315
0.911185
0.000000
0.000000
0.904225
0.135670
0.982909
0.000000
0.242066
0.988668
0.821526
0.923169
0.111770
0.000000
0.006341
0.000000
0.359746
0.957408
0.999919
0.984002
0.000000
0.831753
0.015555
1.000000
0.941540
0.135689
0.000000
0.000000
0.999963
0.112903
0.019416
0.510178
0.046574
1.000000
0.523236
0.039971
0.826822
0.921081
0.998254
0.843438
0.918861
0.000000
0.956977
0.047207
0.999198
0.995014
0.000000
0.137434
0.963509
0.647224
0.999593
1.000000
0.863352
0.000000
0.862188
0.000000
0.780670
0.982837
0.395567
0.000000
0.002237
0.000000
0.026336
0.993266
0.370911
0.569109
0.000000
0.631507
1.000000
0.917754
0.088249
0.000000
0.999141
0.999999
0.000000
0.028640
0.952839
0.000000
0.551581
0.941933
1.000000
0.793608
0.840981
0.976865
0.997296
0.998965
0.981945
0.780042
0.743850
0.999999
0.000000
0.000000
0.796990
0.499007
0.985918
0.000000
0.882971
0.981461
0.986483
1.000000
0.006171
0.715140
0.980180
1.000000
0.969747
0.000000
0.377461
0.113331
1.000000
0.908218
0.999963
0.999982
0.000000
0.972444
0.680927
0.942290
0.000598
0.800921
0.863921
0.563835
0.998254
0.000000
0.445201
0.998988
0.522030
0.000000
0.603244
0.000000
1.000000
0.860816
0.002560
0.030216
0.026021
0.999572
1.000000
0.005554
0.000000
0.996915
0.002659
1.000000
0.701545
0.246752
0.000000
0.000000
0.912589
0.000000
0.301477
0.439243
0.195490
0.001800
1.000000
0.000000
0.962649
0.774094
0.000000
0.970188
0.000491
0.000000
0.862363
0.808520
0.574729
0.289174
0.357301
0.794855
0.000000
0.758066
0.000000
0.965483
1.000000
0.939002
0.003762
0.000000
0.792494
0.823283
0.995695
0.000000
0.605712
0.999922
1.000000
0.311295
0.057796
1.000000
0.829695
0.021753
0.706379
0.763913
0.602488
0.999706
0.708398
0.814619
1.000000
0.000000
0.000000
0.570050
0.957646
0.000000
0.952367
0.000000
0.984468
0.750169
0.560788
1.000000
0.821963
0.927606
0.000000
0.000000
0.866708
0.699832
0.997118
0.693923
0.568843
0.400966
0.826155
0.112206
0.999572
0.907853
0.000000
1.000000
0.000000
0.517790
0.999994
0.999998
0.947733
0.999181
0.221020
0.999999
0.848206
0.000000
0.100960
0.990381
0.000000
0.023587
0.000000
0.000000
0.228492
0.875770
0.003349
0.820592
0.976794
0.967467
0.110414
0.018641
0.172734
0.784938
0.980248
0.985418
0.067702
0.986679
0.861942
0.999964
0.000000
0.998247
0.040525
0.146270
0.961201
0.973917
0.075157
0.000000
0.593125
0.991177
0.566247
0.054516
0.970031
0.813933
1.000000
0.767694
0.000000
0.897896
0.990972
0.936789
0.878614
0.000000
0.000000
1.000000
0.576398
0.000000
0.000000
0.820592
0.740299
0.898892
0.000000
0.944759
0.000000
0.167242
0.999766
0.837750
0.999998
0.830446
0.000000
0.000000
0.902916
0.999775
1.000000
0.859173
0.102717
0.000000
0.963185
0.864072
0.851618
1.000000
0.987050
0.974758
0.000000
0.736926
0.995237
0.000000
0.690001
0.025639
0.547999
1.000000
0.931381
0.000000
1.000000
0.558879
0.177180
0.950939
0.999633
0.954627
0.140167
0.262018
0.926857
1.000000
0.873858
0.679124
0.216141
0.993592
0.266673
0.910850
0.626511
0.608305
0.980022
0.999215
0.000000
0.047193
0.336415
0.305199
0.002786
0.999997
0.203797
0.959901
0.984842
0.113356
0.000000
0.488330
0.902416
0.951354
0.903043
0.053936
0.000000
0.999979
0.000000
0.000000
0.923474
0.000000
0.904405
0.000000
0.999984
0.000000
0.000000
1.000000
0.003912
0.067619
0.898526
0.313990
0.818910
0.571769
0.932909
0.000000
1.000000
0.001233
0.867984
0.845944
0.961617
0.999972
0.999801
0.000000
0.793069
0.999870
0.249519
0.819396
0.999946
0.823200
0.932741
0.998210
1.000000
0.000000
0.216141
0.000000
0.935220
0.998265
0.663140
0.677541
0.999752
0.892594
0.573564
0.892958
0.420816
0.181327
0.994801
1.000000
1.000000
1.000000
0.973698
0.980510
0.556778
0.514810
0.832179
0.000000
0.907451
0.422676
0.867713
0.939072
0.985311
0.025528
0.651000
0.998637
0.144133
0.000000
0.654849
0.995612
0.249036
0.171355
1.000000
0.983301
0.953807
0.999654
1.000000
0.988736
0.000000
0.998937
0.056919
0.931556
0.000979
0.812716
0.000000
0.577150
1.000000
0.012594
0.972612
0.548182
0.514871
0.000000
0.423684
0.024812
0.000972
0.994353
0.001423
0.000000
0.601043
0.887594
0.006261
1.000000
0.820442
0.916989
0.898892
0.815387
0.998330
0.704906
0.000000
0.000000
0.992545
1.000000
0.432118
0.873427
0.636222
0.000000
0.000000
0.789869
0.989274
0.000000
0.444940
0.999996
0.000000
0.000000
0.000000
0.999995
1.000000
0.070632
0.976142
0.000000
0.899118
0.000000
0.000000
0.524883
0.870433
0.790473
1.000000
0.948260
0.999460
0.690970
0.908025
0.082270
0.832991
0.000000
0.018819
0.961134
0.437326
0.036314
0.285216
0.000000
0.000000
0.962904
0.931346
1.000000
0.000000
0.666864
0.996020
0.972388
0.000000
0.000000
0.990797
0.299882
0.974620
0.000000
0.000000
0.970172
0.293127
1.000000
0.929750
0.815709
0.639560
0.115971
0.999949
0.131714
0.026532
0.989335
0.931381
1.000000
0.965873
0.005833
0.000000
0.000653
0.031076
1.000000
0.000000
0.907172
0.978223
0.292419
0.873962
0.003262
0.977523
0.000000
0.096589
1.000000
0.026474
1.000000
0.000000
0.992490
0.000000
0.829792
0.849564
0.000000
0.000000
1.000000
0.471587
0.000000
0.971683
0.045853
0.869137
1.000000
0.049695
0.044372
0.000000
0.000000
0.147527
0.000000
0.000000
0.990702
0.202846
0.999387
0.997740
0.785516
0.000000
1.000000
0.000000
0.766162
0.003838
0.860403
0.439034
0.982809
0.983674
0.999953
0.000000
0.658183
0.970840
0.000000
0.947670
0.823298
0.000000
0.973252
0.989360
0.245943
0.999286
0.976382
0.000000
0.928958
0.112540
0.000000
0.000000
0.557505
0.286128
0.022757
0.000000
0.988651
0.918086
1.000000
0.003423
0.000000
0.413784
0.972089
0.868684
0.025920
0.902924
0.000000
0.998928
0.978394
0.967615
0.000000
0.134624
0.010158
0.996425
0.939015
0.999997
0.212312
0.935504
0.900349
0.383217
0.000000
0.948820
0.000000
0.000000
0.801939
0.974207
0.989479
0.998170
0.988180
0.088249
0.000000
0.710432
0.000000
0.189949
0.534706
0.000000
0.000000
0.365162
0.992563
0.634686
0.998659
0.986171
0.789032
1.000000
1.000000
0.913421
0.641118
0.945772
0.000000
0.426064
0.985218
0.955595
0.000000
0.823970
0.762754
0.669185
0.803840
0.999998
0.064382
0.980309
0.871507
0.602479
0.919019
0.765693
0.850561
0.830598
0.981609
0.905961
0.999992
0.000000
0.706643
0.567494
0.078313
0.988687
0.999835
0.999164
0.097396
0.720509
0.999721
0.582618
0.000000
0.929336
0.078165
0.999954
0.000000
0.672574
0.000000
0.180210
0.788825
0.441695
1.000000
0.673155
1.000000
1.000000
0.012215
0.582033
0.001723
0.825072
0.992138
0.000000
0.782955
0.780884
0.038648
0.989142
0.975486
0.939342
0.968640
0.998146
0.000000
0.648050
1.000000
0.999996
0.265409
0.000000
0.024051
0.975869
0.663032
0.564025
0.917404
1.000000
0.033046
0.012499
0.470189
0.994801
0.996285
0.999015
0.000000
0.018520
0.892961
0.179996
0.999641
0.003817
0.999335
0.153433
0.977059
0.581596
0.960738
0.835812
0.999998
0.000284
0.000000
0.973195
0.000000
0.000000
0.153340
0.890125
0.893756
0.370478
0.146889
0.999390
0.069287
0.865089
1.000000
0.002258
0.300820
0.999969
0.939530
0.786057
0.035934
1.000000
0.999997
0.013189
0.997029
0.696422
0.953213
0.765283
0.999902
0.978011
0.803768
0.000000
0.000000
0.987102
0.950053
0.000000
0.691482
0.874270
0.936750
0.332708
0.000000
0.846513
0.980217
0.987136
0.873918
0.983336
0.000000
0.031491
0.994389
0.487070
0.010724
1.000000
0.915091
0.919350
0.331772
0.055399
0.982888
0.966821
0.573477
0.006112
0.840411
0.998542
0.000000
0.999998
0.000000
0.968639
1.000000
0.973965
0.940500
0.030244
0.000000
0.999957
0.336415
0.965474
0.020456
0.506182
0.987623
1.000000
0.987037
0.867032
0.903196
1.000000
0.000000
0.999981
0.868226
0.985403
0.000000
0.848065
0.000000
0.057381
0.000000
0.026697
0.851567
0.047215
0.000000
0.000000
0.812983
0.000000
0.884605
0.973788
0.943476
0.999853
0.000000
0.916968
0.992487
0.695994
0.578681
0.189102
0.526538
0.117484
0.937635
0.998582
0.044939
0.119369
0.414790
0.000000
0.834296
0.808714
0.000000
0.000000
0.963661
0.000000
0.999486
0.058164
0.128717
0.997578
0.988772
0.980803
0.707443
0.857569
0.023419
1.000000
0.999326
0.607220
0.001032
0.839822
0.978249
0.093281
0.999968
0.999972
0.784659
0.975482
0.000000
0.967889
0.970853
0.090516
0.993682
0.000000
0.999983
0.997813
0.599290
1.000000
0.960934
0.001534
0.000000
0.000000
0.000000
0.000000
0.849463
0.823665
0.862845
0.737871
0.812584
0.997760
0.908368
0.680331
0.999999
0.983210
0.000000
1.000000
0.996588
0.726646
0.994825
0.000000
0.903714
0.000000
0.998606
0.997913
0.375054
0.999968
1.000000
0.792363
0.881017
0.932319
0.000000
0.000000
0.000000
0.997107
0.000000
0.224737
0.079112
0.984734
0.000000
0.999123
0.830005
0.788992
1.000000
0.959135
0.000000
0.809101
0.962036
1.000000
0.834906
0.957574
0.926520
0.833950
0.986043
0.000000
0.976841
0.874919
0.884984
0.686003
0.836364
0.000000
0.200697
0.551169
0.000000
0.274312
0.990747
0.472333
0.821882
0.049177
0.897651
0.741268
0.993255
0.165422
0.956843
0.054124
1.000000
0.000000
0.999801
0.548483
0.197288
0.772890
0.860951
0.000029
0.952644
0.268108
0.875558
0.846847
0.002739
0.974559
0.000000
0.718291
1.000000
0.409892
0.908178
1.000000
0.413610
0.149621
0.000000
0.984590
0.398409
0.781224
0.998720
0.142005
0.000000
0.999915
0.007918
0.998806
0.906108
0.814359
0.001152
0.197164
1.000000
0.979973
0.474421
0.738188
0.016842
0.572858
0.000000
0.952380
0.999962
0.836554
0.197995
0.125702
0.006696
0.999990
0.869797
0.000000
0.000000
0.546843
0.830926
0.999999
0.041403
0.445320
0.000000
0.999988
0.000000
0.986546
0.000000
0.999975
0.000000
0.999999
0.000000
0.818792
0.747988
0.792137
0.982122
0.888207
0.948593
0.999936
0.963708
0.891691
0.044982
0.995077
0.000000
0.940582
0.000000
0.355272
0.157877
0.940807
0.211049
0.996635
0.948393
0.823086
0.000648
0.791117
0.907443
0.999893
0.796251
0.732091
0.000000
0.730550
0.778585
0.956442
0.995745
0.548474
0.781284
0.087680
0.000000
1.000000
0.000000
0.966720
0.990563
0.189411
0.844407
0.842472
0.738610
0.860692
0.723880
0.995340
0.999995
0.875558
0.996765
0.000000
0.385773
0.625201
0.989691
0.553286
0.957185
0.983210
0.726471
0.052197
0.872220
0.242814
0.000000
0.000000
0.574399
0.903363
0.997633
0.966283
0.968657
0.923739
0.064066
0.099557
0.549208
0.701792
0.987607
0.943102
0.000000
0.000000
1.000000
0.890285
0.952394
0.998960
0.000000
0.033254
0.665261
0.452043
0.000000
0.000000
0.022676
0.000000
0.725061
0.633566
0.694968
0.999973
0.996829
0.999879
0.999999
0.992089
0.871036
0.978301
0.252840
0.968020
0.000000
0.999984
0.000000
0.996923
0.988453
0.999501
0.000000
0.089911
0.925499
0.999999
0.000000
0.856759
0.243506
0.077604
0.741169
0.000123
0.994303
0.020310
0.000000
0.893662
0.669324
0.899188
0.999996
0.209985
0.933670
0.988141
0.643131
0.799089
0.782619
0.829988
0.987696
0.859474
0.998618
0.904830
0.984002
0.999948
0.983282
0.000000
0.999997
1.000000
0.976669
0.958118
0.814524
0.062742
0.933731
0.097167
0.683201
0.000000
0.991496
0.000000
0.997710
0.035388
0.881289
0.349589
0.501064
0.000000
1.000000
0.000000
0.870371
0.462875
0.199736
0.431711
1.000000
0.428337
0.502512
0.321033
0.028322
0.320139
0.893177
0.006442
0.984032
1.000000
0.000000
0.922212
1.000000
0.000000
0.036037
0.000000
0.000000
0.003072
0.825810
0.947503
0.619912
0.000000
0.676138
0.995975
0.913507
0.039165
0.820552
0.003528
0.951955
0.949374
0.891259
0.878625
0.525990
0.434124
0.832471
0.991833
0.000000
0.825965
0.189947
0.000000
0.786033
0.966864
0.003304
0.506418
0.011126
0.992899
0.778903
0.024187
0.238567
0.000000
0.596444
0.000000
0.000000
0.750433
0.963689
0.949932
0.000000
0.925304
0.888896
0.965388
1.000000
0.999870
0.553716
0.894794
0.489764
0.256015
0.000000
0.897994
0.002532
0.000000
0.924026
0.932431
0.835927
0.181128
0.997098
0.010334
0.987711
0.943438
0.969256
0.798204
0.000000
0.145372
0.000000
0.999120
0.847389
0.728872
0.560031
0.965266
0.839883
0.000000
1.000000
0.881416
0.504219
0.000000
0.632162
0.794988
0.999759
0.033447
0.995305
0.000000
0.921919
0.781083
0.000000
0.555272
0.911752
0.500288
0.995965
0.502688
0.791219
0.000000
0.371597
0.079125
0.884605
1.000000
0.000000
0.069135
0.000000
0.716887
0.497776
0.000000
0.974583
0.677541
0.820527
0.000000
0.000000
0.120930
0.971465
1.000000
0.045742
0.017383
0.999742
0.996669
0.767605
0.195770
0.000000
0.938257
0.823815
0.020351
0.910688
0.986128
0.988122
0.995807
0.875731
0.985418
0.927445
0.482688
0.960423
0.785283
0.812716
0.000000
0.000000
0.840147
0.007607
0.999954
0.000000
0.852203
0.999751
0.931746
0.933266
0.000000
0.851842
0.831928
0.014039
0.995624
0.471272
0.698827
0.976249
0.687009
1.000000
0.893135
0.999727
0.000000
0.223281
0.000000
0.951996
0.969787
0.384952
0.999986
0.000000
0.000000
0.999941
0.000000
1.000000
0.957408
0.954710
0.781330
0.911333
0.000000
0.935922
1.000000
1.000000
1.000000
0.004191
0.006684
0.000000
0.000000
0.943697
0.713429
0.979563
0.990627
0.866065
0.010140
0.526397
0.999972
0.503447
0.892838
0.786132
0.822655
0.000290
0.000000
0.000000
0.725924
0.831959
0.023091
0.018027
0.806108
0.984157
1.000000
0.999964
0.971284
0.023420
0.003279
0.990606
0.681240
0.027961
0.999997
0.857199
1.000000
0.489108
0.851373
0.001103
0.972356
0.000000
0.526872
1.000000
0.874192
0.817352
0.000000
0.899791
0.609042
0.874108
0.000000
0.889856
0.385726
0.997286
0.943704
0.960341
1.000000
0.000000
0.999983
0.997608
0.718255
0.925934
0.932216
0.580730
0.015528
0.999533
1.000000
0.619356
0.000000
0.754667
0.785174
0.918235
0.000000
0.000060
0.000000
1.000000
0.999616
0.016911
0.500715
0.059734
0.987460
0.267606
0.005086
0.448473
0.545620
0.125901
0.215786
0.010139
0.993246
0.000000
0.978152
0.000000
0.999936
0.909323
0.827760
0.999825
0.974918
0.445108
0.000000
0.996061
0.972318
0.986186
0.998152
0.978339
0.614581
1.000000
0.834576
0.000000
0.129444
0.810908
0.984175
0.225680
0.999810
0.974321
0.484539
1.000000
0.100339
0.787230
0.017397
0.040452
0.907128
0.000000
0.948072
0.775311
0.906417
0.944688
0.166545
0.000000
1.000000
0.032756
0.939207
0.957594
0.000505
0.000000
0.994624
0.000000
0.514513
0.653743
0.935323
0.897011
0.587128
0.000000
0.367202
0.000000
1.000000
0.606727
0.000000
0.051674
0.996732
0.990125
0.895639
0.985418
0.995470
0.000000
0.026958
0.000000
0.000000
0.983539
1.000000
0.080367
0.000000
0.892486
0.819146
0.890400
0.058864
0.924464
0.090607
0.878725
0.000000
0.000000
0.000000
0.988105
0.203926
0.000000
1.000000
0.000000
0.825377
0.704401
0.899882
0.991344
0.827139
0.796699
0.000000
0.843462
0.652502
0.959164
1.000000
0.000000
0.998259
0.873429
1.000000
0.977383
0.969350
0.986454
0.010036
0.699567
0.020496
0.997026
0.987695
0.000000
0.148335
0.994801
0.856924
0.244136
0.995710
0.000000
0.265182
0.100651
0.892958
0.023508
0.674361
0.999975
0.999029
0.999395
0.000000
0.005952
0.859154
0.950298
0.999976
0.000000
0.999574
0.999476
0.000000
0.005947
0.867756
0.560010
0.688288
0.000000
0.754744
0.099093
0.532814
0.996638
0.774208
0.000000
0.973968
0.999611
0.650800
0.500029
0.000000
0.000000
0.914311
0.999999
0.000164
0.991135
0.169178
0.608751
0.000000
0.998826
0.962534
0.998701
0.902256
0.000000
0.000000
0.000000
0.000000
0.382694
0.906196
0.016153
0.989311
0.000617
0.984793
0.818711
0.613902
0.941025
0.000000
0.841712
0.861942
0.996295
0.986248
0.000000
0.755551
0.520203
0.933855
0.017503
0.685210
0.000000
0.928128
0.000000
0.900646
0.995927
0.315679
0.000000
0.876997
0.924045
0.969913
0.000000
0.910068
0.152437
0.986643
0.980621
0.509853
0.914211
0.294683
0.822545
0.000000
0.986003
0.136560
0.093834
0.000000
0.999320
0.992641
0.114219
0.590670
0.256306
0.000000
0.999984
0.950306
0.984507
1.000000
0.969250
0.965412
0.000000
0.973638
0.349278
0.594819
0.826348
0.000935
0.999999
0.000000
0.995787
0.000000
0.742500
0.713038
0.941025
0.999762
1.000000
0.953319
0.962270
0.784348
0.000000
0.230291
0.000000
0.621210
0.999998
0.995491
0.061111
0.000000
0.000000
0.279466
1.000000
0.018641
0.000000
0.274118
0.996456
0.988829
0.955653
0.569979
0.899521
0.994892
0.995971
0.000000
0.999975
0.986154
0.000000
1.000000
0.968157
0.285795
0.411884
0.996571
0.000000
0.037560
0.744932
0.999996
0.756851
1.000000
0.978964
0.000000
0.000000
0.948304
0.999915
0.999953
0.926191
0.902795
0.824704
0.997372
0.984034
0.000000
0.997296
0.728198
0.934972
0.999686
0.085506
0.950360
0.563946
0.967640
0.000000
0.000000
0.000000
1.000000
0.149645
0.278479
0.004327
0.984106
0.062092
0.007126
0.921128
0.999757
0.999993
0.000000
0.999652
0.000000
0.665652
1.000000
0.995558
0.000000
0.993991
0.999998
0.988262
0.733624
0.999003
0.282882
0.758893
0.000000
1.000000
0.960050
0.992808
0.000000
0.836335
0.000000
0.000000
0.999979
0.000000
0.304485
0.000000
0.413963
0.129827
0.000000
0.000000
0.000000
0.991368
0.036366
0.541570
0.999999
0.000000
0.981665
0.952044
1.000000
0.972803
0.427076
0.840981
0.000000
0.078524
0.389587
0.803837
0.981280
0.995730
0.181128
0.995788
0.686445
0.968505
1.000000
0.973672
0.019634
0.999658
0.947847
0.741880
0.004145
0.919100
0.838981
0.000000
0.000000
0.266638
0.916775
0.000000
0.654878
0.125601
0.942148
0.000000
0.138858
0.870010
0.510580
0.001014
0.556021
0.584261
0.979318
0.000000
0.490549
0.151354
0.000000
0.001109
0.950071
0.033229
0.000000
0.049314
0.900554
0.000000
0.011802
0.000000
0.000000
0.024187
0.550139
0.912139
0.943667
0.859173
0.000000
0.005568
0.000000
1.000000
0.287929
0.000000
0.785516
0.462512
0.864330
0.991651
0.000000
0.000000
0.965100
0.772057
0.999320
0.963375
0.000000
0.999989
0.683471
0.535761
0.771072
0.675777
0.991867
0.993331
0.002549
0.063086
0.557899
0.915386
0.999628
0.147745
0.687284
0.999914
0.298409
0.694055
0.779728
0.927951
0.796699
0.999972
0.236374
0.000000
0.846280
0.788421
0.996949
0.030152
0.330614
0.893881
0.071100
0.000000
0.423546
0.245366
0.000000
0.989921
0.998985
0.789190
0.981426
0.998653
0.000000
0.000000
0.492067
0.511982
0.000000
0.578860
0.889157
0.842595
0.991675
0.000000
0.000000
0.997857
0.223486
0.000000
0.093745
0.923432
0.084888
0.925995
0.976052
0.000000
0.000467
0.000000
0.933670
0.957876
0.626477
0.816730
0.997126
0.937273
0.859893
0.879103
0.000000
0.996910
0.000000
1.000000
0.823161
0.978093
0.846143
0.945929
0.999250
0.829752
0.503911
0.822588
0.000000
0.686494
0.999347
0.562633
0.794618
0.000000
0.877961
0.999810
0.969704
0.987873
0.991713
0.024179
0.000000
0.702181
0.999657
0.000000
0.960203
0.881833
0.000000
0.023295
0.000914
0.991752
0.000000
0.893269
0.123868
0.385234
0.790473
1.000000
0.999996
0.972543
0.999538
0.192364
0.886541
0.000000
0.000000
0.732909
0.954682
0.184389
0.932356
0.000000
0.010800
0.000000
0.000000
0.498406
0.999257
0.021070
0.958890
0.969946
0.906369
0.301528
0.000000
0.770162
0.964384
0.993281
0.868830
0.000000
0.998188
0.000691
0.113280
0.000000
0.894667
0.811732
0.822494
0.056818
0.805308
0.504797
0.905465
0.041607
0.999999
0.379985
0.533479
0.029441
0.000000
0.000000
0.002766
0.003445
0.998701
0.294501
0.981054
0.982852
0.000000
0.997555
0.779467
0.936793
0.898512
0.000000
0.982833
0.882859
0.000000
0.256416
0.488449
0.000000
0.014481
0.960784
0.035007
1.000000
0.998637
0.039117
0.000000
0.923911
0.337198
0.996271
0.611407
0.903815
0.842224
0.000000
0.529903
0.012512
0.989881
0.000000
0.000000
0.879632
0.998937
0.144288
0.993029
0.999540
1.000000
0.106852
1.000000
0.986321
0.999357
0.610861
0.004628
0.030129
0.998486
0.875544
0.002779
0.000000
0.999457
0.994389
0.999851
0.292525
0.000000
1.000000
0.860078
0.845821
0.057705
0.970418
0.919228
0.208406
0.363424
0.000000
0.701673
0.842595
0.995682
0.004122
0.827433
0.071102
0.000000
0.959516
0.019172
0.008843
0.079480
0.000000
0.745183
0.000000
0.884678
0.000000
0.790011
0.102370
0.745864
1.000000
0.000000
0.000307
0.000000
0.932716
0.960091
0.880656
0.007264
0.796345
0.136964
0.076025
0.977604
0.710043
0.452756
0.968991
0.000000
0.382966
0.000000
0.809101
0.000000
0.774925
0.049018
0.842427
0.164996
0.951145
0.986960
0.000000
0.069447
0.963686
0.998441
0.076094
0.022770
0.155023
0.156935
0.032755
0.000000
0.586913
0.245978
0.814283
0.000000
0.980916
0.013984
0.999982
0.953240
0.853496
0.840481
0.000000
0.000000
0.994509
0.989622
0.025608
0.616130
0.838651
0.889373
0.911874
0.512241
0.597066
0.000000
0.994691
0.419411
0.891096
0.887782
0.950334
0.000000
0.722940
0.999977
0.757297
0.000000
0.904034
0.455656
0.010039
0.990316
0.999933
0.000000
0.111668
0.074931
0.648334
0.000000
0.819185
0.629671
0.027564
1.000000
0.805932
0.780442
0.411877
0.707520
0.720401
0.000000
0.011939
0.941826
0.998284
0.951421
0.991259
0.288782
0.999471
0.849904
0.102064
1.000000
1.000000
0.788167
0.377288
0.999993
0.032157
0.000000
0.912365
0.852352
0.000000
0.000000
0.796345
0.220497
0.149012
0.127172
0.680235
0.162616
0.000462
0.054608
0.030507
0.000000
0.779238
0.686587
0.525044
1.000000
0.000000
0.999996
0.000000
0.928507
0.000000
0.579536
1.000000
0.563237
0.999949
0.000000
0.000000
0.804845
0.956979
0.897459
0.941724
0.898130
0.877759
0.000000
0.851043
0.000000
0.767769
0.912711
0.960765
0.956894
0.803265
0.788437
0.155616
1.000000
0.046840
0.788992
0.000000
0.351465
0.129815
0.945735
0.988036
0.992786
0.033515
0.667020
0.000000
0.053060
0.603832
0.999795
0.785578
0.716535
0.000000
0.999796
0.790825
1.000000
0.000000
0.976379
0.246054
0.815783
0.289181
0.000000
0.999641
0.927319
0.000204
0.999950
0.006661
0.767113
0.000000
0.887014
0.000000
0.892933
0.969165
0.924387
0.000000
0.000000
0.068116
0.861165
0.997728
0.959857
0.114230
1.000000
0.572523
0.000000
0.500902
0.158683
0.999990
0.000000
1.000000
0.905788
0.986656
0.000000
0.797514
1.000000
0.000000
0.748173
0.919826
0.998732
1.000000
0.390895
0.000000
0.069185
1.000000
0.000000
0.000000
0.000000
0.000000
0.908249
0.002612
0.963410
0.057257
0.000000
0.842456
0.985541
0.861942
0.976806
0.241447
0.999986
0.579923
0.996669
0.927672
0.940329
0.914848
0.989229
0.991672
0.985323
0.925134
0.000125
0.000000
0.975264
0.975973
0.000000
0.649906
0.955645
0.946185
0.011285
0.999994
0.999999
0.716733
0.000101
0.548993
0.000000
0.007541
0.000000
0.999790
1.000000
0.999461
0.999266
0.971173
0.999957
0.505036
0.000000
0.001240
0.000000
0.935420
0.133691
0.000000
1.000000
0.019354
0.997316
0.010902
0.873688
0.000000
0.891777
0.863800
0.925552
0.864134
0.000000
0.935039
0.850859
0.932975
0.879730
1.000000
0.946052
0.008540
0.818285
0.992398
0.981656
1.000000
0.000000
0.205186
0.045921
0.845292
0.982804
0.002327
0.999985
0.991490
0.000000
0.000000
0.999996
0.000000
0.988180
0.677396
0.999829
0.077379
0.784865
0.987743
0.774983
0.000000
0.842142
1.000000
0.000000
0.917255
0.624974
0.000000
0.128338
0.719577
0.999986
0.000000
0.000000
0.000000
0.282682
0.599805
0.846971
0.998919
0.927943
0.000000
0.995621
0.956759
0.001984
0.123795
0.000000
0.861160
0.907505
0.825377
0.607693
0.944237
0.000000
0.935140
0.000000
0.000000
0.000000
0.629541
0.984665
0.289412
0.000000
0.865371
0.000000
0.003622
0.000000
0.411524
0.170849
0.003850
0.000000
0.973169
0.000000
0.000000
0.271078
0.994684
0.579850
0.885456
0.999917
0.999940
0.070450
0.523322
0.779866
0.482957
0.883419
0.939510
0.960726
0.999912
1.000000
0.962372
0.999854
0.000000
0.023611
0.002612
0.716178
0.537904
0.997760
0.525368
0.775784
0.000000
0.977509
0.581034
0.962939
0.032607
0.982784
0.904133
0.431003
0.969366
0.813646
0.000000
1.000000
0.000000
0.999952
0.000000
0.000000
0.006784
0.916301
0.858446
0.974312
0.000000
0.542874
0.615555
0.900611
0.268390
0.857483
0.000000
0.290182
0.880491
0.696975
0.983279
0.692541
0.072254
0.999818
0.516399
1.000000
0.231748
0.907747
0.000000
0.151204
0.884524
0.000000
0.000000
0.175852
0.400021
0.986771
0.997710
0.958208
0.937960
1.000000
0.588005
0.997365
0.973599
0.000268
0.784723
0.868060
0.065259
0.000000
0.000000
0.061643
1.000000
0.302546
0.396455
0.000000
0.954976
0.000000
1.000000
0.852750
0.167714
0.972394
0.371894
0.144533
0.914649
0.753786
0.984660
0.936687
0.129115
0.000000
0.881684
0.000000
0.890302
0.003346
0.948796
0.865359
0.086341
0.972150
0.917130
0.063845
0.998528
0.566624
0.000000
0.000000
0.000000
0.000000
0.994224
0.992234
0.846741
0.000000
0.995854
0.000000
0.736179
0.816341
0.999961
0.999887
0.914241
0.045757
0.794254
0.872413
0.000000
1.000000
0.000000
0.000000
1.000000
0.000000
0.999868
0.871379
0.164716
0.997794
0.908241
0.000000
0.055209
0.992488
0.999997
0.036176
0.896386
0.925576
0.563042
0.993131
0.785516
0.975461
0.703814
0.892081
0.000000
0.925255
0.977252
0.000000
0.997662
0.068166
0.808624
0.998684
0.077441
0.938560
0.999947
0.979515
0.997899
0.470678
0.126987
0.001388
0.992081
0.840177
1.000000
0.703414
0.874576
0.000000
0.999419
0.972711
0.753017
0.715220
0.999998
0.944287
0.019521
0.045480
0.987826
0.818473
0.988977
0.000000
0.229918
0.998026
0.907812
0.464499
0.292748
0.047876
0.953629
0.753017
0.881894
0.987695
0.126846
0.008173
0.000000
0.910693
0.000000
0.901550
0.000000
0.392094
0.000000
0.000000
0.987536
0.983377
0.000000
0.997669
1.000000
1.000000
0.000000
0.562615
0.777981
0.404644
0.178901
0.000000
0.000366
0.102108
0.665989
0.931218
0.523758
0.214413
0.396058
0.000000
0.699546
0.842569
0.000000
0.991446
0.000032
0.999998
0.972461
0.999964
0.989431
0.026697
0.984500
0.000000
0.872911
0.948644
0.509257
0.962768
0.000000
0.105931
0.000000
0.266001
0.980788
0.997493
0.000000
1.000000
0.999972
1.000000
0.868624
0.009799
0.999508
0.537973
0.280257
0.451701
0.000000
0.796811
0.623117
0.980498
0.017325
0.551458
0.000000
0.438135
0.962823
0.978093
0.602488
0.999256
0.957593
0.940166
0.728269
0.882809
0.975063
0.004495
0.000000
0.934861
0.783322
0.000000
0.718516
0.495298
0.000000
1.000000
0.832519
0.997976
0.354675
0.996616
0.615990
0.000000
0.988635
0.906336
0.020206
0.009698
0.000000
0.999709
0.101262
0.989132
0.878415
0.912802
0.036390
0.000000
0.919565
0.000000
0.847438
0.863320
0.793375
0.000000
0.992566
0.998897
0.003524
0.963485
0.051073
0.999996
0.943638
0.395746
0.034923
0.963748
0.525541
1.000000
0.999977
0.000000
0.999065
1.000000
0.354874
0.888551
0.000065
0.675353
0.685164
0.818385
0.057959
0.994509
0.735685
0.738610
0.000000
0.999061
0.999999
0.029613
0.035647
0.513397
0.000000
0.829388
0.038610
0.004825
0.873351
1.000000
0.000000
0.000000
1.000000
0.576678
0.752090
0.714453
0.143416
0.869322
0.000000
0.429931
0.000000
0.939604
0.747903
0.021705
0.093303
0.786402
0.985364
0.999989
0.000000
0.000040
1.000000
0.920874
0.812546
0.916604
0.000000
0.008488
0.953874
0.133874
0.785673
0.958078
0.656804
0.999908
1.000000
1.000000
0.000000
0.536897
0.840617
0.000000
0.458568
0.692523
0.999985
0.141425
0.186937
0.999268
0.985418
0.750511
0.017171
0.387355
0.000000
0.925447
0.440473
0.979339
0.909822
0.999953
0.101458
1.000000
1.000000
1.000000
0.999988
0.812530
0.999998
0.003846
0.204100
0.845043
0.000004
0.865224
0.000000
0.999996
0.981945
1.000000
0.034741
0.092735
0.000000
0.000000
0.640433
0.160005
0.918159
0.951402
0.861564
0.000000
0.022753
0.974584
0.995957
0.961398
0.048446
0.084197
0.996145
0.088114
0.922206
0.962366
0.999882
0.057658
0.762018
0.001321
0.000000
0.953807
0.938743
0.900686
0.282170
0.028650
0.990971
0.000000
0.500902
0.936143
0.999998
0.886656
0.000000
0.566858
0.000000
0.049223
0.961381
0.354404
0.869380
0.681310
0.908148
0.744145
0.998995
0.245891
0.968171
0.000000
0.000000
0.977764
0.912644
0.005414
0.349724
0.000000
0.504328
0.999949
0.000000
0.000000
1.000000
0.285075
0.999945
0.774983
0.599432
0.965546
0.006185
0.951675
0.000000
0.883800
0.002063
0.877752
0.999985
0.829304
0.000000
0.692142
0.979167
0.988901
0.738333
0.711182
0.000602
0.009583
0.000000
0.995569
0.000091
0.000000
0.999565
0.563361
1.000000
0.000000
1.000000
0.904950
0.919148
0.552046
0.433669
0.644689
0.999712
0.299231
0.938470
0.097639
0.615787
0.989814
0.198561
0.345964
0.000000
0.746743
0.953951
0.003130
0.996747
0.757500
0.001434
0.778135
0.000000
0.000000
0.315500
0.061763
0.000000
0.679617
0.692366
0.999866
0.000000
0.962790
0.177302
0.389165
0.761154
0.964746
0.996546
0.999387
0.000000
0.908165
0.000000
0.902863
0.946913
0.430064
0.928419
0.006070
0.012213
0.953776
0.999993
0.999999
0.962439
0.002188
0.474578
0.958275
0.000000
0.013650
0.926775
0.000000
0.929217
1.000000
0.990878
0.971454
0.997994
0.981431
0.999940
0.360264
0.336524
0.983152
0.116578
0.894363
0.000000
1.000000
0.779431
0.856737
0.218591
0.871229
0.021192
0.000000
0.011403
0.704915
0.276930
0.950875
0.969233
0.687677
0.625309
0.360823
0.981994
0.998975
0.000000
1.000000
0.125527
0.752379
0.000000
0.897553
0.365635
0.000000
0.683901
0.586124
1.000000
0.803210
0.983513
0.047797
0.522108
0.436816
0.994589
0.004852
0.801155
0.997021
0.880134
0.005976
0.028472
0.131561
0.757853
0.996799
0.003659
1.000000
0.997236
0.833254
0.508221
0.057806
0.949076
0.000000
0.447690
0.210265
0.869485
0.999978
0.809101
0.264467
0.000000
0.000000
0.125631
0.951444
0.000000
0.020522
0.613637
0.660602
0.615990
0.000000
0.000000
0.862959
0.796811
0.952044
0.824659
0.858497
0.999864
0.140059
0.044798
0.012255
0.999374
0.000000
0.002246
0.364596
1.000000
0.289225
0.354531
0.038619
0.769143
0.125791
0.625358
0.016141
0.224767
0.461860
0.222978
0.078616
0.932275
0.945292
0.102807
0.999998
0.789574
0.000000
0.022983
0.132529
0.946999
0.803669
0.432139
0.305046
0.000000
0.823839
0.857480
0.598013
0.999526
0.999548
0.966701
0.991634
0.631379
0.999438
0.859474
0.975344
0.999768
0.022032
0.970116
0.110166
0.000000
0.634874
0.864794
0.110298
0.970947
0.993071
0.952104
0.415329
0.850167
0.479843
0.975374
0.088281
0.927968
0.959075
0.913752
0.918936
0.073761
0.030351
0.978278
0.978323
0.714839
0.879511
0.968652
0.662596
0.648925
0.972362
0.787474
0.521307
0.878097
0.277768
0.016240
0.484606
0.744436
0.999967
1.000000
0.007759
0.000000
0.806467
0.880904
0.578860
0.000000
0.622856
0.999551
0.996205
0.011013
1.000000
0.343656
0.984231
0.000000
1.000000
0.000000
0.956704
0.997718
0.003507
0.902942
0.000000
0.723686
0.999982
0.549409
0.958551
0.999439
0.433755
0.782752
0.950634
0.000552
0.000000
0.815418
1.000000
0.765462
0.000000
0.633773
0.000000
0.654878
0.999432
0.999324
0.533479
0.992730
0.663085
0.999731
0.000000
0.339738
0.881588
0.997404
0.961414
0.063824
0.000000
0.977455
0.087381
0.984199
0.999810
0.998478
0.000732
0.000000
0.000000
0.969625
0.000000
0.999996
0.937681
0.949524
0.915949
0.999893
0.948953
0.999999
0.765462
0.000000
0.018164
1.000000
1.000000
0.926024
0.000000
1.000000
0.620932
0.694232
0.000000
0.843192
0.002360
0.803394
0.938528
0.914319
0.995278
0.094006
1.000000
0.986819
0.000000
0.011056
0.880139
0.000000
0.550499
0.000000
1.000000
0.787230
0.999101
0.999320
0.873510
0.000000
0.987971
0.000000
0.000000
0.576678
1.000000
0.996362
0.904409
1.000000
0.058246
0.002363
0.000000
0.000000
0.999997
0.996671
0.988894
0.981545
0.047193
0.113227
0.999841
0.853834
0.988877
0.209168
0.973419
0.000274
0.912322
0.607558
0.963750
0.003912
0.857140
0.004130
0.728565
0.993277
0.736810
0.792098
0.000633
0.992702
0.000000
0.967912
0.897232
0.000000
0.115417
0.999992
0.815627
0.000000
0.986321
0.314280
1.000000
0.998838
0.870386
0.028158
0.876506
0.991171
0.972089
0.964333
0.998317
0.000000
0.000000
0.000000
0.000000
0.994962
0.000000
1.000000
0.937341
0.980842
0.799219
0.000000
0.001582
0.000000
0.968937
0.756830
1.000000
0.935801
0.155298
0.000000
0.950721
1.000000
0.999063
0.000000
0.806651
0.714072
0.476601
0.937561
0.000000
0.995612
0.941482
0.986781
0.455105
0.053517
0.455066
0.255773
0.015288
0.012464
0.000000
0.975542
0.008824
0.835474
0.004659
0.997233
0.961853
0.086341
0.997991
0.352325
0.914522
0.991477
0.007536
0.005685
0.000000
0.933099
0.866375
0.999663
0.000000
0.961090
0.486166
0.930193
0.315907
0.370637
0.999939
0.000000
0.874934
0.911117
0.446068
0.842228
0.000000
0.000000
0.993618
0.988318
0.000000
0.076422
0.102345
0.995745
0.895131
0.754155
0.220781
0.960444
0.944624
0.996829
0.999418
0.993832
0.062337
0.711894
0.063764
0.273442
0.836042
0.217622
1.000000
0.991335
0.975063
0.921747
0.910158
0.919424
0.000000
0.939129
0.867697
0.000000
0.804422
0.000000
1.000000
0.155186
0.922159
0.696040
0.996867
1.000000
0.955059
0.484542
0.003918
0.858872
0.000000
0.999960
0.958784
0.762651
0.069484
0.999999
0.999909
0.828380
1.000000
0.134002
0.000000
1.000000
0.925897
0.673101
0.999196
0.789998
0.000000
0.997994
0.881598
0.283368
0.954643
0.718881
0.999799
1.000000
0.000000
1.000000
0.989954
0.635745
0.472020
0.000000
0.913053
0.904509
0.986043
1.000000
0.821792
0.997578
0.983252
0.084938
0.055371
0.940165
0.114789
0.000000
0.000000
0.571206
0.132982
0.565001
0.731312
0.999843
0.923631
0.000000
0.054163
0.671700
0.015765
0.981583
0.814710
0.000000
0.863615
0.861117
0.000000
0.951638
0.000000
0.799039
0.874639
0.000000
0.000000
1.000000
0.934056
0.999003
0.994022
0.972809
0.693796
0.491582
0.000000
0.031042
0.742922
0.000000
0.884884
1.000000
1.000000
1.000000
0.930517
0.213293
1.000000
0.942791
0.940108
0.977049
0.000000
0.864307
0.999814
0.000000
0.000000
0.873073
0.155434
0.708554
1.000000
0.812446
0.969709
0.998023
0.030519
0.020806
0.838580
0.420722
0.891727
0.948715
0.415420
0.000000
0.000000
0.000000
0.999422
0.000000
0.981673
0.736385
0.995174
0.851783
0.648303
0.530283
0.213164
0.941881
0.269281
0.941271
0.994414
0.789561
0.999583
0.623263
0.296466
0.000380
0.999451
0.000000
0.868510
0.853690
0.999995
0.222190
0.999915
0.995163
0.535404
0.999999
0.001297
1.000000
0.483888
0.000000
0.000000
0.907888
1.000000
0.001589
0.993610
0.769890
0.571264
0.999891
0.662402
1.000000
0.991999
0.012583
0.560771
0.999899
0.861695
0.914660
1.000000
0.999774
0.935765
0.573861
0.000000
0.997436
0.898960
0.969889
0.568555
0.042482
0.990763
0.999976
0.985467
0.000000
1.000000
0.991592
0.868353
0.000000
0.000493
0.748466
0.986929
0.475138
1.000000
0.015470
0.000000
0.000000
0.971224
0.948139
0.953694
0.102946
0.000000
0.977255
0.999860
0.961273
1.000000
0.000000
0.000000
0.877947
0.897813
0.063989
0.877752
0.973600
0.500712
0.017617
0.003173
0.004444
0.957829
0.999724
0.594819
0.000101
0.983986
0.000000
0.971777
0.425631
0.999889
0.002464
0.998789
0.999974
0.000000
0.033793
0.297252
0.905586
0.000296
0.003817
0.961073
0.583644
0.996774
0.000000
0.760409
0.999967
0.000000
0.925396
0.984958
0.354562
0.000000
0.726977
0.641292
0.000000
0.996352
0.999997
0.788421
0.000000
0.996076
0.870476
0.998109
0.978309
1.000000
0.004553
0.847241
0.964128
0.200804
0.035062
1.000000
0.261217
0.125358
0.999881
0.000000
0.999439
0.999996
0.000000
0.985511
0.002607
0.897911
0.000000
0.990233
0.984689
0.239197
0.527567
0.917656
0.267188
0.867241
0.999715
0.181272
0.859431
0.999996
0.035089
0.954969
0.582618
0.000000
0.892225
0.999943
0.950549
0.000000
0.993968
0.990803
0.594819
0.996794
0.192855
0.916466
0.482876
0.880156
0.241904
0.999967
0.776142
0.919704
0.999851
0.501568
0.380318
0.000000
1.000000
0.040798
0.851783
0.918919
0.000000
0.000000
0.991988
0.850293
0.567843
0.999860
0.461048
0.808886
0.001910
0.753099
0.492052
0.531773
0.000000
0.999998
0.046064
0.000000
0.268877
0.655630
1.000000
0.018501
0.037619
0.815387
0.996360
0.916651
0.051656
0.064595
0.740605
0.988953
0.937130
1.000000
0.971726
0.000592
0.000000
0.000000
0.000000
0.000000
0.003364
0.000000
0.000000
0.958780
0.999992
0.003896
0.983843
0.000000
0.711911
0.000000
0.000000
0.000000
1.000000
0.956544
0.600780
0.000000
0.994684
0.999962
0.009058
0.954098
0.000003
0.775255
0.857031
0.423648
0.000000
0.759127
0.000000
0.958386
0.000000
0.995232
0.995854
0.065519
0.000000
0.352849
0.550656
0.324092
0.000000
0.711514
0.083892
0.000000
0.000000
0.000000
0.497635
0.985936
0.991853
0.869284
0.991988
0.746260
0.000000
0.000000
0.944949
0.942404
0.000000
0.878318
0.914248
0.999893
0.011980
0.863598
0.000000
0.299625
0.001190
0.000674
0.688224
0.000000
1.000000
0.760310
0.865452
0.774983
0.000000
0.749355
0.989766
0.045540
0.066148
0.996547
0.000000
1.000000
0.426038
0.019763
0.998440
0.968797
0.000000
0.000000
0.970840
0.037904
0.981233
0.151152
0.999982
0.999669
0.024222
0.000000
0.950459
0.815519
0.000000
0.000000
0.943675
0.883797
0.124930
0.000000
0.000000
0.000000
1.000000
0.699962
0.719652
0.078508
0.594642
0.980093
0.999890
0.966868
0.013206
0.000000
0.858485
0.999980
0.999760
0.999553
0.448882
0.677700
0.855808
0.999996
0.095428
0.999879
0.881013
0.000000
1.000000
0.000000
0.000000
0.886121
0.000000
0.995484
0.304172
0.776975
0.974375
0.998970
0.999161
0.824263
0.000000
0.066635
0.381360
0.735554
0.065076
0.029839
1.000000
0.977932
0.000000
0.781038
0.000000
0.000000
0.988965
0.938446
0.607868
0.000000
1.000000
0.230937
0.999957
0.363424
0.686972
0.000238
0.884168
0.887049
0.999990
0.998738
0.316682
0.950178
0.000000
0.000000
0.000000
0.794266
0.000000
0.000000
0.997571
0.976399
0.000000
0.176123
0.999458
0.927918
0.078268
0.844616
0.999150
1.000000
0.008748
0.000368
0.788370
0.995437
0.986713
0.949396
0.040054
0.048905
0.999935
0.970786
0.000000
0.656664
0.984499
0.561728
1.000000
0.000000
0.996285
0.992602
0.994595
0.000000
0.999965
0.980202
0.994887
0.007924
0.050836
0.000000
0.927579
1.000000
0.999558
0.881571
0.999994
0.525934
1.000000
0.788024
0.999999
0.996341
0.672214
0.045395
0.989466
0.346039
0.727770
0.877628
0.974033
1.000000
0.062114
0.885112
0.887007
0.000000
0.133898
0.928225
0.707492
0.932213
0.038130
0.000000
0.000000
0.000000
0.983351
0.995443
0.999991
0.738682
1.000000
0.005877
0.000000
0.095768
0.984883
0.837970
0.206986
0.996657
0.993955
0.949678
0.887869
0.795153
0.973784
0.000000
0.715090
0.550656
0.983420
0.982778
0.998528
0.991907
0.999999
0.578877
0.824258
0.260106
0.000000
0.982909
0.578296
0.999811
0.000000
0.067135
0.000000
0.128838
0.000000
0.000000
0.000000
0.021350
0.557141
0.999457
0.556008
0.004220
0.115306
0.980758
0.945166
0.286643
0.948178
0.000000
1.000000
0.868744
0.665989
0.900554
0.649827
0.589786
0.985558
0.024930
0.896184
0.051490
0.994239
0.976710
0.999998
0.758147
0.995196
0.510248
0.935715
0.740043
0.993958
0.000000
0.989891
0.999908
0.999871
0.007873
0.034368
0.790311
0.073011
0.000000
0.485665
0.938673
0.734179
0.993770
0.000000
1.000000
0.000000
1.000000
0.039256
0.970077
0.242783
0.000000
0.805002
0.999031
0.694656
0.873429
0.626296
0.566696
0.021774
0.997030
0.924905
0.000000
0.999982
0.490647
0.471284
0.656760
1.000000
0.892495
0.861761
0.984234
0.000000
0.987189
0.999911
0.718881
0.862071
0.000000
0.990657
0.927008
0.970734
0.723710
0.000000
0.000000
0.000000
0.000000
0.568013
0.838632
0.000000
0.819137
0.235900
0.978093
0.819050
0.083324
1.000000
0.998528
0.999892
0.996962
0.983247
0.937314
0.906105
0.684924
0.020912
0.978612
0.960091
0.036136
0.000000
0.887709
0.000000
0.917891
0.828779
0.000000
0.000000
0.883439
0.084530
0.946743
0.539383
0.795609
0.598714
0.998634
0.175993
0.119987
0.999840
0.176594
1.000000
0.000000
0.902992
0.950522
0.994801
0.631379
0.903439
0.982414
0.000000
0.997649
1.000000
0.996829
0.526825
0.120597
0.996100
0.544157
0.974320
1.000000
0.173166
0.999796
1.000000
0.010661
0.940523
0.979666
0.058821
0.976856
1.000000
1.000000
0.998637
0.180520
0.004585
0.000000
0.564443
0.002786
0.000391
0.994034
0.798080
0.088588
0.998376
0.002073
0.062162
0.999731
0.614603
0.999982
0.001882
0.255489
0.936759
0.000000
0.809101
0.918123
0.999983
0.886079
0.000000
0.115194
1.000000
0.999536
0.011622
0.721603
0.000000
0.000332
0.756275
0.000000
0.000000
0.000497
0.000000
0.913763
0.885343
0.610412
0.767188
0.273927
0.000000
0.937979
0.970996
0.000000
0.809300
0.901450
1.000000
0.000000
0.997173
0.973899
0.982101
1.000000
0.988036
0.828834
0.426182
0.936393
0.932152
0.923774
0.000000
0.000000
0.044790
0.117285
0.304669
0.000000
0.000000
0.000000
0.740946
0.997239
0.000000
0.342043
0.000000
0.458746
0.615407
0.996128
0.000000
0.840673
0.040202
0.656166
0.039175
0.643911
0.731555
0.182835
1.000000
0.999999
0.642406
0.841593
0.000000
0.464909
0.481293
1.000000
0.001183
0.000000
0.460205
0.010173
0.000000
0.916701
0.000000
0.524387
0.000000
0.820512
0.850626
0.747393
0.870818
0.997435
0.804271
0.000000
0.000000
0.606062
0.919197
0.000000
0.882319
0.467299
0.000000
0.065829
1.000000
0.894527
0.896948
0.608346
0.000000
0.941446
0.940307
0.999994
0.000000
0.999651
0.116217
0.485854
0.917282
0.256416
0.999987
0.815387
0.704444
0.716007
0.994801
0.000000
0.672423
0.970428
0.000000
0.000000
0.178631
0.000000
0.983042
0.938669
0.000000
0.990709
0.794252
0.000000
0.064432
0.885471
0.999465
0.081757
0.438262
0.994427
0.959787
0.000000
0.601081
0.000000
0.993710
0.999481
0.999841
0.975973
0.015617
0.850039
0.851580
0.000000
0.348692
0.999840
0.000000
0.000000
0.996693
0.998637
0.991210
0.721545
0.683514
0.253593
0.798882
0.000000
0.000000
0.965276
0.906994
1.000000
0.852632
0.000000
1.000000
0.959522
0.000000
0.884596
1.000000
0.000000
0.999934
0.987628
0.812861
0.000000
0.727206
1.000000
0.823677
0.800133
1.000000
1.000000
0.000000
0.637086
0.718516
0.955690
0.036068
0.057789
0.989153
0.693802
0.189967
0.683836
0.139219
0.015429
0.965025
0.999543
0.588160
0.000000
0.994052
0.990610
0.490884
0.957574
1.000000
0.986960
0.003835
0.000000
0.999999
0.999993
0.014894
0.245572
0.000000
0.000000
0.000665
0.000000
0.000000
0.993682
0.991363
0.783107
0.999448
0.000618
0.997293
0.547003
0.801328
0.000000
0.942489
0.201902
0.930690
0.090529
0.977127
0.918579
1.000000
0.923200
0.307298
0.918427
0.999965
0.094121
0.829479
0.999871
0.000810
0.985660
0.125482
0.998312
0.965474
0.534706
0.912625
0.000000
0.000000
0.284857
0.755505
0.959164
0.889604
0.895652
0.120733
0.983457
0.000000
0.000000
0.000000
0.998978
1.000000
0.939939
0.941012
0.795917
0.012191
0.000897
0.993968
0.313842
0.968660
1.000000
0.883610
0.838280
0.996535
0.032577
0.999985
0.164058
0.999864
0.561603
0.003091
0.999935
0.000000
0.000000
0.481529
0.000000
0.997942
0.011018
0.124365
0.000644
0.754613
0.948820
1.000000
0.043537
0.814523
0.834081
0.865812
0.242822
0.000000
0.245919
0.104410
0.999359
0.990166
0.283640
0.934203
0.000000
0.000000
0.999991
0.000000
0.877384
1.000000
0.000000
0.145331
0.893528
0.000000
0.978177
0.000000
0.003400
0.584922
0.000000
0.576636
0.840981
0.880156
0.499327
0.885046
0.963384
0.895010
0.000000
0.956979
0.371894
0.000000
0.910427
0.962713
0.000000
0.000000
0.710974
0.328398
0.062774
0.013413
0.073597
0.000000
0.849864
0.540793
0.255758
0.892177
0.984338
0.857109
1.000000
0.595574
0.641734
0.612946
0.166739
0.779431
0.674865
0.999825
0.007894
0.779504
0.988493
0.390047
0.975003
0.828797
0.136730
0.162711
0.788167
0.000000
0.000000
0.771236
0.936414
0.907356
0.006255
0.237103
0.934861
0.981878
0.781576
0.267601
0.425303
0.332178
0.298018
0.000000
0.050134
0.925952
0.000000
0.978324
0.983777
1.000000
0.999890
0.000275
0.020976
0.000000
0.215904
0.999866
0.687031
0.981321
0.899690
0.995164
0.963069
0.000000
0.703236
0.000000
0.998968
0.840850
0.619862
0.822495
0.997587
0.970820
0.979458
0.999999
0.000000
0.975933
0.900252
0.000000
0.031029
0.995592
0.361834
1.000000
0.000000
0.000000
0.969211
0.999970
0.283283
0.999880
0.810460
0.350970
0.010763
0.970838
0.999477
0.000000
0.652131
0.015658
0.000000
0.297778
0.011133
0.000000
0.143482
0.001097
0.996580
0.999746
0.996753
0.011133
0.867327
0.530227
0.000000
0.986952
0.924563
0.000000
0.000000
0.000000
0.975063
0.970574
0.840813
0.848797
0.959960
1.000000
0.000000
1.000000
0.548993
0.000000
0.000000
0.885615
0.000000
0.742516
0.999524
1.000000
0.780053
0.000000
0.974676
0.000000
0.967657
0.000000
0.975981
0.000000
0.000000
0.740309
0.890177
0.855184
0.298219
1.000000
0.919712
0.997335
0.055570
0.000000
0.000000
0.905837
0.755383
0.995878
0.000000
0.996999
0.000000
0.848890
0.999998
0.861275
0.860285
0.886814
0.447595
0.031497
0.921606
0.000000
0.927256
0.156363
0.904213
0.955606
0.985677
1.000000
0.000000
0.502601
0.301814
0.172968
0.221984
0.999840
0.956889
0.978509
0.860965
1.000000
0.000000
0.259641
0.000000
0.999929
0.982182
0.439711
0.000000
0.000000
0.000680
0.121644
0.999825
0.066596
0.000000
0.195955
0.237901
0.000000
0.000000
0.999714
0.069210
0.682125
0.352714
0.999931
0.014263
0.022025
0.919527
0.999629
0.060729
0.928309
0.452934
0.151903
0.905422
0.812179
0.000000
0.973802
0.999701
0.938698
0.680151
0.000000
0.019058
0.632476
0.856076
0.069078
0.990747
0.698737
0.985521
0.000000
0.442687
0.999886
0.903590
0.999989
0.851942
0.076241
0.272764
1.000000
0.230702
0.558991
0.066836
0.000000
0.980327
0.433862
0.983426
0.933670
0.000000
0.292625
0.994390
0.997898
0.177132
0.000000
0.454331
0.278003
0.002383
0.963085
0.032884
0.000000
0.000000
0.233147
0.302444
1.000000
0.998626
0.584801
0.839362
1.000000
0.000000
0.000000
0.729251
0.828714
0.012678
0.964102
0.685235
1.000000
0.047286
0.000000
0.000000
0.999309
0.000000
1.000000
0.972394
0.898892
0.000000
0.669156
1.000000
0.817175
0.083321
0.175634
0.000000
0.009452
0.763784
0.874712
0.906953
0.454049
0.937445
0.102645
0.704548
0.000000
0.989919
0.894710
0.993543
0.564717
0.869243
0.999927
0.000000
0.000000
0.972557
0.589896
0.803313
1.000000
0.816216
0.025054
0.770269
0.000000
0.620306
0.000000
0.959246
0.984751
0.476075
0.000000
0.000000
0.000000
0.941146
0.000000
0.996025
0.000000
0.553016
0.912609
0.672675
0.999803
0.879308
0.002379
0.041894
0.760992
0.789129
0.000000
0.999617
0.834299
0.870721
0.929684
0.000000
0.915037
1.000000
0.925590
0.000000
0.000000
0.840850
0.046705
0.000000
0.532972
0.270295
0.000000
0.000000
0.997746
0.899885
0.035007
0.795132
0.000000
0.987286
0.001528
0.093841
0.999927
0.772789
0.939771
0.505122
0.626986
0.970761
0.806582
1.000000
0.004495
0.878530
0.995991
0.495617
0.818428
0.982634
1.000000
0.510796
0.000000
0.696173
0.030184
0.371307
0.000000
0.989510
0.736255
0.997316
0.948695
0.000000
0.098526
0.999671
0.634405
0.000000
0.984100
0.000000
0.997508
0.390971
0.972733
1.000000
0.877232
0.972451
0.959894
0.880124
0.168339
0.998557
0.610813
0.817061
0.561603
0.625638
0.469455
0.000000
1.000000
0.451828
0.991275
0.872465
0.223457
1.000000
0.914338
0.068947
0.988115
0.999997
0.003610
0.927168
0.000000
0.898892
0.021977
0.579165
0.909673
0.902019
0.151568
0.567611
0.537973
0.962179
0.990116
0.998675
0.999915
0.999999
0.196702
0.950721
0.954925
0.000000
0.957762
0.596028
0.313332
0.676248
0.998783
0.344125
0.705784
0.000000
0.993947
0.938816
0.910712
0.695909
0.999924
0.856015
0.000000
1.000000
0.000019
0.978169
0.947907
0.000960
0.821912
0.839811
0.000000
0.995996
0.931768
0.973027
0.047435
0.999999
0.261254
1.000000
0.997129
0.153225
0.005656
0.000000
0.000000
0.993205
0.000000
0.849195
0.000000
0.985285
0.600629
0.999715
0.987127
0.989780
0.001128
0.714868
0.000000
0.000000
0.933957
0.821748
0.061099
0.869485
0.974521
0.999949
0.152011
0.927763
0.981054
0.915085
0.999819
0.000000
0.813215
0.010459
0.098526
0.803011
0.000000
1.000000
1.000000
0.705879
0.000000
1.000000
0.085427
0.909326
0.999344
0.006070
0.586232
0.000000
0.903253
0.000000
0.999686
0.996897
0.000000
0.999996
0.000000
0.904713
0.965572
0.826845
0.969719
0.001966
0.030243
0.476933
0.997032
0.609520
0.999974
0.000000
0.708941
0.999916
0.674363
0.880132
0.010173
0.000000
0.511938
0.999288
0.849115
0.000000
0.000000
0.000000
0.024417
0.996306
0.976951
0.401516
0.000000
0.999437
0.994153
0.980538
0.000000
0.000000
1.000000
0.215590
0.000000
0.901450
0.000000
0.748559
0.957480
0.977427
0.986246
0.000000
0.991609
0.090839
0.883124
0.829293
0.496243
0.000000
0.337002
0.999297
0.997403
0.000550
0.000004
0.991170
0.761182
0.000000
0.999164
1.000000
0.673025
0.000000
0.940535
0.990815
0.913136
0.345421
0.000000
1.000000
0.999999
0.741727
1.000000
0.158309
0.639541
0.983259
1.000000
0.701218
0.883343
0.959674
0.000000
0.000000
0.866775
0.934300
0.977516
0.000000
0.733530
0.999632
0.896050
0.999243
0.042410
0.000000
0.999999
0.999960
0.000000
0.000000
0.169602
0.813467
0.991625
0.068116
0.352372
0.000000
0.874565
0.202371
0.999582
0.998992
0.000000
0.495298
0.994795
0.221981
0.000000
0.993548
0.675734
0.963067
0.000000
0.002323
0.981787
0.000000
0.000011
0.963410
0.890471
0.000000
0.012842
0.999073
0.971667
0.985167
0.006684
0.994074
0.000000
0.666955
0.412154
0.932112
0.930305
0.084302
0.997172
0.995834
1.000000
0.000000
0.510580
1.000000
1.000000
0.182764
0.000000
0.000000
0.000000
0.999875
0.385782
0.906105
1.000000
0.000000
0.013516
0.821848
0.845573
0.000000
0.068154
0.685248
0.456241
0.982113
0.910427
0.998396
0.000000
0.892648
0.185605
0.991899
0.998970
0.000000
0.169138
0.770468
0.000000
1.000000
0.000000
0.999946
0.906690
0.795666
0.000000
0.194015
0.000000
0.958425
0.006312
0.000000
0.993199
0.000000
1.000000
0.806969
0.984846
0.999998
0.000000
0.900724
0.995144
0.016455
0.110795
0.728840
0.478109
0.997860
0.212410
0.579923
0.000000
0.000000
0.999985
0.755245
0.994539
0.057708
0.949732
0.000000
0.015374
0.850175
0.860078
0.181595
0.000000
0.934726
0.803669
0.170211
0.978973
0.110104
0.954742
0.901927
0.375054
0.995511
0.003518
0.096099
0.000000
0.803155
0.937474
0.000000
0.000000
0.725061
0.995255
0.017008
0.000000
0.939539
0.843192
0.931761
0.999428
0.753506
0.530162
1.000000
0.999963
0.008906
0.000000
0.009775
0.982668
0.000000
0.913551
0.000000
0.878776
0.838675
0.899740
1.000000
0.978090
0.956891
0.803423
1.000000
0.993177
0.997584
0.998706
0.027982
0.998487
0.999975
0.050984
0.999991
0.981140
0.000000
0.997871
0.305231
0.000000
0.765135
0.782752
0.804561
0.998482
0.000000
0.087500
0.000000
0.862275
0.000000
0.012454
0.000000
0.939011
0.652315
0.964243
0.002893
0.008680
0.960168
1.000000
0.509935
0.999981
0.997642
0.000000
0.722017
0.999916
0.506214
0.888207
0.782955
0.976353
0.000020
0.319414
0.936090
0.002720
0.995597
0.890613
0.935892
0.002985
0.574800
0.192510
1.000000
0.998635
0.981939
0.987880
1.000000
1.000000
0.519147
0.999319
0.967777
0.992089
1.000000
0.950863
0.000000
0.000000
0.361153
0.426157
1.000000
0.941770
0.000000
0.000000
0.998989
0.821912
0.014196
0.579361
0.028767
0.308141
0.563265
0.933266
0.000000
0.794449
0.001126
0.993863
0.957151
1.000000
0.028175
0.995854
0.999959
0.951128
0.624803
0.000000
0.001142
0.144140
0.991308
0.991336
0.062104
0.215020
0.901358
0.589134
0.998152
0.000000
0.901037
0.000000
0.068926
0.042810
0.750799
0.390781
0.995443
0.196294
0.600769
0.997823
0.929384
0.992450
0.999966
0.963845
0.999996
0.856531
0.000000
0.710190
0.002295
1.000000
0.032405
0.805541
0.999996
0.684089
0.708365
0.974070
0.817898
0.019183
0.607547
0.896499
0.921020
0.573564
0.998803
0.788165
0.999999
0.995166
0.127227
0.998937
1.000000
0.000000
0.810364
0.951848
0.006421
0.002893
0.999997
0.999756
0.000000
0.010913
0.912589
0.938152
0.782935
0.908981
0.825281
0.979679
0.883400
0.029727
0.305433
0.959597
0.795480
0.786032
0.044103
0.003015
0.017422
0.999844
0.725003
0.319340
0.978283
0.984505
0.971858
0.838076
0.007900
0.750610
0.767406
0.897453
0.149329
0.000000
0.957845
0.997084
0.054048
0.989691
0.859893
0.830882
0.890936
0.969875
0.839398
0.000000
0.873814
0.008232
0.994887
0.879720
0.998787
0.017978
0.845894
0.000000
0.000000
0.000000
0.981902
0.998092
0.013314
0.306627
0.451274
0.895652
0.000000
0.051416
0.996069
0.000000
0.000000
0.393157
0.000000
0.763647
0.946638
0.994818
0.000000
0.000000
0.011026
0.049150
0.996664
0.959755
0.913587
0.930331
0.034036
0.999503
0.923822
0.012818
0.999997
0.989190
1.000000
0.509381
1.000000
0.994816
0.000005
0.020094
0.998532
0.000000
0.803648
0.200740
0.382694
0.000000
0.968977
0.177879
0.000000
0.041720
0.988977
0.000000
0.999947
0.983605
0.112057
0.000000
0.999939
0.674118
0.000000
0.717692
0.918427
0.993246
0.727062
0.139019
0.442900
1.000000
1.000000
0.251145
1.000000
0.223657
0.000000
0.914778
0.000000
0.908189
1.000000
0.927953
1.000000
0.801487
0.000000
0.000000
0.929417
0.997850
1.000000
0.000000
0.798391
0.886512
0.035758
0.000000
0.460004
0.577212
0.000000
0.905465
0.873127
0.911388
0.342952
0.334401
0.993803
0.331341
0.000000
0.016240
0.998369
0.992745
1.000000
0.817147
0.894011
0.000000
0.946301
0.197258
0.000000
0.000000
0.872818
0.319164
0.000000
0.738610
0.619040
0.999738
0.000000
0.000249
0.638985
0.000000
0.983562
0.864300
0.997146
0.000000
0.972541
0.995702
0.251398
0.463317
0.994153
0.771399
0.031055
0.956792
0.963302
0.999845
0.664524
0.012393
0.013412
0.002911
0.052589
0.923091
0.394949
0.015310
0.830413
0.804234
0.999712
0.000000
0.905965
0.939867
0.000000
0.000000
0.995666
0.914778
1.000000
0.865969
0.083320
0.310758
0.996277
0.000000
0.958118
0.735133
0.000000
0.910164
0.953256
0.979266
1.000000
0.393030
0.030605
0.062282
0.049207
0.012992
0.933266
0.966702
0.938178
1.000000
0.855104
0.000000
0.039911
0.007100
0.975909
0.195864
0.000000
0.084562
0.000000
0.000000
0.004940
0.973481
0.117448
0.000000
0.842109
0.985621
0.894027
0.000000
0.560627
0.000000
0.376524
0.879170
0.036046
0.000000
0.466597
0.999999
0.745085
0.864051
0.978678
0.821588
0.000000
0.891607
0.966724
0.000000
0.992951
0.795300
0.999966
0.759555
0.892022
0.916803
0.035561
0.067572
0.000000
0.113450
0.000000
0.020120
0.990543
0.877947
0.781464
0.999981
0.895264
0.999683
0.000000
0.093961
1.000000
0.099421
0.942497
0.809735
0.997728
0.592943
0.000000
0.988180
0.953101
0.098670
0.998840
0.884075
0.278749
0.948971
1.000000
0.941040
0.973677
0.970031
0.991557
0.255811
0.914381
0.993362
0.890475
0.987743
0.000000
0.000000
0.000000
0.004604
0.612963
0.000000
0.000000
0.995278
0.862445
0.863323
0.959327
0.989434
0.770997
0.424690
0.000000
0.000000
1.000000
0.927632
1.000000
0.033670
0.979345
0.000000
0.978160
0.000000
0.763359
0.000000
0.014623
0.000000
1.000000
0.495178
0.999559
0.954841
0.990274
0.988986
0.862926
0.922883
0.000000
0.014061
0.659337
0.959853
0.470189
0.057994
0.000000
0.997136
1.000000
0.987460
0.984615
0.847054
0.002063
0.246599
0.163149
0.997935
0.989478
0.610813
0.000000
0.180424
0.017496
0.049056
1.000000
0.000000
0.886613
0.999542
0.000000
0.593971
0.335221
0.013002
0.013429
0.995178
0.992835
0.582386
0.215440
0.999263
0.699629
1.000000
0.000000
0.983364
0.956635
0.989229
1.000000
0.948910
0.000000
0.384716
1.000000
0.167633
0.000000
0.941973
0.926775
0.556164
0.000000
0.000000
0.974410
0.895560
0.582262
1.000000
0.999309
0.000000
0.000000
0.943060
0.999998
1.000000
0.936055
0.999222
0.773628
0.055002
0.000000
0.000000
0.000000
0.000000
0.267848
0.958222
0.000000
0.086194
0.103240
0.941877
0.006161
0.000000
0.405658
0.000000
1.000000
0.000812
0.998532
0.793904
0.977497
0.832078
0.989478
0.999999
0.981504
0.000000
0.999367
0.918059
0.994323
0.945807
0.914381
0.000000
0.859156
0.000000
0.000000
0.001070
0.829095
0.574945
0.000000
0.749189
0.827882
0.863996
0.926396
0.000000
1.000000
0.000000
0.508073
0.000000
0.549139
0.999999
0.000000
1.000000
0.369425
0.996912
0.070825
0.668489
0.883295
0.386883
0.849960
0.961670
0.799625
0.029989
0.141035
0.000000
0.854803
0.005170
0.961540
0.984424
0.629094
0.927861
0.999985
0.011078
0.487492
0.125940
0.135526
0.117348
0.914197
1.000000
0.996883
0.999491
0.943704
0.003981
0.900296
1.000000
0.994795
0.567494
1.000000
0.899450
0.983092
0.945000
0.362596
0.995254
0.802634
0.000607
0.855648
0.901751
0.000000
0.999981
0.988604
0.970368
0.916562
0.670532
0.005702
0.000000
0.913960
0.958418
0.992038
0.999351
0.701513
1.000000
0.009537
0.332899
1.000000
0.000000
0.552364
0.000000
0.871164
0.000000
0.342802
0.969875
0.000000
0.996172
0.034524
0.999779
0.000000
0.888642
0.993456
0.998329
0.452875
0.998937
0.810919
0.925831
0.000974
0.780903
0.918881
0.996331
0.141425
0.846671
0.000000
0.000000
0.836681
0.937981
0.969601
0.767484
0.998908
0.677541
0.037339
0.967615
1.000000
0.000000
0.000000
0.989199
0.662205
0.954978
0.000000
0.971144
0.803968
0.000000
0.891455
1.000000
0.977570
0.996587
0.897170
0.800837
0.994941
1.000000
0.989007
0.000000
0.485997
0.073640
0.897892
0.818217
0.998217
0.000000
0.060411
0.985548
0.999793
0.716821
0.001079
0.022716
0.111289
0.049159
0.000000
0.999053
0.722357
0.000000
0.834156
0.181936
0.537393
0.813277
0.875909
0.003214
0.996924
0.995597
0.999981
0.406978
0.884745
0.994962
0.638628
0.044031
0.798101
0.997766
0.909318
0.865161
0.913421
0.000000
0.996923
0.998935
0.000000
0.126852
0.657626
0.998627
0.109515
0.353583
0.000000
0.041090
0.996612
0.965004
0.000000
0.996928
0.000000
0.409534
0.000000
0.958338
0.925586
0.974980
0.796647
0.999599
0.065059
0.016613
0.999863
0.517233
0.468900
1.000000
0.837750
0.613263
0.678811
0.000000
1.000000
0.002774
0.000000
0.625969
0.896087
0.956233
0.000000
0.835954
0.000000
0.999501
0.998811
0.461048
0.005019
0.713360
0.986373
0.000000
0.913641
1.000000
0.961853
0.538957
0.864914
0.998852
0.747118
0.912295
0.060928
0.960409
0.036376
0.821237
0.931024
0.000000
0.000000
0.005151
0.970982
0.000000
0.761154
0.000000
1.000000
0.071926
0.889463
0.000000
0.000000
0.997150
0.985655
0.955603
0.999999
0.485997
0.659205
0.972167
0.898713
0.960983
0.437326
1.000000
0.995358
0.000000
0.901331
0.995911
0.999752
0.000000
0.050836
0.991308
0.638681
0.861385
0.866457
0.002653
0.000000
0.006223
0.991789
0.945995
0.167521
0.040710
0.556013
0.658380
0.002167
0.264910
0.916310
0.000000
0.969564
0.988180
1.000000
0.984969
0.949129
1.000000
0.988995
0.969747
0.905887
0.614922
0.986874
0.575013
0.947551
0.983233
0.741311
0.680151
0.869820
0.646090
0.849864
0.887540
0.925129
0.075672
0.000000
0.478911
0.999998
1.000000
0.151111
0.999456
0.999891
0.000000
0.876765
0.998304
0.946429
0.868950
0.015253
0.275972
0.105945
0.436533
0.000000
0.886125
0.061001
0.000000
0.967444
0.936414
0.124844
0.000000
0.997808
0.395333
0.000000
0.999074
0.999998
0.934576
0.608945
0.000000
0.998616
0.788044
0.070057
0.862627
0.930971
0.999798
0.872039
0.323777
0.014070
0.992887
0.884861
0.999546
1.000000
0.944970
0.999986
0.446307
0.988912
0.074934
0.137273
0.677164
0.949581
0.000000
0.000000
0.024005
0.827197
0.932909
0.999335
0.968041
0.000000
0.709676
0.939434
0.000000
0.044222
0.995754
0.000005
1.000000
0.874941
0.007400
0.990143
0.952462
1.000000
0.916026
0.729773
0.911783
0.000000
0.370944
0.092130
0.106694
0.000000
0.876628
0.854957
0.999968
0.897011
0.863542
0.000000
0.032645
0.143036
1.000000
0.000000
0.000502
0.883553
0.999994
0.000000
0.917649
0.995526
0.129860
0.000000
0.000326
0.999995
0.975330
0.000000
0.000000
0.000000
0.767694
0.524057
0.276728
0.993774
0.000000
0.297120
0.005553
0.948907
0.000000
0.007013
0.000000
0.999983
0.999212
0.901187
0.999760
0.000000
0.066131
0.000000
0.786712
0.075116
0.252616
1.000000
0.999881
0.907260
0.000000
0.864183
0.000926
0.912210
0.001656
0.000000
0.997872
0.000000
0.999100
0.027033
0.887261
0.009615
0.931639
0.929621
0.170561
0.959164
0.994253
0.469703
0.993884
0.000000
1.000000
0.891797
0.000000
0.825792
0.180152
0.033055
0.217750
0.085034
0.013413
0.999993
0.999981
0.991848
0.015973
0.934652
0.842595
0.999546
0.990407
0.000337
0.775416
1.000000
0.000000
0.000000
0.999997
0.764835
0.783131
0.993364
0.000000
0.994316
0.988180
1.000000
0.728162
0.891025
0.969674
0.186489
0.720247
0.000000
0.658183
0.976399
0.000069
0.985418
0.808514
0.552364
0.775142
0.907477
0.773084
0.999996
0.796082
1.000000
0.889732
0.000000
0.988329
0.992480
0.994848
0.996867
0.287226
0.798882
0.816023
0.000000
0.000000
0.937869
0.999830
0.000000
0.000000
0.982264
0.843429
0.003889
0.684608
0.966575
0.129005
1.000000
0.137130
0.908754
0.000000
0.174141
0.996456
0.000000
0.821562
0.790325
1.000000
0.795300
1.000000
1.000000
0.962974
0.851007
0.945588
0.011040
0.999874
0.189740
0.660658
0.999998
0.946053
0.000000
0.992209
0.999870
0.000000
0.000000
0.005130
0.933268
0.999369
0.999760
0.000000
0.000000
0.021443
0.059532
0.089764
0.854985
0.000000
0.000000
0.095838
0.981594
0.922356
0.259641
0.000000
0.999233
0.999743
0.000000
0.012402
0.000000
0.992925
0.725030
0.000000
0.000000
0.812716
0.785974
0.936761
0.991820
0.000000
0.968835
0.000000
0.986340
0.999778
0.891129
0.993193
0.674385
0.995616
0.800971
1.000000
0.035365
1.000000
0.661710
0.000000
0.999686
1.000000
0.782439
0.147165
0.967854
0.712652
0.027098
0.949869
0.909665
0.997977
0.993517
0.877940
0.501480
0.780347
0.000000
0.953570
1.000000
0.000000
0.997072
0.665674
0.032857
0.853510
0.000000
0.748851
0.985813
0.004283
0.999902
0.033331
0.071908
0.003442
0.684418
0.000000
0.000000
0.000000
0.538957
0.972336
1.000000
0.191159
0.005937
0.818285
0.997512
0.664977
0.995726
