0.000000
0.131532
0.000000
0.000000
0.000004
0.000000
0.000000
0.000000
0.000000
0.998892
0.000000
0.000000
0.000002
0.000000
0.000000
0.989491
0.000000
0.000000
0.000000
0.000000
0.000000
0.000000
0.000000
0.000000
0.000000
0.000000
0.000000
0.000000
0.067966
0.000000
0.000000
0.005636
0.000000
0.000000
0.000000
0.000000
0.020487
0.000000
0.000000
0.358981
0.000000
0.000016
0.010597
0.000000
0.000000
0.096468
0.000000
0.000000
0.000000
0.000443
0.000000
0.000000
0.000000
0.000000
0.000000
0.000000
0.000000
0.000000
0.000000
0.000000
0.000000
0.000000
0.000000
0.000001
0.000000
0.000000
0.000000
0.000000
0.000000
0.000024
0.000000
0.000000
0.792061
0.000000
0.000000
0.000010
0.001349
0.000000
0.000000
0.000000
0.000000
0.000000
0.000000
0.000000
0.000000
0.005006
0.000000
0.000000
0.000056
0.000000
0.000001
0.000000
0.000000
0.000000
0.107490
0.000000
0.000001
0.000000
0.000000
0.000207
0.000000
0.000000
0.000000
0.000000
0.000275
0.000000
0.000000
0.000000
0.000000
0.000000
0.000000
0.000052
0.000000
0.000000
0.000005
0.000000
0.046901
0.000033
0.000000
0.000000
0.000000
0.068625
0.000208
0.000000
0.000000
0.000000
0.000000
0.004816
0.000000
0.000000
0.000000
0.000000
0.000000
0.000000
0.000000
0.000000
0.000000
0.003094
0.000000
0.000000
0.000000
0.000778
0.000000
0.002070
0.001546
0.002317
0.000000
0.000053
0.174906
0.000000
0.000000
0.002203
0.000000
0.000000
0.000000
0.053279
0.001001
0.000000
0.008326
0.000000
0.000000
0.000314
0.000000
0.000000
0.209481
0.840948
0.000000
0.000000
0.000000
0.000000
0.000000
0.000000
0.000000
0.000512
0.000000
0.000000
0.000000
0.000000
0.000000
0.000000
0.003641
0.000000
0.000000
0.000000
0.000000
0.000000
0.000000
0.000000
0.699752
0.000000
0.003299
0.000000
0.000000
0.022871
0.000000
0.000001
0.000000
0.000000
0.000000
0.000025
0.000000
0.000144
0.000000
0.000000
0.000000
0.000000
0.000000
0.036978
0.000074
0.000000
0.000499
0.132838
0.000000
0.000000
0.000000
0.000000
0.000994
0.000023
0.000000
0.000000
0.000000
0.000000
0.000000
0.000000
0.000000
0.000000
0.000000
0.000001
0.000000
0.000000
0.025297
0.000000
0.000023
0.000000
0.000000
0.000000
0.000000
0.999995
0.000000
0.000000
0.000000
0.000000
0.000000
0.000000
0.965148
0.000000
0.000615
0.243869
0.003018
0.000000
0.000023
0.000000
0.000000
0.009879
0.000026
0.000000
0.000000
0.000101
0.000045
0.000001
0.998419
0.000000
0.000000
0.000000
0.045093
0.011581
0.000000
0.000000
0.000000
0.012478
0.001580
0.000000
0.000195
0.000000
0.000000
0.000000
0.000000
0.168649
0.000000
0.014419
0.000000
0.000000
0.053769
0.000000
0.000000
0.380842
0.032079
0.000000
0.000000
0.000000
0.000000
0.000000
0.000048
0.000000
0.010561
0.000000
0.000000
0.000000
0.000000
0.000000
0.000000
0.000000
0.000004
0.000000
0.037364
0.000000
0.024324
0.091604
0.000000
0.000000
0.138293
0.000000
0.038614
0.000000
0.000000
0.536465
0.000000
0.000001
0.013529
0.000000
0.000000
0.000107
0.000000
0.000000
0.000000
0.564974
0.000000
0.000000
0.000000
0.000000
0.006075
0.000000
0.000000
0.000000
0.000000
0.000000
0.000000
0.005969
0.000000
0.000000
0.000000
0.001288
0.000000
0.000000
0.000000
0.428942
0.000000
0.000000
0.000000
0.000000
0.000000
0.943877
0.000000
0.000000
0.000000
0.000000
0.000000
0.000000
0.063424
0.023876
0.000000
0.000000
0.002037
0.000000
0.000193
0.000000
0.000000
0.000000
0.000000
0.000002
0.005303
0.000000
0.000000
0.003226
0.000000
0.000000
0.000000
0.000000
0.000000
0.000000
0.000000
0.333117
0.000000
0.000000
0.000000
0.000000
0.000000
0.528635
0.000594
0.000000
0.412606
0.314332
0.000000
0.000039
0.000002
0.000000
0.000000
0.000000
0.000000
0.000000
0.142183
0.000000
0.003277
0.000000
0.000000
0.018724
0.000000
0.007977
0.000000
0.008424
0.000000
0.000167
0.000000
0.057349
0.000004
0.000000
0.000000
0.000000
0.000000
0.000000
0.000000
0.000000
0.000000
0.000000
0.000000
0.000037
0.000000
0.000000
0.000000
0.017366
0.000023
0.001577
0.000000
0.000000
0.000000
0.000000
0.000000
0.000000
0.000000
0.000000
0.000000
0.000000
0.000000
0.000000
0.739678
0.000162
0.000193
0.022005
0.435652
0.000000
0.000000
0.000000
0.000000
0.000000
0.000000
0.000000
0.000000
0.000510
0.000000
0.000000
0.001001
0.000000
0.000000
0.000000
0.000000
0.000000
0.999999
0.010999
0.000000
0.000000
0.000000
0.000000
0.000000
0.207203
0.000000
0.000000
0.000000
0.000000
0.000000
0.082983
0.000000
0.000000
0.000000
0.000000
0.000000
0.000000
0.020153
0.000000
0.000000
0.990616
0.000025
0.800368
0.000000
0.001927
0.000000
0.000000
0.000000
0.000000
0.000077
0.278200
0.000000
0.000000
0.017741
0.200213
0.000000
0.000000
0.000000
0.000000
0.000000
0.000000
0.000000
0.000000
0.000000
0.000000
0.000000
0.000000
0.000000
0.000000
0.000000
0.000003
0.490191
0.227091
0.000000
0.000000
0.000000
0.000000
0.020891
0.072605
0.000000
0.000000
0.000000
0.888041
0.000000
0.000006
0.000000
0.000000
0.000000
0.000000
0.030722
0.000059
0.005328
0.000000
0.000000
0.000000
0.000000
0.000000
0.000000
0.000000
0.000000
0.000000
0.000000
0.000000
0.027138
0.052677
0.309731
0.000000
0.000000
0.000000
0.000000
0.000000
0.000000
0.000000
0.000000
0.001517
0.000000
0.000001
0.000000
0.000000
0.045303
0.000000
0.028514
0.106503
0.000070
0.000000
0.000000
0.000000
0.000000
0.000000
0.000000
0.000000
0.000000
0.000000
0.000000
0.000000
0.000000
0.000077
0.000000
0.000558
0.000000
0.000000
0.000000
0.000000
0.000000
0.000123
0.000002
0.000000
0.000000
0.000000
0.000000
0.000000
0.000000
0.000000
0.000000
0.000000
0.069381
0.000000
0.000000
0.000000
0.000000
0.000000
0.000000
0.000000
0.000000
0.000000
0.000000
0.000000
0.000000
0.049269
0.992366
0.000000
0.000000
0.000000
0.000000
0.071583
0.000000
0.000000
0.000000
0.000000
0.065957
0.000000
0.000000
0.011078
0.000000
0.000000
0.000000
0.000092
0.000000
0.372310
0.000000
0.000000
0.000000
0.000000
0.000000
0.000000
0.000000
0.014191
0.001291
0.000000
0.000000
0.000000
0.000000
0.065827
0.000000
0.000000
0.000000
0.000000
0.000000
0.000000
0.000000
0.000000
0.010313
0.000000
0.000000
0.023911
0.056212
0.000000
0.000000
0.000000
0.749887
0.000000
0.000000
0.000000
0.063634
0.756421
0.000000
0.000000
0.000001
0.000000
0.000522
0.000007
0.000000
0.048684
0.000000
0.000000
0.000000
0.000000
0.000000
0.000000
0.000000
0.000000
0.000000
0.856905
0.072300
0.000000
0.000000
0.000000
0.000000
0.999158
0.000000
0.000000
0.000622
0.000000
0.000000
0.000000
0.000000
0.000000
0.101083
0.000000
0.010071
0.751011
0.000000
0.000000
0.000000
0.000000
0.241731
0.000000
0.000000
0.000001
1.000000
0.000000
0.000000
0.000000
0.000000
0.000000
0.000000
0.002472
0.000000
0.000000
0.099060
0.000000
0.296344
0.000000
0.000000
0.000000
0.000000
0.000000
0.000000
0.000000
0.000000
0.001671
0.980446
0.000000
0.000000
0.000000
0.000000
0.233640
0.031946
0.000000
0.000000
0.000000
0.000000
0.000000
0.000924
0.000000
0.989615
0.000000
0.000000
0.000000
0.000000
0.000000
0.000000
0.226981
0.000042
0.441969
0.000000
0.000000
0.003693
0.000000
0.000000
0.000000
0.026113
0.000000
0.000000
0.016087
0.931495
0.000000
0.000000
0.000000
0.000000
0.000000
0.000458
0.000000
0.013328
0.000000
0.000000
0.000000
0.000000
0.000000
0.000000
0.000000
0.000009
0.000000
0.000000
0.000000
0.000003
0.000000
0.000000
0.000000
0.000000
0.000000
0.000000
0.000000
0.000000
0.000000
0.000000
0.003400
0.000000
0.000000
0.000000
0.000000
0.000000
0.000000
0.000405
0.000000
0.000000
0.000000
0.000002
0.000000
0.023056
0.000000
0.000000
0.358558
0.148700
0.000000
0.000000
0.000000
0.000564
0.096139
0.594030
0.000000
0.000696
0.000000
0.000000
0.000000
0.000000
0.000000
0.017833
0.000000
0.000000
0.000000
0.670368
0.000000
0.000000
0.000000
0.000000
0.000000
0.000000
0.000000
0.000000
0.000015
0.000000
0.000000
0.000000
0.000000
0.000000
0.000000
0.000000
0.000000
0.000000
0.000000
0.000000
0.197599
0.000000
0.000000
0.010989
0.000000
0.000000
0.002157
0.000000
0.000000
0.000000
0.000000
0.000758
0.000000
0.000000
0.000000
0.008572
0.000000
0.000000
0.000000
0.000000
0.000000
0.000000
0.000000
0.004463
0.000000
0.000000
0.000000
0.000001
0.000000
0.000000
0.000000
0.000000
0.000000
0.052533
0.000000
0.000000
0.000000
0.000000
0.000000
0.000000
0.000029
0.000000
0.000000
0.000000
0.000000
0.000000
0.000000
0.000907
0.000000
0.000000
0.000000
0.000000
0.000000
0.000000
0.000000
0.000000
0.000000
0.000000
0.000000
0.000000
0.000000
0.000000
0.000000
0.000000
0.000000
0.000000
0.000000
0.000000
0.110292
0.000000
0.000000
0.010179
0.000000
0.000000
0.000000
0.000000
0.000000
0.000000
0.000000
0.000000
0.000000
0.000000
0.000000
0.000000
0.000000
0.000000
0.000000
0.000000
0.000000
0.000000
0.000016
0.000000
0.000000
0.000000
0.000000
0.006880
0.000000
0.000000
0.000000
0.000000
0.000000
0.000000
0.000000
0.000000
0.000000
0.000000
0.069005
0.000000
0.000000
0.023330
0.645279
0.000000
0.000000
0.000000
0.000000
0.000000
0.000000
0.000000
0.000000
0.000000
0.000000
0.000000
0.000000
0.000000
0.000000
0.001046
0.000000
0.000000
0.000000
0.000339
0.000000
0.000000
0.030879
0.000000
0.001389
0.000000
0.000000
0.000000
0.000000
0.009849
0.000000
0.000000
0.113345
0.000842
0.000000
0.000000
0.000000
0.013565
0.771807
0.000000
0.000000
0.000000
0.000000
0.000000
0.000000
0.000000
0.000000
0.000418
0.000000
0.010688
0.000000
0.000000
0.000000
0.000000
0.000000
0.000000
0.000000
0.001891
0.000000
0.001163
0.000000
0.000000
0.337490
0.000000
0.000000
0.000106
0.000000
0.000000
0.000000
0.000000
0.000000
0.000000
0.000000
0.024292
0.000000
0.000000
0.000000
0.000000
0.052559
0.093581
0.000000
0.000000
0.000000
0.000000
0.000000
0.000000
0.005674
0.000188
0.000000
0.028415
0.008446
0.172956
0.000004
0.000000
0.986571
0.000001
0.000275
0.000013
0.000000
0.021304
0.193722
0.000000
0.003091
0.000000
0.006196
0.000001
0.000000
0.000000
0.000000
0.000000
0.002874
0.000033
0.003303
0.000000
0.000000
0.000000
0.799754
0.000000
0.000000
0.347737
0.000000
0.000009
0.258690
0.028674
0.000000
0.000000
0.000514
0.000014
0.002278
0.000000
0.000000
0.000000
0.002755
0.000000
0.000000
0.000000
0.000000
0.000000
0.000000
0.000000
0.000288
0.000857
0.000000
0.000000
0.068187
0.000000
0.000000
0.000000
0.054193
0.000000
0.000379
0.003684
0.000000
0.000000
0.000000
0.000000
0.000000
0.003592
0.000000
0.000000
0.003308
0.000000
0.000000
0.000000
0.000000
0.007924
0.016971
0.000204
0.007977
0.000000
0.000004
0.004025
0.000000
0.016988
0.000000
0.000000
0.000000
0.000000
0.000089
0.000011
0.000000
0.000000
0.000000
0.000000
0.000103
0.000000
0.000000
0.000000
0.000000
0.000000
0.065407
0.000000
0.000000
0.000000
0.003850
0.000000
0.000000
0.023130
0.000000
0.001207
0.000000
0.000000
0.000000
0.000000
0.924664
0.000000
0.000000
0.545552
0.000000
0.000000
0.000004
0.000000
0.000508
0.000000
0.000000
0.000000
0.000000
0.000392
0.035776
0.000000
0.000000
0.948100
0.000000
0.000000
0.016978
0.000000
0.000000
0.000000
0.000000
0.011584
0.000000
0.000000
0.056220
0.999957
0.000000
0.000000
0.000000
0.001516
0.420218
0.000000
0.639412
0.000000
0.000000
0.000000
0.000000
0.000014
0.000000
0.000000
0.007608
0.000000
0.000000
0.000000
0.010935
0.000000
0.010371
0.000000
0.071156
0.000004
0.000000
0.000000
0.000000
0.006901
0.000000
0.000000
0.000010
0.000000
0.000000
0.000000
0.001719
0.079691
0.000017
0.000000
0.000000
0.000000
0.000000
0.018263
0.000000
0.000983
0.000000
0.024396
0.008499
0.000000
0.000000
0.000000
0.000000
0.000000
0.000000
0.024776
0.000000
0.000002
0.000000
0.000000
0.000028
0.000000
0.014422
0.000000
0.000001
0.000000
0.000000
0.000352
0.000000
0.000000
0.000000
0.000057
0.002735
0.000000
0.000000
0.002781
0.008474
0.047092
0.000000
0.000000
0.000000
0.000000
0.000000
0.000055
0.000000
0.000000
0.000000
0.000000
0.000998
0.000000
0.000000
0.000000
0.000000
0.000000
0.000000
0.000000
0.000000
0.000000
0.000000
0.457077
0.000000
0.000000
0.000000
0.000000
0.059120
0.000000
0.000000
0.005560
0.000000
0.000000
0.000000
0.000000
0.000119
0.000000
0.000001
0.000000
0.000000
0.000000
0.000000
0.000000
0.930582
0.000000
0.000000
0.000000
0.000000
0.000000
0.000002
0.000000
0.000000
0.000000
0.000000
0.012562
0.000000
0.000000
0.000368
0.002347
0.000000
0.191568
0.078309
0.000000
0.000000
0.000892
0.000002
0.000000
0.000004
0.000000
0.000008
0.000000
0.000000
0.000000
0.000000
0.088967
0.000000
0.000000
0.000000
0.000000
0.186217
0.000000
0.000000
0.000000
0.000000
0.000290
0.000000
0.043201
0.000074
0.106136
0.000000
0.000000
0.001150
0.000000
0.000000
0.000000
0.000000
0.000000
0.000000
0.000000
0.000163
0.000000
0.007946
0.000127
0.768480
0.000000
0.000000
0.000000
0.000000
0.000000
0.000000
0.000000
0.000000
0.000000
0.093948
0.032861
0.000231
0.000000
0.092549
0.000000
0.000000
0.181720
0.000000
0.000000
0.000000
0.000000
0.000000
0.000000
0.038109
0.179215
0.000000
0.444116
0.000000
0.000000
0.006884
0.000000
0.000438
0.000000
0.000000
0.000000
0.000000
0.000178
0.000000
0.000000
0.000000
0.000000
0.000000
0.000000
0.000000
0.000000
0.000000
0.000000
0.000000
0.008131
0.000000
0.000000
0.000000
0.000000
0.000000
0.002714
0.000000
0.123582
0.013153
0.000004
0.000580
0.037062
0.000000
0.000000
0.000000
0.003810
0.000000
0.000000
0.000000
0.000000
0.000000
0.000000
0.001242
0.000000
0.000000
0.000000
0.000000
0.000000
0.000000
0.000000
0.000123
0.000000
0.000000
0.526395
0.000000
0.227305
0.000000
0.000000
0.010944
0.000005
0.003097
0.000000
0.000000
0.000000
0.000000
0.016597
0.000000
0.000014
0.000000
0.000000
0.000000
0.000000
0.000000
0.000000
0.000000
0.011518
0.000000
0.000000
0.002042
0.000000
0.001564
0.000000
0.138097
0.002674
0.000000
0.000000
0.000000
0.000000
0.000000
0.000000
0.000000
0.000000
0.000239
0.000000
0.007398
0.000264
0.000000
0.000000
0.000000
0.000000
0.059256
0.000000
0.000000
0.000000
0.002026
1.000000
0.000000
0.000000
0.000000
0.000000
0.156695
0.000000
0.076668
0.000318
0.000000
0.000000
0.000000
0.000162
0.000000
0.000000
0.000000
0.000000
0.000000
0.000000
0.000000
0.171351
0.000000
0.000000
0.000002
0.000032
0.000000
0.018803
0.000772
0.002826
0.000000
0.000018
0.000000
0.001544
0.000753
0.000000
0.547884
0.184595
0.000000
0.000000
0.000000
0.000000
0.000002
0.950120
0.000000
0.000000
0.000000
0.000000
0.000000
0.000013
0.000751
0.000000
0.000000
0.000000
0.000000
0.000000
0.010186
0.001031
0.000000
0.000000
0.000000
0.002699
0.110603
0.000000
0.000056
0.000000
0.000000
0.000000
0.737873
0.000000
0.000000
0.000000
0.000000
0.012928
0.000000
0.000009
0.000000
0.000000
0.000040
0.000000
0.092954
0.000000
0.000000
0.000000
0.000000
0.000000
0.000000
0.014626
0.000000
0.002519
0.000000
0.000000
0.000000
0.000000
0.000000
0.000000
0.000000
0.225848
0.066547
0.000000
0.000000
0.000000
0.000000
0.000000
0.000000
0.000000
0.000000
0.013797
0.000013
0.000000
0.000000
0.000000
0.000000
0.000000
0.000000
0.000004
0.006086
0.000000
0.000000
0.000000
0.000000
0.000000
0.000000
0.000000
0.000000
0.000000
0.276530
0.000000
0.000000
0.000000
0.982792
0.000000
0.000000
0.000000
0.000000
0.000000
0.000045
0.000002
0.010774
0.000194
0.000000
0.000000
0.001554
0.000000
0.000107
0.000000
0.000000
0.000000
0.000000
0.000000
0.000002
0.000000
0.028121
0.000000
0.014382
0.000013
0.000000
0.000000
0.000000
0.000000
0.000000
0.000000
0.000048
0.000000
0.000000
0.000000
0.000000
0.000000
0.000000
0.000000
0.000000
0.000021
0.000000
0.000018
0.000000
0.000000
0.000000
0.000000
0.000000
0.031837
0.000000
0.000000
0.000000
0.000000
0.000000
0.000000
0.000000
0.000000
0.000000
0.000000
0.000000
0.000000
0.000000
0.999997
0.000000
0.000006
0.000000
0.000000
0.000000
0.000000
0.000000
0.000000
0.000000
0.000000
0.209908
0.000000
0.000000
0.000000
0.000000
0.005629
0.000000
0.000000
0.000000
0.000000
0.000000
0.175669
0.000000
0.006357
0.000000
0.000000
0.000000
0.004073
0.000000
0.000188
0.000000
0.000000
0.000000
0.000000
0.000000
0.000000
0.000000
0.000000
0.000000
0.000000
0.000000
0.000000
0.000000
0.000000
0.000000
0.000000
0.000000
0.000402
0.099912
0.000676
0.000000
0.000000
0.000000
0.000000
0.000000
0.000000
0.000000
0.000402
0.040631
0.000000
0.000000
0.000000
0.000000
0.178367
0.000385
0.000000
0.010337
0.000000
0.044291
0.117405
0.000000
0.000000
0.000000
0.030282
0.013999
0.000000
0.000000
0.000000
0.000000
0.000515
0.083314
0.000000
0.000000
0.000000
0.000000
0.000000
0.000000
0.000000
0.000000
0.000000
0.685106
0.000000
0.000000
0.000177
0.000000
0.000000
0.571587
0.000000
0.015244
0.000008
0.000281
0.000000
0.000000
0.000000
0.000000
0.000000
0.000000
0.000000
0.000000
0.000000
0.084272
0.000000
0.000000
0.000000
0.000000
0.000000
0.000050
0.000000
0.000000
0.000000
0.000000
0.000000
0.008239
0.000000
0.003059
0.000000
0.000000
0.000000
0.000000
0.000000
0.000000
0.000000
0.000000
0.000000
0.015384
0.000000
0.000000
0.000000
0.000000
0.041303
0.000000
0.000000
0.001770
0.637222
0.988456
0.000000
0.000000
0.004572
0.000000
0.013011
0.052687
0.000001
0.025207
0.000000
0.000005
0.000000
0.090678
0.000000
0.000000
0.000000
0.000000
0.000000
0.002391
0.000002
0.000005
0.000000
0.000000
0.000603
0.000000
0.000007
0.000000
0.000000
0.000000
0.000000
0.000000
0.000000
0.000000
0.000000
0.000265
0.000000
0.000000
0.000000
0.000000
0.000000
0.706877
0.000000
0.001176
0.000000
0.112306
0.000000
0.000000
0.004154
0.000000
0.000000
0.255587
0.000000
0.333332
0.000000
0.000000
0.000000
0.000000
0.000000
0.000000
0.000000
0.000000
0.000000
0.000000
0.000000
0.000000
0.000000
0.000320
0.000000
0.000000
0.000000
0.000000
0.000000
0.000000
0.000178
0.000000
0.036935
0.000000
0.000000
0.001275
0.000000
0.000000
0.000000
0.000000
0.000000
0.282479
0.000000
0.000000
0.002826
0.000000
0.000000
0.000000
0.000000
0.022260
0.000000
0.000000
0.037647
0.000000
0.000000
0.000001
0.000000
0.000001
0.000000
0.000000
0.000333
0.000000
0.000000
0.000000
0.000000
0.000000
0.000000
0.000000
0.000000
0.000012
0.000516
0.000000
0.000000
0.000000
0.000000
0.000000
0.000000
0.000000
0.003379
0.000000
0.000000
0.000023
0.006471
0.000000
0.184021
0.036828
0.005904
0.000000
0.000000
0.000000
0.000000
0.000000
0.000000
0.000000
0.000000
0.000000
0.007307
0.000000
0.000000
0.000000
0.000000
0.000000
0.000000
0.000000
0.022993
0.000000
0.000000
0.000000
0.000000
0.000000
0.000000
0.000314
0.000000
0.000000
0.000006
0.000000
0.000150
0.000000
0.024997
0.796349
0.000000
0.564222
0.000000
0.000000
0.000000
0.000000
0.000000
0.000000
0.004474
0.000000
0.000000
0.863744
0.000000
0.000000
0.000000
0.000000
0.000000
0.000000
0.000000
0.000000
0.001063
0.000000
0.000000
0.000000
0.059530
0.000000
0.000004
0.000000
0.000000
0.000000
0.000000
0.000000
0.000000
0.000000
0.000000
0.000000
0.000000
0.000000
0.000000
0.000000
0.000000
0.000000
0.770043
0.000000
0.000000
0.000000
0.000000
0.000000
0.000000
0.000000
0.000000
0.000000
0.000000
0.000000
0.000000
0.000001
0.000000
0.000000
0.000000
0.104483
0.000464
0.000000
0.000761
0.000012
0.000000
0.000000
0.000000
0.000000
0.180943
0.236398
0.000001
0.017147
0.000000
0.000000
0.000000
0.000000
0.000000
0.000000
0.000000
0.000000
0.000000
0.000000
0.000000
0.020971
0.000011
0.000000
0.000000
0.000000
0.000000
0.000000
0.000000
0.000523
0.000000
0.000000
0.000000
0.000055
0.000000
0.000000
0.000000
0.000000
0.000024
0.000000
0.000024
0.000000
0.000000
0.000000
0.000000
0.000000
0.000000
0.000000
0.052751
0.000000
0.434526
0.000000
0.000000
0.000000
0.000047
0.000000
0.000000
0.000000
0.046824
0.000000
0.000000
0.001529
0.082786
0.000000
0.000000
0.000000
0.001682
0.153686
0.000000
0.199871
0.000000
0.000113
0.000000
0.000000
0.576105
0.004526
0.000000
0.000000
0.862687
0.000000
0.000000
0.000000
0.000000
0.000000
0.000151
0.000000
0.000000
0.000377
0.000619
0.000000
0.000000
0.000000
0.000923
0.000000
0.000016
0.000000
0.000000
0.000000
0.000000
0.022602
0.000000
0.000000
0.000000
0.000000
0.000000
0.000000
0.000000
0.000000
0.000000
0.020227
0.000000
0.012979
0.000000
0.000000
0.000000
0.000000
0.000000
0.000000
0.000000
0.000000
0.000003
0.000000
0.000000
0.000000
0.039205
0.018525
0.000000
0.000000
0.000000
0.005308
0.000000
0.000000
0.000000
0.000000
0.000000
0.000000
0.132812
0.000000
0.000000
0.267593
0.000000
0.000000
0.000000
0.000000
0.000000
0.000837
0.000000
0.000011
0.000000
0.000000
0.000000
0.000000
0.024598
0.022992
0.000000
0.000000
0.000000
0.000000
0.000000
0.000000
0.000000
0.001863
0.000006
0.000000
0.000000
0.000002
0.000000
0.104481
0.000000
0.000916
0.000025
0.000076
0.011544
0.912191
0.000000
0.000085
0.000000
0.000000
0.000000
0.000002
0.000000
0.000000
0.000000
0.000000
0.000000
0.000000
0.000000
0.000000
0.000000
0.000000
0.000000
0.000000
0.000000
0.000000
0.000392
0.000000
0.000000
0.000000
0.060389
0.017144
0.000000
0.000000
0.000000
0.000000
0.000000
0.000071
0.000000
0.000000
0.000000
0.000000
0.000000
0.000000
0.000095
0.000000
0.000000
0.007330
0.000000
0.000000
0.000000
0.000000
0.000000
0.000001
0.000000
0.000000
0.000000
0.000019
0.000000
0.000000
0.000000
0.006790
0.000000
0.000039
0.037290
0.000000
0.999999
0.000000
0.000000
0.000000
0.004518
0.999661
0.000000
0.014407
0.000000
0.000001
0.086981
0.000000
0.000000
0.000465
0.000000
0.000000
0.000000
0.000000
0.043681
0.000000
0.000000
0.000828
0.000166
0.000000
0.023843
0.001339
0.024924
0.655172
0.681508
0.000000
0.000739
0.007405
0.000000
0.000000
0.048490
0.022515
0.000000
0.000000
0.000000
1.000000
0.000000
0.000000
0.000000
0.995644
0.546498
0.000000
0.000047
0.313405
0.000000
0.000000
0.000000
0.000000
0.000000
0.000000
0.000000
0.216590
0.000000
0.000000
0.000000
0.000505
0.000000
0.000000
0.000176
0.000750
0.000000
0.000000
0.000000
0.354810
0.000000
0.000000
0.000000
0.000000
0.000000
0.000000
0.000000
0.000000
0.000000
0.000000
0.000000
0.003057
0.000000
0.000000
0.019627
0.002005
0.000000
0.024468
0.000000
0.000000
0.991420
0.000000
0.000000
0.491826
0.000000
0.009637
0.000000
0.000000
0.000072
0.000000
0.000000
0.000000
0.000000
0.000000
0.000000
0.000000
0.009838
0.000000
0.000000
0.001124
0.015537
0.000000
0.000000
0.000000
0.000000
0.000000
0.000000
0.084933
0.712872
0.000000
0.567382
0.000000
0.000000
0.000000
0.000000
0.000000
0.000000
0.000000
0.000000
0.000000
0.000000
0.000000
0.000000
0.000000
0.023928
0.003893
0.000000
0.000000
0.040061
0.000000
0.000000
0.000031
0.000000
0.000000
0.000000
0.000000
0.000000
0.000000
0.000000
0.000000
0.000000
0.000000
0.000000
0.000000
0.000000
0.000000
0.000000
0.000000
0.950445
0.000000
0.000000
0.000000
0.000000
0.000000
0.000000
0.000112
0.881908
0.000000
0.000000
0.000000
0.023743
0.000000
0.001174
0.000000
0.010748
0.000000
0.000758
0.000000
0.000000
0.000000
0.000000
0.000000
0.000000
0.000000
0.000000
0.000000
0.000000
0.000000
0.000000
0.000000
0.000000
0.798765
0.000000
0.000000
0.000000
0.001708
0.000000
0.001986
0.000000
0.000000
0.000000
0.000162
0.000000
0.000000
0.000000
0.000000
0.993133
0.000000
0.000000
0.000000
0.000000
0.000050
0.000000
0.000000
0.000000
0.000000
0.000000
0.000000
0.000000
0.000000
0.000000
0.000000
0.000000
0.000000
0.000000
0.000447
0.000000
0.000000
0.000000
0.000000
0.000000
0.999993
0.000670
0.000781
0.123497
0.036333
0.000000
0.000000
0.000000
0.000000
0.000000
0.612436
0.000668
0.105313
0.000000
0.020198
0.000000
0.000007
0.000610
0.000000
0.000000
0.000000
0.000000
0.000000
0.000000
0.000000
0.000000
0.000015
0.000000
0.000000
0.103119
0.000000
0.000000
0.061563
0.000000
0.000000
0.007797
0.009623
0.000000
0.000000
0.000000
0.000000
0.000000
0.194077
0.000002
0.000000
0.000007
0.000000
0.000000
0.000000
0.000000
0.000004
0.000000
0.000000
0.000000
0.000075
0.002588
0.000000
0.000000
0.000027
0.000000
0.000000
0.000000
0.145828
0.265267
0.020639
0.000000
0.000000
0.000000
0.996947
0.000000
0.000000
0.000000
0.874250
0.999990
0.000456
0.000000
0.000000
0.007036
0.000000
0.000009
0.000000
0.000000
0.000000
0.000000
0.000000
0.000000
0.000000
0.000000
0.000000
0.000000
0.000000
0.000000
0.001018
0.000000
0.000000
0.000000
0.000000
0.000000
0.000000
0.000000
0.000000
0.000000
0.127543
0.000000
0.000000
0.000000
0.604265
0.060447
0.000000
0.000000
0.000000
0.000000
0.000000
0.000000
0.000000
0.000627
0.000126
0.000000
0.009265
0.000000
0.005651
0.000000
0.000000
0.000000
0.000000
0.000299
0.000000
0.000000
0.000000
0.905979
0.000000
0.000000
0.000000
0.000000
0.000000
0.001884
0.000000
0.000000
0.047641
0.001172
0.000000
0.000000
0.000000
0.999998
0.000000
0.000000
0.000000
0.000000
0.000000
0.000000
0.000676
0.000000
0.000000
0.550521
0.000000
0.000000
0.000000
0.007610
0.000007
0.770435
0.995905
0.005729
0.000000
0.000000
0.000000
0.000000
0.000000
0.000000
0.000000
0.000000
0.000000
0.000000
0.000000
0.000000
0.000052
0.078880
0.000395
0.001204
0.000028
0.005588
0.137118
0.000000
0.178891
0.039976
0.000000
0.000000
0.000000
0.005350
0.000000
0.152410
0.000000
0.000536
0.000053
0.013106
0.130238
0.000000
0.000000
0.000000
0.000000
0.000000
0.000075
0.000000
0.000118
0.000000
0.000000
0.000000
0.000000
0.000000
0.000000
0.000000
0.000000
0.000000
0.000000
0.000000
0.000000
0.000141
0.000000
0.000000
0.000000
0.984643
0.000000
0.000000
0.000000
0.000000
0.000000
0.000000
0.000000
0.000000
0.000000
0.102617
0.000000
0.000000
0.000000
0.000000
0.015872
0.000000
0.000000
0.003473
0.000000
0.000000
0.000000
0.000000
0.674042
0.029597
0.031293
0.029550
0.000001
0.000000
0.000000
0.000000
0.000000
0.024652
0.000000
0.000000
0.000000
0.000026
0.271117
0.000000
0.000000
0.000227
0.000000
0.000000
0.000000
0.081279
0.000000
0.000000
0.000000
0.000000
0.000000
0.000001
0.000000
0.000000
0.000000
0.000000
0.000000
0.000000
0.000000
0.000000
0.000411
0.000000
0.000000
0.000000
0.000036
0.000000
0.000000
0.000000
0.000000
0.000000
0.000000
0.000000
0.000000
0.005219
0.000000
0.000000
0.000000
0.000000
0.000000
0.000000
0.000000
0.000000
0.003134
0.000000
0.000000
0.014469
0.000000
0.000000
0.000000
0.000000
0.000000
0.000000
0.000000
0.000000
0.000000
0.699531
0.000000
0.000000
0.000000
0.000000
0.023128
0.000000
0.000002
0.002530
0.000000
0.000000
0.000000
0.000000
0.000000
0.000000
0.000000
0.000000
0.000000
0.000000
0.000000
0.000000
0.000000
0.016532
0.000000
0.000000
0.000000
0.000000
0.000000
0.000000
0.000000
0.000000
0.000000
0.000008
0.176620
0.000000
0.000000
0.013429
0.000000
0.000000
0.000000
0.000000
0.000000
0.000000
0.000000
0.000000
0.000000
0.000000
0.000000
0.000000
0.000000
0.000290
0.000000
0.001217
0.006587
0.000000
0.018637
0.000000
0.000000
0.000000
0.000000
0.000000
0.000000
0.000000
0.000000
0.000000
0.000000
0.000000
0.000000
0.000000
0.000000
0.000000
0.000000
0.000000
0.000000
0.000000
0.000000
0.000000
0.000057
0.000000
0.000000
0.000000
0.000000
0.000000
0.000000
0.000071
0.015757
0.000005
0.000000
0.000000
0.000000
0.000000
0.000000
0.000000
0.000000
0.000000
0.000000
0.000000
0.000000
0.000000
0.091185
0.000000
0.000000
0.000000
0.000000
0.000001
0.000000
0.000000
0.000000
0.000000
0.000000
0.000000
0.000000
0.000001
0.000000
0.000000
0.000295
0.000000
0.000000
0.000000
0.000000
0.000000
0.001547
0.000000
0.000415
0.000000
0.000000
0.000000
0.000000
0.000000
0.001124
0.000000
0.096168
0.000000
0.000000
0.000000
0.000000
0.000000
0.000000
0.000000
0.000000
0.000000
0.000000
0.000051
0.000000
0.000000
0.000000
0.000000
0.000000
0.000050
0.002597
0.000000
0.000000
0.000000
0.036141
0.072434
0.000000
0.012367
0.000000
0.000000
0.000000
0.000000
0.000000
0.000000
0.000000
0.000000
0.000000
0.000000
0.000000
0.971266
0.000000
0.013629
0.000000
0.000000
0.008629
0.000000
0.000964
0.000000
0.844881
0.000000
0.000000
0.000000
0.000000
0.000000
0.000000
0.000000
0.000000
0.000000
0.000000
0.000000
0.000000
0.000000
0.000000
0.000000
0.130468
0.000000
0.000307
0.000000
0.016111
0.000000
0.002067
0.000000
0.000000
0.059038
0.000000
0.000000
0.000000
0.003933
0.000000
0.000000
0.000000
0.000000
0.000000
0.000000
0.000000
0.007139
0.000000
0.000000
0.000000
0.000000
0.001978
0.000020
0.000000
0.000000
0.000000
0.000000
0.000000
0.000000
0.000000
0.029109
0.001590
0.000000
0.000000
0.000000
0.000000
0.000000
0.000000
0.000000
0.000000
0.000000
0.000000
0.000000
0.681586
0.022446
0.000000
0.000000
0.000000
0.000339
0.000000
0.002128
0.015594
0.001121
0.001669
0.000000
0.000000
0.002570
0.000000
0.000000
0.000000
0.000000
0.000000
0.000000
0.000000
0.000000
0.000000
0.000000
0.000000
0.000011
0.000041
0.000265
0.000000
0.000094
0.000000
0.761501
0.000000
0.000000
0.000000
0.000000
0.016467
0.000000
0.000000
0.000000
0.000000
0.000000
0.000000
0.000000
0.000000
0.000000
0.000000
0.000000
0.000000
0.000000
0.052214
0.000000
0.000000
0.000000
0.000000
0.000000
0.000000
0.000000
0.000000
0.003961
0.005039
0.000000
0.000000
0.000000
0.000000
0.000000
0.000119
0.000000
0.000000
0.000371
0.055730
0.000000
0.000067
1.000000
0.000000
0.000000
0.000000
0.000000
0.035293
0.000000
0.000049
0.000000
0.000000
0.000000
0.000000
0.000000
0.439368
0.608189
0.000000
0.000000
0.000000
0.004926
0.000000
0.000000
0.000000
0.000000
0.000000
0.000000
0.000000
0.000000
0.000000
0.000001
0.000000
0.000000
0.000000
0.000000
0.000000
0.000000
0.000000
0.000000
0.000788
0.000000
0.000000
0.000000
0.000000
0.000000
0.000000
0.000000
0.000110
0.264145
0.000000
0.000000
0.000000
0.000000
0.000206
0.000000
0.001039
0.000000
0.000000
0.000000
0.000000
0.000000
0.000000
0.004108
0.000000
0.000000
0.000000
0.000000
0.000017
0.000000
0.000018
0.007859
0.001057
0.000000
0.000000
0.000000
0.000000
0.000000
0.000000
0.004440
0.000000
0.000000
0.000000
0.000000
0.022468
0.000000
0.000000
0.856501
0.000000
0.000000
0.000000
0.000000
0.000000
0.016265
0.000000
0.000000
0.000000
0.000000
0.000000
0.000000
0.000000
0.000000
0.000000
0.000000
0.000000
0.000531
0.000000
0.000000
0.000000
0.000000
0.000000
0.000067
0.000000
0.000000
0.001436
0.000000
0.000003
0.000000
0.000000
0.000000
0.000000
0.022416
0.000000
0.000000
0.000000
0.000000
0.000000
0.001622
0.000000
0.000000
0.012698
0.000000
0.000000
0.000000
0.000000
0.000000
0.000000
0.000000
0.000000
0.000000
0.000000
0.000000
0.805064
0.000000
0.000000
0.028386
0.000000
0.936075
0.000000
0.000000
0.000000
0.862418
0.000000
0.000000
0.000000
0.000000
0.000000
0.000000
0.000000
0.000000
0.000000
0.002832
0.000000
0.000000
0.378881
0.000000
0.001244
0.000000
0.000000
0.000000
0.046781
0.000000
0.000000
0.000000
0.000084
0.000000
0.000000
0.000000
0.000000
0.000000
0.000689
0.000000
0.000000
0.000000
0.000000
0.000000
0.000000
0.000000
0.000000
0.000000
0.000000
0.000013
0.000000
0.000000
0.002051
0.000000
0.002256
0.000000
0.000000
0.003291
0.000000
0.000000
0.000000
0.000000
0.965843
0.032967
0.341725
0.089873
0.000000
0.000000
0.000000
0.000000
0.004445
0.000000
0.000631
0.000000
0.000000
0.000000
0.008641
0.000000
0.000000
0.000000
0.000925
0.170317
0.000000
0.048417
0.000000
0.000000
0.000140
0.000000
0.000000
0.000000
0.000000
0.003280
0.000000
0.000431
0.001702
0.000000
0.000000
0.000015
0.000000
0.000000
0.000000
0.134129
0.000089
0.000000
0.000000
0.000000
0.000000
0.000000
0.000000
0.000000
0.000000
0.000000
0.000000
0.000000
0.101043
0.000000
0.003305
0.003411
0.001081
0.000000
0.000000
0.000000
0.000000
0.000000
0.000084
0.009474
0.000000
0.000000
0.000000
0.000000
0.000048
0.000000
0.002944
0.000000
0.003111
0.000000
0.000000
0.000000
0.000000
0.000000
0.629203
0.000000
0.000000
0.012212
0.000000
0.000000
0.035999
0.000000
0.000000
0.000000
0.000000
0.000000
0.000002
0.269421
0.000000
0.455802
0.000290
0.000000
0.000000
0.000000
0.000000
0.000000
0.000000
0.000000
0.000000
0.000000
0.000000
0.188128
0.000000
0.000000
0.000000
0.000000
0.123101
0.030354
0.001392
0.095142
0.000043
0.054935
0.000000
0.000002
0.066006
0.000000
0.000000
0.000107
0.000000
0.000000
0.000000
0.003190
0.000000
0.000000
0.000000
0.000000
0.000000
0.000000
0.000000
0.000000
0.000000
0.000000
0.400627
0.000000
0.000000
0.000000
0.000000
0.061543
0.006392
0.000000
0.000000
0.000000
0.000005
0.006315
0.000000
0.000000
0.000000
0.000000
0.000000
0.000000
0.000002
0.000000
0.000000
0.000000
0.000000
0.113220
0.000000
0.000000
0.000000
0.000000
0.000000
0.000000
0.000000
0.000000
0.000000
0.000000
0.455615
0.000000
0.000000
0.000000
0.000000
0.031313
0.000000
0.000005
0.000000
0.000000
0.000000
0.000767
0.000000
0.000000
0.000000
0.000000
0.000000
0.000000
0.000000
0.000056
0.245177
0.438491
0.000000
0.000000
0.000000
0.000000
0.000000
0.000000
0.000000
0.009948
0.000000
0.000000
0.000000
0.000000
0.000000
0.000000
0.000000
0.226569
0.720227
0.000000
0.000000
0.000000
0.014647
0.000095
0.000000
0.000000
0.000000
0.000000
0.000000
0.000000
0.000002
0.185011
0.000000
0.027861
0.000000
0.000000
0.000000
0.000086
0.000000
0.002179
0.000000
0.000000
0.000000
0.002912
0.000000
0.488990
0.000000
0.000000
0.043638
0.000000
0.000000
0.000000
0.000000
0.000000
0.000000
0.002820
0.000000
0.000000
0.015634
0.000046
0.000000
0.000000
0.000000
0.000000
0.000000
0.001095
0.018066
0.000000
0.001859
0.000000
0.000000
0.000000
0.000000
0.001738
1.000000
0.000000
0.000000
0.000000
0.564276
0.000000
0.000000
0.000000
0.054701
0.000000
0.000454
0.000000
0.000000
0.000000
0.000000
0.000000
0.773614
0.000000
0.000000
0.000000
0.000642
0.000000
0.000422
0.000000
0.227090
0.146800
0.000000
0.000000
0.000000
0.000000
0.000000
0.000000
0.005107
0.000000
0.000015
0.000000
0.026991
0.000000
0.000000
0.000000
0.000000
0.000000
0.038087
0.000000
0.000000
0.093503
0.000129
0.000000
0.000000
0.000000
0.047056
0.000000
0.000000
0.000000
0.000000
0.000000
0.000000
0.000000
0.040451
0.000000
0.005418
0.002957
0.277736
0.000000
0.000000
0.000000
0.000000
0.000000
0.000000
0.000000
0.000000
0.000000
0.000000
0.000595
0.000000
0.000000
0.000000
0.000000
0.000000
0.000000
0.001764
0.000000
0.000000
0.000000
0.000000
0.021384
0.000000
0.000000
0.000000
0.000000
0.091875
0.000000
0.000000
0.000000
0.000337
0.000000
0.000000
0.000000
0.000000
0.000010
0.000000
0.585145
0.000000
0.000000
0.002360
0.777630
0.000000
0.000000
0.000000
0.000162
0.051580
0.000000
0.000000
0.001177
0.000597
0.000000
0.000132
0.000000
0.000000
0.000000
0.000000
0.000000
0.000000
0.001868
0.000000
0.002249
0.000000
0.000000
0.000000
0.000000
0.000000
0.086818
0.000000
0.000000
0.000764
0.000000
0.000000
0.000000
0.000000
0.000000
0.000000
0.004849
0.000000
0.000000
0.000000
0.004618
0.000000
0.000001
0.020273
0.000000
0.000001
0.000000
0.831509
0.012544
0.003545
0.000000
0.000000
0.000000
0.006192
0.000000
0.000000
0.000000
0.045474
0.332314
0.021543
0.000000
0.052082
0.000000
0.000000
0.000000
0.000000
0.000000
0.002594
0.035925
1.000000
0.000000
0.000000
0.000000
0.000000
0.000000
0.000149
0.000000
0.000000
0.000000
0.000000
0.000000
0.000000
0.000000
0.000000
0.000000
0.000000
0.000000
0.002868
0.000000
0.218250
0.000000
0.006219
0.009619
0.000000
0.000000
0.056938
0.000000
0.000000
0.118631
0.000954
0.000000
0.119305
0.000000
0.000000
0.000000
0.000000
0.000000
0.000000
0.000000
0.000000
0.000000
0.000000
0.000000
0.000000
0.000000
0.196960
0.000000
0.000000
0.022774
0.000000
0.001104
0.000000
0.000000
0.000000
0.000000
0.000000
0.000000
0.000000
0.000000
0.000207
0.000000
0.122667
0.000000
0.000000
0.000000
0.230685
0.000000
0.000000
0.000000
0.000000
0.000000
0.000000
0.000000
0.000000
0.000000
0.292128
0.000000
0.000000
0.000000
0.004410
0.000000
0.000000
0.000000
0.000000
0.257635
0.000000
0.000000
0.000000
0.000000
0.000000
0.000000
0.000000
0.000000
0.000000
0.000000
0.056857
0.225762
0.123174
0.000000
0.000000
0.000000
0.000000
0.000000
0.015310
0.000000
0.000000
0.019088
0.999861
0.000000
0.000000
0.011899
0.000000
0.020183
0.000092
0.000000
0.000000
0.000000
0.000000
0.000167
0.000000
0.000000
0.000000
0.000000
0.000000
0.085929
0.000000
0.000000
0.002569
0.000000
0.000000
0.000000
0.000000
0.000000
0.000000
0.000000
0.000031
0.000000
0.000000
0.000000
0.000000
0.008410
0.000000
0.000000
0.140004
0.000000
0.000029
0.000000
0.139605
0.000000
0.000000
0.000000
0.000000
0.000000
0.000000
0.000000
0.000000
0.000000
0.000000
0.000000
0.000000
0.000161
0.000000
0.000000
0.000000
0.000000
0.000000
0.000000
0.000000
0.000000
0.000000
0.000000
0.000000
0.000644
0.000000
0.000000
0.001055
0.000000
0.000011
0.000000
0.000000
0.060944
0.212048
0.000000
0.000000
0.000000
0.000000
0.475441
0.000000
0.000000
0.000000
0.032330
0.000000
0.000000
0.000000
0.000000
0.002620
0.000000
0.000000
0.000000
0.000036
0.000000
0.663445
0.000822
0.000000
0.000000
0.202596
0.000000
0.000000
0.000000
0.000000
0.000000
0.000000
0.000000
0.000000
0.000000
0.000000
0.638934
0.000000
0.000000
0.000000
0.000000
0.000000
0.000186
0.000000
0.000000
0.000116
0.000000
0.000000
0.000233
0.000000
0.000000
0.012342
0.189676
0.075031
0.015953
0.000000
0.000000
0.000000
0.000018
0.000000
0.000000
0.000000
0.000000
0.037547
0.000000
0.000000
0.000034
0.154935
0.000000
0.000000
0.000000
0.000727
0.000000
0.000000
0.000000
0.000000
0.000000
0.000000
0.006216
0.000000
0.000000
0.000000
0.000000
0.000000
0.000000
0.000000
0.000000
0.000000
0.000000
0.001275
0.000000
0.000000
0.000000
0.000000
0.000000
0.022738
0.000000
0.000000
0.000000
0.000000
0.000000
0.003505
0.000000
0.000000
0.000000
0.000000
0.000000
0.000000
0.000000
0.000028
0.000000
0.000687
0.000000
0.002022
0.000000
0.000000
0.016563
0.000000
0.000000
0.000000
0.000002
0.001156
0.000000
0.000000
0.000000
0.000000
0.000000
0.000000
0.000000
0.000000
0.000194
0.000000
0.000000
0.489218
0.000000
0.000066
0.000000
0.000000
0.000000
0.000000
1.000000
0.000000
0.000000
0.000000
0.000000
0.000138
0.000000
0.164033
0.000004
0.000000
0.000082
0.000000
0.000000
0.000000
0.000000
0.000000
0.005053
0.000000
0.002351
0.000000
0.018504
0.000000
0.000000
0.000000
0.205891
0.008618
0.024397
0.000000
0.000000
0.000000
0.000000
0.000000
0.686503
0.000427
0.000000
0.000145
0.000000
0.000000
0.000000
0.000000
0.000000
1.000000
0.000000
0.000000
0.000000
0.000000
0.000000
0.000000
0.000000
0.000000
0.000000
0.000020
0.000000
0.000000
0.000000
0.000000
0.000000
0.000000
0.000000
0.000000
0.000000
0.000015
0.000000
0.000000
0.010636
0.000000
0.000000
0.000000
0.000164
0.000000
0.000000
0.000000
0.000530
0.000000
0.158496
0.000000
0.000000
0.000000
0.003506
0.000000
0.008923
0.000000
0.000000
0.000000
0.000000
0.000003
0.000727
0.405874
0.000000
0.000000
0.000000
0.506265
0.000000
0.000000
0.000000
0.170892
0.000000
0.002115
0.009555
0.004617
0.000158
0.566438
0.000000
0.000000
0.000000
0.000000
0.000000
0.367240
0.000000
0.001439
0.000000
0.000000
0.000832
0.000000
0.000000
0.075027
0.000000
0.000000
0.000000
0.013360
0.000000
0.000000
0.000000
0.000000
0.000000
0.000000
0.000000
0.015815
0.270288
0.000000
0.000000
0.000476
0.000000
0.000000
0.000000
0.000000
0.013674
0.000000
0.000000
0.000000
0.000000
0.000000
0.000000
0.109952
0.000000
0.000000
0.079992
0.000000
0.000000
0.000000
0.926020
0.279045
0.000000
0.000000
0.000000
0.000000
0.000175
0.022960
0.000000
0.000000
0.000000
0.000000
0.000056
0.135104
0.000000
0.000000
0.000000
0.000000
0.000000
0.000000
0.099485
0.000000
0.000000
0.010396
0.000000
0.000674
0.000000
0.000000
0.000000
0.000000
0.000000
0.000000
0.000000
0.000000
0.000000
0.000000
0.090173
0.000000
0.000000
0.698876
0.000000
0.000000
0.000000
0.001144
0.000000
0.001197
0.000601
0.000000
0.395653
0.000000
0.000000
0.000000
0.000000
0.000000
0.000000
0.906916
0.000000
0.000000
0.000000
0.000000
0.000000
0.000000
0.000000
0.000000
0.000000
0.000001
0.000000
0.000000
0.000000
0.045874
0.000000
0.000000
0.000000
0.000000
0.000001
0.005113
0.000000
0.000000
0.000000
0.002624
0.000000
0.000000
0.000000
0.000000
0.000000
0.000000
0.000000
0.000001
0.000000
0.000000
0.253201
0.000000
0.000000
0.000000
0.000000
0.003476
0.000513
0.000000
0.000008
0.000002
0.000000
0.001580
0.000000
0.000000
0.000022
0.000000
0.000000
0.000000
0.000000
0.000000
0.003131
0.000000
0.000031
0.000000
0.000000
0.000000
0.000000
0.000000
0.000000
0.000085
0.000000
0.000000
0.000000
0.000000
0.000000
0.000000
0.999971
0.000000
0.000000
0.000000
0.000006
0.000000
0.000000
0.000000
0.000000
0.000076
0.000000
0.000000
0.001248
0.000000
0.000000
0.000000
0.000000
0.000000
0.000000
0.000000
0.000000
0.000000
0.000000
0.427869
0.000003
0.000000
0.000000
0.000000
0.000000
0.000000
0.000003
0.000000
0.000000
0.000000
0.232038
0.000000
0.000000
0.001135
0.000000
0.000000
0.000000
0.000000
0.000000
0.058781
0.010783
0.000000
0.000160
0.000000
0.000000
0.000000
0.000000
0.000000
0.000234
0.000000
0.000428
0.000000
0.000000
0.000000
0.000000
0.000000
0.000002
0.000000
0.000000
0.000000
0.035302
0.000000
0.000000
0.000000
0.000000
0.000000
0.000000
0.001232
0.000000
0.000000
0.000000
0.000000
0.000000
0.096036
0.000000
0.000775
0.000000
0.001371
0.000000
0.003747
0.124208
0.000000
0.434549
0.000000
0.000000
0.000000
0.000000
0.000000
0.000000
0.000000
0.000073
0.653938
0.000000
0.000000
0.000952
0.000000
0.000000
0.000000
0.000000
0.000000
0.000000
0.001392
0.000000
0.000000
0.028340
0.000000
0.000000
0.000000
0.000000
0.000000
0.219069
0.000000
0.235525
0.000001
0.143730
0.000000
0.917287
0.000000
0.000000
0.000000
0.000000
0.000649
1.000000
0.000000
0.000622
0.000157
0.000000
0.000000
0.000000
0.000000
0.000000
0.000000
0.000000
0.004557
0.000000
0.000000
0.000000
0.000000
0.000000
0.000000
0.000000
0.000000
0.118206
0.000004
0.000000
0.000000
0.077397
0.000000
0.000000
0.000052
0.000000
0.000000
0.063837
0.000000
0.000000
0.000000
0.000000
0.000000
0.000000
0.000000
0.000000
0.013804
0.000000
0.000000
0.000000
0.000000
0.058721
0.000000
0.000000
0.000000
0.000000
0.000000
0.000000
0.059491
0.000000
0.890822
0.000000
0.000000
0.000000
0.000007
0.002158
0.319675
0.918200
0.000000
0.183673
0.000000
0.000000
0.003824
0.000000
0.000000
0.000000
0.000000
0.000000
0.000000
0.000000
0.000000
0.000000
0.000000
0.000000
0.000000
0.000000
0.000000
0.000000
0.000000
0.000000
0.000000
0.000000
0.000629
0.000000
0.000000
0.000000
0.000000
0.000000
0.000000
0.000000
0.000000
0.000000
0.000000
0.000000
0.000000
0.000000
0.000000
0.000203
0.059451
0.000000
0.000000
0.000000
0.000000
0.000000
0.000000
0.000000
0.001356
0.000000
0.004666
0.000000
0.000000
0.000000
0.000000
0.000000
0.000000
0.000000
0.000000
0.000984
0.000000
0.000000
0.000259
0.000000
0.000000
0.000000
0.000000
0.003185
0.000000
0.962085
0.000000
0.000000
0.000000
0.000000
0.000000
0.000000
0.000581
0.000000
0.000001
0.000000
0.000000
0.000000
0.000000
0.000000
0.000000
0.000000
0.000000
0.000000
0.097643
0.000000
0.041580
0.000059
0.000000
0.000000
0.000000
0.000000
0.000000
0.000000
0.000000
0.031387
0.003923
0.000000
0.000000
0.000000
0.000000
0.002978
0.000000
0.000000
0.000000
0.000000
0.017340
0.000000
0.000000
0.029849
0.000000
0.001867
0.000000
0.000000
0.000000
0.000000
0.648311
0.000000
0.000000
0.566370
0.000000
0.000000
0.000000
0.000000
0.000000
0.011779
0.000000
0.000000
0.000000
0.000000
0.071665
0.074732
0.000000
0.000000
0.588535
0.000000
0.000005
0.000000
0.000000
0.000000
0.007372
0.000000
0.000000
1.000000
0.000000
0.135083
0.000099
0.000000
0.000000
0.034489
0.000000
0.000000
0.000000
0.000000
0.000000
0.000000
0.000000
0.000000
0.000000
0.000000
0.000000
0.000000
0.000000
0.206786
0.000000
0.000000
0.000000
0.000000
0.000000
0.000858
0.000000
0.069884
0.000000
0.000000
0.000000
0.000000
0.000001
0.000000
0.000224
0.000000
0.000000
0.000000
0.000000
0.000000
0.000000
0.000000
0.078623
0.000000
0.000000
0.999973
0.011471
0.000000
0.000000
0.000003
0.000000
0.000000
0.000000
0.000000
0.000000
0.000000
0.000000
0.735409
0.000000
0.000000
0.000000
0.000000
0.000000
0.000000
0.000000
0.000000
0.000000
0.000000
0.000000
0.000000
0.000000
0.000000
0.000000
0.005242
0.001229
0.827341
0.000000
0.000000
0.000000
0.000000
0.000000
0.000000
0.000000
0.000000
0.000000
0.000000
0.000000
0.000001
0.469301
0.000000
0.085017
0.000002
0.000000
0.004686
0.000000
0.000000
0.000000
0.000000
0.000658
0.972525
0.000000
0.000000
0.000000
0.000000
0.000000
0.000016
0.000001
0.006565
0.000000
0.000000
0.000000
0.000000
0.000000
0.000000
0.000001
0.000000
0.000000
0.145721
0.002580
0.000000
0.000000
0.000000
0.000000
0.000000
0.002178
0.000000
0.000000
0.000000
0.010190
0.000000
0.000000
0.000000
0.000000
0.000000
0.000000
0.000000
0.000000
0.002593
0.000000
0.000000
0.090749
0.000000
0.000000
0.000000
0.000000
0.000000
0.305309
0.000000
0.000053
0.091601
0.000939
0.210774
0.000000
0.000000
0.035433
0.000000
0.000000
0.000000
0.000000
0.000000
0.000000
0.000000
0.000000
0.000000
0.000000
0.000000
0.002533
0.000000
0.000000
0.000011
0.000000
0.107531
0.000000
0.000000
0.000000
0.000000
0.000000
0.000000
0.000000
0.000000
0.000000
0.000000
0.021119
0.000000
0.000000
0.000657
0.000000
0.000000
0.000026
0.000000
0.000000
0.000000
0.000000
0.002249
0.000000
0.000000
0.000000
0.000000
0.000000
0.542123
0.000000
0.000000
0.000000
0.000000
0.670006
0.000000
0.000000
0.066007
0.000000
0.000000
0.000000
0.000565
0.000007
0.047631
0.000000
0.000000
0.000000
0.000000
0.000000
0.000000
0.000000
0.000000
0.000000
0.000000
0.000000
0.000000
0.000000
0.000000
0.000000
0.000001
0.000000
0.000000
0.000000
0.000000
0.000005
0.000000
0.000000
0.000000
0.016555
0.000000
0.000007
0.018304
0.000000
0.000000
0.003909
0.026516
0.000000
0.000000
0.000000
0.000000
0.000000
0.000000
1.000000
0.000000
0.000000
0.000000
0.000000
0.000089
0.029966
0.000921
0.000012
0.000000
0.000000
0.000000
0.000000
0.000000
0.000002
0.000000
0.000000
0.004916
0.000001
0.000000
0.000000
0.000000
0.000000
0.000000
0.000000
0.000000
0.000000
0.000000
0.000000
0.000000
0.000000
0.000000
0.240083
0.005856
0.027803
0.000000
0.000000
0.000000
0.000000
0.000000
0.000000
0.000000
0.000000
0.000000
0.001329
0.000000
0.000000
0.000000
0.000000
0.000000
0.000000
0.000000
0.235956
0.000000
0.000000
0.000000
0.000000
0.000000
0.000956
0.000000
0.000000
0.000000
0.000000
0.000000
0.000000
0.000000
0.000000
0.000000
0.000000
0.418359
0.000000
0.000000
0.000000
0.000018
0.000000
0.066977
0.000000
0.000000
0.000000
0.000000
0.029907
0.000000
0.002454
0.000000
0.000000
0.000000
0.000000
0.000000
0.007663
0.000000
0.000000
0.000000
0.000000
0.000000
0.000000
0.000000
0.000000
0.025080
0.087880
0.000000
0.000554
0.000000
0.000000
0.000034
0.000000
0.000000
0.000000
0.000000
0.000988
0.000000
0.000000
0.000000
0.000000
0.000273
0.000000
0.000000
0.389827
0.005115
0.000000
0.000000
0.063978
0.000000
0.000000
0.000000
0.000000
0.000000
0.361058
0.000000
0.007356
0.000000
0.000047
0.000000
0.000000
0.000000
0.000000
0.001150
0.000000
0.012240
0.000000
0.000000
0.000000
0.000000
0.001655
0.150786
0.000000
0.000000
0.070923
0.000000
0.000000
0.000000
0.000000
0.000000
0.000000
0.000000
0.000000
0.000000
0.000000
0.000000
0.000000
0.000000
0.000000
0.006238
0.000237
0.000000
0.030640
0.000000
0.000000
0.000000
0.000000
0.000046
0.000000
0.000000
0.000000
0.000000
0.000183
0.000000
0.000000
0.000000
0.005863
0.000000
0.000000
0.000000
0.000179
0.000000
0.000000
0.000000
0.320027
0.000000
0.000000
0.073124
0.025607
0.000000
0.000000
0.000000
0.000000
1.000000
0.000116
0.000000
0.084313
0.000000
0.000000
0.000000
0.000000
0.000244
0.000000
0.003515
0.003063
0.000000
0.000000
0.000000
0.000000
0.000000
0.000000
0.000000
0.000000
0.000003
0.011947
0.000000
0.000000
0.000000
0.000000
0.000000
0.000000
0.000000
0.000000
0.000000
0.000000
0.000000
0.000000
0.000050
0.000000
0.000000
1.000000
0.000000
0.007750
0.000000
0.000007
0.000000
0.000000
0.000000
0.000000
0.000000
0.000000
0.000000
0.000000
0.000000
0.000000
0.000000
0.000000
0.000000
0.000000
0.000000
0.000000
0.000000
0.000000
0.000000
0.000000
0.000000
0.000000
0.206083
0.000000
0.000000
0.000022
0.000000
0.000000
0.000000
0.000003
0.000000
0.844382
0.000000
0.000000
0.000000
0.000000
0.000000
0.000000
0.000016
0.000000
0.000000
0.318015
0.000000
0.000000
0.000000
0.000000
0.004789
0.000010
0.481365
0.000000
0.008437
0.000000
0.000403
0.000000
0.000000
0.000002
0.000000
0.000000
0.000000
0.001549
0.000000
0.002310
0.000000
0.000000
0.000000
0.000000
0.000000
0.007453
0.000005
0.000000
0.000000
0.000000
0.000000
0.000000
0.255532
0.105214
0.000000
0.000000
0.015209
0.006100
0.000000
0.000000
0.000000
0.000025
0.000000
0.068535
0.000000
0.000000
0.000000
0.000000
0.000000
0.000395
0.000000
0.000000
0.000000
0.000000
0.000000
0.000227
0.000000
0.000000
0.000000
0.000000
0.000000
0.000000
0.970426
0.000015
0.005804
0.000000
0.001919
0.000000
0.000000
0.000000
0.000000
0.002013
0.000000
0.000000
0.000000
0.003189
0.000000
0.000000
0.000000
0.000000
0.000000
0.000000
0.000000
0.000000
0.000000
0.000000
0.000000
0.000000
0.229921
0.000000
0.000000
0.000024
0.267043
0.000000
0.038708
0.000000
0.000000
0.000000
0.000000
0.000000
0.000000
0.000000
0.000000
0.000000
0.000000
0.000000
0.000000
0.000000
0.000000
0.000000
0.000000
0.031335
0.000000
0.004998
0.015718
0.000000
0.000000
0.000000
0.000000
0.000000
0.000000
0.000000
0.000000
0.000000
0.000000
0.000000
0.474097
0.990162
0.004076
0.000000
0.000000
0.000000
0.000000
0.000000
0.000538
0.000000
0.000000
0.000000
0.000540
0.000000
0.000000
0.000000
0.001134
0.000000
0.000000
0.034693
0.000000
0.000000
0.000679
0.088979
0.000000
0.001046
0.146478
0.000246
0.000000
0.000000
0.000000
0.000000
0.000000
0.000000
0.000000
0.013626
0.000000
0.000000
0.000144
0.000000
0.000272
0.000000
0.000000
0.000000
0.000000
0.019773
0.306441
0.019837
0.000000
0.000000
0.000000
0.019228
0.000000
0.000473
0.093694
0.000000
0.000000
0.000069
0.000000
0.000811
0.000000
0.000000
0.000000
0.000000
0.000000
0.000000
0.000000
0.776960
0.000000
0.000000
0.000000
0.000000
0.000234
0.008100
0.000000
0.000000
0.000000
0.000000
0.000000
0.000000
0.000000
0.000000
0.000000
0.429161
0.000000
0.000000
0.000000
0.000000
0.000000
0.000000
0.000000
0.000000
0.009429
0.000000
0.000000
0.000000
0.000416
0.000013
0.000000
0.000000
0.000000
0.000037
0.000000
0.998969
0.000000
0.000000
0.000000
0.000000
0.000000
0.000000
0.025571
0.013286
0.000000
0.007894
0.000000
0.000000
0.000000
0.000000
0.000000
0.000000
0.000000
0.000000
0.000005
0.000000
0.000000
0.022475
0.000000
0.000000
0.000006
0.000000
0.000000
0.000000
0.000848
0.000000
0.000000
0.000000
0.000000
0.000000
0.468600
0.000000
0.088640
0.000000
0.092546
0.000000
0.000000
0.000000
0.000000
0.000000
0.000000
0.000000
0.000000
0.000000
0.138394
0.009519
0.000000
0.000000
0.000000
0.000000
0.000000
0.000000
0.000000
0.001357
0.009030
0.127471
0.022758
0.000000
0.000000
0.000000
0.527240
0.000000
0.000000
0.000000
0.000002
0.000000
0.000000
0.000000
0.000000
0.004393
0.000000
0.000000
0.000000
0.000000
0.000004
0.000000
0.000000
0.000000
0.980520
0.000000
0.000000
0.000000
0.000000
0.000000
0.000000
0.005965
0.000000
0.000000
0.000002
0.000000
0.000000
0.000000
0.000000
0.000000
0.017486
0.000000
1.000000
0.000000
0.000000
0.000000
0.003134
0.000000
0.000000
0.000000
0.000000
0.000000
0.000000
0.000000
0.000000
0.731450
0.000000
0.000000
0.000000
0.000000
0.000000
0.000000
0.252317
0.007509
0.000000
0.000230
0.057001
0.016512
0.000000
0.000000
0.000000
0.000000
0.000000
1.000000
0.007207
0.625011
0.148656
0.000001
0.000000
0.000000
0.000000
0.161957
0.000000
0.015725
0.000000
0.000000
0.000000
0.000000
0.000000
0.000000
0.000000
0.000000
0.008093
0.000000
0.000000
0.000000
0.000000
0.000000
0.000000
0.000000
0.000000
0.001129
0.000000
0.000000
0.096793
0.002376
0.000005
0.999976
0.000000
0.000000
0.000196
0.000000
0.000000
0.000000
0.000000
0.000000
0.000000
0.000000
0.000000
0.000000
0.000000
0.000000
0.000000
0.000000
0.000000
0.000000
0.000000
0.016808
0.000000
0.000000
0.000000
0.000000
0.000000
0.000000
0.000000
0.000000
0.000000
0.002254
0.004000
0.150811
0.000000
0.748556
0.000000
0.000000
0.000000
0.682709
0.000000
0.013818
0.007046
0.005595
0.002638
0.000000
0.002422
0.123220
0.000000
0.000000
0.000000
0.000000
0.000000
0.000000
0.000000
0.000000
0.000000
0.000000
0.000161
0.000001
0.000000
0.988990
0.003867
0.000000
0.000691
0.000000
0.000000
0.000000
0.081479
0.000000
0.000000
0.000000
0.000000
0.379364
0.000755
0.000000
0.000000
0.000000
0.000000
0.000000
0.000000
0.967357
0.000000
0.000000
0.000000
0.000000
0.000000
0.000000
0.000000
0.000000
0.042619
0.000000
0.000000
0.320784
0.000012
0.000000
0.000000
0.000000
0.000000
0.000000
0.000000
0.000000
0.036539
0.000000
0.000000
0.000000
0.000000
0.000000
0.978961
0.000000
0.000000
0.000000
0.000000
0.000000
0.000000
0.000000
0.000000
0.000000
0.000000
1.000000
0.000000
0.000000
0.000000
0.000000
0.001229
0.000000
0.002296
0.000000
0.000000
0.000000
0.000000
0.000000
0.000000
0.000000
0.074219
0.000000
0.119049
0.000000
0.000000
0.000000
0.000000
0.000000
0.003407
0.000000
0.000638
0.000000
0.000000
0.000000
0.756907
0.000000
0.000000
0.000000
0.012423
0.000000
0.017968
1.000000
0.000000
0.000000
0.000000
0.000000
0.000000
0.000000
0.000000
0.000000
0.000000
0.000000
0.051498
0.000000
0.002250
0.000000
0.000000
0.032127
0.025842
0.000000
0.000000
0.000013
0.000000
0.000000
0.001012
0.014882
0.012592
0.000104
0.000000
0.000000
0.000000
0.000000
0.000000
0.000133
0.352506
0.000000
0.000000
0.000000
0.000000
0.000000
0.000004
0.000000
0.000000
0.000000
0.000000
0.000000
0.000000
0.000000
0.009770
0.000010
0.163363
0.000231
0.000000
0.000000
0.000505
0.000008
0.000000
0.000003
0.000000
0.000000
0.168672
0.000000
0.000000
0.000000
0.000000
0.000000
0.000000
0.081317
0.213616
0.000098
0.000045
0.000000
0.000000
0.493467
0.000000
0.104856
0.000000
0.000000
0.000000
0.000000
0.000000
0.000000
0.000996
0.000000
0.000000
0.021026
0.000000
0.000000
0.000000
0.000000
0.000000
0.000000
0.000069
0.000000
0.000000
0.002891
0.000000
0.000000
0.000000
0.000000
0.000000
0.000000
0.000000
0.000000
0.000000
0.000000
0.000000
0.000000
0.079784
0.000000
0.000346
0.000000
0.000000
0.000000
0.000000
0.000000
0.000000
0.000000
0.000000
0.000000
0.000033
0.006761
0.000000
0.000000
0.000000
0.000235
0.000000
0.802730
0.000000
0.000000
0.000000
0.000000
0.000000
0.001971
0.000000
0.000000
0.004043
0.000000
0.000000
0.000000
0.000000
0.000000
0.000000
0.000000
0.000000
0.000300
0.000000
0.000790
0.000003
0.000000
0.000000
0.000000
0.247257
0.000000
0.000000
0.000579
0.000000
0.000000
0.000000
0.000000
0.002587
0.000000
0.000000
0.000000
0.000000
0.000027
0.000000
0.000000
0.000025
0.000000
0.080530
0.000000
0.000000
0.000000
0.000000
0.000000
0.000909
0.000000
0.000000
0.000000
0.000000
0.028457
0.000000
0.000000
0.000000
0.000007
0.000000
0.418839
0.000000
0.000000
0.000000
0.000000
0.000000
0.000000
0.000000
0.000000
0.000000
0.000000
0.000000
0.416687
0.000000
0.000000
0.000038
0.080608
0.000000
0.000000
0.750935
0.000000
0.000000
0.000000
0.000000
0.000638
0.000000
0.000166
0.003760
0.000000
0.000000
0.000000
0.001778
0.000000
0.000000
0.999234
0.000000
0.000000
0.000000
0.077056
0.000000
0.000000
0.000000
0.000000
0.001786
0.000000
0.000000
0.054958
0.000000
0.000000
0.000000
0.000000
0.000632
0.000034
0.000222
0.000000
0.000000
0.000000
0.000000
0.000000
0.000000
0.000000
0.000000
0.335365
0.000000
0.000000
0.000000
0.000000
0.033153
0.004216
0.000002
0.000000
0.000000
0.000000
0.000000
0.000000
0.000000
0.000000
0.000000
0.035068
0.085245
0.000000
0.000000
0.000000
0.000000
0.000000
0.327947
0.000000
0.062953
0.946896
0.000000
0.000000
0.000000
0.000000
0.000000
0.000000
0.000000
0.000000
0.000000
0.000000
0.000002
0.000000
0.000000
0.858403
0.000012
0.000000
0.000000
0.000000
0.000142
0.000000
0.000000
0.001335
0.000000
0.039742
0.000000
0.005745
0.000000
0.000000
0.000000
0.000000
0.000000
0.000000
0.000000
0.000000
0.000000
0.695486
0.000000
0.000000
0.012366
0.000560
0.000000
0.000000
0.000000
0.000000
0.000000
0.000000
0.646018
0.000000
0.000000
0.001582
0.000000
0.000000
0.000000
0.000000
0.000000
0.000000
0.000004
0.000000
0.000000
0.001287
0.000000
0.000000
0.000000
0.000000
0.000000
0.000000
0.000000
0.000003
0.025625
0.000000
0.000000
0.000000
0.000000
0.003322
0.000000
0.535463
0.000009
0.000000
0.671535
0.000000
0.000000
0.000000
0.000480
0.000000
0.000000
0.000000
0.000000
0.000020
0.000000
0.000000
0.000000
0.000000
0.000000
0.429178
0.000000
0.000000
0.000000
0.000000
0.016803
1.000000
0.000090
0.026101
0.000000
0.000000
0.000000
0.000000
0.000000
0.000000
0.074628
0.000000
0.000000
0.000000
0.000000
0.000000
0.000002
0.000000
0.000000
0.000000
0.000000
0.000000
0.000000
0.000000
0.000000
0.000000
0.000000
0.999996
0.000000
0.000000
0.000162
0.006621
0.000000
0.000000
0.000380
0.000000
0.126315
0.000000
0.000000
0.000000
0.000000
0.000000
0.000000
0.000000
0.000000
0.000000
0.000000
0.000000
0.000000
0.000000
0.000000
0.000000
0.000000
0.307294
0.050925
0.000000
0.000000
0.000000
0.006760
0.000000
0.000000
0.000000
0.000000
0.000000
0.000000
0.000000
0.000000
0.000000
0.000000
0.000000
0.000000
0.000000
0.000000
0.000000
0.000001
0.000000
0.251801
0.001550
0.000000
0.000997
0.014548
0.000000
0.000000
0.000000
0.000000
0.000000
0.000000
0.000000
0.000000
0.000000
0.000000
0.000000
0.000000
0.000000
0.000000
0.000000
0.003553
0.000000
0.000051
0.000000
0.000000
0.000032
0.098737
0.000000
0.000000
0.000069
0.149164
0.246685
0.001400
0.000000
0.000000
0.000000
0.900979
0.000000
0.000000
0.000000
0.019651
0.138622
0.000000
0.000000
0.000000
0.000000
0.000000
0.010469
0.000839
0.000000
0.000000
0.003560
0.000000
0.000000
0.001964
0.000000
0.000000
0.002383
0.000000
0.016300
0.085115
0.000000
0.000000
0.000000
0.000000
0.000000
0.000000
0.347409
0.000000
0.000000
0.000000
0.000000
0.000000
0.005086
0.000000
0.000000
0.000000
0.000000
0.017087
0.000000
0.000000
0.000000
0.000000
0.000000
0.600583
0.000000
0.000000
0.000000
0.000000
0.000000
0.000000
0.016421
0.999990
0.012875
0.001058
0.003778
0.000000
0.000000
0.000000
0.704949
0.998194
0.000000
0.000000
0.000000
0.000000
0.000000
0.000000
0.000000
0.075057
0.000141
0.000000
0.000000
0.000000
0.000000
0.000000
0.342004
0.000000
0.000000
0.000000
0.000000
0.000030
0.000014
0.008063
0.000000
0.000000
0.027419
0.000000
0.001565
0.000000
0.000026
0.000000
0.000000
0.000000
0.000000
0.000000
0.000000
0.000000
0.002787
0.000000
0.002371
0.000000
0.000000
0.088059
0.000023
0.000011
0.000000
0.000000
0.000000
0.000000
0.000000
0.000000
0.000000
0.000000
0.000000
0.000000
0.000000
0.009241
0.008926
0.085808
0.000000
0.530439
0.000000
0.000000
0.000000
0.000000
0.000000
0.000000
0.000000
0.000000
0.000000
0.000000
0.000000
0.273704
0.000000
0.000000
0.000043
0.000000
0.000000
0.000000
0.000000
0.000000
0.000000
0.000000
0.000000
0.000000
0.005353
0.001788
0.000000
0.000009
0.000000
0.000000
0.000616
0.000000
0.717133
0.000000
0.000012
0.000000
0.000000
0.000000
0.000000
0.000000
0.000000
0.161667
0.023814
0.000000
0.000000
0.000000
0.000000
0.000000
0.000000
0.000929
0.000000
0.000000
0.000000
0.000000
0.000000
0.000000
0.000000
0.000000
0.000000
0.001511
0.000000
0.064982
0.000000
0.000002
0.000000
0.000000
0.000000
0.000000
0.000000
0.000356
0.000000
0.000000
0.000000
0.000000
0.000000
0.000000
0.000000
0.006705
0.000000
0.000113
0.000000
0.000000
0.000000
0.000000
0.000000
0.000000
0.000000
0.000000
0.000000
0.000000
0.000000
0.000000
0.170742
0.000000
0.000000
0.000268
0.000000
0.084382
0.000000
0.000000
0.682865
0.000113
0.000000
0.000000
0.000000
0.000000
0.000000
0.000000
0.000000
0.000000
0.000000
0.000000
0.002268
0.030930
0.000000
0.372132
0.000003
0.000000
0.000000
0.000000
0.000000
0.000000
0.009440
0.011408
0.000000
0.000000
0.000000
0.000688
0.000000
0.000000
0.000036
0.000000
0.007208
0.073772
0.000938
0.000000
0.000000
0.000000
0.044688
0.000000
0.000000
0.000000
0.000000
0.000000
0.000000
0.000000
0.000000
0.000000
0.755364
0.000000
0.000000
0.000000
0.000000
0.000000
0.000000
0.000000
0.000000
0.000000
0.000000
0.000082
0.000000
0.000000
0.000081
0.000000
0.000850
0.000000
0.030810
0.000000
0.000000
0.999914
0.000000
0.000000
0.000000
0.000059
0.000222
0.398910
0.005250
0.730171
0.000001
0.000000
0.000000
0.025065
0.017985
0.000000
0.000000
0.000000
0.000000
0.000000
0.000009
0.000000
0.000000
0.000000
0.000000
0.000000
0.000000
0.000000
0.000334
0.000000
0.000000
0.908098
0.999914
0.000000
0.000000
0.000000
0.000000
0.000000
0.000000
0.082875
0.086733
0.000000
0.000000
0.000000
0.000579
0.000000
0.005865
0.000000
0.000000
0.000000
0.000000
0.983424
0.000000
0.000074
0.000000
0.000000
0.000000
0.000000
0.000000
0.225269
0.000000
0.000000
0.000000
0.000000
0.000000
0.000000
0.000000
0.689647
0.000000
0.865770
0.000000
0.000000
0.018943
0.000000
0.000000
0.000000
0.000020
0.000000
0.000000
0.000007
0.000000
0.000000
0.000000
0.000428
0.165898
0.002472
0.000000
0.000000
0.017440
0.000000
0.000000
0.000000
0.035662
0.000000
0.000000
0.057726
0.000000
0.000006
0.000001
0.000000
0.000000
0.000000
0.000000
0.000000
0.000000
0.000000
0.000000
0.651919
0.000000
0.000018
0.000000
0.000000
0.000000
0.000000
0.000000
0.000000
0.000000
0.000000
0.000000
0.000000
0.019431
0.133686
0.000000
0.000000
0.000000
0.000000
0.000204
0.104923
0.000000
0.000000
0.000000
0.000000
0.000000
0.000000
0.000000
0.000000
0.000279
0.000000
0.000000
0.916876
0.000000
0.000000
0.004152
0.000000
0.000000
0.000859
0.000000
0.806558
0.000000
0.000007
0.002178
0.000000
0.000000
0.000000
0.001919
0.000000
0.000000
0.000000
0.000002
0.000690
0.000000
0.000000
0.000000
0.007160
0.000000
0.000000
0.000000
0.000000
1.000000
0.000000
0.000000
0.000000
0.004661
0.000000
0.000000
0.000000
0.000000
0.000000
0.000000
0.000000
0.000000
0.000853
0.000000
0.000000
0.000000
0.000000
0.000000
0.000000
0.000000
0.016395
0.000000
0.000000
0.000000
0.000000
0.000002
0.000000
0.142043
0.000000
0.000000
0.000000
0.000000
0.000000
0.000000
0.002759
0.007618
1.000000
0.000000
0.000059
0.014987
0.000000
0.106986
0.000000
0.000000
0.000000
0.000835
0.000753
0.000000
0.003192
0.017163
0.000000
0.000000
0.000000
0.000000
0.000246
0.000000
0.026574
0.000000
0.000058
0.000000
0.000000
0.000000
0.000000
0.000000
0.000000
0.000000
0.000000
0.000000
0.000000
0.172293
0.000000
0.999996
0.000000
0.000000
0.000000
0.096474
0.000000
0.000000
0.000000
0.912698
0.000000
0.000000
0.007985
0.000000
0.000000
0.000000
0.000000
0.000000
0.000000
0.000000
0.000000
0.016546
0.000000
0.000000
0.000000
0.000000
0.014399
0.000000
0.000000
0.000344
0.000000
0.000000
0.000000
0.000010
0.000000
0.000000
0.000000
0.000000
0.000000
0.000000
0.000000
0.000000
0.000000
0.000000
0.000000
0.000000
0.000000
0.000000
0.000000
0.000000
0.000000
0.000000
0.000000
0.000000
0.000000
0.000000
0.014002
0.000024
0.000650
0.000000
0.000000
0.000000
0.001460
0.496787
0.035273
0.000000
0.000000
0.000000
0.000000
0.000000
0.000000
0.000000
0.169245
0.000000
0.000000
0.002907
0.056938
0.000000
0.001013
0.000000
0.000000
0.000000
0.000000
0.000000
0.000000
0.000000
0.000000
0.000000
0.000000
0.000000
0.000000
0.000000
0.000000
0.000000
0.025921
0.000000
0.000326
0.000000
0.000000
0.000000
0.000032
0.055046
0.000007
0.000093
0.000000
0.000000
0.000049
0.000000
0.000000
0.000000
0.005881
0.000000
0.000004
0.000000
0.012401
0.000000
0.000075
0.000004
0.000000
0.145227
0.000051
0.000000
0.000000
0.000000
0.952344
0.000000
0.000000
0.000000
0.000000
0.000000
0.000000
0.000000
0.000000
0.001253
0.000000
0.000000
0.000018
0.000000
0.000000
0.011667
0.002567
0.000000
0.000000
0.000000
0.000000
0.000000
0.000000
0.000000
0.000000
0.000000
0.000001
0.000000
0.116337
0.000000
0.002976
0.000000
0.000000
0.000000
0.000000
0.000453
0.386419
0.000000
0.000000
0.086139
0.000000
0.000000
0.000000
0.000000
0.000000
0.000000
0.000000
0.993731
0.000000
0.000000
0.000001
0.000000
0.000000
0.000000
0.000000
0.000000
0.000000
0.000000
0.000000
0.000000
0.000000
0.000000
0.011942
0.000000
0.000000
0.000000
0.000000
0.000000
0.205315
0.000000
0.000003
0.000316
0.000000
0.000000
0.000000
0.000000
0.000000
0.000000
0.000000
0.000000
0.000000
0.000814
0.000000
0.000000
0.000000
0.000000
0.000000
0.000001
0.000000
0.000000
0.000000
0.000000
0.000000
0.000000
0.000000
0.000000
0.000000
0.000000
0.000000
0.000000
0.000000
0.000000
0.000000
0.000000
0.000000
0.000000
0.000000
0.000000
0.000000
0.001224
0.001017
0.024060
0.005020
0.000000
0.000000
0.008246
0.015538
0.000000
0.000000
0.000000
0.000000
0.015867
0.000000
0.000000
0.000000
0.000000
0.001097
0.000065
0.000000
0.000000
0.000000
0.000000
0.000000
0.000000
0.043725
0.000000
0.000000
0.000000
0.000000
0.000000
0.000000
0.000000
0.006678
0.047483
0.000000
0.000000
0.000000
0.000000
0.000000
0.000000
0.000001
0.000000
0.000000
0.000000
0.000000
0.006043
0.000000
0.000000
0.000010
0.000000
0.000000
0.119454
0.000000
0.000465
0.000000
0.025897
0.446678
0.000000
0.000000
0.000000
0.000000
0.000000
0.000000
0.000000
0.000000
0.001002
0.000000
0.157050
0.000847
0.000000
0.000292
0.000000
0.000000
0.000000
0.000000
0.000000
0.001624
0.000000
0.000000
0.009171
0.039139
0.000000
0.000000
0.000000
0.000000
0.000000
0.000000
0.000000
0.000000
0.000000
0.000000
0.000000
0.183302
0.000000
0.000000
0.000000
0.000000
0.000000
0.000000
0.000000
0.000000
0.000000
0.000000
0.016643
0.000000
0.000000
0.000000
0.000000
0.000000
0.000000
0.000000
0.000003
0.000000
0.058578
0.000006
0.001320
0.000000
0.000000
0.000000
0.000000
0.000000
0.000000
0.000019
0.000611
0.000000
0.000000
0.000000
0.000000
0.000000
0.000000
0.403559
0.000000
0.000000
0.000000
0.000000
0.000000
0.000000
0.000000
0.000000
0.000000
0.000843
0.000000
0.000000
0.000000
0.000000
0.000000
0.000000
0.307159
0.000000
0.000000
0.000010
0.000000
0.000000
0.000185
0.000000
0.000000
0.000000
0.043840
0.000000
0.000000
0.000000
0.000000
0.000000
0.000000
0.000000
0.037955
0.000000
0.000000
0.000000
0.224298
0.000000
0.000000
0.000000
0.000000
0.000000
0.000000
0.000000
0.005213
0.000000
0.000000
0.000000
0.000000
0.000000
0.307398
0.000000
0.000000
0.953554
0.000000
0.000000
0.000000
0.000334
0.019428
0.000000
0.000000
0.000000
0.000000
0.037686
0.000000
0.460968
0.000048
0.000000
0.000000
0.000000
0.000000
0.000000
0.000000
0.000000
0.000000
0.000000
0.000000
0.000000
0.000000
0.000000
0.000000
0.000000
0.000002
0.000000
0.000000
0.000000
0.000000
0.002837
0.037801
0.000000
0.000000
0.000000
0.000000
0.000000
0.000000
0.463307
0.000000
0.059777
0.000000
0.000000
0.000000
0.009385
0.000000
0.000000
0.016110
0.000000
0.000000
0.000000
0.000000
0.000000
0.000000
0.001577
0.000034
0.000000
0.000000
0.000000
0.000000
0.000000
0.000000
0.000000
0.000000
0.000000
0.479343
0.000000
0.000000
0.000000
0.000000
0.000000
0.000003
0.000000
0.000000
0.000000
0.000000
0.000000
0.000000
0.000000
0.000000
0.001996
0.000000
0.000000
0.000000
0.998992
0.000000
0.000000
0.000000
0.000000
0.000000
0.000861
0.000000
0.005065
0.000000
0.000092
0.000000
0.000020
0.000000
0.000000
0.000000
0.000000
0.000000
0.000007
0.000000
0.000000
0.000000
0.000000
0.000000
0.000000
0.000000
0.003843
0.000000
0.000000
0.000000
0.000000
0.000000
0.000000
0.000000
0.000000
0.000001
0.142007
0.000000
0.000000
0.000000
0.113734
0.000000
0.000000
0.000000
0.002505
0.000000
0.000000
0.000000
0.095440
0.000000
0.000000
0.259663
0.052037
0.000000
0.000000
0.010560
0.000000
0.000000
0.000000
0.000000
0.000000
0.000001
0.000000
0.000000
0.000000
0.000000
0.000000
0.000043
0.000000
0.000000
0.221558
0.000000
0.000000
0.000000
0.000000
0.000000
0.000000
0.000000
0.000000
0.013656
0.000000
0.000023
0.000000
0.000000
0.000000
0.008696
0.006307
0.000526
0.000000
0.000000
1.000000
0.000000
0.000000
0.000000
0.000000
0.000000
0.000000
0.000000
0.000000
0.000000
0.000000
0.000000
0.000000
0.000000
0.000000
0.009350
0.000001
0.000000
0.000266
0.000000
0.000000
0.009293
0.000000
0.000000
0.000000
0.000000
0.332296
0.000000
0.000000
0.000000
0.000000
0.000000
0.000000
0.000085
0.000012
0.000000
0.000000
0.000000
0.000000
0.032370
0.000000
0.000912
0.000000
0.000000
0.000002
0.000000
0.003293
0.041074
0.000000
0.000000
0.000000
0.000000
0.000105
0.000000
0.000003
0.029634
0.000000
0.000000
0.000000
0.004711
0.000000
0.000000
0.000000
0.000000
0.000000
0.000023
0.000000
0.000000
0.000000
0.000000
0.000000
0.000000
0.103752
0.000000
0.000000
0.000000
0.725964
0.000000
0.863969
0.000000
0.000000
0.000038
0.000000
0.000000
0.000000
0.000010
0.000000
0.000000
0.000000
0.000000
0.000000
0.000212
0.025256
0.000988
0.000000
0.000000
0.000000
0.000000
0.000000
0.000000
0.000001
0.000000
0.218198
0.001494
0.098573
0.000243
0.039935
0.121419
0.000000
0.000000
0.007899
0.277375
0.000001
0.000076
0.000000
0.000000
0.000000
0.000000
0.000202
0.817280
0.000000
0.000000
0.000000
0.000000
0.000003
0.000000
0.000000
0.000000
0.000000
0.000000
0.000000
0.024817
0.000000
0.000000
0.000003
0.000000
0.000000
0.000000
0.000000
0.000000
0.000000
0.000000
0.000000
0.000000
0.000000
0.061343
0.000000
0.000000
0.000000
0.000000
0.165205
0.000001
0.000000
0.000000
0.000000
0.000000
0.000000
0.003780
0.032063
0.000000
0.000000
0.000002
0.638419
0.000000
0.511118
0.000000
0.000581
0.000000
0.000000
0.000000
0.000000
0.000000
0.078191
0.000000
0.000000
0.000000
0.000000
0.000000
0.006077
0.000000
0.717854
0.000000
0.000000
0.000000
0.000000
0.899598
0.037125
0.000000
0.000000
0.000000
0.000000
0.000000
0.000000
0.000010
0.000000
0.000000
0.000023
0.003838
0.000000
0.000021
0.000000
0.000000
0.000000
0.000000
0.000000
0.000000
0.000000
0.000000
0.000000
0.000000
0.000000
0.000000
0.019951
0.000000
0.000000
0.000000
0.000000
0.000000
0.000444
0.000000
0.000000
0.000000
0.000000
0.000000
0.000000
0.000000
0.000000
0.000000
0.000000
0.000000
0.000000
0.000000
0.000000
0.000515
0.000000
0.000000
0.057573
0.000006
0.000000
0.000015
0.001838
0.000000
0.014549
0.000000
0.000000
0.000000
0.006469
0.000000
0.000000
0.000000
0.000000
0.000000
0.000000
0.000000
0.000000
0.000000
0.000326
0.000000
0.000000
0.000000
0.000000
0.000068
0.000068
0.000000
0.000000
0.006618
0.000000
0.000000
0.000000
0.000000
0.022260
0.000000
0.000000
0.000000
0.000000
0.000000
0.000380
0.000000
0.018492
0.000000
0.000000
0.000165
0.000000
0.000000
0.000000
0.000000
0.000000
0.000000
0.000000
0.000000
0.906758
0.000000
0.000000
0.000000
0.000000
0.000000
0.000000
0.000000
0.000000
0.000000
0.000000
0.000000
0.000000
0.000000
0.000001
0.000000
0.000000
0.000000
0.000000
0.000000
0.000000
0.000000
0.000000
0.000000
0.000000
0.002654
0.000000
0.000002
0.000000
0.000000
0.000000
0.000000
0.000000
0.000000
0.000000
0.000000
0.000000
0.000001
0.000196
0.003041
0.000000
0.000000
0.000000
0.001515
0.000000
0.001363
0.000000
0.000000
0.000000
0.000000
0.000000
0.000000
0.000000
0.000000
0.000000
0.000000
0.006978
0.000000
0.724310
0.000000
0.000000
0.134295
0.000000
0.000000
0.000000
0.164732
0.106619
0.003169
0.004377
0.000000
0.000000
0.000000
0.000000
0.000000
0.319167
0.891489
0.000000
0.000000
0.000000
0.000000
0.000000
0.000253
0.000000
0.000000
0.000000
0.000007
0.000000
0.000000
1.000000
0.000000
0.000000
0.574426
0.002322
0.000000
0.000000
0.000000
0.000000
0.000000
0.000000
0.000000
0.008166
0.000000
0.026447
0.002001
0.000000
0.000000
0.000000
0.004598
0.000000
0.000000
0.000000
0.000000
0.000000
0.000000
0.000000
0.000000
0.000000
0.000001
0.000000
0.000000
0.000024
0.000000
0.000000
0.693080
0.000058
0.000000
0.003666
0.000000
0.000000
0.000593
0.000000
0.000000
0.000002
0.000000
0.000000
0.000000
0.000000
0.013865
0.000000
0.000000
0.000000
0.000000
0.000000
0.006432
0.000000
0.000000
0.000000
0.000000
0.000000
0.000000
0.000000
0.000000
0.000000
0.000164
0.000000
0.000000
0.000000
0.012980
0.000000
0.000000
0.000000
0.000000
0.000000
0.000000
0.000000
0.000000
0.000000
0.000000
0.000000
0.000000
0.000000
0.000000
0.000000
0.000000
0.000000
0.000000
0.000000
0.112253
0.000000
0.000010
0.000000
0.000000
0.000000
0.000000
0.000000
0.000000
0.000000
0.000000
0.000288
0.000000
0.000000
0.000000
0.000000
0.000000
1.000000
0.000019
0.000000
0.000000
0.000000
0.000000
0.000000
0.000000
0.000000
0.000000
0.000000
0.000000
0.000000
0.000000
0.000000
0.000000
0.000000
0.000000
0.000000
0.001130
0.000000
0.000000
0.000000
0.000000
0.000019
0.000000
0.912220
0.226449
0.000001
0.000000
0.000000
0.000000
0.000008
0.000000
0.000000
0.000008
0.000000
0.000000
0.000000
0.000781
0.000000
0.000000
0.000000
0.000000
0.000000
0.000000
0.090333
0.000038
0.000000
0.000000
0.000000
0.000000
0.000000
0.161835
0.000000
0.441810
0.037760
0.000000
0.000000
0.020690
0.304408
0.000000
0.000000
0.000000
0.000000
0.060949
0.000000
0.000000
0.015431
0.417386
0.000000
0.000441
0.000000
0.000000
0.000000
0.000000
0.000020
0.000000
0.000877
0.000084
0.074084
0.000007
0.000000
0.000000
0.000000
0.000000
0.056063
0.000012
0.000000
0.000001
0.000000
0.000000
0.000000
0.093221
0.000000
0.000000
0.000001
0.001161
0.000000
0.000000
0.000000
0.000000
0.000000
0.000000
0.000000
0.000000
0.000000
0.005442
0.000000
0.224993
0.001035
0.000000
0.000000
0.112459
0.000000
0.000000
0.000000
1.000000
0.000003
0.000000
0.000000
0.000005
0.000000
0.000010
0.000000
0.000000
0.842497
0.000000
0.002250
0.000000
0.000000
0.000000
0.000000
0.000000
0.001017
0.000000
0.000231
0.000000
0.000000
0.000000
0.000000
0.000000
0.000000
0.000000
0.000000
0.000000
0.000102
0.000000
0.000000
0.000105
0.000000
0.000415
0.000000
0.000000
0.053206
0.000000
0.000000
0.000000
0.000000
0.000000
0.001295
0.000000
0.000000
0.000000
0.093569
0.039603
0.000000
0.000000
0.000000
0.000000
0.000000
0.000000
0.000000
0.000000
0.000505
0.081197
0.000000
0.000000
0.000000
0.000000
0.000000
0.000000
0.000000
0.000000
0.000000
0.179368
0.000000
0.020596
0.074961
0.000039
0.000136
0.000000
0.000000
0.162761
0.000000
0.000000
0.000001
0.050909
0.000000
0.000010
0.000000
0.000000
0.000000
0.116527
0.000000
0.000000
0.000000
0.010627
0.000000
0.000000
0.000008
0.000000
0.067299
0.000000
0.001015
0.000000
0.000000
0.000000
0.406046
0.000000
0.000000
0.000000
0.427711
0.000000
0.210038
0.000000
0.109607
0.000000
0.273714
0.000000
0.000014
0.000000
0.000000
0.911045
0.000000
0.000000
0.000000
0.000432
0.000008
0.000000
0.000572
0.000000
0.748290
0.000000
0.000000
0.000000
0.426090
0.000226
0.000012
0.000000
0.000000
0.654253
0.000000
0.000000
0.000000
0.000000
0.000004
0.000000
0.000000
0.000000
0.000000
0.000000
0.028360
0.000000
0.000000
0.000000
0.000000
0.605432
0.000000
0.000000
0.850049
0.000000
0.000000
0.000000
0.031027
0.000000
0.000000
0.000000
0.000000
0.000000
0.000307
0.000000
0.000000
0.000000
0.003438
0.000000
0.002214
0.000675
0.000000
0.000000
0.000000
0.018392
0.000000
0.000009
0.000000
0.000000
0.012684
0.000000
0.000394
0.000000
0.000000
0.000000
0.000000
0.000917
0.018422
0.000000
0.000000
0.000000
0.000000
0.000000
0.055641
0.000000
0.000000
0.165583
0.000071
0.000000
0.004070
0.000000
0.005557
0.000000
0.000000
0.470709
0.000000
0.000000
0.000000
0.000000
0.000000
0.000000
0.000000
0.000005
0.000000
0.001857
0.000000
0.000000
0.000000
0.000000
0.000000
0.000000
0.000000
0.000000
0.000000
0.000000
0.000027
0.000000
0.000000
0.000000
0.000000
0.000000
0.000000
0.000000
0.000000
0.000000
0.000000
0.000245
0.000010
0.000000
0.026682
0.000000
0.000000
0.000000
0.000031
0.000057
0.000000
0.000000
0.100734
0.023616
0.000000
0.000000
0.000000
0.010707
0.000000
0.000000
0.261781
0.000000
0.000000
0.000000
0.000000
0.000000
0.000000
0.000000
0.000000
0.000354
0.000000
0.000000
0.000000
0.000000
0.000000
0.000000
0.055676
0.000000
0.604602
0.000000
0.000000
0.000000
0.000000
0.000008
0.000000
0.002711
0.000000
0.000000
0.000000
0.000000
0.000000
0.000000
0.000000
0.000000
0.000000
0.000021
0.000000
0.000000
0.000000
0.000000
0.000000
0.000000
0.000000
0.000076
0.000000
0.000000
0.000000
0.000000
0.006844
0.000000
0.000366
0.055470
0.000237
0.000000
0.000000
0.000000
0.000215
0.000000
0.000000
0.000000
0.031741
0.000000
0.000000
0.000000
0.000000
0.000000
0.000000
0.000000
0.000000
0.257822
0.000000
0.000000
0.000000
0.000000
0.000000
0.000044
0.000000
0.000000
0.098239
0.000129
0.000000
0.000000
0.876128
0.000000
0.000000
0.000000
0.093257
0.098166
0.000000
0.000000
0.000000
0.000000
0.000004
0.000000
0.000000
0.000000
0.000000
0.000000
0.000000
0.000000
0.000000
0.000000
0.000000
0.000634
0.007619
0.000000
0.001837
0.000000
0.000000
0.000000
0.000000
0.000000
0.000000
0.000000
0.000000
0.000000
0.000000
0.000000
0.000000
0.000000
0.000000
0.000000
0.000000
0.000000
0.000000
0.000000
0.000000
0.037161
0.000003
0.000000
0.641652
0.000836
0.201319
0.000000
0.000000
0.054664
0.573826
0.000000
0.000000
0.000000
0.000000
0.000075
0.000000
0.000000
0.018806
0.000000
0.000000
0.143649
0.000000
0.000000
0.000000
0.000000
0.000000
0.002912
0.000000
0.009598
0.000000
0.001946
0.008092
0.000000
0.000000
0.000000
0.000000
0.000011
0.000000
0.043598
0.000000
0.000000
0.000000
0.000000
0.230297
0.000000
0.000011
0.000000
0.000000
0.587523
0.000000
0.000000
0.000000
0.000000
0.000594
0.000000
0.000000
0.000000
0.000000
0.068051
0.000000
0.000000
0.000000
0.000389
0.000000
0.129363
0.000000
0.000000
0.000000
0.000000
0.000000
0.075752
0.000000
0.000000
0.022797
0.000000
0.000000
0.000000
0.024171
0.000260
0.000000
0.002628
0.014015
0.602450
0.001933
0.000000
0.000000
0.000000
0.000000
0.002301
0.000000
0.000074
0.000000
0.000000
0.000005
0.000000
0.841646
0.000000
0.000000
0.000005
0.000000
0.000000
0.158226
0.000000
0.000000
0.000000
0.000963
0.015788
0.000000
0.000000
0.000000
0.000000
0.897950
0.000000
0.000000
0.000000
0.050371
0.000000
0.000000
0.000000
0.000000
0.000000
0.000000
0.000000
0.000000
0.000000
0.000000
0.999920
0.000000
0.000000
0.545176
0.000000
0.939110
0.000000
0.000000
0.000000
0.000000
0.000000
0.000000
0.000000
0.000000
0.000000
0.000000
0.000000
0.000236
0.000000
0.000000
0.000000
0.000000
0.000000
0.000000
0.000000
0.000000
0.000000
0.000000
0.000000
0.000000
0.000000
0.000000
0.000000
0.000000
0.000000
0.031104
0.000000
0.000000
0.000000
0.000000
0.000000
0.000051
0.000000
0.000000
0.000000
0.000000
0.000000
0.000000
0.000000
0.001772
0.000000
0.000000
0.000000
0.000000
0.000000
0.018871
0.000000
0.000000
0.000000
0.000000
0.000000
0.447784
0.000000
0.000000
0.000000
0.000000
0.000000
0.000000
0.000000
0.713428
0.000006
0.000000
0.000000
0.000000
0.000000
0.000000
0.000000
0.000000
0.000000
0.005031
0.000000
0.000000
0.000000
0.000000
0.000000
0.000000
0.000000
0.000000
0.000000
0.000000
0.000000
0.000000
0.000000
0.000000
0.000000
0.000000
0.000000
0.000000
0.000001
0.000000
0.000000
0.000000
0.000000
0.000000
0.000000
0.032977
0.000000
0.000000
0.000000
0.000000
0.000000
0.000000
0.000000
0.000000
0.000000
0.000000
0.000000
0.000000
0.136014
0.000000
0.000000
0.746700
0.007915
0.000000
0.007413
0.000000
0.000000
0.026184
0.068115
1.000000
0.000000
0.000000
0.000000
0.000000
0.000000
0.000502
0.000003
0.000000
0.000956
0.000000
0.002026
0.000000
0.000000
0.002324
0.000000
0.000000
0.000000
0.000000
0.000000
0.002495
0.000000
0.000000
0.000000
0.080972
0.000000
0.003031
0.052849
0.000012
0.000353
0.632065
0.000000
0.000000
0.335144
0.000000
0.000000
0.000000
0.000000
0.023156
0.000000
0.000000
0.000000
0.000000
0.050716
0.000000
0.000000
0.000000
0.000000
0.000000
0.038505
0.000000
0.000000
0.024409
0.000000
0.000000
0.098010
0.037592
0.000000
0.000000
0.000000
0.000000
0.000000
0.000000
0.000000
0.203782
0.000000
0.000004
0.000000
0.000000
0.000000
0.000000
0.000000
0.008095
0.000000
0.000000
0.000000
0.000000
0.163814
0.010859
0.000000
0.000000
0.000000
0.000000
0.000000
0.000000
0.165386
0.000000
0.000000
0.000000
0.000000
0.001183
0.024934
0.000000
0.000000
0.116392
0.000000
0.039551
0.000002
0.000000
0.000000
0.000000
0.000000
0.000000
0.000000
0.000000
0.000000
0.000000
0.000000
0.000000
0.000000
0.002869
0.000000
0.001326
0.000000
0.000000
0.000000
0.000000
0.000000
0.000000
0.000001
0.000000
0.000000
0.000000
0.000000
0.000000
0.000000
0.011769
0.000000
0.000000
0.000000
0.000000
0.072514
0.000006
0.000000
0.000000
0.000000
0.000294
0.000000
0.000000
0.000000
0.000005
0.000000
0.000000
0.000000
0.000000
0.000000
0.000000
0.000002
0.000038
0.000000
0.000000
0.000000
0.000000
0.000000
0.000000
0.000000
0.117397
0.000000
0.001258
0.002796
0.000000
0.000000
0.000222
0.000000
0.000000
0.000000
0.007006
0.000000
0.000000
0.000000
0.000000
0.000000
0.000000
0.000011
0.002187
0.000000
0.000000
0.000073
0.000000
0.000000
0.000000
0.000000
0.000000
0.000000
0.000000
0.000000
0.000000
0.000000
0.000000
0.000000
0.000000
0.000090
0.097173
0.005161
0.000000
0.000000
0.000000
0.000000
