0.999520
0.999989
1.000000
0.919856
1.000000
0.007100
1.000000
1.000000
0.967067
0.160484
1.000000
0.549568
1.000000
0.995165
0.821742
0.420596
0.999989
0.000000
0.949748
0.993123
0.000000
0.979165
1.000000
0.903067
1.000000
0.033862
0.999995
0.425457
0.054811
0.977562
0.999995
0.733501
0.992533
0.976148
0.999999
0.992989
0.988769
0.416885
0.960387
0.961669
0.948773
0.999951
0.944631
0.999799
1.000000
0.000000
0.999738
0.989259
0.115794
0.859206
0.758755
0.685125
0.372278
0.815179
0.814154
1.000000
0.899977
0.000000
0.999991
0.871084
0.955885
0.000000
0.994193
0.999905
0.069178
1.000000
0.999970
1.000000
0.000068
0.977540
0.993296
0.963481
0.857864
0.822973
0.764593
0.374915
0.869177
0.250738
1.000000
0.999634
1.000000
0.816759
1.000000
1.000000
0.024340
0.983522
0.872259
0.927627
1.000000
0.882850
0.998591
0.774347
0.005560
0.973211
0.645183
1.000000
1.000000
0.972704
0.811818
0.986634
0.984073
0.966625
0.679779
0.084896
0.251583
1.000000
0.994069
0.000000
0.982386
0.997537
1.000000
0.804136
1.000000
0.827635
0.889504
0.000000
0.987703
0.999904
0.000000
1.000000
0.826371
0.996135
0.054272
0.825687
0.999958
0.115202
0.958104
1.000000
0.972571
0.716549
0.000000
0.719952
0.893593
0.990952
0.709868
0.009759
0.000000
0.999896
0.997521
0.765379
0.996084
0.853833
0.979443
0.977467
0.996529
0.965331
0.946276
0.999999
0.999659
1.000000
0.766024
0.959512
0.000000
1.000000
1.000000
0.984568
0.998892
0.625356
0.748069
0.000002
1.000000
0.912273
0.717496
0.000000
0.957621
0.985889
0.050407
0.620382
0.455477
0.000000
0.995596
0.999899
0.995785
0.769635
0.785165
0.999824
1.000000
0.999272
0.000000
0.379400
0.909717
0.699991
0.005405
0.957300
0.999801
0.557220
1.000000
0.000570
0.984316
0.891144
0.964386
0.017734
0.968505
0.000000
0.590125
1.000000
1.000000
1.000000
0.935226
0.935314
1.000000
0.964287
0.846382
0.981406
0.002077
1.000000
0.977793
0.999939
0.364442
0.849990
0.989624
0.999720
0.980956
0.967131
0.993160
0.702573
0.943168
0.010948
0.890026
0.878578
0.999983
0.991321
0.416768
0.994887
0.000000
0.948110
1.000000
0.815699
1.000000
0.998706
0.999996
0.799213
0.929742
0.846826
0.000055
0.742835
0.995177
0.864243
0.653276
0.999794
0.946017
0.538913
0.996345
0.973731
0.000000
0.941990
0.971711
0.979695
0.505691
0.865776
0.963350
0.846941
0.992863
0.000000
0.863670
0.998021
0.908724
0.996278
0.999493
0.965231
0.991256
0.410193
0.880896
0.998165
0.925791
0.000000
0.972850
0.999607
0.000000
1.000000
0.053581
0.999997
0.000000
0.000000
0.998530
0.919856
0.999995
0.990344
0.971243
0.891072
0.999712
0.674802
0.000000
0.978390
1.000000
0.940458
0.834206
0.999999
0.939451
0.997135
0.999949
0.999992
0.798338
1.000000
0.121002
0.140627
1.000000
0.999314
0.994968
0.929059
0.539661
1.000000
0.000000
0.999977
0.037966
0.999976
0.000000
0.000309
0.837722
0.994705
0.990518
0.955443
0.999623
0.962125
0.998340
0.997521
0.995339
0.987102
0.895397
0.984095
0.920000
1.000000
0.999988
0.998814
0.981435
0.465261
0.974992
0.964296
0.999990
0.999766
0.976331
0.971145
0.148267
1.000000
1.000000
0.960966
0.582666
1.000000
0.962700
0.999890
0.998254
0.999574
0.999999
0.999991
0.768650
0.921033
1.000000
0.953871
0.000000
0.860496
0.982346
0.584611
0.535782
0.999993
0.976128
0.999995
0.950213
1.000000
0.036434
0.999632
0.952083
0.354193
0.969536
0.930763
0.732727
0.979193
0.980749
0.755271
0.684283
0.858586
0.978754
0.247962
0.000867
0.927304
0.991043
0.856076
0.997906
1.000000
0.970448
0.938776
0.999999
0.979578
0.998720
0.999918
0.864193
0.999955
0.072870
0.455193
0.903401
0.999997
0.420670
0.990137
0.769005
0.862360
0.101394
0.880567
0.996730
1.000000
0.992089
0.000000
1.000000
0.999999
1.000000
0.394848
0.999998
0.986346
0.986569
0.976006
0.024267
0.282290
0.952132
0.993123
0.970046
0.999952
0.979091
0.000000
1.000000
0.930183
0.169706
0.103689
0.048697
0.999781
0.943973
1.000000
0.959062
0.968137
0.000000
0.976250
0.988413
0.005331
0.369332
0.018065
0.985555
0.997809
0.915641
0.997391
0.472701
1.000000
0.949562
0.001981
0.938420
0.999945
0.999991
1.000000
1.000000
0.707563
0.995735
0.809865
0.000000
0.877360
0.998084
0.997447
1.000000
0.946855
0.977727
0.932554
0.999666
1.000000
0.862017
0.259150
0.998220
0.978172
1.000000
0.117030
0.459252
0.000000
0.000000
0.999992
0.973333
0.982999
0.999987
0.741833
0.555306
0.883815
0.078090
1.000000
0.999990
0.915603
0.028734
0.878358
0.999014
0.994569
0.539281
0.835229
0.991401
0.265912
0.995982
0.000000
0.999325
0.979811
1.000000
0.000000
0.905975
0.979625
0.984074
0.612499
0.905884
0.926989
0.672473
0.871088
0.972688
0.946268
0.875240
0.999806
0.999796
0.999813
0.994510
0.999991
0.980186
0.150205
0.716969
0.995671
0.999998
0.817196
0.999072
0.859906
0.000000
0.000000
0.973458
0.997534
0.998084
0.001865
0.254798
0.942058
0.109220
0.992517
0.998472
0.692645
1.000000
0.047270
0.321101
0.779769
0.691682
0.987497
0.986330
0.943364
1.000000
1.000000
0.999636
0.999525
0.855865
0.999912
0.849890
1.000000
0.957250
0.993295
0.012142
0.900832
0.000000
0.000000
1.000000
0.997394
1.000000
0.768702
0.993718
0.265001
0.955738
0.972845
0.080214
0.675058
0.035598
0.723922
0.999997
0.995595
1.000000
1.000000
0.041869
0.380100
0.998396
0.999999
0.997824
0.996765
0.260077
0.996765
0.000000
0.131428
0.000000
0.596560
0.958947
0.999412
0.985897
0.972828
0.000000
0.716731
0.993508
0.215782
0.996894
0.034096
0.762584
0.991183
1.000000
0.000000
0.766031
0.997762
0.063043
0.822508
1.000000
0.998706
1.000000
1.000000
0.936160
0.752659
0.986569
0.930820
0.995314
0.320219
1.000000
1.000000
0.000000
0.000000
0.950213
1.000000
0.774921
1.000000
0.729370
0.981602
0.908342
0.948513
0.993027
1.000000
0.493204
0.253105
0.996493
0.971320
0.993186
1.000000
0.117457
0.000000
0.991795
0.993474
0.659030
0.004127
0.996125
0.999899
1.000000
0.999560
0.903368
0.999994
0.000224
0.707563
0.948331
0.990502
0.001789
0.272025
1.000000
0.899819
0.999999
0.997374
0.894637
0.878490
0.977579
0.942133
0.497394
0.997691
0.898972
0.988042
0.000000
0.095266
0.706158
1.000000
1.000000
0.000000
1.000000
0.000000
0.996584
0.995004
0.754191
0.000000
0.727187
1.000000
0.999894
0.933590
0.796890
0.659669
0.998287
1.000000
0.999719
0.759607
0.034884
0.887790
0.985477
1.000000
0.012765
0.327266
0.152635
1.000000
0.860466
1.000000
0.999979
0.998376
0.950189
0.976390
0.993499
0.541226
0.999385
0.999636
0.977541
0.000000
0.331080
0.000000
1.000000
1.000000
0.979147
0.141353
0.648039
0.998185
0.923890
0.705243
0.781817
0.975666
0.996794
1.000000
0.999539
0.987658
0.001843
0.999994
0.926807
0.950425
0.891214
0.870194
1.000000
0.971152
0.915397
1.000000
0.389718
0.999989
0.954063
0.999873
0.999990
1.000000
0.605599
0.999965
1.000000
0.966650
0.999995
0.941554
0.690668
0.989796
0.999992
0.153735
0.998674
0.998680
0.992306
0.911776
1.000000
0.996671
0.997599
0.996666
0.396358
0.928767
0.000002
0.852529
0.000000
0.920612
0.991125
0.000175
1.000000
0.942586
0.995234
0.689354
0.938181
0.001892
0.999875
0.668332
0.000000
0.997386
0.601492
0.995516
0.417583
1.000000
0.983184
0.999952
0.426736
0.867659
0.867447
1.000000
0.003887
0.999781
0.999743
0.979615
0.312131
0.899476
0.997855
0.998685
0.984903
0.884694
0.995576
0.997270
0.267592
0.953959
1.000000
0.019963
0.812729
0.503271
0.000009
0.131804
0.912512
0.821091
0.442813
0.999928
0.985971
0.999949
0.999990
0.999655
0.701310
0.082112
0.999975
1.000000
0.788423
0.781945
0.998447
0.481597
0.994588
0.999998
0.983695
1.000000
0.100381
0.000000
0.000000
0.999991
0.999998
0.824756
0.000029
0.966091
0.999812
0.948403
0.682673
1.000000
0.847237
0.503748
0.992510
0.908718
0.998404
0.679874
0.997686
1.000000
0.999612
1.000000
0.884295
0.005507
1.000000
0.969605
0.927543
0.867234
0.072560
1.000000
0.999971
0.998549
1.000000
0.470962
0.971698
0.924347
0.998489
1.000000
0.943329
0.999473
0.921570
0.772391
1.000000
0.909090
0.996963
0.001015
0.999999
1.000000
0.953638
1.000000
0.999895
0.909999
1.000000
0.573422
0.993148
0.996988
0.000000
0.880534
0.000000
0.000000
0.998418
0.817502
0.997863
0.108224
0.682573
0.817453
0.651933
0.065977
0.000000
0.999975
0.000000
0.986850
0.999996
0.823914
1.000000
0.999999
0.379219
0.000000
1.000000
1.000000
1.000000
1.000000
0.944842
0.364457
0.495354
0.993550
0.016729
0.998778
0.999863
0.401468
0.853926
0.999966
1.000000
0.999627
0.002207
0.000000
0.998723
0.000000
0.999998
0.864665
0.843799
0.079464
0.902855
0.981483
0.996947
0.526419
0.843046
0.999978
0.758370
0.959992
0.997357
0.985072
0.363541
0.102662
0.202327
0.997573
0.429812
0.999502
0.703177
1.000000
0.977297
1.000000
1.000000
0.999997
0.000000
0.027867
0.631542
0.001314
0.814796
0.958560
0.997246
0.013472
0.000128
0.999890
0.619344
0.984703
0.901353
1.000000
0.000000
0.000000
0.898634
0.988421
0.927134
0.008278
1.000000
0.651583
1.000000
0.991859
0.999779
0.999987
0.815288
0.940438
0.000000
0.999883
0.976219
0.000000
0.995491
0.705584
0.864049
1.000000
0.985565
0.931955
0.301213
0.800451
0.973398
0.279946
0.674993
0.583551
0.983579
0.916066
0.979467
0.977467
0.970412
1.000000
0.999058
0.000000
0.990745
0.956008
0.883050
0.005071
0.980145
0.999553
1.000000
0.459506
0.972425
0.999999
0.996719
0.995722
0.995556
0.658719
0.946388
0.991440
0.940147
0.973255
0.577484
0.983232
0.998305
0.993857
0.998241
0.999824
0.144091
0.519872
1.000000
0.997815
0.000356
0.778086
0.969506
0.250504
0.688243
0.999636
0.999996
0.507754
0.027031
0.497845
0.000000
1.000000
0.849332
1.000000
1.000000
0.981678
0.000000
0.629843
0.998810
0.999527
0.999736
0.999944
0.999924
0.000000
0.985887
0.966805
0.794001
0.930625
0.929410
0.238281
0.910666
0.990811
1.000000
0.998333
0.999999
0.998953
0.649468
0.999358
1.000000
0.005243
0.436767
0.695951
0.340094
0.892184
1.000000
0.000000
0.996203
0.965244
0.000000
0.815926
0.953950
0.996857
0.000000
0.854205
0.041146
0.999619
1.000000
0.990029
1.000000
1.000000
0.999998
1.000000
0.999341
0.999997
0.121907
0.999987
0.999907
1.000000
1.000000
0.020934
0.903542
1.000000
0.173414
0.909465
0.969940
0.002004
0.997931
1.000000
0.729121
0.284420
0.149724
0.999999
0.008980
0.264815
0.735526
0.930072
0.472900
0.969244
0.006521
0.938696
0.442547
0.960592
0.824660
0.000000
0.606761
0.999998
0.876903
1.000000
0.892409
0.000000
0.904173
0.999697
0.999103
0.393495
0.703956
1.000000
1.000000
0.452230
0.000000
0.998348
0.000000
0.983203
0.983644
0.939918
0.886555
0.878736
0.972435
0.526940
0.000000
0.490725
0.003317
0.999999
0.697724
0.993664
0.056523
0.999978
0.956337
0.999983
0.999866
0.098715
0.816970
0.999998
1.000000
0.007454
0.000000
0.000000
0.998713
0.719117
0.748852
0.826195
0.999962
0.999958
0.284426
0.779477
0.797546
0.000009
0.999922
0.935787
0.882929
0.513883
0.003715
0.843380
0.989433
1.000000
0.729718
0.988164
0.998838
0.910336
0.836114
1.000000
0.736798
0.663926
0.890827
0.999566
0.079053
1.000000
0.999586
0.001963
0.982802
0.924130
0.703683
0.002729
0.999998
0.989542
0.001172
0.598411
0.999934
0.867295
0.985569
0.999999
0.999958
0.000000
0.999049
0.779742
0.996078
0.628512
0.966679
0.733776
0.371074
0.999992
0.999837
0.070011
1.000000
0.881094
0.721211
1.000000
1.000000
0.998250
0.979063
0.893423
0.835027
0.887070
0.968820
0.596560
0.972625
0.000000
0.993880
0.998090
0.093036
1.000000
0.801084
0.999270
0.004272
0.000688
0.844172
0.999995
0.991702
0.664446
0.977001
0.992519
0.978926
0.960326
0.993174
0.778524
0.516961
0.997988
0.991863
0.626295
0.991212
0.751750
0.847661
0.866073
0.001471
0.976315
1.000000
0.105199
0.999990
1.000000
0.000000
0.957901
0.989834
0.869879
0.999979
1.000000
1.000000
0.212340
1.000000
0.937449
0.314255
1.000000
0.000000
0.912398
0.997468
0.998999
0.038169
0.995151
0.995031
0.736879
0.975870
0.983366
1.000000
0.998888
0.999598
0.999770
0.811357
0.000546
0.993084
0.905504
0.999893
0.661954
0.000919
0.004018
0.844842
0.999956
0.435108
0.409959
0.646406
0.974910
0.727210
0.983032
0.817188
0.436773
0.680777
0.000000
0.963731
0.982043
0.953187
0.106083
0.987861
0.982663
0.777800
0.852349
0.112372
1.000000
0.994260
1.000000
0.992372
0.454902
0.230640
0.999971
1.000000
0.582951
0.000000
1.000000
0.994475
0.168261
0.999988
0.505315
0.999956
0.999719
0.832603
1.000000
0.522126
1.000000
0.928101
0.994382
1.000000
0.999925
0.885974
0.999999
0.982108
1.000000
0.801891
0.999274
0.904441
1.000000
0.988042
0.948716
0.991461
0.998199
0.983758
0.904820
0.983794
1.000000
1.000000
1.000000
0.981638
0.984095
0.786043
0.372306
0.053942
0.996493
0.999991
0.877865
1.000000
1.000000
0.000000
0.998864
1.000000
0.913509
1.000000
0.923525
0.020934
1.000000
0.984914
0.993040
0.993607
0.841386
0.981165
0.055174
0.976927
0.000000
0.902946
0.932242
0.983467
0.972246
0.335033
1.000000
0.999176
0.271176
0.000000
0.002394
0.000000
0.317260
0.000067
0.613401
0.883078
0.995413
0.472034
1.000000
0.999123
1.000000
0.998176
0.998660
0.989487
0.000000
0.997944
1.000000
0.947828
0.772705
0.984969
0.974383
0.114931
0.999995
0.916997
0.035387
0.998872
0.996334
0.120579
0.971214
0.941243
0.916014
0.999733
0.968788
1.000000
0.945263
0.450128
0.983626
0.654647
0.770594
1.000000
0.027297
0.988484
1.000000
0.999997
0.937541
0.968350
0.903334
0.587116
0.999956
0.569396
0.619941
0.999146
0.990362
0.693628
0.878786
0.002685
0.367952
0.000000
0.994356
0.952384
1.000000
0.999318
0.999838
0.994995
0.999991
0.002083
0.985377
0.955302
1.000000
0.000000
0.983732
0.985663
1.000000
1.000000
1.000000
0.385162
0.984493
0.977899
0.905764
0.540312
0.228246
1.000000
0.623285
0.967423
0.913218
0.005761
0.987725
0.706432
0.991713
0.988048
0.998875
0.131338
0.000000
0.000000
0.999961
0.948475
0.000000
0.001964
0.999992
0.999808
0.961536
0.993025
0.000000
0.830754
0.000000
0.999621
0.015367
0.995773
0.990856
0.982571
0.871225
0.974880
0.453128
0.999935
0.999620
0.889421
1.000000
1.000000
0.002055
0.960974
0.842996
0.999004
0.262330
0.998990
0.995064
0.834271
0.898778
0.770585
0.988732
0.995754
0.999851
1.000000
0.487730
1.000000
0.162658
0.233407
0.000000
0.909273
1.000000
0.000007
1.000000
0.999997
0.999986
0.999384
0.999501
0.998706
0.997551
0.061051
0.008548
1.000000
0.001101
0.005866
0.999776
0.000000
0.004971
0.999997
0.265808
1.000000
0.999998
0.766413
0.000000
0.023569
0.000000
0.938051
0.811875
0.548189
0.999906
0.167413
1.000000
0.999699
0.965502
1.000000
0.920774
0.872688
0.991247
0.000000
0.919178
0.814712
0.039015
0.928562
1.000000
1.000000
0.907912
0.960039
0.000000
0.999961
0.855220
1.000000
0.854282
0.987795
0.713749
0.173508
0.999981
0.880070
0.999584
0.343344
0.760643
1.000000
1.000000
0.998316
0.209039
0.913936
0.999569
0.991797
0.103058
0.960567
0.000000
0.000000
0.999379
0.924627
0.999940
0.999840
0.988910
0.000000
0.782925
0.973698
1.000000
0.999994
0.000002
0.009188
0.870395
0.981483
0.968473
0.999992
0.854638
0.988132
0.283707
0.107329
1.000000
0.001326
0.607878
0.982369
0.997612
0.994636
0.902642
0.994807
0.988309
0.373970
0.859036
0.899368
1.000000
1.000000
1.000000
0.981164
0.990478
0.000000
0.999773
0.947104
0.987050
0.078426
0.951005
0.999791
0.923597
0.958932
0.988187
0.027296
0.801891
0.999988
0.999999
0.913212
0.844427
1.000000
0.614186
0.545613
0.998876
0.757418
1.000000
0.000000
0.862388
1.000000
0.539920
0.000000
0.999886
0.200613
0.307292
0.825340
0.999999
0.999267
0.907177
0.624302
0.972962
0.383272
0.920978
0.990255
1.000000
0.386655
1.000000
0.999999
0.960148
0.999994
0.000000
0.543824
0.925347
0.999463
0.844512
0.994564
0.996816
0.937946
0.934674
0.943985
0.447733
0.061882
0.819416
0.993309
0.000000
0.927969
0.981184
0.317771
0.976511
0.987083
0.922788
0.981684
0.951369
0.290700
0.999916
0.931127
0.105578
0.000000
0.789116
0.711482
0.999201
0.707895
0.998780
0.484140
0.994329
0.508611
0.987382
0.998137
0.994984
0.749397
0.880206
0.954820
1.000000
1.000000
0.040283
0.861451
0.408796
0.951003
0.809066
0.213559
0.004099
0.367552
0.999624
0.000000
0.999934
0.999788
0.049813
0.017673
0.224339
0.120762
1.000000
0.981867
0.999416
0.784851
0.999994
0.999595
0.850676
0.984457
0.975313
1.000000
0.986664
0.707895
0.659364
0.005555
0.999976
0.996962
0.939878
0.955437
0.999603
0.990726
0.855786
0.963318
0.806495
0.999028
0.999997
1.000000
0.998839
0.936776
0.998899
0.649118
0.162659
0.359335
0.640666
0.060051
0.843440
0.916510
0.963833
1.000000
0.028668
0.408458
0.999003
0.980740
1.000000
0.999989
0.849329
0.999994
1.000000
0.913331
0.830920
0.000000
0.997586
0.999934
0.804794
0.917763
0.996572
1.000000
0.949059
0.680387
1.000000
0.996665
0.996949
0.984011
0.967751
0.547882
1.000000
0.044139
1.000000
0.086699
0.985933
0.639801
0.886784
0.770772
0.018738
0.877425
0.955094
0.328546
1.000000
0.999999
0.004652
1.000000
0.878758
1.000000
1.000000
0.989329
1.000000
0.963281
0.981972
1.000000
0.765835
0.974877
0.722567
0.000541
0.056967
0.996637
0.987052
0.684368
1.000000
0.999971
0.940516
0.999228
0.962134
1.000000
0.894190
0.995365
0.989327
0.174550
0.996384
1.000000
0.152602
0.956387
0.000001
0.870488
0.300099
0.542805
0.999998
0.000000
0.000000
0.897237
0.000000
0.962342
0.997125
0.016729
0.973192
0.962269
0.996611
0.909326
0.994000
0.870486
1.000000
0.000000
0.802290
0.999712
0.987347
0.835017
1.000000
0.942368
1.000000
1.000000
1.000000
0.974751
0.985521
1.000000
0.419146
0.999516
0.991645
0.929689
0.987534
1.000000
0.679676
0.999586
0.115343
0.995305
0.876862
0.580722
0.557054
0.022601
0.979818
0.982445
0.000000
0.050009
0.999719
0.946380
0.999961
0.872959
0.897389
0.603286
0.981399
0.021052
0.024504
0.998250
0.996828
0.928973
0.999401
0.962588
0.289696
0.893823
0.000000
0.999975
0.869598
0.008959
0.740132
0.965498
0.996143
0.999309
0.759970
0.256827
0.962845
0.998369
0.987289
0.968253
0.877827
0.995281
0.754113
0.589920
0.819941
0.170429
0.135777
1.000000
0.000894
0.006854
0.999998
1.000000
1.000000
1.000000
0.999885
0.999999
0.000000
0.390106
0.826618
1.000000
0.982357
0.993698
0.000000
0.999994
1.000000
0.999966
0.926604
0.019850
0.537802
0.021899
0.483934
0.000000
0.992642
1.000000
0.406253
0.000000
0.002119
0.997916
0.064841
0.203783
1.000000
0.675293
0.907459
0.914646
1.000000
0.884238
0.877424
0.999702
0.991531
0.988578
0.472852
0.803983
0.533044
1.000000
0.936831
0.998744
0.000000
1.000000
0.996084
0.717488
0.991397
0.000000
1.000000
0.942351
1.000000
0.855799
0.979476
1.000000
0.996483
0.986756
0.987377
0.989939
0.000126
0.980846
0.787342
1.000000
0.996564
0.994358
0.915648
0.982998
0.000192
1.000000
0.963803
0.565654
0.603834
0.999869
0.991372
0.657041
0.020436
0.964968
0.484290
0.981302
0.009781
0.812729
0.777068
0.366852
0.000000
0.228331
0.967467
0.811451
0.403494
0.006366
0.005466
0.119008
0.197397
0.517858
0.984013
0.872478
1.000000
0.999941
0.813243
1.000000
1.000000
0.998167
0.983144
0.484752
0.289285
1.000000
0.680677
0.605267
0.157727
0.000000
0.999407
0.413141
1.000000
0.834153
1.000000
0.843371
0.628758
0.443832
0.966794
0.996794
0.864317
0.208139
0.963573
0.858978
0.704075
0.411898
0.999238
0.004630
1.000000
0.958740
0.971381
0.999935
0.869361
0.105869
0.983996
0.998957
0.366896
0.970747
1.000000
0.899316
0.044771
0.000000
0.935545
0.493351
0.000000
1.000000
0.998165
0.953446
0.757293
0.735139
0.947336
0.005801
0.962002
0.995488
0.872385
0.001711
0.999955
0.988756
0.000000
0.999823
0.056199
0.736229
0.042949
0.000000
0.414966
1.000000
1.000000
0.950384
0.000000
0.993051
0.682319
0.981698
0.202471
0.361201
0.271381
0.999900
1.000000
0.858632
0.086349
0.000000
0.041749
0.983276
0.999820
0.000000
0.958211
0.905822
0.000000
0.504686
0.000000
0.735180
0.947279
0.999233
0.709062
0.947558
0.216786
0.648737
0.988956
1.000000
0.849570
0.829185
0.999857
0.983673
0.860843
1.000000
0.962491
0.180142
0.740416
0.993414
1.000000
0.000000
0.346029
0.964325
0.999358
0.697679
0.990145
0.645558
0.924093
0.948396
0.980821
0.324404
0.972454
0.999662
0.882929
0.976501
1.000000
0.994511
0.995247
0.949075
0.237745
0.828376
0.877893
0.905662
1.000000
0.787646
1.000000
0.075346
0.985982
0.959533
0.972295
0.207999
0.999193
1.000000
0.999999
0.999973
1.000000
0.241094
0.914656
0.781144
0.051753
0.305909
0.170439
0.918929
0.001643
1.000000
1.000000
0.884184
1.000000
0.515728
0.900900
0.005323
1.000000
0.000000
0.313277
0.697886
0.242716
0.000000
0.943217
0.946454
0.926509
0.000000
0.819024
0.988819
0.834343
0.890479
0.179847
1.000000
0.000000
1.000000
0.945295
0.988818
0.376507
0.000000
0.646088
0.999987
0.974374
0.511646
0.999996
0.629937
0.010525
0.000000
0.994213
0.268130
0.588080
0.700529
0.999415
0.910289
0.000000
0.747554
0.999967
0.000000
0.830535
0.912457
0.000000
1.000000
1.000000
0.992073
0.050246
0.951172
0.925844
0.999261
0.993908
0.976857
0.188348
1.000000
0.189273
0.105041
0.949623
0.989755
0.314594
0.999503
1.000000
0.999818
0.141189
1.000000
0.989636
0.985076
0.508434
0.206328
0.991971
0.998796
0.897548
0.623358
0.982072
1.000000
0.122277
0.704935
0.531726
1.000000
1.000000
0.396248
0.816196
1.000000
0.999979
0.999900
0.951284
0.999064
0.786043
0.609133
0.026756
1.000000
0.000000
0.998045
0.000759
0.989385
1.000000
1.000000
0.000000
0.521536
0.970048
0.999946
0.997402
0.999704
0.801518
0.991569
0.630041
0.062511
0.964816
0.006306
0.039617
0.988739
0.980303
0.987656
0.812954
0.991225
0.944810
0.925076
0.000033
0.987191
0.964132
0.921369
0.999858
0.000000
0.956619
0.992431
0.014579
1.000000
0.878512
0.000000
0.109720
1.000000
0.961752
0.818086
0.000000
0.919292
0.998243
0.806427
0.000000
0.986395
0.161811
0.686368
0.894541
0.995247
0.000000
0.927077
1.000000
1.000000
1.000000
0.998099
0.941546
0.994805
0.999974
0.907863
0.978636
0.250363
0.999999
0.955689
0.884659
0.998818
0.999999
0.999803
0.000586
0.061971
1.000000
0.680215
0.999965
0.929195
0.931004
0.999966
0.999947
0.473350
0.088871
0.943154
0.608449
0.846468
0.895250
0.999995
0.999996
1.000000
0.000235
0.966893
0.936262
0.084475
0.991143
0.000000
0.910778
1.000000
0.732376
0.000000
0.999770
0.989572
0.996499
0.933223
0.999976
1.000000
0.922857
0.983034
0.999953
0.682877
0.989011
1.000000
0.115680
0.833927
0.927518
0.999969
0.000000
0.805461
0.256261
0.002380
0.732159
0.960742
0.885239
0.739036
0.000000
0.918330
0.969475
0.000000
0.889059
0.999999
0.999775
0.999666
0.984949
0.861423
0.000000
0.967673
0.926563
0.000000
0.998812
0.947311
1.000000
0.999420
0.857244
0.902575
0.984123
1.000000
0.753302
0.927133
0.997268
0.326783
1.000000
0.000600
0.997980
0.000000
0.172470
0.692709
0.997868
0.651351
0.989715
1.000000
0.999700
0.943341
0.982450
0.114871
0.995092
0.996895
1.000000
0.999631
0.195611
0.980928
1.000000
0.994522
0.994016
0.954024
0.999896
0.998645
0.959637
0.841703
0.999859
0.007827
0.757656
0.026053
1.000000
0.016708
0.874729
0.999923
0.991532
0.980839
0.229105
0.963731
0.997903
0.607919
0.998804
0.235688
0.999910
0.867690
0.475736
1.000000
0.973552
0.999625
0.061659
0.999887
0.526417
0.990663
0.980967
0.929523
0.992910
0.095842
0.154754
0.997516
0.579761
1.000000
0.999913
0.000000
0.750533
0.999791
0.969690
1.000000
0.051032
0.998396
0.484871
0.996141
0.005025
1.000000
0.000000
0.000000
1.000000
0.999870
0.978605
0.876344
0.800155
0.999999
0.993901
0.997603
0.967847
0.981520
0.856264
0.916990
0.999047
0.999997
0.993958
0.999996
0.933291
0.975136
0.796954
0.972850
0.000000
0.992841
0.961789
0.950316
0.992870
0.093032
0.999997
0.090714
0.000000
0.999156
0.999165
0.078155
0.000000
0.752441
0.989284
0.000000
0.987942
0.987621
0.931464
0.042284
0.812584
0.954125
1.000000
0.991603
0.468693
1.000000
0.999952
0.608540
0.635691
0.925870
0.999980
0.348036
0.977979
0.656241
0.873562
0.067292
0.931747
0.631723
0.007160
0.222495
0.999839
0.999082
0.041605
0.422547
0.672739
0.985552
0.000252
1.000000
0.000000
0.947850
0.944371
0.998233
0.985267
0.886828
0.611587
0.903345
0.997723
0.990630
0.003916
0.912836
0.998940
0.907424
0.996889
0.997513
0.874894
0.675305
0.928279
0.000001
0.944041
0.984298
0.980676
0.084369
1.000000
1.000000
1.000000
0.997782
0.708562
0.981569
0.000007
1.000000
0.981114
0.281288
0.965832
0.983122
0.956429
0.438647
0.999350
0.068604
0.999287
0.998068
0.982525
0.656684
0.806004
0.981393
0.975201
0.727924
0.853755
0.996063
0.998597
0.999719
0.749300
0.000000
0.880672
0.999426
0.438156
0.000000
0.997769
0.994266
0.999991
1.000000
1.000000
1.000000
0.999000
0.961240
0.851764
0.642577
0.990084
0.867385
0.016064
0.870065
0.104449
0.997146
0.999938
0.996481
0.248324
0.967839
0.999995
0.898176
0.991679
0.258149
0.997634
0.230389
0.999991
1.000000
0.649597
0.097495
0.811605
0.822293
0.000000
0.979745
0.899685
0.413753
0.882424
0.646641
0.988587
0.832341
0.043551
0.999934
0.951814
0.999745
0.874192
0.624017
0.999845
0.628904
0.368571
1.000000
0.000000
0.911323
0.999196
0.999692
0.946260
0.997849
0.003607
0.996761
0.965275
0.605599
0.995121
0.906421
0.959679
0.208230
0.004419
0.999943
1.000000
0.977796
1.000000
0.925165
0.995826
0.301216
0.994849
1.000000
0.744054
0.999673
0.878641
0.678221
0.983383
0.906543
1.000000
0.992673
1.000000
0.982905
0.972812
0.000000
0.074182
0.995738
0.921032
0.999894
0.762387
0.790256
0.536312
0.528904
0.000000
0.759803
0.477457
0.940226
0.900251
0.504399
0.901289
0.844844
0.349501
0.097140
0.882037
0.571336
0.989616
0.057512
0.999961
1.000000
0.883623
0.719952
0.998974
0.999203
0.990001
1.000000
1.000000
0.999938
0.725869
0.767737
0.792966
0.000000
0.000000
0.908864
0.995576
0.936179
0.998063
1.000000
0.797002
0.985523
0.149819
0.077654
0.105586
0.000000
0.978969
0.000000
0.963587
1.000000
1.000000
0.913490
0.999071
0.063685
0.997349
0.978456
0.621262
0.562682
0.256764
0.680780
0.993838
0.011167
0.917094
0.760797
0.975627
0.180614
0.984903
1.000000
0.997201
0.025888
0.932445
0.993187
0.994871
0.999270
0.886307
0.998816
0.188117
0.974204
1.000000
1.000000
0.999791
0.999973
0.971170
0.000000
0.994451
0.925821
1.000000
0.702471
0.892864
0.975663
0.732083
0.438487
0.999559
0.993078
0.000000
0.993706
0.999885
0.986700
0.860980
0.738649
0.701682
0.131646
0.123412
0.843267
0.492665
1.000000
0.985534
0.945908
0.518759
0.628093
0.948816
1.000000
0.995459
0.940976
1.000000
0.999900
1.000000
0.661226
0.792775
0.195089
0.348098
0.932578
0.999831
0.795543
0.497486
0.272892
0.999999
0.922652
1.000000
0.890998
0.999953
0.909265
0.944381
0.693246
0.992256
0.898631
0.999790
0.987928
0.105435
0.022015
0.999583
0.993577
0.740279
0.325501
0.713004
0.988575
0.976175
1.000000
1.000000
0.498907
0.618255
0.938229
0.937691
0.930435
0.999667
0.989649
0.994836
0.932709
0.715998
0.000000
1.000000
0.988427
0.000000
0.000000
0.722558
0.999624
0.999974
0.999978
0.953873
0.105764
0.000000
0.651710
0.933721
0.999941
0.990028
0.006234
0.982999
0.994216
1.000000
0.225619
0.182795
0.675656
1.000000
0.796546
0.420494
0.961000
1.000000
0.942558
0.432540
0.543601
0.998247
0.906516
0.999559
0.000417
0.010611
0.879997
0.236916
0.063965
0.975693
0.928250
0.900305
0.998344
0.993160
0.999662
1.000000
0.874596
0.992138
0.966679
0.109246
0.792136
0.747858
1.000000
0.999821
0.999802
0.001614
0.993546
0.979812
1.000000
0.221843
0.000000
0.980181
0.970815
1.000000
0.999926
0.000000
0.998304
1.000000
0.999995
0.778227
1.000000
0.997017
0.537430
0.504736
0.999320
0.841040
1.000000
1.000000
0.999027
0.999575
0.047665
0.348444
0.992012
0.931474
0.999772
0.854098
1.000000
0.165975
0.988792
0.875882
1.000000
0.977744
0.928895
0.794134
0.951736
0.999821
0.949743
0.967890
0.827412
0.800214
0.327118
0.964080
0.000000
0.009387
0.534804
0.274995
0.981850
0.000000
0.628150
0.820426
0.838620
1.000000
0.983167
0.623358
0.000894
0.000000
0.991673
0.984187
0.004768
0.752915
1.000000
0.000000
0.012986
0.994897
0.000000
0.905215
0.945638
0.809122
0.996402
0.940497
0.992305
0.985515
0.993966
0.829976
0.999131
0.825116
0.000712
0.626482
0.863625
1.000000
0.895368
0.979646
0.856472
1.000000
0.947459
0.543897
0.122330
0.999931
0.000000
1.000000
0.993913
0.944547
0.061787
0.705624
0.880647
0.684842
0.000000
0.024297
0.997752
1.000000
0.978973
0.997573
0.983430
1.000000
0.985441
1.000000
1.000000
0.997572
0.806097
0.942275
0.967057
1.000000
0.999824
0.999914
1.000000
1.000000
0.114406
0.999328
1.000000
0.554084
0.999993
0.965989
0.591424
1.000000
1.000000
0.993072
0.945747
1.000000
0.000000
0.038666
0.999996
0.000000
0.992187
0.855484
0.581192
0.996830
0.999967
0.999750
1.000000
0.010025
0.718287
0.235054
0.987701
0.986481
0.997798
0.781595
0.928554
0.406270
0.768367
1.000000
0.992968
0.330185
0.091145
0.998555
0.999953
0.999601
1.000000
0.999071
0.998709
0.882413
1.000000
0.998652
0.000000
1.000000
1.000000
1.000000
0.641579
0.981083
0.998928
0.002377
0.995478
1.000000
0.994292
0.571672
0.979078
0.237051
0.813899
0.000000
0.935983
1.000000
0.959970
0.909437
0.941732
0.995168
0.212912
0.995385
0.385533
0.998953
0.708812
0.994647
0.989129
0.889836
0.121017
0.616554
0.316504
0.864305
0.990914
0.302536
0.999633
1.000000
0.694248
0.729151
0.768386
0.963751
1.000000
0.072963
0.933580
0.998301
0.628061
0.791392
0.994347
0.997723
0.502919
0.761491
0.866859
1.000000
1.000000
0.268387
0.998770
0.935670
0.967246
0.766181
0.925650
0.013571
0.981684
0.531595
0.881563
0.968174
0.176699
1.000000
0.163231
1.000000
0.144202
0.297226
1.000000
0.949553
1.000000
0.962326
0.946990
0.764593
0.963751
0.050215
0.923343
0.982999
0.920003
0.245990
0.000000
0.000006
1.000000
0.122961
1.000000
0.816511
1.000000
0.032288
0.918750
0.863520
0.999527
0.999997
0.997986
0.810308
0.117823
0.999999
0.996919
0.999982
0.999621
0.983509
0.970503
0.997039
0.989621
1.000000
0.999999
0.886575
0.999139
0.594239
0.000000
0.793013
1.000000
0.622177
0.999734
0.982370
0.992904
1.000000
0.999859
0.869746
0.792915
1.000000
0.009698
0.993747
0.980974
0.964847
0.947919
0.024135
1.000000
0.048582
0.000389
0.877014
0.957080
1.000000
0.955285
0.998991
0.886314
0.289598
0.967844
0.999975
0.914859
0.999992
1.000000
0.312318
0.000000
1.000000
0.998021
0.921824
1.000000
0.992622
0.999845
1.000000
0.450924
0.981874
0.000700
1.000000
0.926980
0.893225
0.999972
0.993171
0.052133
0.999989
0.968230
0.000000
1.000000
0.000000
0.605900
0.984381
0.930863
0.957223
0.000000
0.000000
0.965360
0.048815
0.812446
0.999990
0.548698
0.731743
0.078075
1.000000
0.999234
1.000000
0.048208
0.452413
0.955200
0.994091
0.967351
0.187473
0.991927
1.000000
0.993328
0.823538
0.086414
0.991737
0.998874
0.833517
0.992173
0.769943
0.880309
0.979200
0.991432
0.999970
0.994403
0.000029
0.994814
0.000000
0.019772
0.979724
0.999995
0.000000
0.070011
1.000000
0.888860
0.996084
0.860106
1.000000
0.000000
1.000000
0.986850
1.000000
0.006147
0.776852
0.146658
1.000000
0.000000
0.009781
0.529920
0.615610
1.000000
0.120107
0.932223
0.842485
0.201850
0.924244
1.000000
1.000000
0.164083
0.934329
0.000000
0.000000
0.987262
0.000000
0.866328
0.999504
0.049433
1.000000
0.994184
0.919751
0.980212
1.000000
0.697999
0.998162
0.618717
0.940086
0.827414
0.153355
0.597304
0.999990
0.906612
0.923465
0.964578
1.000000
1.000000
0.985776
0.063797
0.991928
0.931028
0.000000
0.740602
0.999925
0.000000
0.999971
0.000000
0.904849
0.843365
0.986495
0.803571
0.937984
0.093076
0.633891
1.000000
0.764424
0.028868
0.999449
1.000000
0.998538
0.791452
0.858202
0.054033
0.999381
0.999988
0.993329
0.044485
0.761763
0.999355
0.999534
0.984845
0.751141
0.999919
0.999859
1.000000
1.000000
0.822265
0.337663
0.000000
0.135449
0.996207
0.001367
0.999928
1.000000
0.998138
1.000000
0.980441
1.000000
0.064605
0.994793
0.863723
0.889014
0.836138
0.955293
0.045599
0.986984
0.349874
0.997965
0.986778
0.990790
0.000002
0.155647
1.000000
0.963444
0.999671
0.016696
0.997285
0.024043
0.178511
0.969428
0.392250
0.721320
0.998074
0.132933
0.999444
0.832563
0.714697
0.003585
0.993262
0.000000
0.787654
1.000000
0.006158
0.000000
1.000000
0.999999
0.903266
0.885210
0.999746
0.814569
1.000000
0.982429
0.970398
0.967446
0.999637
0.978361
0.994396
1.000000
0.999975
0.103065
0.998741
0.025857
0.000000
0.000000
0.031843
0.893613
0.000000
0.995438
0.204356
0.988644
0.838788
0.873352
0.332348
0.694552
1.000000
1.000000
0.000854
0.999614
1.000000
0.871955
1.000000
1.000000
0.000000
0.999991
1.000000
0.980485
0.937747
0.959255
0.355850
0.891988
0.065544
0.182773
0.239124
1.000000
1.000000
0.745387
0.834667
0.999915
0.995413
0.953405
0.952132
0.828711
0.734786
0.998286
0.000000
1.000000
0.797922
0.987431
0.804650
0.998345
0.986391
0.992082
0.474420
0.119696
1.000000
0.853461
0.977057
0.196207
0.000000
0.980528
0.013089
0.888866
0.895589
0.857232
0.978752
0.620402
0.788283
0.991005
0.687664
0.019997
0.495758
1.000000
0.000000
0.000016
0.556934
0.958671
0.957372
0.969464
0.948356
0.973271
0.949645
0.988612
0.917072
0.997022
0.035895
0.995609
0.922385
1.000000
0.914116
1.000000
0.892059
0.957508
0.000065
0.857006
0.985618
0.851103
0.934408
0.997655
0.000000
0.981962
0.983059
0.971865
0.667112
0.854004
0.609146
0.972084
0.999999
1.000000
0.689399
0.998286
0.883000
0.775894
0.984763
0.964642
0.972927
0.932711
0.869568
0.968721
0.673981
1.000000
0.028998
0.272720
0.999534
0.855220
0.660187
0.999994
0.799213
0.379780
0.607454
0.013493
0.995684
0.940495
0.048224
0.975788
0.938557
0.944506
0.661814
0.908996
0.936540
0.976107
0.036460
0.490849
0.989962
0.376776
0.000000
1.000000
0.976005
0.968168
0.000000
0.000000
0.999998
0.006854
1.000000
0.965480
0.935524
0.000000
0.210467
0.913361
0.010337
0.560415
0.112668
0.011865
0.997877
0.999995
0.002135
0.991075
0.570804
0.996316
0.944093
0.877021
0.775339
0.610562
0.996404
0.876372
0.574387
0.954813
0.026395
0.206938
0.995115
0.964609
0.996478
0.926124
0.904008
0.233346
0.002730
0.999998
0.910735
0.831940
0.986716
0.950213
0.999999
0.112564
0.096204
1.000000
0.987252
0.999999
0.965310
0.985856
0.911965
0.221187
0.943686
0.989825
0.998757
0.720623
0.998149
0.001525
0.000000
0.999738
0.797786
0.765367
0.999826
0.985373
0.998351
0.999902
0.995611
0.001742
0.755446
0.999966
1.000000
0.872157
0.999999
0.996446
1.000000
0.999122
0.946528
0.999911
0.778068
0.188048
0.994992
0.996465
0.761317
0.999852
0.607018
0.717573
0.907028
0.999286
0.817395
0.000000
0.993370
0.821900
0.201552
0.999531
0.995669
1.000000
0.815850
0.174814
0.173660
0.998886
0.361406
0.795178
0.986769
0.980181
0.999995
1.000000
1.000000
0.987354
0.999993
0.000000
0.999598
0.963912
0.893830
0.948948
0.997246
1.000000
0.929094
0.943341
0.992130
0.950294
0.933791
0.227672
0.999989
0.735718
0.743540
0.022035
0.000000
0.000000
0.999899
0.942877
1.000000
0.254122
0.000000
0.888995
0.908392
0.993902
1.000000
0.734814
1.000000
1.000000
0.999631
0.969592
0.021982
0.000075
1.000000
0.713396
0.981506
0.968486
0.990691
0.996438
0.999952
0.252801
0.997284
1.000000
1.000000
0.854538
1.000000
0.991409
0.999992
0.544116
0.290586
0.916102
1.000000
1.000000
0.007145
0.990934
0.996996
0.162070
0.053187
0.998732
0.934304
0.992758
0.996457
0.998036
0.994820
0.999389
0.959970
0.732046
0.999210
0.999989
1.000000
0.062588
0.098447
0.131309
0.999999
1.000000
0.979789
0.997655
1.000000
0.182595
0.987354
1.000000
0.834039
0.911899
0.238914
0.999799
0.966623
0.999875
0.003691
0.471782
0.884998
0.998065
0.000000
0.289639
1.000000
0.096243
0.947266
1.000000
0.967246
0.938173
0.846451
0.287753
0.528202
0.999935
0.998918
0.981904
0.953123
1.000000
0.980953
0.995419
1.000000
0.967374
0.974935
1.000000
0.594237
0.050038
0.000000
0.717525
0.999473
0.063477
0.938127
0.994915
0.002051
0.356820
1.000000
0.996705
0.836332
0.826492
0.792423
0.999991
1.000000
1.000000
0.992405
1.000000
0.999832
0.995307
0.851929
0.999998
0.999127
0.021614
0.999547
0.035893
1.000000
1.000000
0.000000
0.012017
1.000000
0.974006
0.782159
0.397588
0.952536
0.354354
0.545383
0.740146
1.000000
0.976787
0.961780
0.330581
0.999457
0.998795
0.834373
0.044231
0.000000
1.000000
0.995466
0.839118
1.000000
0.994639
1.000000
0.711685
0.996681
0.976482
0.997269
0.960080
0.000022
0.932438
0.000001
0.999373
0.999994
0.660746
0.999261
0.997945
0.933557
0.438211
1.000000
0.000000
0.985847
0.116856
0.869434
0.999384
0.750806
0.924454
0.999612
1.000000
0.698983
0.999984
1.000000
0.962639
0.962621
0.994320
0.910310
0.000000
0.523709
0.950155
0.000032
0.999270
0.999996
0.663011
0.996463
0.999392
0.940919
0.716801
0.378497
0.995960
0.713115
0.999870
0.902779
0.979325
0.000003
0.599594
0.999790
1.000000
0.999925
0.000000
0.997123
0.830354
0.000000
0.011355
0.445654
0.992019
0.830892
0.999769
0.303792
0.128820
0.988870
0.948396
0.545968
0.000000
0.000433
0.999995
1.000000
0.947725
0.997736
0.999820
0.999809
1.000000
0.998209
0.357527
0.999592
0.987780
0.000000
1.000000
0.106933
0.538185
0.993505
1.000000
0.971954
0.999759
0.955840
1.000000
0.953046
0.841544
0.078861
0.008788
0.021198
0.703959
0.998614
0.917059
1.000000
0.745387
0.995389
0.999931
0.839634
1.000000
0.998394
0.999009
0.987714
0.042728
0.951142
0.999400
0.959343
0.999999
0.001348
0.447984
0.000000
0.104320
0.000000
1.000000
0.994353
0.990704
0.000000
0.956712
1.000000
0.000017
0.000000
0.330496
1.000000
0.999993
0.000000
0.836399
0.024792
0.000000
0.999265
0.049266
0.999789
0.477454
0.896548
1.000000
0.472176
0.648737
1.000000
0.131063
0.972570
0.000000
0.852978
0.020881
0.611073
0.967541
1.000000
0.999110
0.931524
0.999895
0.869767
0.999321
0.997601
0.999617
0.982213
1.000000
1.000000
0.101611
0.000000
0.000000
0.042169
1.000000
0.100699
0.999883
1.000000
0.000581
0.899843
0.815784
1.000000
1.000000
1.000000
0.961765
1.000000
0.986426
0.689967
0.999996
0.795355
0.969561
0.646886
0.001190
0.999888
0.978978
0.611181
0.994684
0.000703
1.000000
0.752620
0.999941
0.000055
0.002174
0.983960
0.995576
0.999300
0.012692
1.000000
0.994934
0.273474
1.000000
0.996452
0.935779
0.979395
0.340094
0.000000
0.301032
0.727978
0.630745
0.998891
0.921366
0.024998
0.953734
0.803810
0.671857
0.493204
0.967636
0.930941
0.994281
0.978741
0.000000
0.000004
0.000000
0.962889
0.999937
1.000000
0.069370
0.999442
0.999993
0.000000
1.000000
0.934528
1.000000
0.068777
0.996391
1.000000
0.598671
0.788314
1.000000
0.829135
0.000000
1.000000
1.000000
0.000170
1.000000
0.889961
0.999991
0.999966
0.991287
0.789784
0.991618
0.294971
0.000000
0.678393
0.321796
0.915262
1.000000
1.000000
0.633674
0.881147
0.999911
0.969980
0.757895
1.000000
0.332571
0.067776
0.983404
0.954435
0.000000
0.975268
0.948187
1.000000
0.998637
0.978374
0.990790
0.614718
0.933218
0.259813
0.900429
0.362950
0.354431
0.999998
0.999322
0.887812
0.048511
0.017650
0.000021
0.976974
1.000000
1.000000
0.000000
0.384939
0.000000
0.936750
0.967741
0.176332
0.753703
0.999803
0.999980
0.690929
0.982750
0.876227
0.869478
0.921725
0.093772
0.953554
0.958927
0.999298
0.891265
0.956458
0.984642
0.000112
0.875700
0.981052
0.988976
0.858870
1.000000
0.805071
0.999983
0.494450
0.736426
0.999888
0.997249
0.988201
0.494355
0.000436
0.999398
0.770079
0.583778
0.653018
0.998938
0.999997
1.000000
0.999885
0.931928
1.000000
0.000000
0.946624
0.701032
0.000000
0.977735
0.875072
0.508963
0.606982
0.007393
0.000000
0.464417
0.954813
0.922964
0.989239
0.854553
0.995148
0.000000
1.000000
0.847664
0.531910
0.958480
0.887996
1.000000
1.000000
0.994439
0.960245
0.024237
0.993867
0.633428
0.896951
0.917865
1.000000
1.000000
0.924420
0.999965
1.000000
0.654120
0.404549
0.027659
0.947892
0.697305
0.986966
0.999509
0.779147
0.910174
0.953165
1.000000
0.623721
0.998314
0.840529
0.955457
0.906231
0.000000
0.999681
0.379833
0.999876
0.000000
0.087688
1.000000
0.900220
0.328113
0.995744
0.974606
0.591291
0.998394
1.000000
0.007732
0.906174
0.999905
1.000000
0.000000
0.995363
0.000000
0.890044
0.954272
0.042126
0.982859
0.902594
0.776585
0.462232
0.996626
1.000000
0.989532
0.427110
0.000088
1.000000
0.900780
1.000000
1.000000
0.756881
0.261664
0.994647
0.000000
0.999946
0.607126
0.018526
1.000000
0.996982
1.000000
0.728560
0.001075
0.828535
0.941903
0.990827
0.749654
0.979665
0.998650
0.000000
0.000000
0.709024
0.084246
0.835832
0.003168
0.991682
1.000000
0.999685
0.000000
0.481594
0.951023
0.996171
0.928250
0.681803
0.925360
0.999993
0.999996
0.996357
0.995513
1.000000
0.950483
0.999992
0.814236
0.998145
0.552433
0.608090
0.000000
0.883922
0.974846
1.000000
1.000000
0.000000
0.971167
0.000000
0.999009
0.799771
1.000000
0.999584
0.855153
0.000000
1.000000
0.933486
0.972128
0.973949
0.675892
0.000000
0.999994
0.361524
0.995134
0.493204
0.000000
0.460255
1.000000
0.503679
0.000000
0.880279
1.000000
0.999999
0.000000
0.997014
0.000000
0.896196
0.973558
0.000000
0.922819
0.889600
1.000000
0.952110
1.000000
0.770464
0.328548
0.999999
0.826677
0.990914
0.997248
0.999745
0.939286
0.705681
0.000000
0.955062
1.000000
0.875862
0.196001
1.000000
1.000000
0.737481
0.562570
0.981533
0.982231
0.109220
0.989942
1.000000
0.836449
1.000000
0.999971
0.362394
1.000000
0.762026
0.015154
0.871013
1.000000
0.891262
0.009143
0.983715
0.909172
0.951968
0.214388
0.999915
0.047033
0.999822
0.713396
0.717639
0.908836
0.000000
0.994805
0.992399
0.000000
0.989933
0.927268
0.000000
0.595412
0.989922
0.986959
1.000000
0.912468
0.895903
0.998008
0.001276
0.591420
0.037036
0.134784
0.977743
1.000000
0.197260
0.001659
0.999998
0.000000
0.896686
0.223131
0.656465
0.981865
0.750744
0.987537
0.092946
0.999035
0.996722
0.850875
0.999917
0.761093
0.979729
0.742484
0.000000
0.958722
1.000000
0.878066
0.652242
0.438318
0.004082
0.998690
1.000000
0.010448
0.953310
0.993723
0.998865
0.885829
0.320452
0.839844
0.000000
0.999952
0.967962
0.999993
1.000000
0.928911
0.075311
0.363007
0.937535
0.997208
0.996854
0.896416
0.000559
0.120051
0.998439
0.963226
0.902599
0.838641
1.000000
1.000000
1.000000
0.951336
0.726686
1.000000
0.212104
0.982429
0.000000
0.955051
0.938135
1.000000
0.001071
1.000000
0.000000
1.000000
0.925222
0.263075
0.973355
0.930322
1.000000
1.000000
0.949282
0.931092
0.799692
0.921142
0.999886
0.997942
0.000000
0.847981
0.876200
0.802211
0.966353
0.993532
0.956471
0.000000
0.871823
0.913757
0.997742
1.000000
0.998451
0.989728
0.746804
0.999998
0.834153
0.999997
0.862356
0.977202
0.950483
0.922361
0.988414
0.000000
0.982890
1.000000
0.306009
0.995644
1.000000
0.994908
0.847949
0.945891
0.992511
0.039524
0.632225
0.000000
0.812476
0.759662
0.999996
0.999964
0.944091
0.999991
0.985045
0.999978
0.993704
0.810444
0.472950
0.999998
0.919259
0.998103
0.997895
0.999564
0.008878
0.861100
0.517436
0.047243
1.000000
0.968499
1.000000
0.999998
0.512431
0.946250
0.936503
0.104929
0.999150
0.595725
0.803780
0.998900
0.468061
0.387289
0.165928
0.461397
0.994915
0.098642
0.000552
1.000000
0.880206
0.262665
0.731959
1.000000
0.915669
0.999984
0.961170
0.942279
0.998975
1.000000
0.999978
1.000000
0.676392
0.996956
0.999718
0.000000
0.000000
0.827516
1.000000
0.994017
0.999802
0.931231
0.882524
0.956168
0.803383
0.987165
0.005635
1.000000
0.029173
1.000000
0.999981
0.072278
0.999836
0.990101
0.999970
0.980063
0.000000
0.003444
0.961982
0.198485
0.999998
0.000000
0.886509
0.639028
0.895810
0.999999
0.002045
0.000000
1.000000
0.998118
1.000000
0.085051
0.924314
0.997272
1.000000
0.921252
0.996127
0.969994
0.997397
0.990365
0.427011
0.999477
0.998774
0.995188
0.592239
0.982323
0.000000
1.000000
0.000012
0.787567
1.000000
0.897562
1.000000
0.974517
0.052957
0.140396
0.974439
0.981483
0.997005
0.083514
0.941127
0.814912
1.000000
0.998559
0.996507
0.877934
0.646162
0.656242
0.000000
0.999131
0.986085
1.000000
0.999984
0.259804
0.094015
0.771942
0.999996
0.864980
0.522493
0.000000
0.000000
0.003293
0.289802
0.995267
0.921558
0.934283
0.965715
1.000000
0.990970
0.002498
0.951790
0.000000
0.998090
0.990678
0.812656
0.000000
0.788833
0.166477
0.962817
0.978692
0.165928
0.756373
0.965435
0.000000
0.835237
0.917604
0.966349
0.981527
0.354141
0.766147
0.000267
1.000000
0.999870
0.020829
0.952566
0.983831
1.000000
0.034884
0.917039
0.852267
0.865410
0.997522
0.997517
0.787499
0.755423
0.000000
0.698089
0.995597
0.979259
0.438907
0.999982
1.000000
0.631930
1.000000
1.000000
1.000000
0.965498
0.985712
0.999967
1.000000
1.000000
0.998806
0.999969
0.002458
0.765708
0.902267
1.000000
0.332491
0.983613
0.999986
0.977910
1.000000
0.969805
0.933190
1.000000
0.999753
0.016916
0.805461
0.976863
0.997447
0.993435
0.998780
0.994341
0.887146
0.719101
0.999911
0.025263
0.999965
0.897882
0.997517
0.032486
0.792915
0.000000
1.000000
0.465201
1.000000
0.999948
0.856702
1.000000
0.945964
1.000000
0.004644
1.000000
0.991709
0.999771
0.983014
0.738115
1.000000
0.951636
0.999886
0.935706
0.100298
0.000000
0.855505
0.999748
0.996104
0.816183
0.025668
0.963232
0.882272
0.983671
0.999150
1.000000
0.708704
0.999999
1.000000
1.000000
0.989725
0.997207
0.999503
0.255330
0.139303
1.000000
0.999999
0.999301
0.999987
0.124160
0.999983
0.434478
0.718950
0.903505
0.516302
1.000000
0.000000
0.974769
0.997572
0.999368
0.999016
1.000000
0.999697
0.899843
0.999945
0.891992
0.151864
0.999842
0.889083
0.910835
0.026965
0.999894
0.000341
0.939345
0.925926
0.008523
0.859491
0.998470
0.991368
0.999998
1.000000
0.993245
0.897927
0.000000
0.976664
0.071533
0.000000
0.857375
0.002764
0.999952
0.999781
0.129728
0.986465
0.999892
0.227542
0.000000
0.969396
0.243122
0.992156
0.994472
0.795594
0.971923
0.057515
0.998123
0.930431
0.997429
0.801518
0.000000
0.989342
0.724671
0.998575
0.503608
0.998989
1.000000
0.160877
0.524733
0.766008
0.831611
0.995169
0.000048
0.939763
0.959408
0.678520
0.680633
0.914331
0.336388
0.999009
0.522595
0.997521
0.997038
0.010753
0.198485
0.974021
0.999084
0.665617
1.000000
1.000000
0.973244
0.000000
1.000000
1.000000
0.992788
0.924683
0.967603
1.000000
0.999981
0.901999
0.850880
0.998971
0.989703
0.544395
0.879904
0.893066
0.986275
0.997733
0.906162
0.806205
0.682100
0.180724
1.000000
0.884539
0.267222
0.712175
1.000000
0.095087
1.000000
0.266094
0.761653
0.970831
0.956350
0.968623
0.983693
0.960389
1.000000
0.994677
1.000000
0.000000
0.999862
0.000000
0.090626
0.993008
0.002028
0.992553
0.978875
1.000000
0.998290
0.000000
0.099530
0.000000
0.991228
0.763773
0.998788
0.001058
1.000000
1.000000
0.999652
0.659339
0.883091
0.997377
1.000000
0.997574
0.906504
0.992625
0.378537
0.962855
0.196809
1.000000
1.000000
0.999999
0.049642
0.118352
0.195505
0.968958
0.927524
0.426439
1.000000
0.999974
0.000000
0.393805
0.987876
0.998761
0.997486
0.000000
0.702505
0.305171
0.993349
0.985067
0.123396
0.985779
0.823916
0.999999
0.960687
0.996234
0.997723
0.996348
0.999785
0.899777
0.981388
0.307307
1.000000
0.999925
0.999319
0.867027
0.724519
1.000000
0.862623
1.000000
1.000000
0.999356
1.000000
0.999808
0.954571
0.815876
0.710310
0.080376
0.000003
0.999993
0.947985
0.561935
0.000118
0.999950
0.927453
0.007139
0.973616
0.953486
0.132657
0.915262
0.998686
0.971964
1.000000
0.999551
0.000000
0.785701
0.807575
0.494194
0.920525
0.998436
0.672381
0.942086
0.120380
0.000000
0.000000
1.000000
0.580306
0.958052
0.926790
1.000000
0.178056
0.327943
0.998732
0.999195
0.890512
0.999968
0.863632
0.986347
0.813734
0.862043
0.909530
0.976160
0.794397
0.999998
0.999895
0.987475
0.998406
0.308839
0.999876
0.997530
0.011280
1.000000
0.071579
0.000000
0.848371
0.995903
0.842480
0.180158
0.994056
0.000668
0.000000
0.999925
0.997085
0.996559
0.985897
0.999991
0.625995
0.176304
0.994392
1.000000
0.978264
0.221609
0.999271
1.000000
1.000000
0.805854
1.000000
0.974754
0.975463
0.999999
0.983989
1.000000
0.799771
1.000000
0.999269
0.999993
0.025894
1.000000
0.861924
0.998728
0.004400
0.999951
0.999405
0.833131
0.999403
0.938496
0.135291
1.000000
1.000000
0.998948
0.000000
1.000000
0.807295
0.996326
0.514809
0.959750
0.959494
0.999998
0.952522
0.998807
0.997004
0.000519
0.953006
1.000000
0.000000
0.085220
0.999982
0.000000
0.979432
1.000000
0.984185
0.982586
0.900226
0.999972
0.900606
1.000000
0.979525
0.980968
0.986738
0.000000
0.972562
0.946837
0.994235
0.001153
0.997102
0.999978
1.000000
0.000024
0.930151
0.386681
0.999999
0.999981
0.813563
0.419846
0.884889
0.960222
0.988443
0.612344
0.000000
0.980985
0.999989
0.999886
1.000000
1.000000
0.833324
0.642779
0.864588
0.999683
0.999120
0.999866
0.000000
0.663482
0.870885
0.000000
1.000000
0.299795
0.776484
0.299474
0.985318
0.925827
0.999989
0.302508
0.994611
0.880234
0.933525
0.985890
0.995596
0.552684
0.953907
0.999940
0.147422
1.000000
1.000000
0.995428
0.840518
1.000000
0.966856
0.699987
0.028143
0.999771
0.975508
0.996235
0.898375
0.629512
0.877466
0.971961
0.136452
0.786831
0.979850
0.684425
0.000000
0.999817
0.996299
0.724671
0.191834
0.981673
1.000000
1.000000
0.749422
0.178720
0.954095
0.998834
0.495663
0.998450
0.989526
0.997531
0.773709
0.993661
0.873703
0.991297
0.999705
0.999956
0.638430
0.377786
0.858975
0.869181
0.984193
0.001981
0.997266
1.000000
0.046082
0.975626
0.161628
0.997217
1.000000
0.989913
0.005494
0.878314
0.997801
0.000000
0.000000
1.000000
0.000141
0.000000
1.000000
1.000000
0.744444
1.000000
0.877595
1.000000
0.942176
0.993732
0.993092
0.936782
0.999095
0.998048
0.921494
1.000000
0.371192
0.981146
0.990189
0.836559
0.921401
0.761763
0.883463
0.980332
0.000000
0.009237
0.954389
0.963798
0.328838
0.922250
0.983669
0.999835
0.000000
0.999990
1.000000
0.926243
0.943301
0.972804
0.194100
0.990354
0.999859
0.692042
1.000000
0.060619
0.995132
0.908250
1.000000
0.996663
1.000000
0.162779
0.950436
0.006163
1.000000
0.541097
1.000000
0.577481
0.024072
0.000000
0.996892
0.984088
0.005343
0.930058
0.797265
0.000000
0.847981
0.999420
0.999734
0.802503
0.999797
0.615343
0.970484
0.895482
0.999907
0.998582
0.000659
0.999801
0.998883
0.993261
0.995909
0.972359
0.999975
1.000000
0.113402
0.219485
0.993010
0.999781
0.010030
0.927592
0.982857
0.000000
0.990048
1.000000
0.999993
0.997553
0.998944
0.999467
0.999998
0.987876
1.000000
0.944807
0.999492
0.999986
1.000000
1.000000
1.000000
0.884537
0.003275
1.000000
0.683216
0.651800
0.970847
0.000694
0.000000
0.956712
0.000317
0.000000
0.000301
0.949547
0.855085
0.994820
0.867779
0.728151
0.991383
0.184021
0.001938
0.053971
0.932706
0.999956
0.661199
0.864651
0.977815
1.000000
1.000000
0.945200
1.000000
0.049101
0.997898
1.000000
0.983689
0.628090
0.994470
0.947581
0.996399
1.000000
0.000001
0.993135
0.994437
0.937636
0.999059
0.984361
0.571258
0.000000
0.861942
0.998677
0.978720
0.988684
0.128116
0.994877
0.000000
0.996192
0.628665
0.974291
1.000000
0.927969
0.975730
0.999843
0.727909
1.000000
1.000000
1.000000
0.948364
0.000000
0.638094
0.001809
0.981146
0.000000
0.918124
0.999984
0.799525
0.963423
0.839515
0.087698
0.844451
0.550958
0.927077
0.999600
0.999994
0.786283
0.757242
0.896636
0.071413
0.317046
0.871688
0.999888
0.007559
0.571842
0.999998
0.534410
0.983144
0.999997
0.972911
0.941658
0.267988
0.024731
0.000000
0.997833
1.000000
0.000000
0.990608
0.858527
0.910717
0.999867
0.479051
1.000000
0.189016
0.999995
0.999624
0.780354
0.094775
0.992962
0.999997
0.090652
1.000000
0.995932
0.974157
0.678393
0.999960
0.999906
0.812187
0.943523
0.971116
0.983438
1.000000
0.993991
0.999633
0.999996
0.970844
0.918649
1.000000
0.920701
1.000000
0.996468
0.745440
0.105240
0.998809
1.000000
1.000000
0.970415
0.885658
0.999453
0.999534
0.963613
0.999909
0.621092
1.000000
0.351392
0.000000
0.999834
0.997869
0.998203
0.999938
0.927964
0.985302
0.009706
0.954739
0.777658
0.970633
0.999904
0.293610
1.000000
0.052287
0.999613
0.999784
0.999988
0.987083
1.000000
0.000000
0.458287
0.864665
0.999717
0.995801
0.000000
0.916840
0.963247
0.785760
0.598018
0.977735
0.999696
1.000000
0.011636
0.870763
0.000000
0.999647
0.983302
0.866542
1.000000
0.988475
0.605462
0.999992
0.863260
1.000000
0.982999
0.979210
0.239279
0.910860
0.421073
1.000000
0.252528
0.988228
1.000000
0.008793
0.919758
0.268617
0.999960
1.000000
0.992875
0.553950
0.972850
0.002424
0.812070
0.763466
0.908022
0.994607
0.872887
0.979178
0.417915
0.000625
0.999542
0.000029
0.624240
0.001590
0.076571
0.489513
0.870105
0.975730
0.998227
0.072452
0.981694
0.999973
0.999870
0.000000
0.999999
0.998801
0.999683
0.544930
0.989873
0.999998
0.998229
0.567533
0.998917
0.679262
0.875672
1.000000
0.900863
0.643570
1.000000
0.998692
0.830622
0.000000
0.726298
0.532250
0.216835
0.988082
1.000000
0.018893
0.000000
0.955512
0.999921
0.185325
0.766896
1.000000
1.000000
0.999970
0.000000
0.666761
0.000000
0.991012
0.983796
0.889499
0.000664
1.000000
0.558607
1.000000
0.938491
0.023971
0.999586
0.985810
0.830321
0.006630
0.988614
0.000000
0.893791
1.000000
0.933690
0.999950
0.273570
0.119291
0.987889
0.734878
1.000000
0.725849
0.998899
0.547882
0.894534
0.007305
0.999981
0.012970
0.967190
0.880520
1.000000
0.977716
0.999999
0.009202
0.998346
0.052219
0.952431
0.047435
1.000000
1.000000
1.000000
0.985398
1.000000
1.000000
0.998488
0.999478
0.794691
0.946296
1.000000
0.903653
0.799270
0.998325
0.999999
0.968355
0.000000
0.025614
0.947226
1.000000
0.879358
0.216835
0.979197
0.999923
0.999821
0.985018
0.966806
0.846001
0.821919
0.988116
0.000000
0.403100
0.998470
0.945826
0.485850
1.000000
0.999233
0.992693
0.959980
0.941779
0.140095
0.999452
0.000000
1.000000
0.975142
1.000000
1.000000
0.930553
0.092477
0.049461
1.000000
0.000117
0.000000
0.489799
0.677076
0.877342
1.000000
0.997249
0.927969
0.991503
0.000103
0.000001
1.000000
0.961416
0.999937
0.384445
0.988198
0.928062
0.998578
1.000000
0.729823
0.903098
0.999999
0.988937
1.000000
0.840339
1.000000
1.000000
0.929186
1.000000
1.000000
0.258996
0.999999
0.979083
0.999980
0.772630
0.999461
0.999175
1.000000
0.000000
0.026068
0.022260
0.996281
0.986761
0.997895
0.757123
0.850601
0.999479
0.604129
0.754971
0.303942
0.126851
0.837204
0.599574
0.763624
0.929176
0.930018
0.506280
0.980159
0.000000
0.931538
1.000000
1.000000
0.969351
1.000000
0.961139
1.000000
0.894483
0.592553
0.895426
0.927952
0.939068
0.482858
0.166568
1.000000
0.311104
0.972167
0.999999
1.000000
0.999711
0.999885
1.000000
0.848594
0.000000
0.999500
0.017045
0.999649
0.888216
0.001192
0.999994
0.992108
0.999332
0.974320
0.980588
0.000000
0.938668
0.968039
0.854482
0.989617
1.000000
1.000000
0.512598
0.989892
0.018281
1.000000
0.977297
0.986947
0.157576
0.000000
0.882063
0.460255
0.999709
0.937116
0.946388
1.000000
0.960622
0.999218
0.999230
0.212745
0.940446
0.996735
0.871885
0.751947
0.973629
0.978602
0.999731
0.981020
0.993628
1.000000
0.894383
0.999269
1.000000
1.000000
0.700790
0.109481
0.044862
0.000000
0.984859
0.006517
0.830311
0.850929
0.654060
0.894724
0.999285
1.000000
0.999823
0.936354
0.995903
0.908947
0.000000
1.000000
0.946842
0.999662
0.712754
0.739347
0.957364
1.000000
0.970878
0.275771
0.900853
0.529011
1.000000
0.911155
0.979625
0.982583
0.436481
0.028865
0.161863
1.000000
1.000000
0.000000
0.975550
0.856494
1.000000
0.118308
0.288757
1.000000
0.000000
0.422920
0.616943
0.974162
0.998318
0.000000
0.736043
0.994233
0.999632
0.732174
0.963149
0.318593
1.000000
0.929274
0.993814
0.000048
1.000000
1.000000
0.930016
0.999220
0.928038
0.976953
0.989665
0.975637
0.993867
0.935332
0.996457
0.956532
0.385359
0.998025
0.112058
0.999329
0.999743
0.000000
0.582871
0.746314
0.999998
0.473837
1.000000
0.157892
0.870032
0.999998
1.000000
0.526227
0.929692
0.000596
0.213503
0.070982
0.999991
0.993833
0.402410
0.018664
0.000000
0.981865
0.944291
0.427969
0.826955
0.784429
0.999999
0.000000
0.836000
0.000000
0.989960
0.999999
0.971685
1.000000
0.000230
0.482616
0.198726
1.000000
0.000000
0.992780
0.944173
0.955852
0.988837
0.963762
0.532478
0.000000
0.999950
1.000000
0.630386
0.939396
0.999558
0.514865
0.000000
0.104351
0.738742
0.999846
0.256844
0.960302
0.000000
0.922364
0.985332
0.840798
0.000000
1.000000
0.926188
0.995331
0.984874
0.978382
0.997944
0.371396
0.998616
0.822047
0.778240
0.007542
1.000000
0.998011
1.000000
0.949270
0.000000
0.900518
0.999987
0.508650
0.956466
0.985538
0.701682
0.000000
1.000000
0.605599
0.000000
0.000000
0.898248
1.000000
0.999986
0.713242
0.748002
1.000000
0.711838
0.977814
0.996701
0.914700
0.987616
0.994394
0.896135
0.644796
0.749784
0.868294
0.004503
1.000000
0.999919
0.857417
0.000000
1.000000
1.000000
0.302299
0.998722
1.000000
0.666724
0.972543
0.886287
0.999790
0.999706
0.902603
0.971381
0.871124
0.479348
0.004072
0.943390
0.049013
0.550970
0.948763
0.669886
0.995408
0.506776
1.000000
0.876313
0.929933
1.000000
0.895055
0.029080
0.305448
0.994867
0.985422
0.975799
0.937905
0.978182
0.997179
0.999999
0.070317
0.983857
0.804538
0.455180
0.764608
0.831256
0.961086
1.000000
0.999948
0.999954
0.000000
0.848113
0.928116
0.004766
0.149686
0.001046
0.987271
0.998795
0.987518
0.927715
0.000000
0.983161
0.999765
0.995048
0.991114
0.966583
0.471380
0.999922
0.917603
0.981442
0.510766
0.959854
0.066241
1.000000
0.999982
0.988878
0.990817
0.999724
0.792606
0.990090
0.897868
0.960608
0.055281
0.992011
1.000000
0.999999
0.000113
0.702122
0.000000
0.715852
0.965058
0.994403
0.436656
1.000000
0.526008
0.052114
0.999718
1.000000
0.027939
0.000000
0.908032
0.985332
0.864579
0.075364
0.760975
0.000000
0.999591
0.999987
1.000000
0.942827
1.000000
0.540109
0.934353
0.883199
1.000000
0.995662
0.982831
0.000000
0.747959
0.821684
0.979683
0.999968
0.186938
0.999999
0.878246
0.038741
1.000000
0.375813
0.148937
1.000000
0.065344
0.960213
0.738525
0.013134
0.765111
0.026643
0.000000
0.953310
0.058111
0.834751
0.999511
0.592714
0.000000
0.977883
0.000000
0.069969
0.790948
0.960634
1.000000
0.999942
0.999999
0.404472
0.733195
0.883282
0.000000
0.000000
0.984676
0.992859
0.955691
0.871308
0.999976
1.000000
0.999358
0.001808
0.315755
1.000000
0.187917
0.981684
0.999363
1.000000
0.828810
0.984254
0.916145
0.838631
0.982344
0.999998
0.999101
0.833655
0.874192
1.000000
0.570680
0.999999
0.926813
0.724903
0.966266
0.927890
0.899789
0.680264
0.485540
0.000000
0.095937
0.999425
0.867517
0.926589
0.965217
0.995103
1.000000
0.000000
1.000000
0.742058
0.944957
0.992463
0.983056
0.999895
1.000000
0.898471
0.939996
0.999803
0.987938
0.999065
0.959160
0.999488
1.000000
0.996124
0.996191
0.993061
0.900330
0.827383
0.872382
0.947568
0.935446
0.999530
0.999971
0.879485
0.930587
0.999586
0.999749
1.000000
0.408758
0.174852
0.992606
0.727013
0.009146
0.000000
0.975378
0.999433
0.000000
0.159822
0.966175
1.000000
1.000000
0.818821
0.989587
0.797987
0.988100
1.000000
0.934225
0.000000
0.999831
0.943769
0.806459
0.999998
0.020793
0.919413
0.000000
0.981852
0.854449
0.999957
0.993787
0.631559
0.999993
0.768418
0.000000
1.000000
1.000000
0.026157
0.000000
1.000000
0.714349
0.148107
0.999986
0.998210
1.000000
0.990929
0.996176
0.999999
0.014935
0.937542
0.998441
1.000000
0.999980
0.116440
0.979086
0.991004
0.784653
1.000000
0.993994
0.999917
0.999993
1.000000
0.000000
1.000000
0.999567
0.000000
1.000000
0.819024
0.999999
0.993498
1.000000
0.971839
0.973743
0.005547
0.998928
1.000000
0.966884
0.962348
0.016602
0.984829
0.975280
0.997072
1.000000
1.000000
0.665952
0.979525
0.929036
0.999658
0.992463
0.427849
0.842438
0.974525
0.827094
0.865320
0.974235
0.909396
0.943227
0.920092
0.998883
0.886888
0.999999
0.999719
0.980755
0.105183
0.830816
0.574334
0.947812
0.820807
0.970730
1.000000
0.852271
0.969793
0.680849
1.000000
1.000000
1.000000
0.999986
0.999415
0.950220
0.962270
0.971145
0.998659
0.998116
0.999998
0.949349
0.978307
0.550513
0.969910
1.000000
0.999998
0.000000
0.996556
1.000000
0.995550
1.000000
0.976747
0.840241
0.826300
0.974499
0.979222
0.009842
0.999867
0.943688
0.993904
0.486234
0.986778
0.001360
0.989360
1.000000
0.950216
0.997249
0.999978
0.720049
0.000000
1.000000
0.817757
0.977889
0.989483
0.844318
0.942543
0.900815
0.998075
0.972243
0.213503
1.000000
0.989871
0.590555
0.999094
0.177766
0.936735
0.956648
0.976911
0.258068
0.998906
0.999979
0.839800
1.000000
0.927450
0.963659
0.965231
0.000051
0.942615
0.293078
0.937785
1.000000
0.488532
1.000000
0.999667
0.019738
1.000000
0.969807
0.926533
0.907830
0.994674
1.000000
0.000000
0.632121
0.997646
0.183196
0.633943
0.999837
0.997534
1.000000
0.004039
0.967180
0.997574
0.975558
0.975053
0.999953
0.988415
0.947464
0.745099
1.000000
0.000000
0.999835
0.992123
0.978027
0.000000
0.271176
0.388753
0.963503
0.929803
0.937827
1.000000
0.993249
0.999996
0.999960
0.897760
0.000000
1.000000
1.000000
0.174115
0.932911
1.000000
1.000000
0.760178
0.963712
0.999372
0.672899
0.610531
0.977112
0.830911
0.911272
0.997038
0.985442
0.020501
0.930827
1.000000
0.818357
0.004117
1.000000
0.000000
0.996722
0.999399
0.012601
0.919431
0.824052
0.999987
0.993923
0.568564
0.722558
0.939873
0.974914
0.996774
0.999692
0.994284
0.845349
0.160639
0.999984
0.958480
0.999679
1.000000
0.229970
0.998742
0.092646
1.000000
0.999963
0.000000
1.000000
0.256988
0.056255
0.000315
0.997521
0.877397
0.000000
0.000000
0.059405
0.999999
0.710248
0.247141
0.006638
0.332957
0.084475
0.778916
0.000000
0.985322
0.999998
1.000000
0.254454
1.000000
0.014405
0.999968
0.003242
0.880735
0.999984
0.240699
0.946342
0.017743
0.090952
0.898649
0.995903
0.027135
1.000000
0.012785
0.869975
0.655351
1.000000
0.927218
0.996715
0.283685
0.995665
0.904510
0.864480
0.029037
0.981649
1.000000
0.570013
1.000000
0.813654
0.999430
0.809408
1.000000
0.183257
0.977227
0.000000
0.999973
1.000000
0.793788
0.820541
0.916084
0.560122
1.000000
0.968137
0.989329
0.953184
0.977052
0.199445
0.103688
0.000000
0.961320
0.977940
0.999999
0.057078
0.944461
0.644967
0.903177
0.000000
0.569357
0.944499
0.989995
0.068262
0.996751
0.888860
0.994259
0.981821
0.972526
1.000000
0.687381
1.000000
0.429305
0.988276
0.928598
0.969543
0.000000
0.997642
1.000000
0.999907
0.000000
0.999698
0.994060
0.999823
0.760109
0.847464
0.684076
0.913490
0.278068
0.885456
0.861800
0.553654
0.302680
0.998183
0.000035
0.830384
1.000000
0.113945
0.896135
1.000000
0.998333
0.986999
0.962798
0.989365
0.088332
0.990344
0.000000
0.993248
0.996410
1.000000
0.973919
0.000917
0.999835
0.999995
0.999122
1.000000
0.998809
0.997446
0.999674
0.999993
0.938096
0.000000
0.999436
1.000000
0.894646
0.334140
0.855600
0.468949
1.000000
1.000000
0.999999
1.000000
0.847630
1.000000
0.846424
0.999360
0.106507
0.908186
1.000000
0.943003
0.870520
0.943269
0.998913
1.000000
0.006362
0.090040
0.982577
0.999992
0.759473
0.875331
0.741445
0.839024
0.049833
0.999638
0.001588
0.720593
0.000000
1.000000
0.848559
0.000000
1.000000
0.999956
0.282063
0.000000
1.000000
0.996700
1.000000
0.862415
0.999807
0.999941
0.123582
0.691363
0.836930
0.786801
0.004024
0.749966
0.999145
0.943291
0.698025
0.979638
1.000000
1.000000
0.999998
0.998401
0.834072
0.096331
0.456809
0.000138
1.000000
0.999578
1.000000
0.849963
0.990456
0.998585
0.000000
0.806079
0.999453
0.955629
0.474798
0.000000
1.000000
1.000000
0.621319
1.000000
0.787417
0.999922
0.999711
0.000000
0.998835
0.986051
0.795136
0.163238
0.998190
1.000000
0.999883
0.351234
0.156341
0.999123
0.982621
1.000000
0.000000
0.443056
0.014758
0.998917
0.981294
0.922500
1.000000
0.813899
1.000000
0.886575
0.994972
0.935871
0.901204
0.523807
0.848488
0.781503
0.995392
1.000000
0.000000
0.758986
1.000000
0.999927
0.000000
0.000000
0.994343
1.000000
0.996104
0.999644
0.877614
0.988988
1.000000
0.000006
0.990419
0.095585
0.894686
0.896783
0.899978
0.792786
0.992179
0.106497
1.000000
0.000030
0.999997
0.048246
0.999972
1.000000
0.000000
0.485408
0.839474
0.097475
0.000000
0.998940
1.000000
1.000000
0.998678
0.948672
0.999979
0.732125
0.969247
0.697798
0.088562
1.000000
0.540066
0.999985
0.890664
0.058395
1.000000
0.965940
0.940930
0.917765
0.000000
1.000000
0.999982
0.863290
1.000000
0.026432
1.000000
0.505369
0.000000
0.018627
0.999986
0.979438
0.678351
0.009051
0.045420
0.943642
0.964867
0.997474
0.619750
0.999754
0.764269
0.991798
0.999981
0.999653
0.999692
0.004189
0.385765
0.997145
0.940779
0.824747
0.944405
0.725907
0.961984
1.000000
1.000000
0.000000
0.000000
0.189119
0.915307
0.999660
0.818340
0.999946
0.517128
0.648774
0.995355
0.969728
1.000000
1.000000
1.000000
0.929682
0.142822
0.755355
0.999839
0.997830
0.473696
0.962591
1.000000
0.000000
1.000000
0.796773
0.999998
0.803245
0.895882
1.000000
0.929078
0.999083
0.519959
0.944897
0.996127
0.110740
0.377400
1.000000
0.764059
0.957213
0.000416
1.000000
1.000000
0.998207
0.999452
0.066002
0.854317
0.325022
0.582249
1.000000
0.999958
0.887180
0.995274
0.987616
0.876000
0.995330
0.999925
1.000000
0.713430
0.962980
0.688070
0.998336
0.999914
0.999994
1.000000
0.624806
0.000021
0.334851
0.003421
0.997039
0.999968
0.949384
1.000000
0.623943
0.000000
0.076005
0.956231
0.999998
0.842844
0.864309
0.991370
0.970937
0.924251
0.748991
0.605773
1.000000
0.953967
1.000000
0.000000
0.694086
0.991834
0.727404
0.898759
0.973378
0.935591
0.916747
0.977866
0.983404
0.417457
0.023191
0.984902
0.960774
0.808038
0.414414
0.930096
0.673406
0.783128
0.227179
0.949501
0.999999
0.844865
0.036449
0.295373
0.849427
0.994437
0.000000
0.937084
1.000000
0.000000
0.988020
0.977272
0.999305
0.239882
0.999721
0.757892
0.928250
1.000000
0.180269
0.000000
0.680964
0.999660
0.941205
0.964358
0.999999
0.837716
0.062341
0.000000
0.988291
0.000000
0.275973
0.998450
0.832083
0.542783
0.974220
0.918140
1.000000
0.000000
0.999954
0.998041
0.000980
1.000000
0.816719
0.069003
0.999799
0.999664
1.000000
0.911518
0.906264
0.701630
0.019781
0.000000
1.000000
0.979503
0.916021
0.999998
0.465750
0.000000
0.509159
0.999997
1.000000
0.985856
1.000000
0.776449
0.977243
0.969526
0.664952
0.999951
0.657118
0.299218
0.828280
0.997895
0.999961
0.985642
0.983686
0.998956
0.673274
0.999987
0.000000
0.000000
0.999948
0.715162
0.721926
0.996160
1.000000
0.999998
1.000000
0.999608
0.988389
0.569396
0.000000
0.247018
0.870216
0.963646
0.365548
0.999525
0.908639
0.811280
0.107166
0.000055
0.000000
0.975643
0.992780
0.688956
0.608937
0.990026
0.000174
0.985159
0.999613
0.986371
0.812122
1.000000
1.000000
0.991012
1.000000
1.000000
0.001261
0.980077
0.999945
0.852217
0.794433
0.827067
0.368581
0.058439
1.000000
0.963292
1.000000
0.097754
0.131567
0.901954
1.000000
0.999931
0.882304
0.745883
0.979235
0.999721
0.994320
0.847875
0.130685
0.766329
0.996779
0.995115
0.999448
0.987498
1.000000
0.999997
0.672127
0.565824
1.000000
0.995464
0.941424
0.840394
0.470477
0.913507
0.363886
0.975346
1.000000
0.855063
0.241794
1.000000
1.000000
0.936820
0.971342
0.984906
0.935713
0.923765
0.910374
0.156843
0.000109
0.919856
0.957825
0.000130
0.942837
0.976419
0.894253
0.571127
0.870522
0.363134
0.928321
0.708274
0.999973
1.000000
0.999114
0.999883
0.852471
0.996059
0.955749
0.056011
0.999998
0.977310
0.193950
0.000000
0.868865
0.319350
1.000000
0.994831
1.000000
0.002884
0.994761
0.985959
0.032734
0.999894
0.998370
0.010597
1.000000
1.000000
0.999991
0.974613
0.875239
0.999261
0.255952
0.227672
0.877948
0.000515
0.999397
0.000000
0.999987
0.998758
0.000000
0.270711
0.000000
1.000000
0.999952
0.028277
0.676545
0.943345
0.896739
0.133740
0.998102
0.764985
0.935558
0.910709
1.000000
0.000000
0.985605
0.997409
0.142079
0.998429
0.003034
0.965608
0.997194
0.965381
0.922245
0.079654
0.000000
0.604424
0.999911
0.831133
0.966296
0.995096
0.999870
1.000000
0.943246
0.324404
0.976315
0.937753
0.867613
0.002405
0.414066
0.923267
0.788438
0.998051
0.000000
0.882250
0.000026
0.937563
0.718456
0.999964
0.911310
0.999296
0.385542
0.999904
0.005271
0.996842
0.995582
0.960603
0.887070
0.187099
1.000000
0.999845
0.928187
0.999999
0.819240
1.000000
0.999966
0.002057
1.000000
0.999995
1.000000
0.633030
0.737538
0.036174
1.000000
0.448166
0.450395
0.061146
0.018943
0.021946
0.940601
0.851139
0.884159
0.992012
1.000000
0.182380
0.991930
0.003061
1.000000
0.999999
0.943965
1.000000
0.999957
0.063250
0.939093
0.528885
0.018530
1.000000
0.997391
0.759548
0.652572
1.000000
0.993575
1.000000
0.697854
0.955925
0.999865
0.410193
0.789775
0.998559
0.682399
0.958721
0.990770
1.000000
0.998245
0.012434
0.968103
0.953186
0.957230
0.945179
1.000000
0.985158
0.993596
0.557593
0.978208
0.985436
1.000000
0.999958
0.807978
0.998966
0.132364
0.999477
0.574112
0.772652
0.000000
0.738649
1.000000
0.216474
0.935293
1.000000
0.999111
0.858585
0.921244
0.999985
0.959763
0.748447
0.999101
0.986863
0.739811
0.998920
0.994835
0.646459
1.000000
0.000000
0.754841
1.000000
0.285356
0.082202
0.995887
0.999422
0.950680
0.965479
1.000000
0.736634
1.000000
0.999994
0.807715
0.998309
0.983251
0.999966
0.995988
1.000000
0.007369
1.000000
0.997647
0.999994
0.994428
0.614309
0.404255
0.961658
0.975734
0.998559
0.978533
0.995937
0.999432
0.318744
0.947161
0.997953
0.618076
0.995907
0.981120
0.952686
1.000000
0.998042
0.124160
0.000000
0.873405
0.636338
0.999622
1.000000
0.995900
0.753506
1.000000
0.000000
0.729589
0.969599
0.838312
0.965537
0.988959
0.909582
0.675154
0.665376
0.787812
0.000000
0.998267
0.000000
0.864350
0.972656
1.000000
1.000000
0.566987
0.978998
0.941675
0.766715
0.995016
0.107810
0.673981
0.186660
0.488771
0.069981
0.999954
1.000000
0.142066
0.772930
0.962566
0.965799
0.467487
0.000125
0.840919
0.394978
1.000000
0.975721
0.806475
0.073289
1.000000
0.000000
0.998970
0.000000
0.569962
0.012843
1.000000
0.991839
0.998057
0.000061
0.005339
0.950883
0.989188
0.980909
1.000000
0.880234
1.000000
0.974906
0.999784
0.462413
0.680777
1.000000
0.143987
0.940139
0.824285
0.803229
0.000000
0.072251
0.804130
0.000000
0.993532
0.899779
0.967965
0.000000
0.996104
0.942158
0.734793
0.958703
0.662181
0.477226
0.999675
0.949797
0.474905
0.033541
0.010895
0.984105
0.984129
0.073069
0.966820
1.000000
0.999807
0.000000
0.234272
0.979615
0.710400
0.632655
1.000000
0.000000
0.983614
1.000000
1.000000
0.997311
1.000000
0.928989
0.999205
0.000000
0.237260
0.000000
0.790140
0.651870
0.993321
0.709156
1.000000
1.000000
1.000000
0.999968
0.933583
0.995633
0.901997
0.877124
0.000002
0.997719
0.680521
0.918009
0.005714
0.921079
0.000000
0.660674
0.998358
0.998993
0.000000
0.654939
0.995095
0.607479
0.500371
1.000000
0.382690
0.888645
0.955038
1.000000
0.247213
0.881794
0.999967
0.993735
0.302935
0.962113
0.976534
0.973535
0.743867
0.614028
0.058443
0.999800
0.000000
0.926023
0.993534
0.967187
1.000000
0.000000
0.989643
0.896858
0.954638
1.000000
0.548244
0.993510
0.227168
0.008824
0.998186
0.999716
0.999872
0.991881
0.070491
0.778032
0.004189
0.868265
0.969629
0.971075
0.033081
0.178435
0.012375
0.790007
0.999477
0.150386
0.000000
0.679392
0.009857
0.002897
0.864599
0.000000
0.999859
0.945387
0.797018
1.000000
0.993407
0.980601
0.996294
0.989445
0.000000
1.000000
0.999992
0.994607
0.999860
0.991876
0.999941
0.988057
0.904766
0.246642
0.982857
0.836333
0.755142
0.770952
0.916665
0.231427
0.223522
0.999679
0.871689
1.000000
0.170710
0.672968
0.421258
0.022254
0.993719
0.000000
0.000000
0.999838
0.999984
0.994735
0.999974
0.999981
0.999996
0.985679
0.999271
0.000000
0.841430
0.190527
0.000104
0.045954
0.803333
0.998557
0.999616
0.992658
0.000000
0.921385
0.788643
0.612078
0.082751
0.969729
0.983449
0.769377
0.011984
0.999998
0.997850
0.967787
0.983102
0.042118
0.000000
0.986443
0.999999
0.909147
0.901130
0.993724
0.029252
0.757228
0.000000
1.000000
0.000048
0.000000
0.761885
1.000000
1.000000
0.989843
0.999547
0.999896
0.999877
1.000000
0.999230
0.909114
0.883614
0.983999
0.524790
0.977421
0.985355
0.000140
0.794589
1.000000
0.000000
1.000000
0.272298
0.242296
0.731853
0.949951
0.954949
0.839197
0.931590
1.000000
1.000000
1.000000
1.000000
0.555439
0.000075
0.984764
0.982111
0.999604
0.876420
0.759868
0.999226
1.000000
0.946555
0.870806
0.992311
0.998427
0.543254
0.702154
0.922075
0.996177
0.903432
0.919088
0.670206
0.951186
0.997397
0.000000
0.698756
0.881994
0.069844
0.906330
0.000000
0.835257
0.000700
1.000000
0.997123
0.999444
0.000179
0.891200
0.996539
0.830570
0.384007
0.999684
0.998709
0.705714
0.008278
0.109192
0.000000
0.787796
0.995730
0.999231
0.999145
0.950351
0.999996
1.000000
0.813416
1.000000
0.363090
0.138229
0.272650
0.000000
0.984115
0.221924
0.277471
0.938171
0.970505
0.250909
0.012954
0.943341
0.841508
0.959609
0.993955
0.980210
1.000000
0.514454
0.981428
0.937974
0.988606
0.999973
0.992595
0.002549
0.999997
0.005507
0.000000
1.000000
0.000000
1.000000
0.102490
0.958676
0.106969
0.992862
0.998886
0.925337
0.000000
0.907986
0.999968
0.000000
0.809308
0.999995
0.981712
0.998850
0.000000
0.031747
0.838167
0.613521
0.944924
1.000000
0.000160
1.000000
0.874250
0.971944
0.747288
0.999572
0.000006
0.973718
0.016151
0.189156
0.997521
0.901677
0.360649
0.998497
0.950865
0.000000
0.826765
1.000000
1.000000
0.992960
1.000000
0.595781
0.065158
0.995607
1.000000
0.999987
0.012418
0.999899
1.000000
0.999885
0.977300
0.996181
0.000000
0.525556
0.565465
0.203242
0.943779
0.994706
0.828416
0.994647
0.550931
0.297888
0.061202
0.952773
1.000000
0.964232
0.953620
0.307139
0.998056
0.889836
0.976669
0.636629
0.800393
0.993351
0.824678
1.000000
0.000024
0.387486
0.356498
0.993782
0.999930
0.584023
0.083228
0.996350
0.725503
0.937283
0.077414
0.911114
0.774877
1.000000
0.999574
0.995865
0.975195
0.587222
0.203661
0.999998
0.999956
0.056535
0.918493
0.021216
1.000000
0.001428
0.001663
1.000000
1.000000
0.958480
0.690748
1.000000
0.999999
0.443845
0.999993
0.999914
0.710792
0.981739
0.976791
1.000000
0.993557
1.000000
0.942649
0.000000
0.999999
0.069018
0.981163
0.382533
0.999166
0.994320
0.999702
0.994591
0.985096
1.000000
0.958211
0.930176
0.625147
0.998346
1.000000
0.785270
0.000000
0.010681
0.909396
0.578431
0.995400
0.037464
1.000000
0.660988
0.573460
1.000000
0.000000
1.000000
0.823478
0.673356
0.954463
0.992425
0.659230
0.000000
0.999998
0.839501
0.403691
0.970086
0.718928
1.000000
0.978217
0.000000
0.021842
0.895102
0.989445
0.988089
0.999436
1.000000
0.446306
1.000000
0.093102
0.848857
0.149022
0.999998
1.000000
0.800012
0.000101
0.264447
0.986780
0.996112
0.997679
0.895186
0.073308
0.999957
0.912397
0.999998
0.691363
0.961888
0.783552
0.995591
1.000000
0.358449
0.706253
0.990326
0.989361
0.923607
1.000000
0.819635
1.000000
0.974739
0.870461
0.999988
1.000000
0.946671
1.000000
0.886472
0.993351
0.795492
1.000000
0.887761
0.999890
0.742823
0.000504
0.990460
0.940520
1.000000
0.000000
0.999604
0.038291
0.944200
0.002028
0.436090
0.991606
0.968628
0.983843
0.926390
0.015400
0.963712
0.047973
0.802557
0.992082
1.000000
1.000000
1.000000
1.000000
0.947656
0.942182
0.987012
1.000000
0.983144
0.999803
0.999952
0.998506
0.907450
0.000495
0.960580
0.999726
0.536644
1.000000
0.000013
0.951067
0.998123
0.883389
0.777652
1.000000
0.015467
0.913183
0.379295
0.997521
0.000212
0.999420
0.631110
0.977612
0.000000
0.999839
0.932690
1.000000
0.940906
0.911673
0.992046
0.768991
0.000000
0.964719
0.888611
1.000000
0.997142
0.902679
0.914427
0.998087
0.999880
0.986349
0.990270
1.000000
0.304938
0.704298
1.000000
0.725319
0.859796
0.842480
1.000000
0.388219
0.999999
0.999715
0.007208
0.913075
0.989373
0.996790
1.000000
1.000000
1.000000
0.015400
1.000000
0.980059
0.600227
0.993996
0.982505
0.710792
0.999421
1.000000
0.917951
0.000000
1.000000
0.933014
0.888770
0.999929
0.582136
0.918747
0.504044
0.832850
0.943989
1.000000
0.997445
0.570860
1.000000
0.798942
1.000000
0.787537
1.000000
1.000000
1.000000
0.999895
0.996643
0.000000
1.000000
0.995075
0.000004
1.000000
0.187113
0.999987
0.999804
1.000000
0.963264
0.993954
0.998173
0.912566
0.994543
0.734327
0.922498
0.000000
0.390035
0.852335
0.855883
0.866960
1.000000
0.110550
0.999205
0.996765
0.940245
0.741794
0.561174
0.999829
1.000000
0.967644
0.952751
0.008646
0.831855
1.000000
0.999948
1.000000
1.000000
1.000000
0.998135
0.660256
0.979329
0.983040
1.000000
0.999987
0.720217
0.635370
0.977005
0.906489
0.999662
0.994754
0.843033
0.625153
0.999204
0.868225
0.968329
0.838354
1.000000
0.999998
0.979940
0.974672
1.000000
0.848244
0.992888
0.772630
0.795178
0.994463
1.000000
0.418479
0.955693
0.939543
1.000000
0.974444
0.979879
0.071180
0.999581
1.000000
0.999005
0.999991
0.999788
0.979493
0.917398
1.000000
0.982225
0.000000
0.993573
1.000000
0.977543
0.988291
1.000000
0.999959
1.000000
0.040678
1.000000
0.836944
0.993105
0.787142
0.999989
0.993696
0.003682
0.879152
0.968473
1.000000
0.000153
0.990625
1.000000
0.875240
0.000000
1.000000
0.999342
0.988553
1.000000
1.000000
0.000000
0.999992
0.890977
0.058432
0.000568
0.000000
1.000000
0.992649
1.000000
0.985170
0.648368
0.988658
1.000000
0.999943
0.998689
0.000000
0.965584
0.990365
0.999997
0.796598
1.000000
0.940497
1.000000
0.658350
0.003503
0.954395
0.296633
0.999889
1.000000
0.000000
1.000000
0.000000
0.930080
0.911304
0.895220
1.000000
1.000000
0.981095
1.000000
0.000000
0.999997
0.957653
0.993469
0.993704
0.851858
0.432865
0.692576
0.997531
0.674591
0.000178
0.997220
0.000000
0.999950
0.950213
0.997734
1.000000
0.999998
0.999695
0.991966
0.989814
0.856666
0.000000
0.917882
1.000000
0.996634
0.871506
0.000003
0.999998
0.966436
0.998834
0.972575
0.993153
0.871842
0.991688
0.981197
0.853123
0.981684
0.818880
0.984898
0.999969
0.927568
0.000000
0.768071
0.904264
0.354440
0.999999
0.837065
1.000000
0.736690
0.000000
0.000000
0.999998
0.999980
0.836671
0.993463
0.999596
0.992294
0.671314
0.014768
1.000000
1.000000
0.996066
1.000000
0.582798
0.996928
0.999999
0.976603
0.000000
0.999775
0.000000
0.958386
0.000000
0.989424
0.000000
0.997274
0.056608
0.950213
0.999281
0.883370
0.976674
0.991395
0.000064
0.994454
1.000000
0.000000
1.000000
1.000000
0.993666
0.948101
0.439609
0.999740
0.842274
1.000000
0.139684
0.924363
0.532627
0.998789
1.000000
0.949483
0.006362
1.000000
0.833201
0.942002
0.951279
0.788954
1.000000
0.016519
0.000000
1.000000
0.994176
1.000000
0.937930
0.998834
0.000266
0.929933
0.992990
0.000000
0.999476
0.997135
0.917502
0.723014
0.943106
0.999996
0.410309
0.967176
0.885419
0.927378
0.743540
0.953195
0.999996
0.999730
0.990972
0.167465
0.765931
0.029300
0.055007
0.729385
0.988291
0.469103
0.815736
0.000000
0.958606
0.000000
0.260744
1.000000
0.999394
0.188864
0.827516
0.000000
0.999931
0.958837
0.999436
0.883278
0.997918
1.000000
0.009501
1.000000
0.000000
0.982463
1.000000
0.999985
1.000000
0.793152
0.999623
0.936450
0.945780
0.000000
0.999987
1.000000
0.000000
0.898853
0.959138
0.870602
0.448541
0.999997
0.971451
0.985676
0.998650
0.727013
1.000000
0.003887
0.953581
0.000070
0.363541
0.999991
0.951113
1.000000
0.992249
0.859539
1.000000
0.718085
0.403302
0.975533
0.994939
0.990538
1.000000
0.017304
0.999992
0.000000
1.000000
0.030347
0.996320
0.893871
0.999900
0.957889
0.191984
0.999984
0.994998
0.948017
0.996028
0.000000
0.975900
0.864665
0.856823
1.000000
0.000000
0.000000
0.999001
1.000000
0.910396
0.735191
0.921769
0.997381
0.999954
0.999965
0.764875
1.000000
0.997878
0.753620
0.000848
0.999019
0.999997
0.013205
1.000000
1.000000
0.964299
1.000000
0.939096
0.882632
0.984825
0.844765
0.373361
0.944091
0.999992
0.452319
0.999134
0.915149
0.158067
1.000000
0.000000
0.971342
0.993238
0.973320
0.004559
0.999998
0.994907
1.000000
0.846010
0.960745
0.527911
0.972832
0.938907
1.000000
1.000000
0.995841
0.809062
0.992626
0.000270
0.926529
0.911189
0.008382
0.963029
0.815955
0.915102
0.963218
0.999972
1.000000
0.131804
0.999985
1.000000
1.000000
0.776051
1.000000
0.000000
1.000000
0.985648
0.455568
0.999676
0.930294
0.467321
0.332134
0.950213
0.000000
0.455805
0.460874
1.000000
0.999998
0.892196
0.714563
0.976083
1.000000
1.000000
0.999994
0.995560
0.872143
1.000000
0.999991
0.846205
1.000000
0.995425
0.887303
0.995450
0.000000
1.000000
1.000000
0.932133
0.466151
0.967772
0.049158
0.147859
0.999100
0.999997
0.000000
0.027173
0.981522
1.000000
0.999749
0.967969
0.031609
0.991853
0.709709
0.926628
0.657500
1.000000
0.999991
0.654875
0.444704
0.443498
0.100871
0.999960
0.987563
1.000000
0.844036
0.986874
1.000000
1.000000
0.972482
0.000000
0.996640
0.999987
0.001522
0.997645
0.082039
0.009705
0.000000
0.558209
0.990633
0.999999
0.999634
0.999403
0.777565
0.618555
0.999583
0.703536
0.766702
0.720891
0.756386
0.683429
0.373768
0.692643
0.896797
0.994579
0.993262
0.036805
0.788331
0.818436
0.943370
0.000000
0.999998
0.828927
0.000000
0.255551
0.000000
0.972643
0.983941
0.616572
0.000000
0.529364
0.999995
0.972992
1.000000
0.952566
0.759850
0.730052
0.841793
0.999997
0.863635
0.999992
1.000000
0.180149
0.028408
0.792857
1.000000
0.000000
0.981357
0.896809
0.000000
0.999485
0.213700
1.000000
0.002301
0.998591
0.000000
1.000000
1.000000
0.000000
0.901787
0.011710
0.868636
1.000000
0.525013
1.000000
0.953223
0.988990
0.009117
0.160900
0.997802
0.963923
0.974651
0.001327
0.000000
0.055295
0.910680
0.992775
0.015766
0.000000
0.994516
0.999999
0.848987
0.991684
0.002333
0.000000
0.000000
0.998473
0.000000
0.999094
0.997948
0.996893
0.991723
0.000011
0.004874
0.024350
0.621992
0.988681
1.000000
0.883447
0.000000
0.999089
0.999993
1.000000
0.862789
0.779668
0.000000
0.942900
0.789959
1.000000
0.692576
0.698504
0.948860
0.102102
0.001481
0.146367
0.035127
0.000000
0.751360
0.999946
0.325853
0.997032
0.000012
0.998534
0.476666
0.989236
0.843366
0.374784
0.983860
0.921068
0.999993
0.890927
0.986740
0.977136
0.754370
0.976899
1.000000
0.869669
0.711526
1.000000
0.947645
0.000000
1.000000
0.061188
0.960437
1.000000
1.000000
0.294301
0.810856
0.441848
0.967820
0.129148
0.999237
0.995795
0.999995
0.869159
0.000000
1.000000
1.000000
1.000000
0.999977
0.996561
