0.000000
0.000003
0.000000
0.000000
0.053356
0.000000
0.000000
0.000000
0.000000
0.018983
0.000000
0.000000
0.000000
0.020463
0.000000
0.000000
0.121568
0.000000
0.000000
0.000000
0.000000
0.000000
0.000000
0.000000
0.000000
0.000000
0.002587
0.000000
0.000000
0.000000
0.000000
0.003989
0.000001
0.000229
0.000000
0.000000
0.000000
0.535298
0.000101
0.000000
0.000000
0.000000
0.000098
0.000000
0.000000
0.000000
0.000000
0.000000
0.000000
0.000000
0.000000
0.000078
0.000000
0.000000
0.882553
0.000000
0.000000
0.000000
0.000000
0.041191
0.000000
0.002031
0.000000
0.000000
0.000000
0.000000
0.000000
0.593718
0.050664
0.000000
0.000000
0.000000
0.000000
0.000000
0.000000
0.405237
0.000000
0.000000
0.000000
0.000000
0.000000
0.000000
0.000000
0.000000
0.000000
0.000000
0.000000
0.000000
0.000000
0.000000
0.004726
0.000000
0.048168
0.000000
0.000000
0.000000
0.000000
0.019048
0.002455
0.000000
0.000000
0.000000
0.000000
0.000000
0.427707
0.000000
0.509947
0.000000
0.000000
0.000000
0.000000
0.000000
0.045515
0.000000
0.000000
0.030590
0.000000
0.416260
0.000000
0.000000
0.000000
0.000000
0.000000
0.000000
0.000000
0.000000
0.000158
0.196305
0.000000
0.000048
0.000000
0.000000
0.005028
0.000000
0.021783
0.000000
0.004949
0.025926
0.000000
0.078806
0.018223
0.000000
0.000000
0.000000
0.000000
0.000000
0.000000
0.000000
0.000000
0.000000
0.000000
0.067663
0.000000
0.000000
0.000000
0.000245
0.112558
0.000000
0.000000
0.000000
0.000000
0.000000
0.000000
0.070150
0.000000
0.000000
0.000000
0.000000
0.056836
0.000000
0.000000
0.000000
0.024838
0.000000
0.116247
0.000000
0.000000
0.000000
0.000000
0.368315
0.000000
0.000000
0.000000
0.000981
0.000000
0.000001
0.000000
0.000000
0.000977
0.000000
0.000000
0.000000
0.001047
0.037879
0.000000
0.000000
0.151813
0.000000
0.000000
0.282623
0.000000
0.000000
0.000000
0.000002
0.001073
0.003362
0.000001
0.004606
0.000000
0.000000
0.000000
0.000000
0.000000
0.000000
0.000000
0.000000
0.000000
0.000000
0.004429
0.000000
0.000000
0.000000
0.009215
0.182672
0.000000
0.000000
0.003320
0.294807
0.000000
0.004194
0.004319
0.000000
0.004456
0.000000
0.000000
0.000000
0.040182
0.000000
0.000000
0.797330
0.000000
0.000000
0.000000
0.000000
0.000000
0.000000
0.000005
0.000000
0.000000
0.000000
0.000000
0.000000
0.000000
0.000000
0.000000
0.000000
0.004959
0.000000
0.000000
0.000000
0.000001
0.000000
0.000000
0.003136
0.000000
0.000000
0.000000
0.000000
0.000000
0.000000
0.000000
0.000000
0.000000
0.000000
0.000000
0.000000
0.000000
0.000000
0.000000
0.001549
0.000000
0.000000
0.000000
0.000000
0.000000
0.012265
0.000000
0.000000
0.000000
0.000000
0.000000
0.000000
0.001089
0.000000
0.000648
0.000000
0.000000
0.000000
0.000000
0.000000
0.019975
0.000000
0.000000
0.000518
0.367532
0.063554
0.000000
0.000000
0.000000
0.161973
0.000000
0.000000
0.000000
0.000000
0.000000
0.000460
0.000000
0.000016
0.000000
0.000000
0.000000
0.000871
0.000000
0.000000
0.000000
0.000000
0.000000
0.000000
0.000000
0.000000
0.000000
0.000000
0.000000
0.000000
0.376716
0.000000
0.000007
0.000000
0.000000
0.000000
0.122612
0.091280
0.000000
0.000100
0.000000
0.000000
0.686761
0.000000
0.000061
0.000000
0.000000
0.000000
0.000000
0.071843
0.000000
0.000000
0.000000
0.000000
0.000000
0.000000
0.000000
0.000000
0.365112
0.000000
0.000023
0.000000
0.000000
0.000000
0.000000
0.000000
0.123846
0.000000
0.000000
0.000000
0.000000
0.269869
0.165378
0.000890
0.000815
0.029680
0.000000
0.000000
0.000000
0.000000
0.000000
0.000000
0.000544
0.000000
0.000000
0.013997
0.446138
0.000000
0.000000
0.000000
0.001498
0.000000
0.000000
0.602071
0.000000
0.000000
0.000000
0.000000
0.000000
0.048343
0.000000
0.000000
0.008805
0.000000
0.000000
0.000000
0.000000
0.000000
0.000000
0.000000
0.000000
0.000000
0.000000
0.006249
0.000000
0.000018
0.000000
0.001114
0.000000
0.000000
0.000000
0.178024
0.000464
0.000000
0.000000
0.000000
0.000000
0.006453
0.000000
0.003427
0.000000
0.000000
0.000000
0.000000
0.000000
0.000000
0.000000
0.000000
0.000000
0.000000
0.000086
0.029199
0.000000
0.000000
0.000000
0.000021
0.000222
0.000000
0.000141
0.000227
0.000000
0.000000
0.000000
0.000000
0.000000
0.000000
0.000000
0.005224
0.000000
0.000025
0.000000
0.000000
0.000000
0.000000
0.000000
0.000000
0.000000
0.000000
0.005339
0.000000
0.000000
0.000000
0.768982
0.000000
0.000000
0.000000
0.000000
0.000769
0.000000
0.013594
0.000000
0.000000
0.000000
0.076748
0.000000
0.000000
0.128776
0.000000
0.000000
0.000000
0.988152
0.001309
0.000000
0.000000
0.000000
0.000000
0.000002
0.000000
0.000609
0.001096
0.962788
0.000100
0.000004
0.001567
0.321923
0.000000
0.000000
0.000000
0.000000
0.000000
0.000429
0.000286
0.000005
0.000000
0.000000
0.000408
0.000000
0.000000
0.000000
0.000000
0.000000
0.000000
0.000000
0.000059
0.000000
0.397810
0.000000
0.000000
0.000032
0.131635
0.000000
0.000085
0.179945
0.000708
0.193635
0.000000
0.059164
0.000000
0.000052
0.000000
0.000270
0.000096
0.000000
0.000000
0.000000
0.000000
0.000000
0.000000
0.000000
0.000000
0.000000
0.000000
0.000000
0.000000
0.000000
0.003179
0.000479
0.060595
0.000000
0.000000
0.000000
0.000000
0.000000
0.000000
0.000000
0.002965
0.000000
0.000000
0.000036
0.697452
0.000000
0.823117
0.005215
0.000000
0.000000
0.000000
0.000000
0.000000
0.252832
0.000000
0.000000
0.006082
0.016723
0.000000
0.134108
0.000000
0.000000
0.000000
0.000000
0.000000
0.070823
0.000000
0.000000
0.000025
0.000000
0.000000
0.000000
0.027113
0.000000
0.000000
0.000000
0.000000
0.000000
0.000000
0.000000
0.000000
0.000000
0.000000
0.002231
0.000000
0.000000
0.000000
0.000000
0.000000
0.021799
0.000000
0.110755
0.000000
0.000000
0.009317
0.000000
0.262682
0.000000
0.000000
0.001835
0.000000
0.000000
0.027055
0.013704
0.000000
0.000000
0.133822
0.000000
0.000000
0.001229
0.000086
0.000000
0.000000
0.000000
0.000000
0.035055
0.000000
0.000000
0.000000
0.027600
0.000000
0.387817
0.000000
0.044760
0.016380
0.000000
0.000000
0.000000
0.000000
0.000000
0.378617
0.000000
0.000000
0.000000
0.000000
0.000000
0.000000
0.000000
0.000000
0.000000
0.000000
0.000000
0.059575
0.014826
0.000000
0.000000
0.000000
0.000000
0.000000
0.132296
0.000000
0.000000
0.000000
0.000000
0.000000
0.000000
0.000000
0.000000
0.000000
0.121505
0.157863
0.002829
0.000000
0.000000
0.000000
0.000000
0.000000
0.000000
0.000000
0.002965
0.000662
0.000000
0.000000
0.000000
0.000000
0.000000
0.000000
0.000000
0.000000
0.000000
0.000204
0.000000
0.000668
0.000000
0.331497
0.000000
0.000000
0.788973
0.000000
0.691107
0.004849
0.042659
0.000000
0.000000
0.000000
0.000000
0.000000
0.000000
0.000000
0.000000
0.000000
0.000000
0.000000
0.000000
0.000000
0.129239
0.000000
0.000000
0.063262
0.000000
0.000042
0.376412
0.000000
0.000000
0.000002
0.000000
0.000064
0.000000
0.000051
0.000000
0.000000
0.000000
0.000000
0.000000
0.000000
0.000000
0.000000
0.000301
0.009713
0.000000
0.000000
0.000000
0.000000
0.000000
0.016148
0.000000
0.000000
0.000000
0.005507
0.000000
0.000000
0.000000
0.000000
0.000000
0.000000
0.000000
0.000000
0.000000
0.000000
0.000000
0.000000
0.000000
0.000000
0.000026
0.000000
0.002550
0.000000
0.000000
0.011045
0.000000
0.191772
0.000000
0.000000
0.000000
0.000000
0.000000
0.003979
0.000000
0.000000
0.000000
0.000000
0.018474
0.000000
0.000000
0.000000
0.000000
0.000000
0.000000
0.000000
0.000000
0.000000
0.004390
0.000028
0.000000
0.000000
0.000000
0.000000
0.000000
0.000000
0.000000
0.000000
0.000000
0.002445
0.000000
0.000000
0.000000
0.000000
0.000000
0.251344
0.000000
0.000000
0.000000
0.000000
0.000000
0.000000
0.086779
0.000000
0.000000
0.000169
0.000000
0.000000
0.000000
0.445762
0.000000
0.000000
0.000000
0.054042
0.000000
0.000000
0.000000
0.000000
0.000000
0.000000
0.000000
0.000000
0.000000
0.000059
0.742814
0.408952
0.223917
0.000040
0.009711
0.000000
0.000000
0.000000
0.000000
0.000000
0.000000
0.000029
0.000000
0.000000
0.000000
0.000000
0.000000
0.000000
0.000000
0.345972
0.435951
0.000000
0.000000
0.000000
0.000000
0.000000
0.000000
0.000000
0.000000
0.000000
0.000000
0.000328
0.000025
0.000000
0.010011
0.000000
0.000000
0.000000
0.000000
0.000000
0.004263
0.010837
0.000000
0.000000
0.000000
0.000000
0.000000
0.000000
0.118635
0.000000
0.000000
0.000000
0.000000
0.000000
0.000000
0.053773
0.000000
0.000000
0.000000
0.000000
0.000000
0.387031
0.000000
0.000000
0.000000
0.000000
0.000000
0.000000
0.000000
0.003019
0.008991
0.000000
0.000000
0.000052
0.036273
0.000000
0.000089
0.000813
0.000000
0.000000
0.003698
0.000004
0.428416
0.000000
0.243520
0.000000
0.000000
0.000000
0.000000
0.000000
0.000053
0.000000
0.000000
0.000000
0.000000
0.008315
0.000000
0.000000
0.000000
0.000001
0.000000
0.000000
0.000000
0.017313
0.000000
0.000000
0.000000
0.000000
0.000000
0.000000
0.000000
0.000000
0.000000
0.000000
0.062257
0.000000
0.000000
0.000000
0.000000
0.000674
0.000000
0.000000
0.000000
0.000000
0.000000
0.137581
0.000000
0.015145
0.000000
0.000000
0.000000
0.000043
0.000000
0.000000
0.000000
0.000000
0.000023
0.012723
0.000000
0.000000
0.000000
0.000000
0.000000
0.000000
0.000000
0.000066
0.000000
0.000000
0.000000
0.000000
0.043986
0.000000
0.000000
0.022146
0.000000
0.000000
0.000000
0.000000
0.007232
0.206244
0.000000
0.007834
0.041202
0.000000
0.000000
0.000000
0.000000
0.002542
0.274253
0.000000
0.000000
0.009485
0.000000
0.021550
0.000000
0.000000
0.000000
0.000000
0.000000
0.012003
0.049951
0.000000
0.000000
0.000000
0.000000
0.000000
0.000000
0.000000
0.000000
0.000000
0.000000
0.000000
0.000000
0.010210
0.000000
1.000000
0.000000
0.000000
0.001078
0.000161
0.000000
0.000100
0.000000
0.000000
0.000000
0.000000
0.000430
0.000000
0.000000
0.000000
0.005635
0.000000
0.000000
0.000103
0.000000
0.000000
0.000000
0.000692
0.000038
0.000000
0.000010
0.000000
0.000000
0.000000
0.000000
0.467149
0.000135
0.000000
0.000000
0.000797
0.000000
0.001087
0.000036
0.000000
0.018300
0.215304
0.000000
0.000000
0.000000
0.000000
0.000000
0.000000
0.000000
0.000000
0.000000
0.153779
0.016976
0.000000
0.000000
0.000000
0.000000
0.000000
0.002310
0.000000
0.000000
0.000000
0.020862
0.058453
0.000000
0.000000
0.000005
0.000000
0.000000
0.000000
0.000207
0.000000
0.000000
0.000000
0.000000
0.000000
0.000000
0.000000
0.008874
0.000000
0.000000
0.000000
0.000000
0.000001
0.000000
0.000000
0.000000
0.000000
0.698207
0.023291
0.000000
0.000453
0.000000
0.000000
0.000000
0.000000
0.452174
0.000000
0.075736
0.035399
0.000000
0.000000
0.000000
0.000000
0.000000
0.000000
0.000119
0.003275
0.000000
0.421500
0.000000
0.000000
0.000000
0.000000
0.000000
0.000000
0.000000
0.000000
0.000000
0.000000
0.000000
0.000000
0.129364
0.060855
0.000000
0.182982
0.000000
0.000000
0.004278
0.700226
0.000000
0.000000
0.019298
0.000000
0.000000
0.000000
0.000000
0.006093
0.028723
0.000000
0.002012
0.000000
0.000000
0.000000
0.000000
0.000000
0.000000
0.000000
0.000000
0.000000
0.000000
0.000000
0.000000
0.000000
0.000000
0.000000
0.000000
0.018233
0.000000
0.004906
0.000000
0.000000
0.000000
0.000000
0.000000
0.000000
0.000000
0.000000
0.000000
0.204752
0.000000
0.017265
0.128468
0.000000
0.000000
0.753678
0.000000
0.000000
0.000000
0.000000
0.000000
0.000000
0.000013
0.000000
0.000000
0.000000
0.000000
0.000000
0.025777
0.000000
0.036655
0.000000
0.000000
0.000000
0.000000
0.000000
0.000000
0.000000
0.000000
0.000000
0.000000
0.000000
0.506713
0.000000
0.000000
0.000000
0.008445
0.000000
0.048380
0.000000
0.000000
0.003698
0.000000
0.000000
0.000000
0.400029
0.000000
0.000000
0.000000
0.057632
0.000000
0.952887
0.000000
0.000201
0.342415
0.000000
0.000000
0.000000
0.000000
0.000000
0.000000
0.000000
0.000000
0.481720
0.201853
0.000000
0.000000
0.001312
0.000000
0.000000
0.000000
0.000000
0.000000
0.000000
0.011800
0.000000
0.000000
0.007891
0.000000
0.000000
0.004825
0.000000
0.000000
0.000000
0.000000
0.000000
0.000000
0.000000
0.000000
0.000000
0.000000
0.000000
0.000000
0.000000
0.000000
0.000000
0.000000
0.000000
0.000000
0.000000
0.000000
0.000000
0.001111
0.000602
0.000000
0.000000
0.051081
0.000000
0.000000
0.002032
0.682510
0.000251
0.000000
0.000000
0.003781
0.000000
0.136079
0.076855
0.000000
0.814451
0.000000
0.000000
0.000000
0.000000
0.000000
0.000000
0.000000
0.000036
0.000000
0.000000
0.000000
0.794301
0.000000
0.000000
0.000000
0.448471
0.007510
0.000000
0.013693
0.000000
0.000000
0.000000
0.000000
0.000000
0.000000
0.000000
0.000000
0.000001
0.000000
0.000000
0.000000
0.000000
0.000000
0.000000
0.000000
0.000000
0.000000
0.000000
0.014940
0.000000
0.000000
0.018931
0.000000
0.000028
0.000000
0.479581
0.000000
0.000000
0.000000
0.000000
0.078149
0.000000
0.000000
0.100780
0.000000
0.000000
0.000000
0.000000
0.000000
0.000000
0.000000
0.005688
0.000000
0.000000
0.000000
0.000092
0.000000
0.000000
0.000000
0.000000
0.000000
0.016748
0.000000
0.000015
0.000000
0.000000
0.000000
0.000000
0.253352
0.000000
0.000000
0.000047
0.000000
0.000000
0.000000
0.000000
0.000000
0.000000
0.000000
0.000000
0.000000
0.000000
0.013799
0.104810
0.000000
0.613546
0.000000
0.000001
0.001635
0.000000
0.000000
0.000000
0.000000
0.000000
0.000000
0.000000
0.000005
0.000000
0.000000
0.004104
0.000000
0.000000
0.000000
0.000000
0.000472
0.000000
0.000000
0.000000
0.000000
0.022981
0.319455
0.000000
0.001152
0.000000
0.000000
0.000000
0.000000
0.000012
0.000000
0.000000
0.000000
0.000000
0.000000
0.000000
0.000000
0.000000
0.000000
0.000749
0.000000
0.000000
0.000020
0.000012
0.000000
0.000000
0.001222
0.024475
0.000000
0.000000
0.026880
0.000000
0.000000
0.000000
0.000000
0.000000
0.000000
0.000000
0.000000
0.041279
0.000000
0.000000
0.000000
0.000000
0.000000
0.000000
0.000000
0.000000
0.000000
0.000000
0.000000
0.000000
0.000000
0.000000
0.000000
0.000000
0.000000
0.000000
0.000000
0.000000
0.000324
0.000000
0.241343
0.000000
0.000000
0.000000
0.000000
0.000000
0.000000
0.000000
0.000000
0.000000
0.000000
0.000000
0.000000
0.000000
0.000000
0.000000
0.000000
0.000000
0.034430
0.000000
0.001256
0.000238
0.284217
0.000000
0.000000
0.000000
0.000002
0.000000
0.000000
0.000000
0.000000
0.000000
0.000000
0.000000
0.000000
0.064777
0.000000
0.000000
0.000000
0.000000
0.000000
0.000745
0.000000
0.000000
0.045508
0.000000
0.000000
0.000000
0.000000
0.000000
0.000000
0.000000
0.000000
0.000000
0.438077
0.000000
0.000000
0.004770
0.000000
0.000000
0.000000
0.031118
0.000000
0.000000
0.000000
0.000152
0.000001
0.000000
0.102727
0.000000
0.000000
0.553564
0.000000
0.000000
0.000000
0.704756
0.000212
0.000000
0.000000
0.000000
0.000000
0.122840
0.000000
0.000000
0.000000
0.000000
0.000000
0.063880
0.999887
0.000310
0.000000
0.000000
0.000000
0.000000
0.000000
0.000000
0.000000
0.264912
0.000000
0.000000
0.090754
0.015098
0.000000
0.000000
0.000000
0.000000
0.373224
0.000000
0.000000
0.000000
0.000000
0.000000
0.000000
0.000000
0.004792
0.000000
0.001043
0.000000
0.000000
0.000000
0.000000
0.000460
0.000000
0.000000
0.000000
0.000000
0.000000
0.000000
0.000000
0.000000
0.000000
0.000000
0.000000
0.000999
0.000000
0.000000
0.027182
0.000000
0.000000
0.000000
0.268112
0.000000
0.000000
0.000000
0.000000
0.000000
0.000000
0.946904
0.000000
0.000000
0.000000
0.040777
0.000000
0.703687
0.000000
0.676855
0.000000
0.018824
0.409781
0.000000
0.000000
0.000000
0.010529
0.000000
0.044459
0.007579
0.000000
0.000000
0.000000
0.383781
0.000000
0.000000
0.000000
0.000000
0.000000
0.000000
0.000000
0.000000
0.000000
0.000000
0.000000
0.013884
0.000100
0.006637
0.000000
0.000015
0.000000
0.000000
0.000000
0.041005
0.000000
0.000000
0.009788
0.000000
0.213595
0.000000
0.000000
0.000000
0.092255
0.000590
0.000000
0.174404
0.583240
0.000000
0.000000
0.477854
0.000000
0.285480
0.000097
0.000000
0.000000
0.000000
0.000044
0.000000
0.000000
0.000000
0.000000
0.000000
0.000501
0.000000
0.000000
0.437912
0.000000
0.000000
0.000000
0.000000
0.294649
0.000000
0.000839
0.000000
0.000000
0.000000
0.000000
0.000000
0.000000
0.000000
0.299056
0.000000
0.006826
0.013205
0.000026
0.000000
0.021373
0.000000
0.000000
0.000000
0.004329
0.000000
0.000006
0.000000
0.000000
0.008288
0.000000
0.000000
0.000000
0.000001
0.000000
0.000000
0.000281
0.001833
0.048029
0.000000
0.000000
0.000000
0.000000
0.019102
0.000000
0.000000
0.000000
0.000000
0.000000
0.000000
0.000000
0.000000
0.073657
0.000000
0.000000
0.000000
0.000000
0.000000
0.029888
0.000019
0.000000
0.000000
0.000000
0.000000
0.000000
0.000000
0.000000
0.000000
0.000000
0.000000
0.000000
0.000000
0.965420
0.000000
0.000000
0.003105
0.000000
0.000000
0.000000
0.000000
0.000000
0.000000
0.000000
0.000000
0.000000
0.000000
0.021143
0.000000
0.000000
0.000000
0.994772
0.000000
0.000732
0.000000
0.000000
0.000000
0.000000
0.000000
0.000000
0.001419
0.000000
0.000000
0.000000
0.000000
0.000000
0.000000
0.000000
0.000000
0.000000
0.663503
0.000000
0.012380
0.000000
0.000000
0.000000
0.839214
0.000000
0.000000
0.000000
0.000000
0.000000
0.000000
0.000000
0.000000
0.000321
0.000000
0.000000
0.015133
0.002917
0.000000
0.000000
0.096702
0.000000
0.000000
0.000000
0.000032
0.000000
0.056706
0.000000
0.000000
0.000000
0.000000
0.000000
0.000000
0.005607
0.000000
0.002078
0.000000
0.000000
0.000002
0.000000
0.000000
0.000000
0.000000
0.000000
0.061205
0.000000
0.000000
0.928561
0.004651
0.302511
0.000000
0.222616
0.000000
0.000000
0.000000
0.000000
0.000000
0.000000
0.000000
0.000585
0.000000
0.000008
0.000000
0.110836
0.000000
0.000000
0.000000
0.005234
0.000000
0.000000
0.000000
0.000000
0.000000
0.000000
0.000000
0.000000
0.000000
0.000000
0.000000
0.000000
0.000000
0.000000
0.286792
0.000001
0.000000
0.021688
0.004970
0.002014
0.000000
0.000000
0.000000
0.000000
0.000000
0.224162
0.000395
0.000000
0.000000
0.000000
0.000131
0.000000
0.000000
0.000000
0.000000
0.107517
0.000495
0.000151
0.000000
0.000000
0.590335
0.000000
0.650848
0.000000
0.000000
0.000000
0.000000
0.710673
0.008577
0.000000
0.000000
0.000000
0.000000
0.000000
0.000000
0.000000
0.071202
0.000000
0.000000
0.000000
0.000000
0.000000
0.000000
0.000406
0.000000
0.000000
0.000000
0.000028
0.002075
0.000000
0.057122
0.000000
0.000000
0.000000
0.000000
0.000000
0.000000
0.212711
0.000000
0.000120
0.000000
0.000000
0.000000
0.000000
0.000000
0.000000
0.000000
0.000000
0.000000
0.000000
0.000000
0.000000
0.000000
0.053882
0.000000
0.000000
0.000000
0.000000
0.000000
0.025665
0.000000
0.000000
0.000000
0.000000
0.000000
0.179212
0.000000
0.000000
0.000000
0.000000
0.205994
0.003767
0.000161
0.000000
0.000000
0.000000
0.000000
0.000000
0.000000
0.000000
0.000080
0.000000
0.054005
0.000002
0.001141
0.000000
0.000000
0.000000
0.000000
0.669754
0.000000
0.000000
0.000000
0.000000
0.678740
0.000005
0.000000
0.000000
0.000000
0.000000
0.000000
0.000000
0.001195
0.000000
0.000000
0.317325
0.007851
0.003239
0.000000
0.000000
0.000000
0.185221
0.000000
0.000000
0.000000
0.000000
0.000000
0.000000
0.000000
0.000000
0.000000
0.000000
0.000000
0.000000
0.000001
0.000000
0.112378
0.000000
0.000000
0.000000
0.018216
0.020149
0.000000
0.141617
0.000000
0.000000
0.000001
0.000000
0.000000
0.000000
0.000000
0.000232
0.000000
0.000000
0.000000
0.002140
0.005425
0.000000
0.000000
0.000000
0.000000
0.103116
0.000000
0.000000
0.000001
0.033838
0.000000
0.000000
0.000000
0.000000
0.000000
0.000000
0.001088
0.000000
0.000000
0.000000
0.000000
0.000008
0.000000
0.000000
0.304607
0.000000
0.001709
0.000000
0.000000
0.000000
0.000000
0.000000
0.000030
0.000000
0.000000
0.000000
0.000000
0.000000
0.000000
0.000000
0.000000
0.003845
0.000000
0.000000
0.000000
0.000000
0.000000
0.000000
0.000000
0.000000
0.000000
0.000000
0.000000
0.000000
0.000000
0.000000
0.000000
0.000000
0.000000
0.000000
0.021697
0.000000
0.000000
0.073270
0.000000
0.000000
0.000000
0.000000
0.000000
0.000000
0.000000
0.000000
0.000052
0.000000
0.000000
0.000055
0.000000
0.006661
0.001217
0.000000
0.000000
0.000000
0.329598
0.000000
0.000000
0.000000
0.000000
0.000000
0.000211
0.000000
0.000000
0.000000
0.000000
0.000000
0.000000
0.000000
0.000000
0.000000
0.000000
0.004369
0.000000
0.000000
0.000000
0.018447
0.000462
0.010277
0.000000
0.000000
0.000000
0.000000
0.000000
0.000000
0.000000
0.000000
0.000000
0.000000
0.000000
0.006461
0.000004
0.000000
0.000019
0.000000
0.000004
0.000000
0.000000
0.000000
0.000000
0.000000
0.116732
0.000188
0.000000
0.000000
0.000000
0.000000
0.000000
0.000000
0.000000
0.000000
0.000000
0.000000
0.000000
0.000000
0.000000
0.000000
0.000000
0.000000
0.000052
0.000000
0.000000
0.000000
0.127438
0.000000
0.000000
0.000356
0.000000
0.928237
0.000000
0.000000
0.000000
0.000000
0.000000
0.000000
0.000000
0.000000
0.000000
0.000000
0.000000
0.000000
0.000000
0.010866
0.000000
0.087811
0.000000
0.000000
0.000000
0.000000
0.000000
0.000000
0.000000
0.001135
0.000000
0.000000
0.000000
0.000000
0.139551
0.000000
0.001477
0.000131
0.000000
0.000000
0.005827
0.000000
0.000000
0.119838
0.000000
0.000000
0.000000
0.000000
0.000000
0.000000
0.000000
0.000002
0.000000
0.000000
0.000033
0.000000
0.000000
0.000000
0.000002
0.000000
0.000000
0.000000
0.011340
0.033023
0.000000
0.080394
0.000000
0.000000
0.000000
0.671492
0.000000
0.050983
0.000000
0.000000
0.001354
0.000000
0.000000
0.000000
0.000000
0.061064
0.921394
0.000000
0.000000
0.017944
0.002859
0.002105
0.000000
0.000000
0.000000
0.000000
0.000000
0.000000
0.000000
0.000135
0.000000
0.000000
0.000000
0.000000
0.070540
0.067627
0.000000
0.000000
0.000000
0.000000
0.007756
0.000000
0.000000
0.000000
0.000000
0.000000
0.000000
0.000000
0.000000
0.000000
0.000000
0.001396
0.000000
0.000000
0.003010
0.000000
0.000000
0.149518
0.000000
0.000000
0.132482
0.000000
0.000000
0.000000
0.000000
0.000000
0.000000
0.027199
0.000000
0.000000
0.000000
0.000000
0.000000
0.000309
0.000000
0.000000
0.000000
0.000000
0.000000
0.000000
0.000324
0.000000
0.000000
0.000000
0.002025
0.000000
0.000000
0.000000
0.000000
0.000000
0.000000
0.000000
0.000004
0.000002
0.000000
0.000000
0.000000
0.017255
0.000000
0.000000
0.000000
0.000000
0.148341
0.001018
0.000000
0.109900
0.000000
0.000121
0.323486
0.000000
0.000000
0.000000
0.000000
0.000000
0.000000
0.000000
0.001049
0.000000
0.000000
0.008321
0.000000
0.000000
0.000000
0.030267
0.000000
0.000000
0.001775
0.000000
0.000000
0.000000
0.000000
0.000000
0.520178
0.000554
0.000000
0.017478
0.000027
0.000000
0.000000
0.000000
0.000000
0.000000
0.000000
0.000000
0.002696
0.078584
0.000000
0.000000
0.000000
0.000000
0.000000
0.000000
0.000000
0.000000
0.000000
0.185501
0.168588
0.000000
0.000078
0.000000
0.230097
0.000000
0.016697
0.000000
0.181143
0.000000
0.000000
0.000000
0.000000
0.000000
0.000000
0.000000
0.044949
0.000000
0.000000
0.000000
0.000000
0.000000
0.000000
0.000000
0.000000
0.000097
0.000000
0.000000
0.002327
0.000000
0.000000
0.000000
0.000000
0.148427
0.000000
0.000000
0.000000
0.000000
0.070777
0.000000
0.000000
0.038462
0.000000
0.000000
0.000000
0.000040
0.000000
0.000000
0.000000
0.000000
0.621159
0.000000
0.000000
0.000090
0.000000
0.000000
0.000000
0.000000
0.000000
0.000000
0.000000
0.000000
0.000000
0.000003
0.000000
0.000000
0.000000
0.000339
0.000000
0.521251
0.000000
0.013685
0.000000
0.391982
0.000000
0.000000
0.933208
0.000022
0.000000
0.000000
0.000000
0.000000
0.426089
0.000000
0.535207
0.011439
0.000572
0.004150
0.000000
0.003695
0.006002
0.000000
0.109484
0.000001
0.009028
0.000000
0.000000
0.000000
0.697978
0.000135
0.000000
0.000000
0.000009
0.021169
0.000000
0.012295
0.000007
0.000000
0.000000
0.000007
0.000000
0.798796
0.000000
0.034789
0.000000
0.000000
0.000000
0.000454
0.000000
0.000000
0.000000
0.000000
0.000000
0.000000
0.000000
0.382584
0.000014
0.000000
0.000000
0.000000
0.000000
0.000000
0.000000
0.050280
0.000339
0.000000
0.000000
0.198115
0.000000
0.000000
0.000000
0.000000
0.000000
0.000000
0.126375
0.000000
0.001206
0.000000
0.006904
0.000000
0.000000
0.000546
0.000000
0.000000
0.000000
0.000000
0.000000
0.000000
0.000642
0.000000
0.000000
0.000000
0.015459
0.051733
0.000000
0.000000
0.000000
0.000333
0.000000
0.000000
0.000000
0.017237
0.000000
0.000000
0.000000
0.000000
0.946410
0.000000
0.000000
0.046808
0.000000
0.000000
0.005512
0.028303
0.000000
0.000000
0.000000
0.000000
0.000000
0.000000
0.000000
0.000000
0.000000
0.000000
0.000527
0.385155
0.000000
0.000000
0.000000
0.000000
0.000026
0.000000
0.000000
0.000000
0.000000
0.000000
0.049955
0.000000
0.000000
0.000000
0.000000
0.000000
0.000000
0.000000
0.000000
0.000000
0.000000
0.000000
0.000000
0.749989
0.000000
0.000000
0.000000
0.000000
0.411217
0.000000
0.000000
0.000000
0.137783
0.004978
0.000000
0.075668
0.000000
0.000000
0.000000
0.000000
0.000000
0.000000
0.000000
0.000000
0.000000
0.000000
0.000000
0.000000
0.000000
0.000000
0.000000
0.067584
0.000000
0.012357
0.007897
0.000027
0.000000
0.000000
0.000000
0.000000
0.000000
0.000000
0.005175
0.000000
0.000000
0.000000
0.000000
0.000000
0.000168
0.000000
0.007011
0.000000
0.000000
0.000000
0.000000
0.000000
0.000000
0.000000
0.000000
0.000000
0.012803
0.000000
0.000000
0.000000
0.000000
0.000000
0.000220
0.250229
0.000000
0.000000
0.000471
0.000000
0.035750
0.000000
0.000000
0.000000
0.000000
0.000058
0.000008
0.154892
0.000000
0.129874
0.000000
0.000000
0.000000
0.000000
0.000000
0.000000
0.026699
0.000000
0.008815
0.000000
0.000000
0.000000
0.000000
0.000000
0.000000
0.000000
0.117336
0.000000
0.000000
0.000000
0.000000
0.000000
0.688494
0.000000
0.331847
0.000000
0.000000
0.000000
0.000000
0.000000
0.000000
0.000000
0.000000
0.000002
0.071347
0.000000
0.000000
0.000006
0.000000
0.003184
0.000000
0.000000
0.000000
0.000000
0.259180
0.000000
0.247755
0.000000
0.000000
0.000000
0.000000
0.017036
0.000000
0.099300
0.000000
0.000000
0.000000
0.000000
0.000000
0.000000
0.776021
0.000000
0.000000
0.000000
0.000000
0.000006
0.000000
0.000000
0.004698
0.000000
0.002145
0.000000
0.000115
0.000000
0.000027
0.000000
0.000000
0.034138
0.000000
0.000000
0.000000
0.000000
0.048330
0.000000
0.419240
0.000000
0.000000
0.000000
0.111404
0.000000
0.000000
0.000000
0.936772
0.000000
0.000000
0.000000
0.001959
0.017059
0.000000
0.000000
0.005339
0.000000
0.000000
0.000000
0.000000
0.000000
0.000000
0.000000
0.000000
0.000000
0.000000
0.000000
0.023190
0.000000
0.000000
0.000000
0.000000
0.000000
0.000000
0.000000
0.003176
0.005478
0.000000
0.000000
0.000000
0.000000
0.000000
0.000000
0.000000
0.000000
0.000000
0.000000
0.000000
0.559227
0.000000
0.000000
0.000000
0.000000
0.000000
0.000672
0.391705
0.000000
0.000000
0.025369
0.000000
0.000000
0.000259
0.000000
0.000000
0.000004
0.000000
0.000000
0.016703
0.000000
0.009128
0.000290
0.000000
0.000000
0.000000
0.000080
0.000000
0.000000
0.000000
0.001489
0.000000
0.000000
0.000000
0.003893
0.000000
0.000000
0.000000
0.000000
0.000000
0.000000
0.000000
0.000000
0.000000
0.000000
0.000000
0.000000
0.000000
0.000000
0.978904
0.000000
0.000000
0.000000
0.000000
0.000000
0.000000
0.000000
0.000000
0.000000
0.000000
0.000000
0.000000
0.002283
0.000000
0.004730
0.012081
0.000000
0.000000
0.000000
0.002334
0.000000
0.000000
0.000000
0.000000
0.000000
0.000000
0.000000
0.032510
0.148772
0.000000
0.000000
0.000000
0.017579
0.000940
0.000000
0.227798
0.000000
0.000006
0.000000
0.000000
0.000000
0.000000
0.018445
0.000000
0.000000
0.000000
0.000000
0.000000
0.000000
0.000027
0.000000
0.000000
0.000000
0.000004
0.000000
0.000000
0.000000
0.000000
0.000000
0.000000
0.000000
0.000000
0.000000
0.038352
0.000000
0.000000
0.000000
0.001121
0.000120
0.000000
0.000000
0.000000
0.000000
0.244172
0.000000
0.000000
0.000000
0.000000
0.009907
0.000000
0.000000
0.000000
0.001761
0.000000
0.000000
0.000000
0.000000
0.000000
0.000000
0.000000
0.001348
0.000000
0.000000
0.000000
0.000357
0.000000
0.000000
0.000000
0.000000
0.000000
0.117461
0.816369
0.000000
0.000000
0.000002
0.000000
0.000000
0.000000
0.000000
0.000000
0.000618
0.003685
0.000000
0.000000
0.000000
0.025743
0.000000
0.000000
0.000000
0.000000
0.000000
0.000411
0.135625
0.012014
0.000000
0.341818
0.000000
0.000000
0.000000
0.000000
0.000000
0.000249
0.000000
0.000000
0.159305
0.000000
0.004379
0.000000
0.000000
0.000000
0.000000
0.000000
0.000000
0.000000
0.000000
0.000000
0.015982
0.000000
0.156679
0.000000
0.007669
0.000000
0.000000
0.000000
0.000000
0.000000
0.014693
0.000000
0.000000
0.000000
0.000000
0.000000
0.000000
0.000000
0.000000
0.000000
0.000000
0.000000
0.006010
0.000000
0.000000
0.030837
0.000000
0.000000
0.001179
0.000000
0.000000
0.000008
0.000000
0.000000
0.000000
0.000000
0.000000
0.040648
0.000000
0.059240
0.000000
0.000000
0.029696
0.000001
0.000000
0.000000
0.000000
0.000000
0.000000
0.000000
0.000000
0.176422
0.000000
0.000000
0.000000
0.273544
0.996491
0.000000
0.432942
0.243032
0.000000
0.000000
0.000000
0.001168
0.000000
0.000000
0.001742
0.023063
0.000000
0.000001
0.000000
0.000102
0.000000
0.000000
0.000000
0.000000
0.000000
0.000000
0.078061
0.000000
0.000000
0.000000
0.029328
0.000000
0.000009
0.000000
0.002397
0.000000
0.017708
0.000000
0.000000
0.001381
0.002163
0.000918
0.002323
0.000000
0.017255
0.000000
0.026987
0.008434
0.000000
0.016194
0.000000
0.002796
0.159279
0.000013
0.000000
0.000000
0.006043
0.000000
0.000000
0.000000
0.000000
0.000000
0.000000
0.000000
0.000000
0.000000
0.000000
0.000000
0.000000
0.000000
0.000000
0.000000
0.000000
0.000000
0.000000
0.000000
0.000155
0.000000
0.099334
0.000000
0.000573
0.000001
0.000000
0.001625
0.000000
0.000000
0.000000
0.000000
0.000000
0.024646
0.000000
0.000000
0.000000
0.000000
0.000000
0.000000
0.145446
0.000000
0.000000
0.000000
0.000000
0.000000
0.000000
0.003670
0.000000
0.000000
0.000000
0.000000
0.000000
0.000000
0.000000
0.000000
0.000000
0.000276
0.000000
0.002207
0.096430
0.000000
0.000000
0.000025
0.000000
0.000000
0.274975
0.000000
0.000000
0.000000
0.000040
0.000000
0.000000
0.000000
0.058038
0.000000
0.000864
0.000000
0.000000
0.000000
0.000000
0.007956
0.000000
0.000000
0.000000
0.000000
0.001960
0.011522
0.062380
0.002359
0.000000
0.000000
0.000000
0.000000
0.000000
0.611308
0.009528
0.000000
0.000000
0.589721
0.000000
0.000000
0.000000
0.000000
0.000000
0.000000
0.000000
0.000000
0.000000
0.000000
0.007028
0.000000
0.000000
0.000000
0.000000
0.000000
0.048516
0.000000
0.000000
0.000000
0.000000
0.000000
0.000000
0.000000
0.000000
0.000000
0.000000
0.000000
0.000000
0.000000
0.001713
0.000000
0.000000
0.000000
0.000000
0.000000
0.000000
0.005974
0.000000
0.000000
0.000000
0.000000
0.000766
0.000000
0.000000
0.000000
0.000000
0.000000
0.000000
0.000000
0.000000
0.000000
0.179385
0.000000
0.000000
0.026990
0.000000
0.000000
0.000000
0.000000
0.006535
0.000000
0.068142
0.000000
0.000000
0.061191
0.000000
0.000000
0.033103
0.015114
0.000000
0.000000
0.011483
0.000000
0.000000
0.000000
0.000000
0.096977
0.077624
0.000000
0.000000
0.000000
0.000000
0.065494
0.000000
0.000004
0.000000
0.000000
0.000000
0.000000
0.000000
0.058248
0.005273
0.000252
0.000000
0.000000
0.000000
0.000006
0.000000
0.000370
0.000001
0.000000
0.000000
0.000000
0.000000
0.000000
0.000000
0.000000
0.000000
0.000000
0.000000
0.000000
0.003904
0.000000
0.000136
0.000000
0.000000
0.000000
0.000000
0.000005
0.232125
0.000000
0.007334
0.000098
0.000000
0.000000
0.000000
0.000000
0.000000
0.000000
0.000000
0.000000
0.485651
0.000690
0.000015
0.015306
0.040962
0.000000
0.000000
0.000901
0.030053
0.002043
0.000000
0.000000
0.000728
0.000000
0.000000
0.117660
0.000000
0.002633
0.294464
0.000000
0.000000
0.000036
0.000000
0.011960
0.000000
0.000000
0.000000
0.000000
0.000000
0.000000
0.000000
0.000000
0.000000
0.000642
0.000000
0.000000
0.001344
0.000000
0.000000
0.000884
0.000000
0.000000
0.000000
0.000000
0.000000
0.000000
0.000000
0.000000
0.021657
0.000000
0.000000
0.000000
0.000000
0.011576
0.000000
0.000001
0.000000
0.928061
0.000144
0.000000
0.000000
0.000000
0.000000
0.000008
0.030305
0.000000
0.016152
0.006203
0.013102
0.000000
0.000000
0.000000
0.000000
0.000000
0.015831
0.000000
0.000000
0.000000
0.000000
0.000000
0.364261
0.000000
0.000000
0.000000
0.012699
0.000000
0.029743
0.000000
0.514430
0.000000
0.000000
0.000000
0.000000
0.000000
0.000000
0.000000
0.000000
0.000007
0.458156
0.000000
0.005783
0.000053
0.000000
0.000000
0.000000
0.000000
0.025924
0.000000
0.006335
0.000000
0.000000
0.000000
0.000343
0.000000
0.000000
0.000030
0.000000
0.000000
0.000000
0.000000
0.000000
0.025403
0.000000
0.000000
0.000000
0.000000
0.000000
0.028068
0.000000
0.000000
0.000000
0.000000
0.000000
0.000000
0.000000
0.000000
0.000000
0.000000
0.000000
0.000000
0.000000
0.000000
0.000000
0.000000
0.309590
0.000000
0.000000
0.000000
0.000001
0.000000
0.000000
0.000000
0.000000
0.000000
0.000000
0.000000
0.000000
0.000000
0.000000
0.000000
0.000000
0.000000
0.018977
0.000000
0.000000
0.000000
0.000000
0.050415
0.000000
0.005611
0.687671
0.000000
0.220638
0.009486
0.000000
0.000000
0.000000
0.000044
0.000000
0.000000
0.000000
0.000000
0.000037
0.091900
0.000000
0.000000
0.000117
0.000000
0.000000
0.000000
0.000000
0.000000
0.000000
0.412394
0.000000
0.000000
0.000000
0.004515
0.000000
0.000000
0.000000
0.000000
0.000000
0.000000
0.000000
0.000000
0.000000
0.000000
0.042881
0.001539
0.000036
0.063785
0.008475
0.000000
0.000000
0.000000
0.000000
0.327341
0.000000
0.000000
0.000000
0.000000
0.000000
0.998934
0.000000
0.000000
0.000000
0.000000
0.000000
0.000000
0.000000
0.000000
0.000000
0.000000
0.156536
0.000000
0.000000
0.099337
0.000155
0.000000
0.000008
0.000000
0.029772
0.000000
0.000000
0.000000
0.000000
0.015304
0.000000
0.000000
0.183374
0.000000
0.000000
0.006561
0.000000
0.002622
0.000000
0.000000
0.000000
0.263744
0.000000
0.000000
0.000421
0.000000
0.000000
0.000000
0.000000
0.000000
0.006358
0.000000
0.000000
0.000000
0.000000
0.212909
0.000000
0.000000
0.000000
0.000000
0.000000
0.000000
0.000000
0.147997
0.000000
0.000000
0.017108
0.000000
0.000000
0.015488
0.000000
0.000000
0.000000
0.000000
0.000000
0.000000
0.000000
0.000000
0.000000
0.000000
0.000000
0.079004
0.000000
0.000000
0.187037
0.000000
0.000000
0.118033
0.000000
0.000000
0.000261
0.000000
0.000000
0.338670
0.000000
0.384243
0.000000
0.000000
0.000000
0.000000
0.000000
0.000000
0.000028
0.000000
0.000000
0.000000
0.000000
0.000000
0.000000
0.146087
0.000000
0.000000
0.000000
0.119910
0.000000
0.000000
0.000000
0.000000
0.000000
0.046885
0.081896
0.000000
0.000000
0.000000
0.541915
0.072302
0.000000
0.001212
0.001262
0.000000
0.022562
0.000000
0.000000
0.000000
0.000000
0.000000
0.000000
0.000000
0.003282
0.000000
0.022133
0.000000
0.010646
0.000000
0.000000
0.000000
0.000000
0.000000
0.001612
0.000000
0.000000
0.001779
0.000000
0.000000
0.033357
0.000000
0.000000
0.000001
0.000001
0.000000
0.000000
0.000000
0.000000
0.000020
0.009496
0.039338
0.000000
0.432832
0.000000
0.000000
0.000000
0.149288
0.000000
0.000000
0.000000
0.000000
0.002268
0.000000
0.000000
0.000000
0.000000
0.064508
0.000000
0.000004
0.000000
0.000000
0.000000
0.000000
0.000000
0.000000
0.000000
0.000000
0.000000
0.000000
0.000000
0.000000
0.000000
0.000000
0.000000
0.000176
0.000000
0.000118
0.000009
0.000000
0.072009
0.000000
0.368834
0.018161
0.000000
0.002492
0.000080
0.000000
0.059223
0.000000
0.000000
0.000000
0.000000
0.000000
0.000000
0.000000
0.000000
0.000000
0.000000
0.000000
0.000000
0.002220
0.000000
0.000000
0.000000
0.000316
0.000000
0.000000
0.409794
0.000000
0.000000
0.000000
0.000000
0.026534
0.000000
0.000000
0.000000
0.000000
0.000000
0.059482
0.000000
0.000000
0.000000
0.000000
0.000000
0.000000
0.000000
0.000000
0.000000
0.106545
0.000000
0.014233
0.043366
0.000000
0.000000
0.006425
0.016986
0.000000
0.000000
0.007992
0.000000
0.000000
0.000000
0.000000
0.000000
0.000000
0.000000
0.004068
0.000000
0.000000
0.000000
0.000000
0.000000
0.000000
0.000000
0.000000
0.000000
0.000000
0.000000
0.558734
0.000000
0.000000
0.251006
0.623939
0.001312
0.000000
0.000000
0.000000
0.000000
0.000000
0.000000
0.003020
0.000000
0.000000
0.037108
0.000582
0.000000
0.000000
0.000026
0.000000
0.000000
0.000000
0.000000
0.000000
0.005443
0.000000
0.021340
0.064494
0.422778
0.003118
0.000000
0.000000
0.000000
0.000000
0.000000
0.000000
0.000055
0.000000
0.000000
0.000000
0.000000
0.000000
0.000000
0.010062
0.000000
0.000000
0.000000
0.000000
0.000000
0.303737
0.000000
0.006811
0.000000
0.000000
0.000144
0.000000
0.000000
0.000000
0.781345
0.033829
0.000000
0.000000
0.049019
0.000000
0.003369
0.002207
0.000000
0.000000
0.000000
0.000000
0.003847
0.000000
0.000000
0.000000
0.000000
0.000000
0.000000
0.000000
0.005864
0.000000
0.000000
0.000000
0.000000
0.000000
0.000000
0.000967
0.000000
0.000000
0.000000
0.000000
0.000000
0.000000
0.000000
0.000000
0.000000
0.000000
0.000000
0.000000
0.000000
0.001134
0.000000
0.090988
0.000000
0.026809
0.366824
0.000000
0.000000
0.000000
0.000615
0.000000
0.000000
0.000001
0.000000
0.000000
0.000000
0.000000
0.382868
0.000000
0.000000
0.000000
0.000000
0.000000
0.000000
0.000000
0.000000
0.000000
0.000000
0.000000
0.000000
0.000000
0.000000
0.000000
0.000000
0.034949
0.000000
0.000000
0.791118
0.000000
0.000000
0.000000
0.801398
0.000000
0.000000
0.000000
0.000000
0.000000
0.000000
0.378283
0.000000
0.000000
0.000000
0.000000
0.000000
0.000001
0.000000
0.000000
0.000000
0.116476
0.812745
0.000000
0.000000
0.000004
0.000000
0.000000
0.000000
0.000000
0.000001
0.000000
0.000000
0.238676
0.000019
0.000000
0.000000
0.000000
0.000000
0.000000
0.000000
0.000000
0.000000
0.000000
0.000000
0.000000
0.000000
0.000000
0.454502
0.998602
0.000000
0.000000
0.000000
0.000000
0.028809
0.000000
0.000000
0.000000
0.001022
0.006271
0.000000
0.000000
0.000000
0.000000
0.000000
0.000000
0.000000
0.000000
0.104626
0.060849
0.000000
0.000000
0.000000
0.000000
0.000000
0.000003
0.000000
0.000000
0.000000
0.000000
0.000000
0.000000
0.000108
0.000000
0.000000
0.000000
0.000000
0.000000
0.000000
0.000000
0.042438
0.000000
0.000000
0.000000
0.000000
0.000000
0.000000
0.000000
0.000005
0.000000
0.000000
0.000892
0.000000
0.000000
0.000000
0.000000
0.000000
0.000000
0.000000
0.000000
0.000000
0.000000
0.000000
0.000000
0.053508
0.000000
0.000000
0.001277
0.000000
0.000001
0.000000
0.000000
0.000025
0.000000
0.000000
0.914367
0.000000
0.000000
0.000000
0.012358
0.000000
0.000241
0.000000
0.000000
0.000575
0.000000
0.000000
0.000000
0.000000
0.000000
0.000000
0.000000
0.000000
0.886436
0.000000
0.000409
0.000000
0.000000
0.000000
0.001092
0.000000
0.000000
0.000000
0.004602
0.000000
0.000000
0.000000
0.043780
0.000000
0.000000
0.000000
0.000000
0.000000
0.001882
0.000000
0.000051
0.001213
0.000000
0.000258
0.000000
0.000000
0.917726
0.000000
0.000000
0.000000
0.000000
0.000000
0.000002
0.000000
0.000000
0.000000
0.000000
0.000000
0.215783
0.000000
0.000000
0.000000
0.000000
0.000000
0.000126
0.000000
0.000000
0.000000
0.001324
0.000000
0.017421
0.000000
0.000000
0.002432
0.000000
0.000567
0.000000
0.000000
0.000000
0.000784
0.008560
0.000000
0.000000
0.000000
0.000000
0.002213
0.065157
0.000000
0.000000
0.000000
0.000000
0.000000
0.000000
0.000000
0.000000
0.000000
0.000000
0.000000
0.000000
0.000000
0.000081
0.000000
0.000001
0.000000
0.000000
0.000000
0.086853
0.000000
0.000000
0.000000
0.001388
0.000000
0.065092
0.000000
0.000000
0.000000
0.000000
0.000000
0.000000
0.000053
0.000000
0.000000
0.043406
0.000045
0.224614
0.000000
0.000105
0.000000
0.000000
0.000000
0.062454
0.000294
0.000001
0.000000
0.000000
0.000000
0.000000
0.000000
0.000000
0.000000
0.000000
0.000000
0.000000
0.001804
0.000498
0.000000
0.000000
0.028676
0.000000
0.000000
0.000000
0.000000
0.219352
0.000000
0.004218
0.000000
0.000000
0.000000
0.000536
0.000000
0.055373
0.000000
0.000000
0.347504
0.006842
0.015791
0.000000
0.000000
0.000000
0.007698
0.000000
0.475908
0.008313
0.000000
0.000000
0.000000
0.000000
0.000000
0.000000
0.000000
0.000000
0.118020
0.426511
0.000000
0.000000
0.000000
0.000000
0.000000
0.000000
0.000000
0.000000
0.001840
0.000843
0.000000
0.001046
0.000000
0.000000
0.000000
0.000000
0.000000
0.000000
0.000000
0.000000
0.000000
0.000000
0.000000
0.000000
0.000000
0.000000
0.000000
0.000000
0.000000
0.001052
0.000000
0.000000
0.000000
0.049652
0.000000
0.000000
0.000000
0.000000
0.000000
0.000000
0.000000
0.000000
0.000000
0.000000
0.000000
0.000000
0.000010
0.000000
0.000000
0.000000
0.020135
0.000000
0.000000
0.000000
0.000000
0.000000
0.000000
0.000002
0.021697
0.000000
0.000000
0.000000
0.000000
0.000000
0.000000
0.000177
0.000000
0.000000
0.000000
0.000480
0.000000
0.000000
0.000000
0.000000
0.000000
0.000000
0.000000
0.000000
0.000000
0.000000
0.000000
0.000000
0.000000
0.000129
0.000000
0.000000
0.001686
0.000004
0.000000
0.000000
0.441669
0.000000
0.073372
0.000000
0.000000
0.000000
0.000000
0.000000
0.000394
0.000000
0.108276
0.000000
0.000000
0.925124
0.000000
0.000000
0.538337
0.000000
0.000000
0.000000
0.004079
0.000000
0.000000
0.997850
0.000005
0.000000
0.000000
0.000000
0.001855
0.000000
0.000000
0.000000
0.000000
0.000000
0.000000
0.000000
0.021883
0.000000
0.000000
0.000000
0.000000
0.000000
0.000836
0.000000
0.000000
0.000000
0.000000
0.000000
0.000000
0.000000
0.000000
0.196259
0.001046
0.941900
0.011413
0.000000
0.000000
0.000000
0.000000
0.000000
0.000000
0.000000
0.000000
0.000000
0.000000
0.000000
0.000000
0.000000
0.000000
0.000000
0.000000
0.000000
0.000000
0.000000
0.000000
0.009092
0.000000
0.000000
0.000000
0.000000
0.000000
0.000000
0.000000
0.000000
0.000000
0.000000
0.007814
0.000000
0.000000
0.000000
0.000000
0.000000
0.000000
0.000000
0.848002
0.570944
0.000000
0.000588
0.857989
0.000000
0.000000
0.000000
0.135970
0.004900
0.000000
0.000019
0.000000
0.000000
0.002262
0.000000
0.000000
0.797554
0.000000
0.000000
0.000000
0.117714
0.000000
0.000000
0.000000
0.000000
0.000000
0.000000
0.000000
0.194958
0.216197
0.000000
0.000000
0.000000
0.000000
0.000000
0.000000
0.000000
0.000000
0.000361
0.000000
0.000000
0.000480
0.228389
0.000000
0.000000
0.000000
0.000000
0.000000
0.000000
0.000000
0.233155
0.000000
0.143376
0.000000
0.000000
0.000000
0.000000
0.000000
0.000000
0.000000
0.000000
0.000000
0.096425
0.000000
0.000000
0.000000
0.000000
0.000000
0.000000
0.000000
0.000000
0.036371
0.000000
0.000000
0.000000
0.000000
0.000000
0.000917
0.000000
0.595794
0.000000
0.000000
0.000005
0.000000
0.000000
0.000000
0.000000
0.000000
0.000000
0.483922
0.009049
0.000000
0.999790
0.000000
0.000161
0.137968
0.051174
0.000000
0.000000
0.000000
0.000000
0.000000
0.000000
0.000000
0.000000
0.000000
0.000000
0.000000
0.004514
0.000000
0.000000
0.000000
0.000000
0.000000
0.015693
0.046293
0.000000
0.349612
0.000000
0.000063
0.000000
0.000000
0.000838
0.139090
0.000000
0.000000
0.001510
0.077566
0.000000
0.071898
0.000319
0.000000
0.000703
0.000000
0.000000
0.000000
0.000108
0.090164
0.024303
0.000000
0.000000
0.000000
0.018136
0.216368
0.000000
0.000000
0.000000
0.000000
0.000000
0.000000
0.000000
0.000000
0.000000
0.048531
0.000000
0.008600
0.000000
0.008584
0.000000
0.000000
0.000000
0.000000
0.000000
0.000000
0.000000
0.505012
0.000000
0.000000
0.000000
0.000000
0.000138
0.000000
0.000000
0.000000
0.000000
0.000000
0.000000
0.171559
0.000000
0.000000
0.000000
0.000000
0.000000
0.000018
0.000000
0.000000
0.000000
0.000000
0.000000
0.000000
0.000000
0.000000
0.000000
0.000000
0.010082
0.029484
0.000000
0.001048
0.000000
0.000000
0.000000
0.000000
0.000000
0.036386
0.000000
0.000000
0.000000
0.000000
0.000000
0.023965
0.000210
0.000000
0.000000
0.000000
0.000000
0.000000
0.027802
0.252214
0.000000
0.000000
0.000000
0.000000
0.000000
0.000000
0.000000
0.051312
0.000000
0.000000
0.000000
0.000000
0.000000
0.000000
0.000000
0.000000
0.001524
0.021253
0.000000
0.000000
0.000000
0.000007
0.000000
0.000000
0.000000
0.000000
0.000000
0.000000
0.000000
0.000000
0.000000
0.000000
0.000000
0.087754
0.000000
0.000000
0.000000
0.000000
0.000000
0.000000
0.000000
0.000000
0.000000
0.000000
0.000000
0.000000
0.000000
0.000000
0.000000
0.000000
0.000000
0.000000
0.000000
0.000328
0.000000
0.000000
0.000000
0.012391
0.000000
0.000000
0.000000
0.223731
0.003665
0.000000
0.042676
0.000000
0.000000
0.000000
0.000000
0.000000
0.000115
0.000000
0.000000
0.000000
0.000659
0.000000
0.000000
0.000000
0.000000
0.000000
0.000000
0.000000
0.000000
0.000000
0.000000
0.000068
0.000000
0.000000
0.000125
0.000000
0.000000
0.000575
0.000466
0.000000
0.181771
0.145015
0.663647
0.000000
0.000000
0.000000
0.000000
0.000000
0.000000
0.001981
0.000000
0.000000
0.000000
0.000000
0.000000
0.249601
0.000000
0.000000
0.927991
0.000000
0.000034
0.000000
0.000000
0.000000
0.000000
0.000000
0.000000
0.000000
0.000000
0.000000
0.000000
0.000000
0.000000
0.000000
0.000000
0.000000
0.000002
0.000000
0.000000
0.981102
0.000000
0.000000
0.000000
0.000000
0.000000
0.000000
0.000000
0.000000
0.000000
0.380377
0.022952
0.000000
0.000000
0.000000
0.000000
0.000000
0.000000
0.000000
0.000000
0.000000
0.000000
0.000000
0.000000
0.000000
0.000000
0.000000
0.000000
0.000000
0.000000
0.000000
0.000000
0.000000
0.000000
0.000000
0.000000
0.000000
0.000000
0.000000
0.000000
0.000000
0.003458
0.001372
0.000000
0.019751
0.000000
0.060109
0.000000
0.001562
0.000000
0.000000
0.049568
0.000000
0.000000
0.000000
0.000000
0.000000
0.000000
0.000000
0.000000
0.000000
0.000490
0.000000
0.000000
0.000000
0.000000
0.000001
0.001363
0.035111
0.000000
0.000000
0.009727
0.000000
0.000188
0.000000
0.000000
0.000000
0.000000
0.000000
0.000000
0.000001
0.000000
0.000000
0.000000
0.000000
0.000000
0.000000
0.000000
0.000000
0.000000
0.000000
0.000341
0.000000
0.000000
0.000000
0.123137
0.000000
0.000000
0.000000
0.000000
0.000000
0.000000
0.000000
0.000000
0.000000
0.000000
0.000000
0.000000
0.000000
0.000000
0.001372
0.000000
0.083770
0.000000
0.000000
0.047265
0.000000
0.000000
0.000000
0.000000
0.000000
0.000000
0.000000
0.000000
0.000000
0.000000
0.000000
0.144722
0.004033
0.000000
0.000000
0.000000
0.000000
0.258019
0.400953
0.000000
0.000000
0.000026
0.004796
0.000000
0.000000
0.086547
0.000000
0.013076
0.000000
0.000000
0.000000
0.000000
0.036984
0.000000
0.000009
0.000000
0.007566
0.000000
0.000000
0.000000
0.062029
0.000000
0.000000
0.035249
0.000000
0.000000
0.000000
0.000091
0.000000
0.000000
0.000000
0.000000
0.000001
0.000000
0.000022
0.000000
0.231768
0.000000
0.395936
0.000000
0.000000
0.000000
0.000000
0.021673
0.000000
0.000000
0.000000
0.000000
0.000000
0.088403
0.000000
0.000396
0.000000
0.000000
0.000000
0.674781
0.000000
0.000000
0.000000
0.000000
0.000000
0.000000
0.953326
0.645896
0.000000
0.000000
0.000000
0.000000
0.000000
0.000000
0.000000
0.000000
0.000917
0.000000
0.000000
0.000000
0.001673
0.000001
0.000000
0.000000
0.225725
0.000000
0.001848
0.000000
0.000000
0.137194
0.000000
0.000000
0.000000
0.000000
0.140020
0.025860
0.000000
0.008201
0.000000
0.000000
0.000000
0.000000
0.000000
0.000000
0.021352
0.000000
0.000009
0.000000
0.000000
0.000000
0.000000
0.000000
0.007476
0.000000
0.032687
0.000009
0.000001
0.000000
0.000005
0.090318
0.000000
0.000000
0.000000
0.027315
0.000000
0.000000
0.000000
0.000000
0.000000
0.000000
0.000000
0.000000
0.000000
0.024099
0.000000
0.000000
0.000000
0.000000
0.000000
0.266613
0.000000
0.000000
0.000000
0.000000
0.000000
0.989551
0.000000
0.000000
0.000000
0.000000
0.000000
0.000000
0.000000
0.000000
0.000000
0.000000
0.000000
0.000115
0.370516
0.000000
0.000528
0.000000
0.000000
0.000000
0.000000
0.000000
0.000000
0.000000
0.000000
0.000000
0.000000
0.000000
0.000001
0.000000
0.000000
0.000000
0.000000
0.000000
0.000000
0.010626
0.000000
0.000000
0.000000
0.000000
0.000000
0.000476
0.000000
0.000000
0.000000
0.000000
0.000000
0.000000
0.003998
0.000000
0.009076
0.000000
0.372670
0.000000
0.000000
0.007211
0.000000
0.000000
0.000000
0.000000
0.000000
0.000000
0.955657
0.000000
0.000000
0.000000
0.630641
0.000000
0.000000
0.000000
0.000004
0.000000
0.362683
0.000000
0.000002
0.000000
0.000000
0.000000
0.000000
0.000000
0.000000
0.000000
0.000000
0.000377
0.000052
0.000000
0.000000
0.000000
0.013275
0.000000
0.000446
0.000000
0.000000
0.000000
0.000000
0.000000
0.019496
0.000000
0.000000
0.000000
0.000000
0.297708
0.000000
0.000000
0.000000
0.000000
0.001061
0.000000
0.000000
0.000000
0.000000
0.203380
0.000000
0.000002
0.000000
0.033112
0.000000
0.000000
0.000000
0.017088
0.002009
0.137322
0.000000
0.000186
0.000000
0.000000
0.076510
0.000000
0.261208
0.000000
0.165774
0.084763
0.000000
0.000000
0.034623
0.000000
0.000000
0.000000
0.000000
0.000000
0.000000
0.000000
0.000000
0.000018
0.000000
0.000000
0.000000
0.000000
0.000002
0.002751
0.005322
0.000000
0.000000
0.044631
0.000000
0.000000
0.000000
0.415035
0.000000
0.000000
0.000000
0.226287
0.000000
0.000000
0.000026
0.000000
0.000000
0.000001
0.046352
0.000000
0.000000
0.000000
0.000000
0.000000
0.011292
0.000000
0.000000
0.000000
0.206064
0.008867
0.001019
0.000000
0.000000
0.000000
0.000000
0.000000
0.000000
0.000000
0.000000
0.070785
0.000000
0.000003
0.000000
0.023879
0.001326
0.000000
0.000000
0.000000
0.000000
0.000000
0.000000
0.000523
0.000000
0.000000
0.127805
0.000000
0.007253
0.000009
0.000293
0.000000
0.000000
0.000000
0.000000
0.000625
0.000000
0.000000
0.000000
0.000000
0.029062
0.000000
0.000000
0.000000
0.000000
0.007596
0.000000
0.000000
0.012688
0.000000
0.000007
0.000000
0.000000
0.000000
0.000000
0.000000
0.000000
0.000000
0.000000
0.000010
0.000000
0.001087
0.000000
0.000000
0.000000
0.000000
0.000000
0.001044
0.001734
0.000197
0.000000
0.000000
0.000000
0.000000
0.000000
0.015782
0.000000
0.000363
0.000000
0.000000
0.000000
0.000000
0.735504
0.001507
0.045915
0.000000
0.027634
0.000000
0.000072
0.000000
0.000000
0.000000
0.000000
0.615448
0.000000
0.000000
0.000000
0.000000
0.103295
0.000000
0.000000
0.000000
0.000000
0.000000
0.000000
0.022833
0.000000
0.000000
0.000000
0.570616
0.000000
0.000000
0.064406
0.132713
0.116844
0.000000
0.000000
0.630669
0.000000
0.000989
0.000116
0.065883
0.713503
0.000000
0.000000
0.000000
0.000000
0.000000
0.000000
0.002520
0.000000
0.000000
0.000000
0.000005
0.000000
0.000000
0.000000
0.000000
0.000000
0.000000
0.000000
0.000000
0.011945
0.000000
0.000000
0.000020
0.044439
0.000006
0.000000
0.000000
0.000010
0.000098
0.336903
0.000000
0.000000
0.000000
0.007360
0.000064
0.000239
0.000000
0.000000
0.000000
0.000000
0.000000
0.782085
0.000000
0.000000
0.000000
0.000000
0.000000
0.000000
0.000000
0.000000
0.000000
0.000000
0.000015
0.000000
0.000000
0.000000
0.002419
0.000000
0.000000
0.000000
0.000047
0.199720
0.000000
0.000000
0.000000
0.000000
0.000000
0.000000
0.000000
0.006703
0.024828
0.000000
0.000000
0.000000
0.000084
0.781796
0.000000
0.411191
0.000000
0.000000
0.000000
0.033624
0.000000
0.000000
0.000000
0.000000
0.000000
0.000000
0.000000
0.032016
0.007488
0.009641
0.000000
0.000000
0.000000
0.000000
0.000000
0.000000
0.000000
0.000000
0.146724
0.206768
0.001222
0.001106
0.011423
0.000000
0.000000
0.000000
0.000000
0.000000
0.000000
0.000000
0.000000
0.000269
0.000000
0.000000
0.000000
0.000000
0.037446
0.000000
0.000638
0.000000
0.000000
0.000002
0.000000
0.000000
0.000876
0.000000
0.000000
0.000000
0.000000
0.064212
0.000001
0.000000
0.000000
0.000000
0.000000
0.147055
0.371378
0.000000
0.000000
0.000000
0.000000
0.000000
0.000000
0.000000
0.000000
0.000718
0.000000
0.000000
0.000000
0.000000
0.000000
0.000000
0.000156
0.008241
0.000000
0.028808
0.000000
0.000000
0.000000
0.043180
0.000000
0.000000
0.000395
0.000000
0.000000
0.000000
0.000000
0.000000
0.000000
0.000000
0.000000
0.000000
0.025356
0.715070
0.033995
0.000000
0.000000
0.000024
0.000000
0.000000
0.000006
0.000000
0.000000
0.000000
0.000000
0.000485
0.000000
0.000000
0.000000
0.000000
0.000000
0.000000
0.000000
0.000000
0.000000
0.000000
0.000000
0.000000
0.072510
0.000000
0.000004
0.000000
0.000000
0.000003
0.000000
0.000000
0.000000
0.003772
0.000000
0.104082
0.000000
0.000000
0.000000
0.016092
0.000000
0.000000
0.315376
0.000000
0.079316
0.000000
0.000000
0.000000
0.000000
0.000000
0.000000
0.000000
0.000000
0.000000
0.032654
0.000115
0.000000
0.000000
0.000000
0.000000
0.000000
0.000000
0.000000
0.000000
0.097363
0.000005
0.000000
0.000000
0.000000
0.019381
0.104356
0.000000
0.377631
0.116110
0.000000
0.183483
0.000000
0.000000
0.000000
0.000000
0.000000
0.076189
0.000000
0.000000
0.006840
0.000000
0.000792
0.000000
0.039840
0.000000
0.000393
0.000000
0.000000
0.000000
0.000000
0.000000
0.012643
0.000000
0.000000
0.000000
0.000000
0.000000
0.000000
0.000000
0.000000
0.554604
0.000000
0.000000
0.000000
0.000001
0.000000
0.000026
0.016958
0.000000
0.000000
0.000000
0.009365
0.000000
0.000000
0.000000
0.000000
0.006691
0.000000
0.000000
0.000000
0.000000
0.000000
0.000000
0.000000
0.000000
0.000000
0.002687
0.269975
0.000000
0.000000
0.000000
0.601439
0.000000
0.000000
0.000000
0.000000
0.000000
0.225225
0.000000
0.000000
0.467787
0.000000
0.000000
0.000000
0.000000
0.000000
0.000000
0.000000
0.000000
0.000000
0.003991
0.000000
0.000000
0.000000
0.044553
0.000328
0.000000
0.053344
0.000000
0.184798
0.000000
0.000005
0.000014
0.000000
0.000000
0.104280
0.000000
0.000000
0.025532
0.000000
0.346182
0.000000
0.000000
0.000000
0.000000
0.000000
0.000000
0.794937
0.000000
0.000000
0.000000
0.000000
0.000000
0.000000
0.000000
0.073275
0.000000
0.000002
0.000000
0.000000
0.024190
0.000000
0.000000
0.955603
0.000000
0.000000
0.000000
0.625799
0.046973
0.118790
0.000000
0.000000
0.000000
0.000000
0.000005
0.000000
0.000000
0.229928
0.000000
0.000000
0.031147
0.000275
0.515403
0.305937
0.000000
0.006582
0.000000
0.000000
0.000182
0.000000
0.000000
0.000000
0.000000
0.000000
0.000000
0.000000
0.000007
0.000000
0.000000
0.075329
0.007609
0.592519
0.000000
0.000000
0.000000
0.000000
0.012130
0.000000
0.000004
0.929554
0.000000
0.000000
0.000100
0.000000
0.000000
0.000000
0.000000
0.000000
0.000000
0.000000
0.000352
0.000000
0.000000
0.000000
0.000000
0.000000
0.000000
0.000000
0.002715
0.000000
0.000000
0.000000
0.000000
0.000112
0.000021
0.000000
0.000000
0.015610
0.000000
0.000000
0.014089
0.000522
0.000000
0.000000
0.000000
0.000000
0.000000
0.000000
0.000000
0.000000
0.000018
0.000000
0.000000
0.000000
0.000000
0.000000
0.000000
0.003856
0.000000
0.000000
0.000000
0.000729
0.000000
0.000000
0.000000
0.004656
0.000000
0.000000
0.000000
0.000000
0.000000
0.000000
0.000000
0.037581
0.428584
0.000000
0.000000
0.000000
0.000000
0.000000
0.000000
0.000000
0.000000
0.000001
0.000000
0.002813
0.001105
0.000000
0.000042
0.000277
0.000000
0.000000
0.026851
0.000000
0.001129
0.000059
0.000000
0.000000
0.000000
0.000000
0.086649
0.000139
0.000000
0.000000
0.000000
0.000000
0.000687
0.000000
0.000000
0.000000
0.000000
0.000072
0.002021
0.000000
0.000000
0.000000
0.000000
0.000000
0.000000
0.000000
0.000000
0.000001
0.000000
0.000000
0.186055
0.000000
0.000000
0.000000
0.000000
0.000021
0.000000
0.015360
0.130703
0.000000
0.000000
0.000000
0.006814
0.000000
0.000000
0.000000
0.000000
0.102621
0.000000
0.000000
0.000000
0.000225
0.000000
0.000156
0.000000
0.000011
0.000000
0.000000
0.000000
0.039971
0.000000
0.000000
0.000000
0.000000
0.000540
0.000000
0.003347
0.000000
0.000000
0.000000
0.000000
0.000000
0.000000
0.000000
0.000000
0.000000
0.000000
0.116282
0.000000
0.000000
0.000000
0.000000
0.000000
0.000000
0.000001
0.000000
0.000000
0.000000
0.000000
0.000000
0.000000
0.000000
0.010455
0.000000
0.192532
0.000000
0.000000
0.000000
0.006297
0.000000
0.000000
0.000000
0.000000
0.000000
0.000000
0.662645
0.000000
0.000000
0.000000
0.000000
0.000000
0.000000
0.000000
0.000000
0.000000
0.000000
0.000000
0.001155
0.000000
0.000000
0.000000
0.000000
0.000000
0.000000
0.001846
0.000000
0.007544
0.000000
0.000000
0.011572
0.000000
0.061221
0.000000
0.000000
0.000000
0.000013
0.000000
0.000000
0.000000
0.000000
0.000000
0.000000
0.000000
0.000000
0.000077
0.000000
0.000000
0.000000
0.000000
0.000000
0.000000
0.000000
0.003910
0.000000
0.000000
0.025382
0.012593
0.000000
0.000000
0.000000
0.000000
0.000000
0.000000
0.000000
0.000000
0.000000
0.000000
0.263186
0.000000
0.000000
0.121579
0.000000
0.000000
0.000000
0.000000
0.000000
0.014114
0.000000
0.000044
0.000000
0.000000
0.000000
0.000004
0.000000
0.000000
0.000000
0.000000
0.000001
0.000664
0.450246
0.000000
0.000000
0.360535
0.000000
0.000222
0.000000
0.000000
0.000000
0.000000
0.246300
0.000000
0.000000
0.000000
0.000000
0.000000
0.000146
0.000000
0.000000
0.000000
0.000246
0.000000
0.000000
0.000000
0.000057
0.103016
0.007369
0.000000
0.000000
0.000000
0.000000
0.000044
0.000000
0.375831
0.000000
0.000000
0.000000
0.000000
0.000000
0.570902
0.000000
0.000000
0.084813
0.007220
0.000000
0.000000
0.000000
0.001593
0.000000
0.000000
0.000000
0.000000
0.000000
0.000000
0.000019
0.000000
0.000000
0.000000
0.000000
0.000000
0.005817
0.001307
0.000000
0.000000
0.000000
0.000017
0.000000
0.000000
0.000000
0.000000
0.065664
0.000000
0.000000
0.000000
0.000000
0.000000
0.000000
0.000000
0.000000
0.000000
0.000000
0.000000
0.000000
0.000000
0.000000
0.000000
0.000000
0.000000
0.000000
0.017938
0.000000
0.058679
0.022511
0.000000
0.000050
0.339368
0.000000
0.000000
0.000000
0.000000
0.000000
0.000000
0.000000
0.000000
0.000000
0.000000
0.000000
0.161827
0.000000
0.171504
0.000000
0.000000
0.006389
0.000000
0.000000
0.000000
0.000000
0.158816
0.000000
0.000000
0.000000
0.000000
0.000000
0.047403
0.000009
0.000000
0.000000
0.000000
0.000000
0.001666
0.000000
0.000062
0.000000
0.055991
0.000000
0.000000
0.057252
0.000000
0.000000
0.000000
0.000000
0.000000
0.000000
0.001258
0.000181
0.001364
0.000000
0.000000
0.000000
0.000000
0.000000
0.000000
0.000026
0.000000
0.000000
0.171008
0.000000
0.000000
0.000000
0.001012
0.000000
0.000000
0.000000
0.000000
0.000000
0.000000
0.000000
0.000000
0.000000
0.000000
0.000000
0.000000
0.000000
0.000000
0.001356
0.000000
0.000000
0.000000
0.000000
0.073529
0.023764
0.000000
0.000000
0.000000
0.000000
0.024602
0.000370
0.000000
0.000000
0.000000
0.000000
0.000000
0.338020
0.000000
0.003733
0.000000
0.006649
0.000000
0.121161
0.000000
0.000000
0.000000
0.000000
0.000000
0.000652
0.000000
0.000000
0.000000
0.000000
0.000091
0.005967
0.000025
0.000000
0.000000
0.000000
0.000000
0.000000
0.000000
0.000000
0.000000
0.000000
0.000000
0.027524
0.082438
0.065159
0.000000
0.000000
0.000020
0.002332
0.000000
0.000000
0.000000
0.000000
0.000000
0.000000
0.009528
0.000000
0.000000
0.000000
0.000055
0.000000
0.000000
0.000000
0.002228
0.000000
0.000000
0.033929
0.059018
0.000000
0.000000
0.000000
0.000000
0.000000
0.000000
0.000000
0.000000
0.000000
0.000000
0.000000
0.000000
0.000000
0.000000
0.000000
0.000000
0.022352
0.000000
0.000000
0.000000
0.001216
0.295544
0.001163
0.000000
0.000000
0.000058
0.000000
0.082171
0.000000
0.000000
0.000000
0.000000
0.000000
0.000113
0.000000
0.000000
0.000000
0.335888
0.000000
0.000000
0.000204
0.000000
0.000000
0.000299
0.000000
0.000000
0.037374
0.030808
0.000000
0.013117
0.000000
0.000000
0.000003
0.000000
0.004352
0.000000
0.000000
0.000000
0.006698
0.000000
0.053075
0.000000
0.000000
0.000000
0.000000
0.000000
0.448185
0.000000
0.000000
0.004785
0.000543
0.000000
0.000000
0.000000
0.000000
0.000000
0.000000
0.007135
0.000000
0.000000
0.000000
0.000937
0.000000
0.000073
0.000000
0.000000
0.002338
0.000000
0.000000
0.000000
0.120664
0.000000
0.000000
0.002102
0.001695
0.000000
0.010222
0.000000
0.000000
0.003117
0.000000
0.000092
0.000000
0.000000
0.000000
0.000000
0.000042
0.393252
0.000000
0.000000
0.001571
0.000000
0.000000
0.000000
0.000000
0.000000
0.000000
0.000000
0.000315
0.000000
0.000000
0.000000
0.000000
0.000000
0.000000
0.000000
0.000000
0.000000
0.000000
0.000648
0.000000
0.000000
0.000000
0.000000
0.001381
0.000000
0.000000
0.000000
0.000005
0.000000
0.000000
0.000000
0.000000
0.000000
0.000000
0.000000
0.048096
0.079438
0.000000
0.000000
0.042281
0.000000
0.000000
0.000000
0.000000
0.000000
0.001048
0.000000
0.000000
0.000001
0.000000
0.000000
0.067277
0.000000
0.000000
0.000000
0.103595
0.000000
0.000000
0.000000
0.000000
0.000000
0.000000
0.025957
0.460439
0.000000
0.000000
0.000000
0.000000
0.000013
0.000000
0.697806
0.000000
0.000000
0.000000
0.000000
0.000000
0.000000
0.000000
0.000000
0.000000
0.000000
0.000000
0.000000
0.000000
0.000000
0.000000
0.002349
0.000000
0.000000
0.000000
0.000000
0.000000
0.006139
0.000000
0.000000
0.000000
0.000000
0.000000
0.000000
0.000000
0.000000
0.000000
0.045146
0.957104
0.000072
0.000000
0.000000
0.000000
0.000000
0.000238
0.000000
0.000000
0.000000
0.000000
0.000000
0.090827
0.092575
0.010582
0.000000
0.000000
0.000000
0.000000
0.282797
0.000000
0.000000
0.000000
0.001584
0.000000
0.000000
0.000000
0.093855
0.000000
0.000000
0.000000
0.000000
0.000000
0.000000
0.412461
0.000000
0.000000
0.000000
0.000133
0.000000
0.000000
0.000000
0.000000
0.000000
0.000000
0.000000
0.000044
0.000000
0.000000
0.000000
0.000000
0.000000
0.000000
0.000000
0.669194
0.000000
0.000000
0.069723
0.000000
0.000000
0.000000
0.000000
0.000000
0.034573
0.000000
0.000000
0.000000
0.000000
0.000000
0.000000
0.000000
0.000000
0.000000
0.000003
0.000000
0.000000
0.000000
0.000000
0.000000
0.000000
0.069302
0.043258
0.000000
0.000000
0.000000
0.000000
0.000000
0.000000
0.000000
0.009177
0.000000
0.000060
0.000000
0.000000
0.000000
0.000000
0.000001
0.000000
0.000000
0.151797
0.000000
0.199778
0.000000
0.000000
0.000000
0.000000
0.000000
0.000000
0.004028
0.021563
0.000000
0.000000
0.000000
0.046390
0.000000
0.000774
0.000000
0.000000
0.000000
0.000000
0.000000
0.000000
0.000000
0.999541
0.000905
0.000004
0.000000
0.000000
0.000000
0.000312
0.000000
0.011784
0.000000
0.000000
0.000000
0.000000
0.000106
0.000046
0.000000
0.000000
0.294902
0.006606
0.000000
0.323538
0.000000
0.000000
0.000000
0.000000
0.000016
0.000000
0.000000
0.000000
0.000000
0.000000
0.000000
0.190242
0.478574
0.000000
0.000000
0.323803
0.000000
0.282271
0.000000
0.000000
0.000059
0.000000
0.000000
0.000000
0.000000
0.000000
0.000000
0.000000
0.000000
0.000000
0.093316
0.071687
0.000000
0.000000
0.000000
0.000000
0.001532
0.000000
0.000000
0.000000
0.000000
0.000000
0.000000
0.002243
0.000000
0.000000
0.000000
0.000144
0.000000
0.001096
0.000000
0.000000
0.000000
0.057091
0.000000
0.000000
0.278334
0.012173
0.041810
0.000000
0.000000
0.000014
0.000000
0.000000
0.000000
0.000000
0.000000
0.029226
0.000000
0.000000
0.019295
0.000000
0.001467
0.000000
0.000000
0.000000
0.000000
0.000000
0.000000
0.000000
0.000000
0.000855
0.000000
0.000000
0.000000
0.000000
0.000000
0.000000
0.009647
0.000000
0.000000
0.000000
0.000000
0.000001
0.000000
0.000002
0.000000
0.000000
0.000000
0.000000
0.000000
0.000000
0.000000
0.000000
0.000000
0.000000
0.012796
0.000006
0.000000
0.000000
0.000000
0.000000
0.000000
0.000000
0.000000
0.000000
0.000000
0.000000
0.000000
0.451875
0.000000
0.000230
0.000000
0.000000
0.000000
0.000000
0.000000
0.000000
0.795112
0.000000
0.000000
0.000000
0.000000
0.001221
0.000000
0.000000
0.006299
0.000000
0.000000
0.000000
0.000000
0.000000
0.000071
0.000000
0.000000
0.000000
0.050662
0.000000
0.000000
0.000000
0.312724
0.003932
0.000000
0.000000
0.000000
0.000000
0.000000
0.000000
0.081868
0.000000
0.026645
0.000000
0.000000
0.073403
0.002060
0.000234
0.000000
0.000000
0.007839
0.000000
0.000000
0.000000
0.529219
0.000000
0.000049
0.000000
0.000146
0.000000
0.000000
0.000000
0.000000
0.000000
0.000000
0.243888
0.000270
0.000046
0.000958
0.078908
0.000000
0.000000
0.000000
0.002758
0.000000
0.001993
0.000000
0.000000
0.000005
0.800192
0.000000
0.000000
0.000000
0.000000
0.000000
0.000000
0.000000
0.000000
0.000000
0.000000
0.000000
0.000000
0.000000
0.000000
0.501273
0.059536
0.000000
0.000000
0.000000
0.000000
0.000114
0.000000
0.000000
0.000000
0.000000
0.000203
0.000000
0.000000
0.000000
0.006021
0.000000
0.000000
0.300195
0.000000
0.236791
0.000000
0.000000
0.000045
0.551333
0.000000
0.000000
0.000000
0.000000
0.000000
0.000000
0.000000
0.000000
0.000000
0.018398
0.000003
0.000000
0.000000
0.000000
0.685122
0.000000
0.154590
0.000000
0.000000
0.009741
0.000000
0.000080
0.000000
0.009077
0.000000
0.088258
0.000000
0.000000
0.000097
0.000000
0.000000
0.038548
0.000000
0.000000
0.000000
0.000961
0.000000
0.000000
0.000000
0.000617
0.000000
0.000789
0.085908
0.000000
0.000000
0.000000
0.000000
0.000000
0.000000
0.210607
0.000000
0.124012
0.000000
0.000000
0.000000
0.000000
0.014439
0.000557
0.000000
0.000000
0.003261
0.000000
0.000000
0.000000
0.000000
0.000000
0.000000
0.000000
0.000000
0.000000
0.000000
0.000000
0.000000
0.690768
0.000000
0.003277
0.000000
0.000275
0.000000
0.220838
0.000000
0.025955
0.349326
0.029980
0.000121
0.000000
0.000000
0.000000
0.000000
0.000000
0.000000
0.000000
0.000000
0.005847
0.040704
0.000072
0.000000
0.000203
0.000000
0.071470
0.003602
0.047290
0.000000
0.000000
0.000000
0.000000
0.000000
0.000000
0.000000
0.000000
0.000000
0.052228
0.000000
0.000000
0.000000
0.000000
0.000000
0.000000
0.000000
0.000000
0.000000
0.000000
0.000000
0.000000
0.000000
0.000000
0.000000
0.000000
0.000000
0.000000
0.034588
0.000000
0.000000
0.000000
0.000000
0.119054
0.000000
0.000000
0.001558
0.000000
0.000000
0.000000
0.000000
0.000000
0.000000
0.000015
0.006078
0.000000
0.000000
0.000000
0.000000
0.331338
0.037718
0.000000
0.000000
0.000000
0.016915
0.000000
0.000000
0.000498
0.000000
0.000000
0.000000
0.728109
0.000000
0.000000
0.000000
0.000000
0.000000
0.000000
0.006349
0.000000
0.000000
0.158841
0.000000
0.000000
0.000000
0.000019
0.000000
0.000000
0.006107
0.000000
0.000000
0.054224
0.000000
0.000000
0.000000
0.006148
0.000000
0.000000
0.000000
0.000000
0.000000
0.020032
0.000000
0.000000
0.000006
0.000000
0.000000
0.000000
0.000000
0.000000
0.000000
0.000000
0.011048
0.000000
0.000000
0.000000
0.074267
0.000000
0.018696
0.000000
0.000002
0.002079
0.000000
0.000000
0.000000
0.000000
0.000000
0.000000
0.000020
0.013242
0.030263
0.000000
0.000000
0.000000
0.000000
0.000000
0.000000
0.000000
0.000378
0.000000
0.000000
0.000000
0.000000
0.000013
0.000000
0.000279
0.000000
0.000000
0.000000
0.004944
0.000000
0.000000
0.219636
0.000000
0.000000
0.000000
0.000000
0.000000
0.000000
0.000172
0.017789
0.000378
0.000000
0.000000
0.000000
0.000000
0.000000
0.000000
0.000000
0.000000
0.000000
0.000000
0.000000
0.041390
0.000000
0.000000
0.006353
0.000000
0.008265
0.078133
0.000000
0.000000
0.498093
0.000000
0.000000
0.000000
0.000000
0.000000
0.000000
0.270988
0.000000
0.134117
0.000000
0.000000
0.000000
0.000000
0.000000
0.000000
0.000000
0.000022
0.000000
0.000000
0.283537
0.000000
0.000000
0.000000
0.000069
0.000000
0.000000
0.000000
0.000000
0.050021
0.000000
0.134048
0.000000
0.025662
0.000000
0.000000
0.000015
0.000662
0.000153
0.000000
0.000000
0.005003
0.000000
0.000000
0.000000
0.000000
0.002023
0.000000
0.000093
0.000000
0.000000
0.000000
0.000018
0.000000
0.000000
0.000000
0.000000
0.000000
0.000000
0.000000
0.018530
0.436101
0.000000
0.686441
0.000000
0.000000
0.000555
0.000000
0.000000
0.000347
0.000000
0.000000
0.000000
0.000000
0.054721
0.000000
0.000000
0.000000
0.000000
0.000094
0.000804
0.000000
0.000000
0.000000
0.024428
0.000001
0.000000
0.000000
0.000000
0.000000
0.000000
0.576796
0.000000
0.000000
0.000794
0.000000
0.000000
0.000008
0.000000
0.000000
0.000000
0.000000
0.000000
0.000000
0.000000
0.001020
0.000000
0.080938
0.000000
0.000000
0.002361
0.000000
0.000000
0.150114
0.000000
0.000000
0.000000
0.000000
0.000000
0.000000
0.000000
0.000000
0.006986
0.002681
0.161330
0.000126
0.000000
0.063469
0.000000
0.000037
0.000000
0.000000
0.000077
0.000000
0.000000
0.000000
0.000000
0.000000
0.000000
0.008097
0.000203
0.000000
0.000000
0.000000
0.000000
0.000000
0.354525
0.000000
0.000000
0.000000
0.000000
0.000000
0.000000
0.000000
0.000000
0.015537
0.000000
0.000000
0.131153
0.000000
0.000000
0.000000
0.000000
0.000000
0.000000
0.000000
0.000000
0.107091
0.000000
0.000198
0.000000
0.006363
0.000000
0.000000
0.000000
0.001092
0.000000
0.000000
0.000000
0.000000
0.000121
0.000000
0.000000
0.000002
0.000000
0.000000
0.000319
0.000000
0.000000
0.033182
0.000000
0.000000
0.000000
0.000000
0.000006
0.000000
0.141330
0.000000
0.082527
0.000000
0.821147
0.000000
0.000000
0.000000
0.000000
0.000084
0.000000
0.000259
0.000000
0.000000
0.000000
0.000000
0.000000
0.650262
0.884492
0.023393
0.000000
0.000000
0.000000
0.000000
0.000000
0.000000
0.000034
0.000000
0.000000
0.000000
0.000000
0.000010
0.000000
0.000000
0.000000
0.000000
0.000000
0.000000
0.000000
0.000000
0.000000
0.000162
0.000000
0.000000
0.000000
0.002180
0.000000
0.006370
0.000000
0.000000
0.000000
0.000000
0.000000
0.047099
0.000000
0.000000
0.000000
0.000000
0.000000
0.000000
0.100389
0.000000
0.000000
0.686655
0.030580
0.000000
0.000000
0.000000
0.000000
0.000000
0.000000
0.000000
0.000000
0.146164
0.000000
0.003357
0.000000
0.000000
0.000000
0.000000
0.000000
0.000000
0.000000
0.792369
0.000000
0.000001
0.000000
0.036575
0.000000
0.000000
0.000000
0.000000
0.000000
0.000000
0.000000
0.000000
0.000006
0.000002
0.000000
0.000000
0.003295
0.000000
0.968310
0.000000
0.000000
0.000000
0.000000
0.000000
0.000000
0.000000
0.000000
0.000000
0.000000
0.001019
0.006419
0.000000
0.000257
0.000000
0.000000
0.001846
0.149490
0.000000
0.007892
0.000000
0.000000
0.173583
0.000000
0.000000
0.000000
0.002543
0.000000
0.002082
0.000000
0.000000
0.000000
0.000572
0.000000
0.000000
0.000002
0.002777
0.000000
0.000000
0.000000
0.000000
0.000000
0.000000
0.000000
0.000000
0.000000
0.000000
0.001695
0.000000
0.000000
0.000000
0.000000
0.000000
0.078912
0.000000
0.000000
0.000000
0.000000
0.000000
0.000000
0.000000
0.000010
0.008929
0.000000
0.000000
0.000050
0.000000
0.000000
0.094659
0.000000
0.000000
0.000051
0.000000
0.000038
0.000000
0.000000
0.000000
0.023466
0.000000
0.016884
0.000000
0.000000
0.000000
0.000000
0.000000
0.000000
0.016781
0.057400
0.128133
0.006140
0.000000
0.000000
0.000000
0.000000
0.000000
0.000000
0.000000
0.000000
0.000000
0.246154
0.000000
0.000000
0.000000
0.000000
0.003852
0.000038
0.000076
0.000089
0.000000
0.000000
0.000000
0.000000
0.251160
0.000000
0.000000
0.000000
0.017251
0.000000
0.000000
0.000000
0.000000
0.000000
0.000000
0.917507
0.000000
0.000000
0.001248
0.000000
0.000000
0.000000
0.000000
0.031783
0.000000
0.000000
0.000000
0.000000
0.005540
0.000000
0.000000
0.000000
0.000000
0.000000
0.005457
0.000000
0.000000
0.000000
0.000000
0.000000
0.000000
0.000000
0.000000
0.064857
0.000000
0.000000
0.000670
0.000000
0.001753
0.000000
0.000000
0.000000
0.001391
0.000000
0.000000
0.000000
0.000000
0.000000
0.000000
0.000000
0.108178
0.000000
0.000000
0.023462
0.000000
0.000000
0.000000
0.003937
0.000162
0.003516
0.000000
0.000000
0.000000
0.000000
0.000000
0.000000
0.000000
0.177438
0.000000
0.000000
0.000000
0.617919
0.000000
0.196682
0.000000
0.000040
0.000000
0.215395
0.000000
0.000000
0.000000
0.000000
0.000000
0.000000
0.000116
0.459364
0.000000
0.000000
0.000000
0.000000
0.000000
0.000000
0.000000
0.000000
0.652606
0.000000
0.029507
0.005628
0.000000
0.000013
0.000000
0.033369
0.000000
0.000000
0.602009
0.000000
0.000000
0.000000
0.000000
0.000000
0.000079
0.000000
0.000000
0.011293
0.000000
0.000000
0.000000
0.000000
0.000000
0.000000
0.000000
0.000000
0.115153
0.005344
0.000000
0.000000
0.000000
0.000000
0.118588
0.000000
0.000000
0.000000
0.000000
0.000000
0.000000
0.000000
0.000000
0.000000
0.000000
0.000000
0.000066
0.000000
0.000000
0.214732
0.000000
0.000000
0.000000
0.000001
0.000000
0.000000
0.000000
0.000000
0.011434
0.000000
0.000000
0.000000
0.000000
0.000117
0.000406
0.000000
0.000000
0.000000
0.000000
0.000000
0.000000
0.733404
0.000000
0.000021
0.458639
0.000000
0.000000
0.000000
0.003658
0.000000
0.000000
0.000560
0.016514
0.240198
0.000000
0.000000
0.000000
0.000000
0.000000
0.000000
0.000000
0.000275
0.000001
0.000000
0.000000
0.000000
0.000000
0.000000
0.000112
0.000000
0.000000
0.000000
0.000000
0.000000
0.000000
0.000000
0.000000
0.117907
0.000000
0.000000
0.000000
0.000000
0.000000
0.000000
0.000000
0.000000
0.000000
0.000000
0.000000
0.000000
0.016405
0.000000
0.001408
0.000000
0.000000
0.000000
0.000000
0.001213
0.000000
0.069440
0.000000
0.000029
0.214617
0.000000
0.000000
0.000000
0.000000
0.000000
0.000009
0.000385
0.000000
0.000000
0.000000
0.000000
0.000000
0.000000
0.000000
0.000000
0.000000
0.000000
0.000000
0.000000
0.000000
0.000000
0.000000
0.000000
0.000000
0.000000
0.000000
0.000000
0.000000
0.600198
0.000131
0.000000
0.000000
0.000000
0.149031
0.000000
0.000000
0.000000
0.000000
0.000000
0.000000
0.000000
0.000000
0.002779
0.000000
0.000000
0.026076
0.000000
0.000200
0.009012
0.000000
0.000000
0.000000
0.000102
0.000000
0.000000
0.018964
0.000000
0.000000
0.000000
0.031476
0.000000
0.052161
0.000000
0.000000
0.000000
0.000000
0.000000
0.000000
0.000000
0.000277
0.006267
0.000000
0.000000
0.019582
0.000000
0.000000
0.016525
0.093770
0.000000
0.000368
0.000000
0.039858
0.000000
0.000000
0.000000
0.000000
0.000000
0.000000
0.000000
0.000000
0.000000
0.000000
0.000000
0.000000
0.000000
0.027015
0.004154
0.117321
0.000000
0.000000
0.000085
0.000178
0.000000
0.000000
0.000003
0.000000
0.000000
0.000000
0.000000
0.000000
0.000000
0.470068
0.000000
0.000000
0.000000
0.040534
0.000000
0.000000
0.000000
0.000000
0.012892
0.016485
0.025412
0.000000
0.000000
0.000000
0.000000
0.000000
0.260699
0.000000
0.000000
0.000000
0.000000
0.136884
0.000000
0.413534
0.000591
0.000000
0.000000
0.000000
0.000000
0.000000
0.000000
0.000000
0.051660
0.000000
0.000000
0.000000
0.113667
0.000000
0.000000
0.000000
0.000000
0.000000
0.000000
0.000000
0.265108
0.000000
0.000000
0.000000
0.000000
0.000000
0.006934
0.000000
0.000000
0.000000
0.000000
0.000000
0.536216
0.000000
0.000004
0.000022
0.001650
0.000000
0.000000
0.000000
0.000000
0.000000
0.000000
0.000000
0.000000
0.000481
0.000000
0.000000
0.000000
0.055344
0.000000
0.012132
0.000000
0.000000
0.985357
0.051243
0.000000
0.000000
0.000000
0.000000
0.000000
0.000000
0.000000
0.357387
0.000000
0.020528
0.000000
0.000000
0.000000
0.000000
0.131589
0.000000
0.000000
0.000000
0.134138
0.000000
0.000000
0.000000
0.000000
0.000000
0.000000
0.055464
0.024141
0.000000
0.000000
0.000000
0.000000
0.007231
0.000000
0.000000
0.000000
0.000000
0.001100
0.000000
0.000000
0.000000
0.000000
0.000000
0.000000
0.000000
0.000000
0.000000
0.023269
0.000000
0.000000
0.000000
0.000000
0.000031
0.000000
0.000000
0.000000
0.000000
0.000000
0.000000
0.000000
0.000000
0.000000
0.000000
0.000110
0.000000
0.000000
0.000000
0.000000
0.000000
0.000000
0.000000
0.000000
0.000000
0.000026
0.000005
0.000000
0.000000
0.002790
0.000000
0.000000
0.002002
0.039969
0.000000
0.034233
0.000000
0.042265
0.000001
0.000000
0.589559
0.000000
0.000000
0.000000
0.000000
0.000000
0.000000
0.000000
0.000000
0.000391
0.000000
0.000000
0.000000
0.000560
0.000000
0.035056
0.000000
0.016584
0.000000
0.000000
0.000000
0.000000
0.000306
0.000000
0.000000
0.000000
0.000210
0.000000
0.078563
0.000000
0.000000
0.282323
0.000000
0.000000
0.000000
0.000000
0.000000
0.000000
0.000000
0.000000
0.000000
0.238941
0.257839
0.000000
0.000037
0.000000
0.000000
0.000000
0.000000
0.000000
0.016496
0.000000
0.228351
0.000000
0.000000
0.000000
0.000086
0.000386
0.000000
0.120305
0.000000
0.000000
0.099655
0.000000
0.000020
0.178653
0.000000
0.000000
0.000000
0.000000
0.000000
0.000037
0.002418
0.000000
0.000000
0.000000
0.002871
0.000000
0.028374
0.000000
0.000000
0.000000
0.000000
0.764795
0.100311
0.000000
0.000000
0.184618
0.000000
0.000000
0.000000
0.000000
0.000000
0.000000
0.085066
0.000000
0.000000
0.000000
0.000000
0.000000
0.003841
0.000000
0.000000
0.000000
0.000000
0.152234
0.000000
0.058105
0.000000
0.004075
0.000000
0.000000
0.000000
0.007634
0.000000
0.000000
0.000000
0.000000
0.000000
0.000000
0.000000
0.000000
0.000000
0.000000
0.000936
0.000000
0.000000
0.000000
0.000638
0.003818
0.000000
0.000000
0.000000
0.000000
0.017394
0.000000
0.004172
0.000000
0.000000
0.122964
0.000000
0.000000
0.000000
0.000000
0.000000
0.000000
0.000000
0.000000
0.004721
0.000000
0.000000
0.000000
0.000000
0.000000
0.000000
0.006408
0.000000
0.009886
0.000000
0.000000
0.000000
0.000000
0.000000
0.000000
0.000388
0.000000
0.000000
0.000000
0.011955
0.000000
0.000000
0.000000
0.000000
0.000050
0.000000
0.000000
0.000000
0.000000
0.000000
0.000000
0.000155
0.000000
0.000000
0.000000
0.000161
0.000000
0.000000
0.000000
0.146257
0.000000
0.000000
0.000000
0.000000
0.007602
0.000000
0.000000
0.000000
0.000532
0.000000
0.021774
0.000000
0.060828
0.021562
0.000000
0.000000
0.000000
0.025418
0.000000
0.000000
0.001837
0.000000
0.042198
0.000000
0.000000
0.049898
0.000000
0.164625
0.000857
0.000000
0.000000
0.000000
0.000000
0.000000
0.000000
0.000000
0.000000
0.843375
0.000000
0.460672
0.000000
0.000000
0.000000
0.000000
0.000000
0.000000
0.000000
0.000000
0.000000
0.055912
0.000000
0.000000
0.000000
0.000000
0.000000
0.000000
0.000000
0.000000
0.000000
0.000000
0.000000
0.000000
0.000000
0.000000
0.000000
0.003612
0.035534
0.000000
0.000000
0.000000
0.000000
0.006474
0.000000
0.000000
0.000000
0.000000
0.000000
0.991538
0.000000
0.000000
0.032158
0.015405
0.001819
0.009602
0.000000
0.000001
0.000000
0.000000
0.000000
0.000000
0.000000
0.000000
0.000000
0.773888
0.000000
0.008678
