0.866438
0.847849
0.000000
0.873464
0.140337
0.154678
0.046957
0.890147
0.528822
0.520601
0.083546
1.000000
0.146086
1.000000
0.181280
0.346064
1.000000
0.263415
0.795979
0.812901
0.987380
0.573156
0.851952
0.988161
0.900688
0.941971
0.062520
0.000000
0.120148
0.974749
1.000000
0.869459
0.924127
0.000000
0.472753
0.973077
0.000000
0.516869
0.999384
0.999972
0.367244
0.543169
0.753662
0.423062
0.086986
0.997976
0.282347
0.135597
0.634714
0.163363
0.330904
1.000000
0.832739
0.809667
0.000000
0.510590
0.441462
0.219168
0.711590
0.460225
0.618885
1.000000
0.999990
0.433513
0.172444
0.859854
0.242250
1.000000
0.368010
0.000000
0.152155
0.884472
0.511266
0.736638
0.041662
0.076694
0.000000
0.147608
1.000000
0.309663
0.000000
1.000000
0.000000
0.077929
0.949494
0.383052
0.886806
0.784680
0.568069
0.000000
0.633495
0.000000
0.736420
0.108597
0.247368
0.981180
0.000000
0.253946
0.688704
0.957221
0.484470
0.070410
0.828826
0.349306
0.082854
0.097093
0.782825
0.082388
0.058633
1.000000
0.994853
0.000000
0.951453
0.000000
0.000000
0.341155
0.404338
0.998390
0.028237
0.498769
0.393987
0.233807
0.237792
0.456947
0.323015
1.000000
0.997064
0.980946
0.249562
0.377346
0.914903
0.645609
0.380626
0.427689
0.236316
0.999998
0.137340
0.017298
0.279329
0.936813
0.530637
0.483397
0.193454
0.036681
0.022175
0.997602
0.010982
0.813678
0.999933
0.610892
0.582970
0.284513
0.000000
0.286200
0.097519
0.380793
0.263010
0.008603
0.538629
0.138102
0.999051
0.865784
0.096763
0.228315
0.344543
0.595497
0.107844
0.280281
0.999533
0.152113
0.738528
0.469340
0.056699
0.045489
0.000000
0.999997
0.580736
0.060698
0.149633
0.640451
0.338717
0.191418
0.748921
0.350650
1.000000
0.011749
0.838767
0.818833
0.656785
0.050325
0.041960
0.046682
0.037287
0.544111
1.000000
0.000000
1.000000
0.222460
0.121193
0.389537
0.996139
0.684129
0.745688
0.000000
0.765872
0.020715
0.162720
0.644870
0.496939
0.033605
0.244766
0.999655
0.998845
0.881768
0.996230
1.000000
0.866755
0.069433
0.038600
0.381107
0.344260
0.626152
0.343277
0.166640
0.785383
0.005618
0.000000
0.123629
0.000000
0.048747
0.212822
0.185617
0.346678
0.523977
0.130481
0.615897
0.157845
0.391983
0.039707
0.501238
1.000000
0.087598
0.120847
0.724620
0.276530
0.025698
0.903346
0.039658
0.997266
0.525845
0.765363
0.857458
0.240274
0.535451
0.127286
0.408101
0.170619
0.715074
0.504047
0.164505
0.013219
0.446073
0.000000
0.168849
0.298858
0.999875
0.233274
0.833197
0.859902
0.250326
0.019913
0.289655
0.137959
0.372341
0.071786
0.000000
0.995351
0.824270
0.116726
0.645094
0.133702
0.196745
0.558734
0.353970
0.402912
0.574872
0.063374
0.873565
0.975148
0.000000
0.987469
0.412493
0.000000
0.074005
0.040639
0.646490
0.653698
0.053129
0.027369
0.544087
0.852009
0.438422
0.841088
0.096637
0.998145
0.333177
0.279984
0.000000
0.997035
0.206490
0.147642
0.812352
0.165593
0.754672
0.053449
0.362426
1.000000
0.281708
0.012715
0.969476
0.067908
0.679201
1.000000
0.034487
0.328308
0.946876
0.017536
0.482260
0.218801
0.000000
0.999108
0.265740
0.101729
0.000000
0.036195
0.086756
0.162701
0.958969
0.525711
0.085343
0.301821
0.000000
0.062105
0.051589
0.303274
0.889608
0.123850
0.823675
0.948512
0.984857
0.060954
0.277385
0.235944
0.038698
0.221748
0.048745
0.141309
0.165816
0.193435
0.999105
0.121227
0.279409
0.995740
0.270192
0.585304
0.496272
0.715584
0.393116
0.225489
0.999993
0.999995
0.182159
0.354012
1.000000
0.991417
0.224942
0.971595
0.970876
0.044344
0.127205
0.998027
0.153509
0.435738
0.419423
0.135515
0.000000
0.154565
0.866692
0.089164
0.000000
0.783270
0.605248
0.749271
0.234792
0.000000
0.193856
0.998393
0.399447
0.221235
0.173530
0.965363
0.215463
0.324894
0.138197
0.990387
0.048669
0.957361
0.081655
0.220256
1.000000
0.867170
0.674731
0.497693
0.212675
0.628291
0.342235
0.192346
0.722009
0.211572
0.044944
0.733394
0.119704
0.461948
0.898706
0.000000
0.933692
0.079970
0.336900
0.159140
0.971752
0.052501
0.423039
0.418959
0.073399
0.000000
0.892014
0.411698
0.542376
1.000000
0.164865
0.906640
0.200839
1.000000
0.472721
0.555108
0.039715
0.029527
0.775478
0.405923
0.101976
0.014470
0.476130
0.019740
0.934289
1.000000
0.392202
0.632896
0.000000
0.081409
0.462597
0.120968
0.163193
0.128404
1.000000
1.000000
0.000000
0.095848
1.000000
0.000000
0.839881
1.000000
0.656012
0.068772
0.182505
0.150400
0.644434
0.938450
0.992106
0.000000
1.000000
0.819332
0.116059
0.121728
0.941535
0.244263
0.056742
0.389659
0.140374
0.384147
0.713050
0.000000
0.999980
0.483259
0.304808
0.238067
0.858461
0.961789
0.021882
0.009705
0.945626
0.954627
0.139958
0.749970
0.138064
0.200252
0.158114
0.939353
0.093118
0.573105
0.880464
0.999405
1.000000
0.979855
0.264654
0.995439
0.063501
0.472472
0.991142
0.033602
0.442989
0.652855
0.242958
0.501032
0.425244
0.444240
0.090913
0.000000
0.000000
0.439508
0.131937
0.172081
0.084002
0.087381
0.648294
0.451708
1.000000
0.159901
0.127422
0.857022
0.038246
0.171496
0.829634
0.057803
0.458960
0.523265
0.996907
0.115891
0.229441
0.132394
0.827643
0.896739
0.429761
0.000000
0.236589
0.266926
0.242865
0.000000
0.635765
0.911358
0.311595
0.230997
0.738158
0.000000
0.803104
0.090009
0.000000
0.644977
0.286867
0.561571
0.651178
0.129802
0.950130
0.134465
0.285764
1.000000
0.437606
0.755587
0.624418
0.960190
0.248739
0.994886
0.988202
0.555638
0.273201
0.481990
1.000000
0.587831
1.000000
0.822073
0.232758
0.094280
0.704052
0.938246
0.999795
1.000000
0.230461
0.573308
0.245568
0.512912
1.000000
0.154285
0.290660
0.214599
0.303498
0.103199
0.000000
0.000000
1.000000
0.410309
0.999912
1.000000
0.000000
0.675888
1.000000
0.127946
1.000000
0.999908
0.156874
0.041594
0.030807
0.150809
0.000000
0.077961
1.000000
0.022189
0.059002
0.070089
0.020030
0.003752
0.000000
1.000000
0.015051
0.095417
0.014515
0.960268
0.367026
0.982347
1.000000
0.040660
0.943001
0.406094
0.027356
0.039447
0.282483
0.440603
0.000000
0.553434
0.208772
0.971672
0.000000
0.216509
0.092970
0.351617
0.034710
0.962485
0.179500
0.024170
0.074396
0.107901
0.723999
0.000000
0.999902
0.846562
0.949309
0.048509
0.573188
0.000000
0.647528
0.045856
0.203371
0.616877
0.021254
0.926227
0.009906
0.257624
0.808324
0.342870
0.389650
1.000000
0.450186
0.000000
0.405704
0.100319
0.058320
0.999464
0.778795
0.055123
0.357632
0.976473
0.197710
1.000000
0.043642
0.995608
0.767315
0.000000
0.999396
0.006155
0.066384
0.416489
0.000000
0.972981
0.150200
0.770086
0.212475
0.031854
1.000000
0.317244
0.000000
0.018306
1.000000
0.196096
0.999583
0.000000
0.481920
0.427625
0.366066
1.000000
0.536767
0.049608
0.138858
0.956381
0.081775
0.990931
0.859914
0.479678
0.928316
0.760962
0.235509
0.489117
0.837699
0.376493
0.061423
0.999947
0.131095
0.934420
0.232806
0.283747
0.987745
0.077124
1.000000
0.881511
0.370592
0.442284
0.000000
0.541640
0.000000
1.000000
0.583147
1.000000
0.531532
0.162615
0.155391
1.000000
0.130027
0.776464
0.282329
0.083415
0.164030
0.984996
0.040958
0.092401
0.024150
0.110572
0.177279
0.082825
0.011126
0.025961
0.242696
0.067999
0.241827
0.758836
0.070422
0.990350
0.052812
0.056404
0.238217
0.144784
0.869770
0.441444
0.518913
0.491661
0.311413
0.000000
0.156484
0.112634
0.104242
1.000000
0.859415
0.528105
0.188568
0.126899
0.997675
0.722397
0.000000
0.436293
0.000000
0.000000
0.062620
0.050187
0.000000
0.356827
0.999928
0.088665
0.141209
0.501736
0.264198
0.545404
0.187702
0.000000
0.374129
0.968610
0.193261
0.470810
0.492530
0.592633
0.000000
0.058819
0.229061
0.850997
0.424481
0.007273
0.359043
0.943830
0.000000
0.058055
1.000000
0.106634
0.777885
0.000000
0.544551
0.009601
0.292607
0.995537
0.127359
0.095289
0.960709
0.481455
0.152969
0.000000
0.957909
0.105127
0.128556
0.204595
0.147186
0.561165
1.000000
0.868614
0.000000
1.000000
0.000000
0.897247
0.282713
0.450239
0.433176
0.015394
0.080960
0.155794
0.488599
0.689825
0.038513
0.999810
0.635091
0.000000
0.124019
0.824408
0.714934
0.776100
0.970696
0.450998
0.854005
0.735696
0.940857
0.356421
0.204426
0.279355
0.115893
0.114639
0.212028
0.790934
0.157298
0.000000
0.000000
0.336325
0.643871
0.501526
0.036604
0.969116
0.355409
0.000000
0.665531
0.087803
0.406690
0.997031
0.872022
0.991518
0.037484
0.024589
0.804904
0.980500
0.022729
0.337279
0.180591
0.309380
0.842087
0.954299
0.129885
0.044584
0.071894
0.021040
0.126352
0.669154
0.853171
0.000000
0.367951
0.469902
0.064656
0.757861
0.879289
0.609017
0.025015
0.000000
0.011561
0.169937
0.052027
0.102012
0.136141
0.844788
0.152052
0.452200
0.752737
0.000000
0.930079
0.266390
0.794756
0.997731
0.957082
0.179228
0.999171
0.955356
0.995628
0.123628
0.081337
0.341566
0.279192
0.589343
0.248516
0.225658
0.991915
0.017928
1.000000
0.000000
0.582208
1.000000
0.940758
0.000000
0.035373
0.477428
0.000000
0.078191
0.191449
0.010001
1.000000
0.864203
0.873539
0.945793
0.038316
0.105438
0.713560
0.252101
0.056465
0.330574
0.171019
0.795773
0.811162
0.165291
0.180469
0.000000
0.832970
0.027993
1.000000
0.000000
0.176150
0.078507
0.355281
0.156778
0.289390
0.891737
0.344968
0.999130
0.747896
0.662450
0.233237
0.788789
0.913252
0.782474
0.076299
0.041632
0.000000
0.996761
0.154859
0.000000
0.373961
0.842372
0.107090
0.508105
0.774802
0.827862
0.987269
0.000000
0.493755
0.782153
0.165665
0.607381
0.419441
0.968202
0.893622
0.291448
0.478113
0.041956
0.342585
0.073257
1.000000
0.155555
0.170943
0.127723
0.862471
0.562145
0.725675
0.140208
0.789942
0.116458
0.459373
0.013805
0.872843
1.000000
0.050932
0.140115
0.148753
0.904460
1.000000
0.447542
0.038630
0.772928
0.003322
0.021719
0.157107
0.000000
0.220143
0.414892
0.088743
0.918472
0.296294
0.993747
0.514952
0.995856
0.186375
0.000000
0.000000
0.911443
0.780690
0.063643
1.000000
0.999994
0.628326
0.290943
0.324055
0.222974
0.340080
0.258543
0.860044
0.749478
0.026797
0.115281
1.000000
0.115271
0.418206
0.027080
0.521465
0.064297
0.000000
0.776638
1.000000
0.089342
0.872460
0.172089
0.036245
0.925399
0.171095
0.380234
0.024982
0.084230
0.000000
0.587504
0.704258
0.320695
0.966292
0.000000
0.160489
0.881932
0.907500
0.068381
0.276802
0.086316
0.000000
0.057835
0.245643
0.000000
0.972879
0.488127
0.198365
0.299292
0.867896
0.451104
0.000000
0.540693
0.099434
0.948526
0.093898
0.087370
0.385991
0.261010
1.000000
0.049695
0.999998
1.000000
0.586529
0.073390
0.005586
0.515973
0.078908
0.042891
0.364716
0.267643
0.169772
0.119533
0.109353
0.272686
0.034110
0.661150
0.594361
0.189904
0.636583
0.000000
0.481086
0.258283
0.222017
0.000000
0.174318
0.206753
0.999787
0.916686
0.494516
0.075116
0.181072
0.068825
0.040000
0.481975
0.604037
0.942079
0.659611
0.880324
0.055141
0.101567
0.199170
0.731007
0.098274
0.040478
0.000000
0.440202
0.999399
1.000000
1.000000
0.000000
0.069177
0.948031
0.186387
0.247383
0.688290
0.647110
0.969712
0.815574
0.884924
0.457046
0.680286
0.315216
0.999929
0.979455
0.461765
0.101756
0.091071
0.182161
0.869572
0.362813
0.596835
1.000000
0.120895
0.000000
0.520507
0.433696
0.877749
0.262650
0.956590
0.146109
0.000000
0.390238
0.030720
0.066478
0.829166
0.140586
0.174399
0.219622
0.170048
0.183264
0.224064
0.999467
0.190334
0.745210
0.242341
0.594151
0.680642
0.052102
0.032133
0.516696
0.946612
0.985594
0.204925
0.976863
0.000000
0.883092
0.024650
0.994992
0.011277
0.999996
0.857994
0.635054
0.672181
0.744610
0.215847
0.992411
0.345040
0.061747
0.098437
0.000000
0.800909
0.989930
0.119272
0.000000
0.162518
0.146084
0.990397
0.029194
0.313197
0.999223
0.418150
0.187529
0.591558
0.000000
0.084147
0.083386
0.192696
0.000000
0.090389
0.845969
0.058625
0.096287
0.371072
0.999899
0.058678
0.993888
0.685069
0.067914
0.613137
0.050598
0.251306
0.341768
0.161519
1.000000
0.987339
0.851414
0.093090
0.498045
0.244122
0.261024
1.000000
1.000000
0.143662
0.394286
0.346834
0.096654
0.984139
0.399725
0.135217
0.556525
0.226625
0.984643
0.228234
0.177813
0.930311
0.999934
0.612311
0.502746
0.697278
0.164253
0.095456
1.000000
0.902038
0.617180
0.946503
0.994159
0.798272
1.000000
0.052850
0.513468
0.740943
0.467076
0.890452
0.767560
0.834293
0.623290
0.553113
0.561320
0.864285
0.025054
0.038452
0.000000
0.031959
0.259162
0.570445
0.237248
0.356262
0.591938
0.115351
0.056233
0.383968
0.896730
0.887464
0.077573
0.019492
0.000000
0.372560
0.191349
0.404033
0.927755
0.066381
0.175253
0.205899
0.999998
0.997603
0.547239
0.000000
0.709986
0.053369
0.012994
0.072999
0.798785
0.135837
0.062614
0.980644
0.999967
0.488659
0.616945
0.267769
0.065610
0.319609
0.938161
0.373755
0.222905
0.319797
0.467251
0.993387
0.105446
0.942891
0.247023
0.997689
0.993939
0.944457
0.012433
0.070233
0.136747
0.079995
0.216237
0.984989
0.183112
0.414407
0.997176
0.842000
0.000000
0.188089
0.491892
0.023411
0.326337
0.533298
0.151143
0.186804
0.928436
0.228834
0.022521
0.075636
0.033988
0.145291
0.994018
0.054002
0.633810
0.928081
0.296711
0.030422
0.850347
0.977313
0.050857
1.000000
0.998698
0.056534
0.141726
0.380251
0.999963
0.447546
0.337119
0.917366
0.972640
0.982385
0.999972
0.078477
0.023953
0.097891
0.336516
0.969062
0.873578
0.177701
0.767365
0.128869
0.436030
0.128714
0.114736
0.000000
0.853419
0.267031
1.000000
0.856796
0.161893
0.201336
1.000000
0.611557
0.212240
0.000000
0.484449
0.390925
0.179679
0.054072
0.000000
0.579494
0.211000
0.000000
0.423571
0.037052
0.028725
0.069562
0.088553
0.149865
0.435017
0.580654
0.999916
0.167016
0.214547
0.237270
0.001178
0.540754
0.999968
0.719737
0.783245
0.482407
0.204548
0.123899
0.000000
0.070215
0.977729
0.525077
0.999345
0.000000
0.032276
0.076948
0.176648
0.192961
0.258688
0.079191
0.694587
0.269709
0.972601
0.594419
0.999994
0.930806
0.640505
0.014894
0.052351
0.873603
0.796014
0.999999
0.317794
0.681980
0.985355
0.344313
0.516131
0.420338
0.031271
0.016873
0.931477
0.857060
0.144216
0.857652
0.000000
0.845836
0.042667
0.073008
0.045695
0.069261
0.135275
0.168817
0.186928
0.023547
0.999998
0.065308
0.572532
0.518295
0.744566
1.000000
0.283488
0.526559
0.125092
0.670408
0.393690
0.000000
0.988844
0.373900
0.916763
0.114247
0.999182
0.192613
0.000000
0.996368
0.497485
0.979776
0.736453
0.575308
0.085753
0.976096
0.201551
0.000000
0.897865
0.000000
0.200906
0.017672
0.628598
0.416904
1.000000
0.307329
0.049470
0.000000
0.000000
0.253465
0.954505
0.999920
0.151311
0.843874
0.000000
0.000000
0.033861
0.151984
0.962942
0.030285
0.979698
0.004488
0.018367
0.930604
0.058303
0.152874
0.053443
0.090110
0.007332
0.046525
0.563843
0.041959
0.172646
0.832859
0.000000
0.937377
0.913792
1.000000
0.568969
0.226992
0.035967
0.190404
0.430540
0.921279
0.999886
0.949064
0.000000
0.505293
0.029475
0.634942
0.971636
0.680320
0.684921
0.244671
0.511251
0.000000
0.998370
0.486942
0.567807
0.074275
0.042369
0.128377
0.267017
0.000000
0.986664
0.077232
0.681649
0.052976
0.881590
0.246222
0.023114
0.982203
0.518478
0.198081
0.973154
0.000000
0.080081
0.093855
0.000000
0.086317
0.866052
0.278692
0.990770
0.338120
0.976768
0.635603
0.425239
0.809361
0.149158
0.998207
0.999982
1.000000
0.339578
0.000000
0.980107
0.981343
0.999874
1.000000
0.970205
1.000000
0.213049
0.977241
0.845335
0.000000
0.725128
0.000000
0.537068
0.792363
0.508059
0.725829
0.814955
0.470176
0.071714
0.502157
0.026345
0.149348
0.138012
0.667428
0.594999
0.995791
0.048352
0.294229
0.000000
0.913379
0.042014
0.142656
0.000000
0.940376
0.133047
0.447561
0.679120
0.658869
0.046410
0.037065
0.996032
0.095013
0.505002
0.858038
0.634543
0.091336
0.139391
0.726547
0.129379
0.227131
0.055673
0.674180
0.751145
0.836765
0.203393
0.861010
0.361727
0.617127
0.196112
0.329781
0.195283
0.999970
0.926236
0.958126
0.815025
0.085066
0.955834
0.000000
0.023590
0.228285
0.426516
0.063169
0.785433
0.565689
0.906473
0.189106
0.261942
0.066698
0.000000
0.095886
0.289765
0.206906
0.669638
0.999786
0.293152
0.593063
0.974775
0.999993
0.091393
0.184237
1.000000
0.615062
0.026194
0.914353
0.678142
0.989273
0.831363
0.541594
0.144141
1.000000
0.693089
0.999971
0.610108
0.040033
0.999995
0.040986
0.383878
0.084147
0.245915
0.823017
0.063249
0.208246
0.669710
0.418587
0.120225
0.410345
0.867599
0.247268
0.412257
0.259910
0.999850
0.268106
0.033785
0.106658
0.588410
0.732241
0.435071
0.648692
0.758470
0.042247
0.253903
0.965264
0.636312
0.991542
0.344474
0.527637
0.156849
0.944367
1.000000
0.065132
0.095070
0.503939
0.080861
0.410363
0.998729
0.076256
0.244336
0.072044
0.999754
0.000000
0.395247
0.999908
0.998872
0.000000
0.923065
0.125997
0.992863
0.891753
0.025431
0.183885
0.283251
0.732129
0.994645
0.923990
0.000000
0.382939
0.297790
0.836865
0.246334
0.448958
0.292975
1.000000
0.076823
0.219039
0.533842
0.828442
0.301138
0.000000
0.421884
0.382914
0.780085
0.095672
0.973037
0.965254
0.997097
0.104522
0.404053
0.543321
0.000000
1.000000
0.999734
0.369998
0.616804
0.901889
0.063707
0.016985
0.179743
0.895481
0.022915
0.387347
0.900820
0.984482
0.189995
0.134825
0.094205
0.975656
0.112819
0.294101
0.587105
0.773692
0.782895
0.283429
0.600517
0.050964
0.113065
0.033583
0.417756
0.502828
0.000000
0.062536
0.789668
0.108419
0.492897
0.888119
0.841011
0.091358
0.999205
0.126778
0.977452
0.243753
0.000000
0.834693
0.122657
0.062298
0.887385
1.000000
0.000000
0.058777
0.249823
0.137565
0.212506
0.627824
0.789862
0.000000
0.299854
0.071903
0.000000
0.216304
0.040778
0.251178
0.440720
1.000000
0.998531
0.189155
0.052153
0.198521
0.790958
0.708479
0.540127
0.681614
0.122069
0.641131
0.637249
0.060081
0.043666
0.688001
0.677080
0.524081
0.554659
0.882801
0.660318
0.135176
0.918883
0.182314
0.998747
0.841476
0.357321
0.000000
0.781961
1.000000
0.759501
0.999939
0.824407
0.519431
0.130944
0.896599
0.805696
0.191987
0.950129
0.442041
0.998322
0.025578
0.085010
0.999961
0.417384
0.954207
0.543115
0.014901
0.838376
0.324418
0.101451
0.038837
0.836907
0.985315
0.372424
0.398836
0.335313
0.235544
0.000000
0.046662
0.477390
0.772926
0.646748
0.257253
0.466351
0.870210
0.768314
1.000000
1.000000
0.037112
0.997446
0.650356
0.991047
0.999997
0.885147
0.595984
0.062851
0.919805
0.234103
0.099509
0.063925
0.000000
0.999893
0.615119
0.000000
0.999661
0.528543
0.477894
0.869393
1.000000
0.131569
0.081262
0.000000
1.000000
0.175343
0.147655
0.009031
0.048660
0.971397
0.024808
0.360194
0.054740
0.814214
0.681536
0.110043
0.546269
0.829809
0.413017
0.038109
0.463797
0.994409
0.998925
0.029440
0.908978
0.571226
0.394885
0.678646
0.334150
0.062780
0.113811
0.445640
0.037614
0.000000
0.048176
0.029372
1.000000
0.449572
0.687878
0.878523
0.745410
0.044301
0.297341
0.587564
0.192772
0.999973
0.546009
1.000000
0.185893
0.648098
0.020756
1.000000
0.035589
0.240624
0.046083
0.000000
0.042630
0.571119
0.286445
0.555267
0.112891
0.150601
0.957787
0.550149
0.396858
0.019916
0.810720
0.407555
0.042682
0.512338
0.000000
0.017015
0.264903
1.000000
0.248755
0.339642
0.326183
0.019421
0.000000
0.789154
0.206262
0.424135
0.537711
0.098343
0.061925
0.865992
0.160193
0.652988
0.023810
0.000000
0.625248
0.256723
0.018569
0.259077
0.342791
0.130850
0.202764
1.000000
0.954581
0.109177
0.328121
0.999482
0.988818
0.790365
0.480571
0.999998
0.676103
0.713832
0.018537
0.811749
0.359730
0.107598
0.370537
0.737620
0.530962
0.306578
0.996738
0.000000
0.443321
0.840245
0.546991
0.056119
0.499955
0.105088
0.981455
0.331317
0.048916
0.017917
0.134998
0.421487
0.229699
0.998667
0.167512
0.138122
0.000000
0.202107
0.017055
0.984094
1.000000
0.305466
0.185718
1.000000
0.000000
0.000000
0.999810
0.545765
0.040968
0.354477
0.472530
0.044650
0.996448
0.474714
0.999469
0.969202
0.303574
0.092685
0.591657
0.954972
0.955089
0.910787
0.103045
0.706711
0.046175
0.488448
0.115155
0.180236
0.000000
0.492277
0.313932
0.840097
0.992226
0.321787
0.998189
0.551922
0.327492
0.803566
0.315909
0.533990
0.566196
0.387344
0.122562
0.933024
0.984785
0.829728
0.816414
0.000000
0.826616
0.048062
0.999544
0.000000
0.049699
0.135485
0.000000
0.871873
0.494400
0.024018
0.097894
0.542786
1.000000
0.093623
0.000000
0.865427
0.013062
0.671541
0.057407
0.625162
0.089008
0.000000
0.075441
0.232792
0.000000
0.035017
0.062248
0.038775
0.998481
0.849040
0.024541
0.092044
0.307991
0.094697
0.190159
0.000000
0.590082
0.182011
0.204204
0.137246
0.349927
0.362640
0.103679
0.805814
0.217373
0.999799
0.658294
0.937564
0.000000
0.418939
0.253125
0.997978
0.911615
0.224752
0.863569
0.941890
0.198276
0.015540
0.856879
0.000000
0.000000
0.883992
0.888801
0.281721
0.866459
0.883732
0.000000
0.078122
0.084966
0.999997
0.994518
0.200228
0.376480
0.823331
0.788139
0.981475
0.327183
0.999640
0.589830
0.618957
0.000000
0.428922
0.000000
0.420845
0.596199
0.738608
0.375712
0.977459
0.210012
0.034855
0.685645
0.999992
0.046288
0.677328
0.022623
0.365671
0.052932
0.999998
0.806038
0.826019
0.876409
0.159587
0.472446
0.077826
0.975621
0.075674
0.167056
0.785025
0.060695
0.999200
0.065425
0.645855
0.999969
0.118653
0.975943
0.393230
0.065650
0.000000
0.097803
1.000000
0.957605
0.000000
0.585341
0.103499
0.038081
0.353810
0.998956
0.774197
0.213980
0.319794
1.000000
0.141657
0.392684
0.369006
0.271868
0.999996
0.475280
0.365150
0.335813
0.924218
0.202452
0.011460
0.056116
0.494673
0.920888
0.174651
0.130734
0.478648
0.718041
0.494820
0.252516
0.310096
0.792459
0.671163
0.165789
0.610347
1.000000
0.188888
0.638368
0.077387
0.794745
0.242962
0.040704
0.015354
0.631571
0.000000
0.903220
0.999796
0.768562
0.919970
0.900460
0.571257
0.508081
0.972568
0.222764
0.471205
0.009645
0.369587
0.314364
0.803687
0.664753
0.259876
0.946006
0.627990
0.993166
0.070578
0.394452
0.161302
0.332263
0.263843
0.054835
0.500047
0.753301
0.202336
0.000000
0.023201
0.821416
0.552190
0.563570
0.093243
0.856321
0.021318
0.041979
0.997293
0.994765
0.000000
0.519516
0.896185
0.015219
0.149359
0.522959
0.833334
0.027522
0.069096
0.647090
0.021784
0.729534
0.485950
0.093280
0.480866
0.263735
0.823974
0.895597
0.201277
0.925239
0.421624
0.063540
0.205512
0.726055
0.999995
0.833716
0.000000
0.670779
0.000000
0.718470
0.647372
0.257022
0.446446
0.987282
0.852102
0.382619
0.260320
0.992004
0.033451
0.729257
0.020461
0.938212
0.984168
1.000000
0.024671
0.541554
0.925010
0.792171
0.214664
0.117441
0.153832
0.257407
0.518346
0.095004
0.391779
0.635905
0.003743
0.000000
0.668673
0.809993
1.000000
0.589714
0.031306
0.349309
0.153618
0.140375
0.069454
0.789792
0.993958
0.849995
0.736437
0.443414
0.009621
0.000000
0.214375
0.000000
0.091571
0.772425
0.111619
0.000000
0.655784
0.108609
0.996979
0.204401
0.029556
0.000000
0.064827
0.123553
0.056899
0.051658
0.000000
0.132833
0.820476
0.262119
0.902538
0.059996
1.000000
0.534317
0.000000
0.056932
0.538581
0.800512
0.580421
0.218782
0.038974
0.366208
1.000000
0.151227
0.454910
0.664020
1.000000
0.670454
0.108434
0.319646
0.999784
0.115526
0.000000
0.094052
0.099375
0.133371
0.000000
0.320245
0.054631
0.028456
0.798030
0.322109
0.105123
1.000000
0.000000
0.683121
0.241023
0.568232
0.057432
0.087142
0.287397
0.141388
0.755548
0.389599
0.559013
0.882713
0.527477
0.084673
0.328575
0.249053
0.259881
0.000000
0.830062
0.113491
0.998114
0.003527
0.143956
0.103266
0.999988
0.143110
0.820001
0.017232
0.343645
1.000000
0.914613
0.800167
0.000000
0.000000
0.999999
0.241544
0.080117
0.042753
0.653406
0.000000
0.699185
0.793997
0.150727
0.150812
0.021929
0.223952
0.000000
0.614774
0.966292
0.351696
0.617883
0.026371
0.527343
0.284345
0.715550
0.205339
0.811917
0.999904
0.610570
0.022466
1.000000
0.258171
0.000000
0.097842
0.000000
0.854662
0.882921
0.789941
0.039058
0.919795
0.438785
0.025749
0.174820
0.322075
0.257118
0.594269
0.004940
0.038952
0.693576
0.374203
0.783936
0.589382
0.003436
0.710076
0.140534
0.286389
0.196993
0.911728
0.090348
1.000000
0.452801
0.987796
0.173476
0.754756
0.750143
0.838463
1.000000
0.000000
0.476078
0.405416
0.229380
0.360759
0.000000
1.000000
0.483361
0.403882
0.878122
0.801840
0.994877
0.435681
0.103503
1.000000
0.953121
0.994944
0.999971
0.105031
0.955772
0.200083
0.305269
0.988308
0.288357
0.304130
0.449144
0.293890
0.074273
0.528525
1.000000
0.224379
0.014367
0.000000
0.640111
1.000000
0.068140
0.396661
0.952033
0.999999
0.023830
0.766902
0.689208
0.847517
0.351222
0.290427
0.590118
0.832522
0.387548
0.000000
0.826050
0.988698
0.040240
0.242952
0.537354
0.006398
0.999772
0.000000
0.442855
0.444161
0.471571
0.038993
0.128477
0.997145
0.177596
0.496968
0.190139
0.131726
0.028617
0.999478
0.052986
0.213100
0.072258
0.298998
0.882841
0.622829
0.288765
0.760065
0.806444
0.411023
0.407060
0.062437
0.501763
0.333364
0.097590
0.999999
0.215741
0.505043
0.834487
0.678786
0.070047
0.472206
0.072658
0.007501
0.121965
0.093635
0.388387
1.000000
0.062256
1.000000
0.000000
0.077483
0.036509
0.679619
0.045055
0.023627
0.993418
0.741122
0.105455
0.052813
0.860236
0.888909
0.000000
0.056162
0.999442
0.146077
0.000000
0.000000
0.447602
1.000000
0.412331
0.082242
0.313378
0.974788
0.650420
0.997911
0.786665
0.134141
0.633323
0.997825
0.485810
0.190187
0.276744
0.124419
0.055493
0.309723
0.939132
0.050063
0.161068
0.000000
0.659104
1.000000
0.017041
0.148660
0.557746
0.369716
0.712037
0.044825
0.401930
0.148012
0.698551
0.282252
0.600520
0.999976
0.997364
0.230560
0.812136
0.022592
0.890031
0.098102
0.269245
0.638823
0.141058
0.244621
0.142588
0.916890
0.645040
0.168040
0.005722
0.958560
0.000000
0.176834
0.052418
0.976180
0.947930
0.442128
0.149379
0.229339
0.010261
0.867795
0.587279
0.998774
0.982079
0.699245
0.000000
0.967271
0.216062
0.542498
0.000000
0.454027
0.024621
0.000000
0.999818
0.768518
0.920093
0.000000
0.096040
0.000000
0.997235
0.097075
0.034734
0.999454
0.484701
1.000000
0.877228
0.247089
0.663837
0.012686
1.000000
0.199048
0.042053
0.207934
0.023493
0.469468
0.054969
0.000000
0.999995
0.548180
0.115355
0.311019
0.163754
0.764756
0.800002
0.537156
1.000000
0.187476
0.106743
0.136553
0.933555
0.402448
0.401478
0.468873
0.734049
0.029742
0.157922
0.679466
0.186470
0.999972
0.230159
0.230910
0.554680
0.249397
0.056107
0.578707
0.714106
0.992635
0.175948
0.330975
0.368590
0.059925
0.048642
0.000000
0.221091
0.784939
0.924266
0.946568
0.147400
0.297211
0.787183
0.059086
0.197386
0.105704
0.000000
0.778982
0.560041
0.113781
0.040534
0.421785
0.829807
0.000000
0.183171
0.997655
0.206359
0.006404
0.000000
0.146945
0.667809
0.000000
0.414730
0.022221
0.593467
0.794184
0.152852
0.038318
0.392844
0.032491
0.998361
0.531892
0.050269
0.054823
0.000000
0.510096
0.059652
0.163674
0.698338
0.000000
1.000000
0.290515
0.041918
1.000000
1.000000
0.285616
0.000000
0.161317
0.114121
0.747370
0.266623
0.807902
0.999866
0.333647
0.234760
0.766024
0.030223
0.150571
0.389647
0.491501
0.000000
0.028822
0.158089
0.000000
0.133689
0.978886
0.886014
0.987378
0.055532
0.432126
0.065529
0.976114
0.000000
0.234312
0.955970
0.056847
0.655077
0.000000
1.000000
0.259357
0.991667
0.276912
0.998403
0.945746
0.696818
0.724187
0.491749
0.071794
0.296875
0.071899
0.314694
0.099397
0.985693
0.004303
0.000000
0.984988
0.388815
0.702931
0.976340
0.139893
0.463021
0.310069
0.554689
0.000000
0.134118
0.997174
0.998280
1.000000
0.987971
0.304759
0.090038
0.692306
0.077110
0.250464
0.815507
0.886640
0.000000
0.045508
0.112237
0.049611
0.820693
0.989197
0.952154
0.763189
0.934506
0.492783
0.142741
0.999927
0.291335
0.039125
0.860520
0.761451
0.037056
0.977649
0.000000
0.199807
1.000000
0.661354
0.999350
0.031677
0.441638
0.229998
0.027627
0.409994
0.975093
0.131458
0.147495
0.252092
0.052819
0.148671
0.197880
0.844297
0.121316
0.767737
1.000000
0.823831
0.139889
0.292188
0.000000
0.019851
0.000000
0.010576
0.000000
0.902071
0.981037
0.000000
0.025653
0.306088
0.052266
0.164135
0.685761
0.223381
0.053110
0.986682
0.529892
0.889772
0.464911
0.922269
0.185225
0.941322
0.000000
0.082702
1.000000
0.302839
0.164030
0.610313
0.038347
0.176309
0.023368
0.319959
0.745071
0.115564
0.481159
0.340767
0.737495
0.111149
0.429173
0.033352
0.086998
0.892802
0.919737
0.000000
0.151631
0.043671
0.175158
0.367442
0.101905
0.444378
0.968514
0.107279
0.027676
0.034016
0.286977
0.214123
0.004843
0.755156
0.000000
0.402534
0.899068
0.000000
0.578977
0.499531
0.711394
0.259663
0.396353
0.092441
0.233713
0.288029
0.048799
0.097129
0.279811
0.850747
0.378662
0.782189
0.156712
0.996093
0.177493
0.940119
0.965380
0.398831
0.425102
0.998979
0.859991
0.942426
0.428933
0.149830
0.578617
0.789698
0.881420
0.602979
0.079801
0.941511
0.127055
0.656296
0.669669
0.000000
0.000000
0.311127
1.000000
0.834623
0.561036
0.996179
0.431857
0.007587
0.999871
0.173525
0.833690
0.782046
0.586978
0.869175
1.000000
1.000000
0.406874
0.303194
0.987035
0.000000
0.000000
0.054923
0.019792
0.139109
0.167825
0.271938
0.953922
0.198929
0.498368
0.000000
0.019411
0.099158
0.489421
0.993574
0.173948
0.007789
0.139526
0.000000
0.699230
0.000000
0.046005
0.870173
0.030878
0.181280
0.978350
0.217251
0.692939
0.117299
0.000000
1.000000
0.944827
0.338069
0.649682
0.420753
0.801374
0.389817
0.136755
0.710475
1.000000
0.850086
0.582356
0.678873
0.024911
0.000000
0.378026
0.260633
0.722407
0.359442
0.073733
0.012863
0.047900
0.328204
0.108304
0.409804
0.024966
0.760592
0.000000
0.984894
0.999870
0.000000
0.069795
0.652914
0.180787
0.857153
0.575564
0.166880
0.984744
0.244519
0.104107
0.341182
0.067200
0.998600
0.591508
0.921297
0.536020
0.861656
0.976923
0.000000
0.921341
0.746363
0.095514
0.328675
0.020476
0.181416
0.730990
0.947150
0.470645
0.865754
0.172033
0.967004
0.218171
0.440553
0.993059
0.982517
0.032846
0.041098
0.354078
0.000000
0.075413
0.000000
0.191954
0.590031
0.300460
0.000000
0.999983
0.080159
0.998414
0.875600
0.567172
0.243731
0.831559
0.977309
0.455583
0.905290
0.452541
0.844014
0.880931
0.343266
0.325398
0.201851
0.215360
0.743245
0.028984
0.875649
0.246332
0.060653
0.123497
0.292151
0.469284
0.209641
0.201775
0.115820
0.000000
0.640372
0.832174
0.000000
0.588147
0.721928
0.035833
0.864007
0.978404
0.289842
0.005703
0.973108
0.193706
0.203025
0.932862
1.000000
0.233226
0.803161
1.000000
0.699488
0.867324
0.053773
0.895178
0.000000
0.952162
0.982560
0.380437
0.830966
0.000000
0.995546
0.815081
0.999885
0.024483
0.562014
0.258517
0.217615
0.169082
0.946438
0.147811
0.135385
0.000000
0.184963
0.151210
0.988647
0.084563
1.000000
0.023994
0.725048
0.246764
0.000000
0.309015
0.105040
0.414505
0.130661
0.759003
0.714377
0.045051
0.203437
0.702120
0.272568
0.661025
0.000000
0.045746
0.501381
0.565955
0.588523
0.018174
0.956112
0.070842
0.117256
0.070724
0.106043
0.876426
0.000000
0.910875
0.979763
0.937582
0.370554
0.589546
0.709138
0.033755
0.004082
0.226481
0.986577
0.023713
0.072172
0.829418
0.213062
1.000000
0.110586
0.954388
0.968441
1.000000
1.000000
0.998485
0.770585
0.792638
1.000000
0.701946
0.404102
0.080768
0.854551
0.614200
0.000000
0.135830
0.000000
0.070100
0.088014
0.292855
0.474888
0.049062
0.646848
0.217203
0.087722
0.512045
0.047367
0.430894
0.078772
0.770818
0.812101
0.928323
0.032204
0.354014
0.024692
0.083718
0.214713
0.150207
0.959387
0.220171
0.185278
0.098932
0.293921
0.186533
0.036141
0.245764
0.113029
0.588297
0.999999
0.979165
0.171864
0.713390
0.322291
0.944406
0.418988
0.762256
0.995591
0.948370
0.019422
0.615396
0.382791
0.964196
0.172343
0.000000
0.000000
0.000000
0.196304
0.109189
0.000000
0.981504
0.715453
0.787725
0.151818
0.270203
0.474343
0.208968
0.175090
0.433123
0.000000
0.727835
0.436159
0.109364
0.118862
0.000000
1.000000
0.996781
0.924145
0.889097
0.141812
0.593071
0.914835
0.000000
0.425350
0.665208
0.999918
0.857203
0.161126
0.256288
0.652867
0.051157
0.568690
0.352463
0.973277
0.689339
0.122106
0.110296
0.926790
0.761237
0.453756
0.928665
0.036839
1.000000
0.063837
0.771939
0.699361
0.998365
0.016187
0.999165
0.000000
0.125449
0.581141
0.674668
0.049649
1.000000
0.225620
0.098862
0.000000
0.000000
0.892877
0.037659
0.152680
0.999484
1.000000
0.300711
0.771338
0.710534
0.276952
0.326451
0.217924
0.998030
0.621382
0.813437
0.891954
0.855564
0.989391
0.000000
0.995924
0.298255
0.816779
0.745726
0.970605
0.985628
0.196979
0.729314
0.000000
0.456874
1.000000
0.447699
0.300329
0.058201
0.013149
0.151035
0.999954
0.041338
0.933361
0.597164
0.086858
0.000000
1.000000
0.329302
0.373359
0.576277
0.000000
0.122789
0.019060
0.999778
0.722826
1.000000
0.783688
0.991045
0.999318
0.259586
0.238370
0.543137
0.005235
0.917525
0.999998
0.422422
0.203397
0.083782
0.065831
0.988765
0.378689
0.860495
0.026631
0.657207
0.270963
0.986284
0.556573
0.910157
0.146178
0.175693
0.514191
0.190578
0.000000
0.999741
0.059544
0.154447
0.076085
0.007995
0.999302
0.982078
0.984954
0.339330
0.773853
0.242001
0.279795
0.103498
0.602553
0.280417
0.045622
0.000000
0.904237
0.168127
0.753871
0.000000
1.000000
0.956486
0.077781
0.153610
0.954684
0.808183
0.959351
0.059291
0.386844
0.000000
0.038355
0.641901
0.373177
1.000000
0.000000
0.871800
0.276227
0.999754
0.999281
0.344419
0.202629
0.388705
0.573964
0.859414
0.620328
0.999989
0.122491
0.998773
0.080284
0.076381
0.660377
0.064827
0.556552
0.204021
0.891534
0.214122
0.707505
0.765292
0.151822
0.565110
0.284542
0.465172
0.182079
0.392674
0.663456
0.352350
0.000000
0.036981
0.008546
0.351733
0.753979
0.978715
0.066422
0.165795
0.623581
0.335126
0.425044
0.073410
0.276240
0.763573
0.045794
0.708032
0.071384
0.194511
0.704459
0.009265
0.758919
0.131047
0.000000
0.128725
0.707504
0.520678
0.860776
0.115890
0.475517
0.134899
0.571435
0.041323
0.750478
0.187515
0.195975
0.390053
0.261243
0.807905
0.190514
0.130182
0.000000
1.000000
0.029896
0.000000
0.052784
0.407960
0.061694
1.000000
0.497544
0.918226
0.067889
0.120191
0.694927
0.999847
0.645549
0.497938
0.008224
1.000000
0.031396
0.444478
0.935268
0.661073
0.556841
0.716843
0.204367
0.995200
0.361373
0.718260
0.999970
0.407296
0.293406
0.190380
0.436839
0.000000
0.458731
0.127288
0.000000
0.895223
0.988028
0.237776
0.753084
0.967756
0.320872
0.233200
0.061338
0.321248
0.900758
0.133815
0.169163
0.364398
0.986419
0.685515
0.287960
0.151224
0.011548
0.998909
1.000000
0.000000
0.787016
1.000000
1.000000
0.378613
0.999883
0.429689
0.076008
0.035714
0.753672
0.401213
0.362553
0.934353
0.798901
0.057198
0.999676
0.187076
0.677751
0.982947
0.996560
0.000000
0.909958
0.480094
0.166539
0.247794
0.000000
0.038202
0.751989
0.062889
0.168793
0.999971
0.080955
0.052375
0.179455
0.982868
0.199890
0.784742
0.518803
0.425314
0.061908
0.882592
0.556165
0.119677
0.066567
0.042026
0.287333
0.927519
0.931762
0.218582
0.017314
0.635646
0.009981
0.927560
0.263387
0.136102
0.853707
0.944024
0.405249
0.911817
0.791281
0.025146
0.140778
0.302166
0.374287
0.665160
0.874172
0.000000
0.522028
0.309385
0.101598
0.865294
0.347096
0.722675
0.000000
0.992553
0.000000
0.801654
0.071435
0.938085
0.000000
0.056923
0.646340
0.458374
0.545659
0.056516
0.009058
0.862011
0.931466
0.016388
0.468519
0.051437
0.989246
0.017481
1.000000
0.123104
0.625285
0.399111
0.138032
0.999946
0.998675
0.991475
0.034513
0.982163
0.013225
0.597434
0.940918
0.881635
0.210488
0.287717
0.000000
0.055237
0.025387
0.875291
0.143447
0.680142
0.000000
0.864530
0.756273
0.070076
0.523855
0.088988
0.175075
0.092887
0.867959
0.003320
0.412618
0.075304
0.000000
0.000000
1.000000
0.997551
0.015179
0.609519
0.099781
0.000000
0.809825
0.853375
0.367309
0.000000
0.471666
0.870586
0.998773
0.381401
0.943974
0.156559
0.062071
0.997324
0.951800
0.991779
0.227628
0.000000
0.491325
0.767792
0.138355
0.073695
0.171932
0.865037
0.466413
0.145274
0.145415
0.006200
0.188654
0.611728
0.000000
0.006922
0.791673
0.079308
0.130299
0.331878
0.390953
0.136990
0.000000
0.223010
0.082516
0.542626
0.141365
0.999985
0.750733
1.000000
0.999607
0.066878
0.997340
0.129271
0.996630
0.000000
0.236806
0.047471
0.494387
0.855897
0.938476
0.980617
0.967604
0.226274
0.233972
0.112663
0.826825
0.099063
1.000000
0.045287
0.998805
0.175206
0.583842
0.566150
0.000000
0.062257
0.000000
0.190893
0.331169
0.875757
0.947136
0.108673
0.094767
0.165256
0.143861
1.000000
0.160549
0.649984
0.987467
0.971435
0.496980
0.920992
0.099395
0.000000
0.197960
0.617470
0.503044
0.435850
0.040504
0.868372
0.133643
0.915920
0.285561
0.387882
0.505218
0.195435
0.000000
0.345957
0.884333
0.584314
0.246446
1.000000
0.597796
0.040061
0.066521
0.149961
0.125748
0.296434
0.338645
0.660539
0.938539
0.208525
0.000000
0.034793
0.068673
0.999988
0.827280
0.972755
0.104093
0.712953
0.372224
0.195924
0.670951
0.081078
0.926366
0.778274
0.000000
0.032738
0.352435
0.220041
0.953194
0.626253
0.022120
0.013870
0.241814
0.668085
0.062746
0.375039
0.899782
0.174476
0.851487
0.000000
0.818619
0.771133
0.999998
0.190645
0.007999
0.999565
0.235713
0.020792
0.286475
0.934838
0.893124
0.240064
0.994340
0.166703
0.605798
0.031745
0.084880
0.075094
0.074074
0.089005
0.702156
0.000000
0.029706
0.024545
0.238516
0.101078
0.252630
0.651715
0.708740
0.019639
0.999989
0.834879
0.438906
0.065474
0.029440
0.997521
0.185765
0.753157
0.453742
0.986651
0.813909
0.475450
0.054867
0.056838
0.179612
0.545493
1.000000
0.222019
0.722967
0.959354
0.207313
0.922707
0.074642
0.330048
1.000000
0.398716
0.000000
0.432774
0.013097
0.092975
0.311411
0.127114
0.338512
0.960854
0.999701
0.980730
0.285118
0.236207
0.315987
1.000000
0.859210
0.347340
0.340745
0.810797
0.474168
0.999989
0.545654
0.999781
0.753802
0.323424
1.000000
0.885303
0.900704
0.968119
0.984291
0.999926
0.279485
0.924349
0.604274
0.042605
1.000000
0.613685
0.393493
0.760291
0.127055
0.000000
0.956570
0.960411
0.080393
0.000000
0.263867
0.549884
0.999756
0.682683
1.000000
0.012670
0.479396
0.018760
0.981900
0.000000
0.587982
0.961512
0.614001
0.052165
0.162833
0.120125
0.096644
0.272666
0.074220
0.139153
0.604105
0.022649
0.388330
0.384368
0.086010
0.484209
0.516968
0.246743
0.182760
0.951857
0.000000
0.996399
0.499475
0.903382
0.326255
0.200940
0.816002
0.955073
0.389665
0.110174
0.620427
0.748040
0.538150
0.116239
0.639781
0.605847
0.417451
0.712613
0.000000
0.119353
0.151634
0.372791
0.727163
0.059944
0.109141
1.000000
0.082954
0.314952
0.657498
0.231479
0.044028
0.685891
0.650365
0.992247
0.164931
0.098738
0.910555
0.611679
0.113324
0.162558
0.428890
0.023747
0.000000
0.000000
0.472272
0.315187
0.614084
1.000000
0.780847
0.778970
0.150359
0.607010
0.045681
0.204590
0.309187
0.438333
0.204249
1.000000
0.820914
0.886179
0.263940
0.970198
0.032030
0.096259
1.000000
0.097301
0.080144
0.000000
0.181743
0.783653
0.903977
0.150704
0.353445
0.000000
0.414481
0.228571
0.657559
0.410997
0.234584
0.955032
0.527796
0.029674
0.087020
0.952625
0.992875
1.000000
0.788582
0.689083
0.381282
0.000000
0.792987
0.507055
0.816562
0.175918
0.229298
0.242945
0.048714
0.874159
0.706107
0.292958
0.349268
1.000000
0.052212
0.245036
0.295894
0.980187
0.061752
0.452627
0.271360
0.085878
0.513579
0.092021
0.490459
0.000000
0.474833
0.082726
0.251079
0.037063
0.000000
0.125720
0.951197
0.614350
0.064819
0.708767
0.290242
0.734680
0.975025
0.241832
0.898631
0.537161
0.082832
0.281631
1.000000
0.053118
0.970067
0.032664
0.733670
0.203976
0.866118
0.047786
0.507959
1.000000
0.149602
0.468204
0.135709
0.084778
0.961153
0.113737
0.983266
0.302528
0.208761
0.668251
0.544626
0.238555
0.429641
0.000000
0.252882
0.143047
0.997822
0.018863
0.282716
0.158977
0.000000
0.000000
0.598690
0.036655
0.472446
0.135750
0.211689
0.564885
0.108509
0.232920
0.582897
0.195766
0.964423
1.000000
0.063571
0.272627
0.018466
0.602114
0.991277
0.514846
0.311826
0.395724
0.869585
0.766553
0.808690
0.064358
0.592605
0.087980
0.867804
0.320394
0.263186
0.127927
0.633301
0.698310
0.402284
0.981191
0.014041
0.361959
0.193319
0.845295
0.286180
0.835955
0.084794
0.000000
0.659676
0.662439
0.000000
0.666171
0.103866
0.210175
0.672514
0.271528
0.132503
0.272411
0.267928
0.654528
0.571645
0.091777
0.000000
0.994081
0.999998
1.000000
0.351331
0.998283
0.937577
0.941645
0.220067
0.030915
0.583669
0.301879
0.778228
0.228856
0.205547
0.908638
0.105973
0.131187
0.990496
0.986891
0.918592
0.426044
0.161305
0.160650
0.180127
0.293572
0.989813
0.999999
0.803915
0.112476
0.818879
0.997908
0.003266
0.444616
0.512013
0.312539
0.640733
0.817840
0.971343
0.136902
0.882608
0.263550
0.211877
0.306059
0.376050
0.002296
0.145027
0.178405
0.000000
0.695251
0.137865
0.999713
0.716955
0.062754
0.651851
0.597954
0.000000
0.997241
0.648503
0.087341
0.048340
0.106747
0.115857
0.487158
0.801166
0.999411
0.917514
0.169389
0.998995
1.000000
1.000000
0.963721
0.000000
0.018261
0.209524
0.932087
0.113592
0.450124
0.079949
0.034275
0.881704
0.036371
0.802327
0.547554
0.774220
0.089635
0.036408
0.211351
0.955354
0.927847
0.672531
0.057066
0.217783
0.328419
0.232241
0.821186
0.716090
0.727508
0.028168
0.989181
0.823769
0.710355
0.010123
0.040276
0.142535
0.000000
0.104305
0.436747
0.582473
0.065749
0.074953
0.017030
0.643341
0.996169
0.268302
0.994788
0.989304
0.017472
0.117541
0.280941
0.149453
0.090224
0.952267
0.880002
0.782266
0.309419
0.498606
0.828158
0.000000
0.901723
0.992943
0.867194
0.286017
0.123977
0.250899
0.350293
0.933402
0.598611
1.000000
0.044685
0.000000
0.000000
0.346140
0.545893
0.067066
0.206502
0.662920
0.140297
0.633328
0.387469
0.203585
0.000000
0.994508
0.717935
0.446811
0.999958
0.982976
0.213355
0.036043
0.484680
0.152355
0.026713
0.090587
0.304621
0.999054
0.364745
1.000000
0.243336
0.037311
0.144699
0.069605
0.299843
0.154848
0.999998
0.109099
0.304453
0.455325
0.000000
0.562488
0.075860
0.350511
0.625916
1.000000
0.837252
0.960511
0.059163
0.000000
0.159470
0.548540
0.000000
0.383009
0.966905
0.095707
0.065574
0.620177
0.205232
0.263370
0.315264
0.589429
0.732103
0.008336
0.027839
0.997686
0.986103
0.408764
0.895378
0.385755
0.566800
0.810448
0.382001
0.048525
0.271643
0.318198
1.000000
0.152829
0.000000
0.117316
0.778492
0.043346
0.999795
0.038726
0.079370
0.059615
0.555598
0.205149
0.862535
0.089058
0.999967
0.167344
0.854902
0.638778
0.073581
0.235363
0.043185
0.220787
0.585540
0.972442
0.864559
0.511134
0.607493
0.494082
0.706014
0.822202
0.756837
0.361882
1.000000
0.785842
0.908586
0.172771
0.000000
0.000000
0.000000
0.188307
0.439990
0.855726
0.999592
0.006927
0.999065
0.800776
0.762149
0.999908
0.944261
0.389543
0.948617
0.976484
0.154797
0.535041
0.050954
0.403970
0.000000
0.796435
0.900979
0.954358
0.040545
1.000000
0.615532
0.696443
0.565172
0.395711
0.867287
0.037150
0.152087
0.999757
0.938357
0.000000
0.080298
0.200489
0.277918
0.002812
0.801749
0.323551
0.976606
0.106066
0.420440
0.931727
0.976280
0.655562
0.000000
0.000000
0.989811
0.019465
0.941366
0.989306
0.501126
0.998406
0.403118
0.891615
0.579336
0.951435
0.809797
0.249608
0.719986
0.063013
0.836419
0.132212
0.453461
0.569434
0.277480
0.010031
0.125119
0.105464
0.086797
0.641441
0.833095
0.770704
1.000000
0.000000
0.383917
0.000000
0.075577
0.999994
0.091408
0.156370
0.916290
0.011166
0.594015
0.318932
0.780606
0.205960
1.000000
0.979472
0.178124
0.878274
0.062656
0.218933
0.880753
0.076901
0.104407
0.174979
1.000000
0.083528
0.467998
0.520695
1.000000
0.980303
0.023974
0.086276
0.981243
1.000000
0.411480
0.284006
0.997149
0.000000
0.947994
0.812845
0.036520
0.374406
0.306044
0.327568
0.988013
0.998638
0.160001
0.936031
0.181620
0.969162
0.971443
0.435322
0.203061
1.000000
0.138521
0.918225
0.706822
0.999743
0.083876
0.223154
0.014051
0.999476
0.484249
0.311351
0.279357
0.213001
0.000000
0.942987
0.000000
0.571206
0.142477
0.000000
0.117358
0.522186
0.331282
1.000000
0.881970
0.440092
0.999573
0.540589
0.372627
0.998713
0.103220
0.030598
0.999965
0.262552
0.552146
0.090757
0.455494
0.725550
0.711058
0.647509
0.830075
0.024989
0.501188
0.924176
0.170813
1.000000
0.956902
0.827896
0.122576
0.674598
0.779509
0.238584
0.806810
0.396021
0.229119
0.958395
0.999998
0.114278
0.998499
0.118133
0.741409
0.276647
0.289558
0.000000
0.195934
0.001915
0.551463
0.951731
0.869994
0.921819
0.999930
0.969742
0.000000
0.410982
0.242157
0.103871
0.142068
0.000000
0.999279
0.105724
0.000000
1.000000
0.962610
0.305570
0.019065
0.678141
0.487020
0.971455
0.016239
0.435115
0.000000
0.068664
0.164234
0.089465
0.559683
0.928845
0.607325
0.693006
0.066253
0.000000
0.031655
0.881741
1.000000
0.273922
0.281988
0.448221
0.303789
0.978852
0.316254
0.714945
0.871037
1.000000
0.187401
0.249396
0.999991
0.358801
0.995402
0.089633
0.451173
0.806555
0.674270
0.723770
0.323251
0.903407
0.480359
0.335035
1.000000
0.069311
0.026701
0.419249
0.024486
0.389767
0.168950
0.000000
0.264054
0.826777
0.188787
0.237611
0.118454
0.275585
0.097435
0.992215
0.968044
0.614909
0.999999
0.783653
0.284089
0.524425
0.244814
0.000000
0.073509
0.759957
0.027015
0.424009
0.000000
0.772064
0.173049
0.579016
0.000000
0.999905
0.992264
0.056768
0.000000
0.020487
0.025033
0.159525
0.321422
0.025139
0.368498
0.419215
0.013514
0.051310
0.901143
0.349438
0.999653
0.391881
0.820347
0.919487
0.126312
0.097521
0.999873
0.911491
0.040064
0.092099
0.056058
0.548189
0.685242
0.332125
0.116227
0.607302
0.713393
0.857575
0.836902
0.999918
0.378249
1.000000
0.736285
0.258397
0.060244
0.000000
0.699245
0.077120
0.762476
0.354904
0.644078
0.603171
0.998557
0.552987
0.521383
0.526523
1.000000
0.221182
0.906501
0.999944
0.000000
0.804915
0.515572
0.999392
0.316673
0.225798
0.428160
0.972009
0.021390
0.000000
0.999994
0.093971
0.949068
0.304230
0.811153
0.104135
0.058988
0.046662
0.142787
0.541500
0.818000
0.989884
1.000000
0.181172
0.605013
0.000000
0.180782
0.821862
0.690475
0.979723
0.263768
0.000000
0.022080
0.441723
0.000000
0.166291
0.050972
0.346337
0.052328
0.128961
1.000000
0.060597
0.035177
1.000000
0.987992
0.867751
0.145584
0.769196
0.500586
0.921776
1.000000
0.066073
0.974114
0.346760
0.445262
0.999998
0.063294
0.878495
0.928570
0.000000
0.352876
0.631756
0.463527
0.992893
0.000000
0.957223
0.999679
0.698810
0.996269
0.908958
0.182034
0.952016
0.674131
0.869969
0.083712
1.000000
0.000000
0.974583
0.969534
0.141518
0.210036
0.021477
0.171434
0.065135
0.674490
0.075976
0.318742
0.183656
0.875288
0.365151
0.022405
0.246814
0.412145
0.508213
0.067191
1.000000
0.059655
0.710740
0.475968
0.543063
0.999965
0.000000
0.276280
0.641083
0.140715
0.625962
0.101622
0.655357
0.977033
0.000000
0.710165
0.002007
0.620138
0.183156
0.006643
0.263902
0.052778
0.743323
0.033463
0.550504
0.352136
0.965565
0.999684
0.750957
0.479256
0.041002
0.183196
0.094766
0.221261
0.395296
0.000000
0.215751
0.999771
0.083498
0.137594
0.863928
0.116473
0.558205
0.386559
0.324068
0.936852
0.215099
0.640904
0.981594
0.947531
0.121425
0.852377
0.989723
0.124984
0.969762
0.000000
0.756393
0.030027
0.522972
0.342924
0.149037
0.956816
0.000000
0.707830
0.222161
0.689332
0.180889
0.925589
0.025720
0.602640
0.374318
0.114191
0.047547
0.918751
0.304394
0.596437
0.133170
1.000000
0.000000
0.814050
0.076301
0.054422
0.952504
0.973996
0.992047
0.000000
0.234969
0.903271
0.013086
0.499028
0.757739
0.215750
0.157989
0.101509
0.177056
0.263528
0.371697
0.999935
0.948681
0.276585
0.336910
0.203662
0.958189
0.193042
0.059810
0.393175
0.985244
0.076426
0.803335
0.908871
0.098336
0.242060
0.830830
0.496870
0.087522
0.999990
1.000000
0.956179
0.568848
0.181037
0.740095
1.000000
0.069828
0.321524
0.084819
0.925689
0.092389
0.993014
0.041260
0.639959
0.589327
0.961148
0.000000
0.056546
0.827080
0.069224
0.055147
0.296489
0.820302
0.909056
0.976873
0.646539
0.326467
0.147918
0.195096
0.488322
0.000000
0.404322
0.088133
0.756201
0.009025
0.214993
0.664169
0.140465
0.996264
0.917402
0.111587
0.158307
0.607753
0.000000
0.608536
0.000000
0.126454
0.986530
0.759959
0.642453
0.981436
0.170499
0.296097
0.839611
0.637259
0.745998
1.000000
0.000000
0.480712
0.068954
0.517503
0.093224
0.030242
0.680422
0.997721
1.000000
0.478874
0.999621
0.586753
0.004181
0.205364
0.327572
0.153112
0.009507
0.219189
0.646807
0.104073
0.386222
0.886975
0.019626
0.998145
0.161678
0.100138
0.959275
0.059322
0.074293
0.000000
0.998579
0.160695
0.481000
0.997058
0.096296
0.000000
0.976523
0.809662
0.998502
0.527643
0.016358
0.177524
0.999990
0.192383
0.902988
0.428871
0.350446
0.593601
0.256110
0.995389
0.081647
0.851763
0.973686
0.985753
0.158694
0.664693
0.711986
0.356205
0.254575
0.038537
0.120947
0.386621
0.996524
0.558472
0.800551
0.305297
0.032833
0.855051
0.236177
0.293780
0.760432
0.010710
0.616864
0.350134
0.169898
1.000000
0.000000
0.597573
0.000000
0.039628
0.081439
0.190944
0.988200
1.000000
0.637841
0.954581
0.604766
0.235612
0.406008
0.207292
0.100428
0.001647
0.519517
0.996795
0.698004
0.000000
0.999966
0.026512
0.690662
0.159401
0.615832
0.961364
0.462913
0.980621
0.203849
0.153824
0.843917
0.039168
0.101083
0.981561
0.929194
0.584517
0.000000
0.999971
0.496824
0.954267
0.683337
0.610989
0.411284
1.000000
0.585730
0.325869
0.103510
0.013604
0.930921
0.730511
0.108682
0.433107
0.185036
0.475739
0.706729
0.982355
0.232685
1.000000
0.062341
0.104441
0.658508
0.247842
0.148670
0.683624
0.953861
0.105880
0.973980
0.524316
0.593241
0.665288
0.322012
0.066330
0.052994
0.056766
0.038999
0.610852
0.601872
0.100896
0.441375
0.001456
0.876715
1.000000
0.997492
0.499927
0.342311
0.421054
0.000000
0.025953
0.208031
0.989829
0.806326
0.947250
0.246480
0.016587
0.313781
0.999053
0.132007
0.896788
0.023399
1.000000
0.994765
0.265243
0.069869
0.000000
1.000000
0.396175
1.000000
0.333802
0.176661
0.225779
0.004935
0.904421
0.488700
0.249350
1.000000
0.989166
0.409074
0.800604
0.000000
0.758802
0.999992
0.416034
0.280980
0.909969
0.274015
0.953917
0.041617
0.167906
0.203825
0.526474
0.015067
0.170624
0.418463
0.815097
0.000000
0.432767
0.412969
0.318560
0.149309
0.957820
0.299145
0.384054
0.523172
1.000000
0.906371
0.274545
0.000000
0.853157
0.850751
0.252200
0.445685
0.999998
0.390065
0.227999
0.997928
0.984103
0.000000
0.296724
0.267541
0.542523
0.772519
0.964890
0.000000
0.190305
0.434693
0.087128
0.067333
0.008332
0.979797
0.996377
0.144611
0.471105
0.676711
0.193989
0.249957
0.773868
1.000000
0.042636
0.528563
0.097378
0.748798
0.295401
0.722419
1.000000
0.809904
0.245976
0.197515
0.147407
0.093260
1.000000
0.996941
0.728525
0.000000
0.131935
0.416709
0.764499
0.874346
0.576949
0.659227
1.000000
0.491981
0.999756
0.999940
0.120956
0.305549
0.933928
0.000000
0.516972
0.979407
0.000000
0.638082
0.377786
0.000000
0.129339
1.000000
0.989912
0.746549
0.554497
0.191292
0.129394
0.285956
0.583693
0.643278
0.331482
0.998264
1.000000
0.989458
0.184255
0.000000
0.065551
0.070525
0.611516
0.728817
0.177155
1.000000
1.000000
0.016384
0.999988
0.339527
0.817274
0.911397
0.026102
0.283880
0.347636
0.883090
0.420008
0.259912
0.879200
0.000000
0.138370
0.000000
0.913687
0.093665
0.045578
0.647669
0.404427
1.000000
0.657048
0.972067
0.013350
0.191992
0.672810
0.540017
0.951063
0.010940
0.991385
0.028832
0.392642
0.882224
0.138500
0.420977
0.878664
0.559746
0.134214
0.298765
0.012409
0.117410
1.000000
0.000000
0.157404
0.000000
0.048907
0.034897
0.798118
0.653824
0.022790
0.999980
0.089077
0.057663
0.965095
0.521380
0.726712
0.280404
0.693458
0.206734
0.317282
0.028650
0.271752
0.218164
0.953445
0.999758
0.000000
0.104677
0.113535
0.406813
0.292838
0.451828
0.963873
0.300278
0.407979
0.450539
0.784228
0.853265
0.000000
0.000000
0.980623
0.000000
0.489983
0.599644
0.102961
0.013075
0.254459
0.244493
0.000000
0.111126
0.071606
0.640382
0.116629
0.093139
0.831601
0.290576
0.492367
0.018188
0.645523
0.000000
0.629640
0.997247
0.466607
0.116485
0.080538
0.994717
0.023513
0.042353
0.036847
0.000000
0.894388
0.404973
0.026305
0.606838
0.675653
0.502721
0.090137
0.682037
0.553351
0.705992
1.000000
0.749488
0.066358
0.928613
0.575661
0.704153
0.968569
0.234452
0.679123
0.273832
0.946283
0.000000
1.000000
0.033002
0.864940
0.995463
0.573498
0.000000
0.665482
0.372662
0.209669
0.998517
0.567022
0.147456
0.690013
0.035327
0.083979
0.123454
0.156044
0.261542
0.299937
0.609620
0.632498
0.244279
0.000000
0.210228
0.726764
0.272413
0.999605
0.319907
0.000000
1.000000
0.000000
0.629115
0.075556
0.161181
0.423955
0.647713
0.246812
0.267023
0.450754
0.881247
0.076074
0.199318
0.027526
0.786188
0.853586
0.997564
1.000000
0.000000
0.999952
0.438188
0.864089
0.999499
0.405506
0.147885
0.911196
0.776964
1.000000
0.822424
0.712773
0.374578
1.000000
0.122903
1.000000
0.000000
0.680899
0.973576
0.686224
0.307001
0.000000
0.998587
0.996919
0.710356
0.058425
0.172383
0.275197
0.999977
0.025390
0.291221
0.893222
0.076717
0.998313
0.073698
0.999999
0.509944
0.030520
0.114742
0.565420
1.000000
0.572540
0.999994
0.230775
0.999993
0.377768
0.927749
0.219348
0.873204
0.034875
0.430598
0.068799
0.999995
0.064055
1.000000
0.347213
0.512663
0.078099
0.126312
1.000000
0.088652
0.927416
0.022161
0.126658
0.825570
0.999746
0.985931
0.131642
0.640727
0.024092
0.995280
0.960560
0.982497
0.101578
0.592334
0.274273
0.339950
0.205804
0.435451
0.140148
0.965116
0.608767
0.105962
0.930606
0.998485
0.323270
0.835263
0.117574
0.072583
0.426131
0.222577
0.069837
0.875332
0.986282
0.770003
0.973865
0.228838
0.684550
0.342754
0.408874
0.034403
0.913775
1.000000
0.736821
0.218936
0.999999
0.334474
0.969291
0.923698
0.372350
0.981531
0.803934
0.040261
0.105598
0.915287
0.997495
0.697884
0.243322
0.000000
0.000000
0.997422
0.121211
0.975077
0.730947
0.079963
0.625586
0.845019
0.026401
0.141063
0.990110
0.593153
0.777168
1.000000
0.869994
0.103682
0.816046
0.149956
0.000000
0.305990
1.000000
0.989868
0.691766
0.200876
0.278363
0.641448
0.295557
0.995634
0.206664
0.570231
0.127070
0.198789
0.720461
0.152609
0.294049
0.986715
0.035040
0.341758
1.000000
0.383670
0.217413
0.338622
1.000000
0.952282
0.729651
0.343391
0.999976
0.817256
0.204376
0.177228
0.068802
0.407276
0.849872
0.900064
0.462077
0.019061
0.234555
0.039725
0.879550
1.000000
0.144948
0.144145
0.322069
0.152436
0.762273
0.832384
0.653292
0.259193
0.341593
0.988027
0.992079
0.895555
0.866713
0.780086
0.943375
0.017854
0.353847
0.963121
1.000000
0.589980
0.999568
0.177496
0.065097
0.962205
0.121584
0.994505
0.080255
0.867922
0.994971
0.999495
0.316540
0.276825
0.480851
0.178785
0.819213
0.171341
0.999494
0.021845
0.022584
0.000000
0.443179
0.862702
0.329406
0.000000
0.930666
0.051721
0.440178
0.999674
0.981435
0.320532
0.130987
0.376169
0.973723
0.064173
0.082825
0.000000
0.998434
0.819318
0.791391
0.699872
0.400564
0.543303
0.308967
0.205942
0.916715
1.000000
0.250675
0.671224
0.964554
0.999985
0.836547
0.151377
0.998819
0.597296
0.479976
0.745541
0.388339
0.871099
0.418494
0.243152
0.404029
0.729944
0.277181
0.972747
0.334017
0.847942
0.165242
0.320506
0.730863
0.597482
0.016528
0.321501
0.103012
0.983987
0.921098
0.037120
0.990540
0.999988
0.807207
0.405173
0.593482
0.045330
0.982301
0.202126
0.018814
0.428130
0.169328
0.773678
0.139109
0.517219
0.095333
0.046069
0.999498
0.605714
0.094436
0.165017
0.088017
0.211988
1.000000
0.514650
0.224781
0.264689
0.999988
0.087126
0.467122
0.984829
0.999997
0.765215
0.599977
0.956318
0.018517
0.140559
0.952025
0.887519
0.724019
0.700932
0.217378
0.077183
0.671592
0.650879
0.155674
0.059972
0.000000
0.325528
0.473240
0.569724
0.310174
0.025962
0.989003
0.000000
0.543414
0.728924
0.246399
0.080694
0.415615
0.000000
0.999988
0.999129
0.947231
0.324192
0.286660
0.898190
0.066358
0.396990
0.458981
0.121983
0.207944
0.989215
0.023658
0.987372
0.050400
0.176686
0.118591
0.360020
0.802252
0.656302
0.294770
0.895571
0.000000
0.103241
0.033584
0.377554
0.295228
0.000000
0.056895
0.701591
0.000000
0.344088
1.000000
0.171297
0.869030
0.000000
0.056743
0.037767
0.579719
0.045970
0.860621
0.619197
0.999920
0.906141
0.003724
0.495882
0.697056
0.999998
0.994398
0.003555
0.999594
0.380448
0.999131
0.000000
0.040651
0.275171
0.695709
0.771979
0.045304
0.998515
0.068714
0.255295
0.909586
0.766375
0.088507
0.180556
1.000000
0.531169
1.000000
0.997051
0.974916
0.999229
0.999135
0.685223
0.899825
0.998498
0.999991
0.000000
0.039567
0.307227
0.294734
0.221055
1.000000
0.136076
0.248266
0.984557
0.871635
1.000000
0.999834
0.604381
0.019352
0.000000
0.340743
0.000000
0.070688
0.553911
0.702884
0.270638
0.981695
0.898269
0.120334
0.669812
0.473029
0.134278
0.991672
0.800287
0.174721
0.038272
0.134054
0.285814
0.146910
0.836685
0.777295
0.811069
0.348792
0.696032
0.000000
0.000000
0.017014
0.028655
0.213567
0.492719
0.349652
0.409912
0.667319
0.529005
0.627210
0.361922
0.170602
0.079004
0.419755
0.000000
0.174973
0.000000
0.397949
0.989764
0.238213
0.757749
0.015468
0.000000
0.704874
0.924952
0.640487
0.752633
0.836521
0.944686
0.082128
0.000000
0.905326
0.075543
0.150541
0.520123
0.790798
0.002825
0.750850
0.000000
0.108359
0.109951
0.493596
0.999999
0.184820
0.406405
0.059779
0.754369
0.037088
0.113567
0.014079
0.970979
0.189134
0.000000
0.292934
0.096412
0.171474
0.035543
1.000000
0.091726
0.000000
0.990184
0.571444
0.225258
0.389619
0.999513
0.147009
0.127747
0.053074
0.618308
1.000000
0.883186
0.026818
1.000000
0.332783
0.038619
0.396412
0.391508
0.230249
0.329176
0.460601
0.727855
0.020753
0.775559
0.825471
0.238057
0.465934
0.999992
0.999668
0.076353
0.726388
0.767082
0.389932
1.000000
0.977686
0.136417
0.236416
0.441883
1.000000
0.097633
0.153463
0.077003
0.000000
0.764272
0.573769
0.356008
0.178730
0.165618
0.975236
0.377905
0.995273
0.990728
0.090638
0.166405
0.272504
0.999611
0.209151
0.050523
0.238126
0.354374
0.662610
0.097352
0.262947
0.669002
0.956599
0.693398
0.959686
0.614178
0.123979
0.441426
0.321927
0.955667
0.434584
0.038704
0.914243
0.048166
0.513405
0.305358
0.631833
0.000000
0.694355
0.060133
0.963059
0.558724
0.970059
0.999972
0.057836
0.175399
0.045685
0.993751
0.063816
0.212737
1.000000
0.723449
0.916278
0.032255
0.024223
0.309578
0.094544
1.000000
0.873358
0.016579
0.592644
0.342974
0.039092
0.992423
0.841428
0.605347
0.125940
0.452459
0.124241
0.340459
0.251747
0.431839
0.240714
0.335883
0.974742
0.185438
0.078862
0.131350
0.000000
0.107114
0.296486
0.012955
0.037271
0.368533
0.069541
0.211058
0.831720
0.999955
0.041743
0.508356
0.921572
0.893218
0.448989
0.492431
0.321304
0.993447
0.080624
0.000000
0.713082
0.335585
0.414268
0.022030
0.846657
0.919436
0.124016
0.464004
0.191034
0.511756
0.980147
0.999904
0.113239
0.497996
0.450971
0.999824
0.000000
0.360004
0.537082
0.195242
0.125916
0.316095
0.174663
0.936510
0.781678
0.000000
0.756031
0.067717
0.992973
0.531178
0.252979
0.999533
0.665088
0.208201
0.999045
0.058385
0.031135
0.118036
0.323117
0.120821
0.749335
0.953144
0.024629
0.692597
0.794422
0.884483
0.000000
0.190573
0.000000
0.109369
0.996791
0.000000
0.920084
0.687370
0.646490
0.544646
0.433903
0.019319
0.140574
0.530002
0.634689
0.946104
0.891375
0.046986
0.000000
0.054818
0.139976
0.476168
0.760796
0.053553
0.431120
0.122680
0.339392
0.164061
0.221418
0.134487
0.999928
0.215751
0.218222
1.000000
0.145680
0.343621
0.101200
0.336445
0.021462
0.999365
0.449105
0.035486
0.505827
0.058309
0.066938
0.507072
0.990856
0.897733
0.675715
0.087114
0.043630
0.000000
0.730454
0.532670
0.510672
0.645401
0.589856
0.000000
0.600163
1.000000
0.501919
0.698594
0.526828
0.998529
0.070389
0.121102
0.663168
0.294409
0.163176
0.406821
0.892371
0.022166
0.955862
0.338627
0.250106
0.154766
0.012146
0.112326
0.115324
1.000000
0.933129
1.000000
0.984607
0.215404
0.246878
0.000000
0.206853
0.000000
0.491233
0.534173
0.999814
0.852872
0.302973
0.040931
0.157966
0.317089
0.051592
0.022385
0.146458
0.827686
0.910828
0.568584
0.032696
1.000000
0.288070
0.106621
0.210204
0.819889
0.573384
0.165440
0.174933
0.962677
0.134180
0.230114
0.053782
0.006770
0.714706
0.085582
0.383721
0.609513
0.593715
0.110422
0.463327
0.885903
0.052220
0.266620
0.296892
0.999953
0.997852
0.860130
0.973755
0.097823
0.329076
0.163773
0.118269
0.819238
0.000000
1.000000
0.255724
0.581289
0.089512
0.041200
0.958349
0.466790
0.130672
1.000000
0.999991
0.763455
0.992076
0.401430
0.999982
0.173595
0.046036
1.000000
0.670770
0.994233
0.025269
1.000000
0.351117
0.826397
0.936680
0.030867
0.856139
1.000000
0.078335
0.889077
0.876263
0.960193
0.999999
0.894207
0.000000
0.113577
0.722428
0.999991
0.717566
0.151871
0.223496
0.237324
0.000000
0.923194
0.431523
1.000000
0.999972
0.000000
0.732119
1.000000
0.207886
0.652641
0.730570
0.648318
0.492678
0.986362
0.070626
0.253919
0.785424
0.000000
0.653161
0.064653
0.055608
0.195522
0.902389
0.996002
1.000000
0.917016
0.241437
0.938407
0.150584
0.000000
0.550877
0.020991
0.011837
0.973347
0.194582
0.405589
0.964314
0.185588
1.000000
0.757849
0.650845
0.479263
0.446257
0.000000
0.569697
0.148668
0.001609
0.159789
0.132164
0.869543
0.773518
0.597480
0.126068
0.169102
0.986711
0.000000
0.854018
0.990701
0.227917
0.028714
0.501430
0.234955
0.257193
0.853550
0.874083
0.136067
0.000000
1.000000
0.072635
0.057878
0.262199
0.282854
0.255590
0.040174
0.000000
0.998216
0.178774
0.101444
0.065283
0.933746
0.435284
0.965314
0.038396
0.910049
0.642671
0.065763
0.979957
0.024368
0.000000
0.023966
0.301139
0.000000
0.999684
0.895337
0.093713
0.099078
1.000000
0.076048
0.956886
0.407925
0.342995
0.946406
0.002825
0.929410
0.483200
0.896156
0.049448
0.986341
0.063721
0.000000
0.168991
0.999998
0.028446
0.363404
0.999608
0.555648
0.953575
0.843810
0.970333
0.981905
0.113046
0.096684
0.071526
0.608585
0.013742
0.917518
0.217700
0.000000
0.023465
0.032631
0.031910
0.836565
0.920579
0.260633
0.125717
0.761868
0.703459
0.095248
0.944458
0.782810
0.107591
0.000000
0.463423
0.080344
0.373007
0.928327
0.340811
0.360826
0.733223
0.685065
0.518842
0.258574
0.662471
0.423132
0.061016
0.239794
0.055390
0.749612
0.117701
1.000000
1.000000
0.074122
0.313049
1.000000
0.081030
0.154939
0.032316
0.098385
0.664892
0.109848
0.946526
0.441271
0.515273
0.402646
1.000000
0.253139
0.681068
0.148267
0.000000
0.998478
0.681671
0.754457
0.236692
0.034945
0.828167
0.264718
0.412370
0.031656
0.135075
0.474755
0.658251
0.127694
0.082285
0.872821
0.777798
0.016574
0.961629
0.906959
0.021531
0.013894
0.695047
0.392783
0.492874
0.624646
0.793032
0.263757
0.266987
0.058432
0.455904
0.871415
0.884178
0.305933
0.022380
0.930370
0.225434
0.002363
0.395350
0.999006
0.191558
0.252407
0.109066
0.951273
0.993485
0.795751
0.000000
0.999984
0.975367
0.083228
0.763163
0.134359
0.571230
0.000000
0.515514
0.996554
0.120093
0.971669
0.743182
0.828341
0.346336
1.000000
0.467390
0.246401
0.999999
0.175685
0.966627
0.335776
0.803865
0.999992
0.013618
0.019013
0.057739
0.038555
0.736937
0.606228
0.855660
0.000000
0.343262
0.303462
0.372998
1.000000
0.990139
0.000000
0.575731
0.787693
0.982309
0.364601
0.393590
0.439862
0.114613
0.164764
0.074811
1.000000
0.250255
0.116304
0.843413
0.933649
0.142763
0.093093
0.167414
0.972389
0.049942
0.000000
0.475128
0.113222
1.000000
0.999133
0.164786
0.101706
0.000000
0.290338
0.918950
0.662792
0.133597
0.978347
0.883611
0.790928
0.049833
0.030791
0.208089
0.384889
0.981924
0.981934
0.126282
0.864898
0.216812
0.461627
0.764313
0.153671
0.185657
0.162621
0.919808
0.999984
0.672380
0.024310
0.859813
0.696090
0.957479
0.548339
0.038854
0.998207
0.870425
0.981705
0.739291
0.761270
0.475694
0.158035
0.057696
0.497234
0.048761
0.154198
0.568346
0.106206
0.237922
0.248769
0.351505
0.039876
0.038402
0.999901
0.609985
0.548198
0.021740
0.929796
0.998220
0.999714
0.981757
0.506742
1.000000
0.354579
0.106399
0.670309
0.985484
0.957464
0.000000
0.827885
0.194839
0.992132
0.529673
0.011199
0.228251
0.390851
0.068670
1.000000
0.598367
0.063733
0.000000
0.984564
0.194159
0.000000
0.272943
0.171740
0.957525
0.518924
0.000000
0.859735
0.342685
0.158718
0.948844
0.000000
0.140377
0.830782
0.850638
0.967645
0.347018
0.032576
0.619744
0.852254
0.491738
0.120121
0.097169
0.033604
0.430543
0.982878
0.999894
0.774288
0.000000
0.904673
0.929896
0.122221
0.042324
0.505577
0.997007
0.540783
0.987229
0.795968
1.000000
0.700149
0.493135
0.060214
0.063352
0.000000
0.943124
0.792869
0.656572
0.785833
0.031661
1.000000
0.984974
0.437492
0.069825
1.000000
0.066258
0.071676
1.000000
1.000000
0.075425
0.999857
0.951676
0.049323
0.615343
0.898026
0.947300
1.000000
0.875698
0.896978
0.940648
0.797910
0.071121
0.145390
0.021037
0.992551
0.826372
1.000000
0.014291
0.188101
0.999084
0.253295
0.610811
0.027688
0.913721
0.821061
0.833780
0.834645
0.076751
0.098502
0.000000
0.107288
0.142040
0.922801
0.469991
0.323640
0.998694
0.899985
0.698093
0.672868
0.668405
0.630266
0.914613
0.928493
0.994038
0.375776
0.130893
0.000000
0.372042
0.545457
0.834263
0.117214
0.254412
0.261207
0.324111
0.482006
0.986881
0.240802
0.785105
0.039310
1.000000
0.149829
0.000000
0.426091
0.721172
0.577940
0.407664
0.073199
0.101674
0.070203
0.000000
0.995086
0.019855
0.615689
0.872525
0.400371
0.000000
0.190336
1.000000
0.997566
0.275805
0.888439
0.167363
0.830009
0.053450
0.828160
0.281336
0.946848
0.300414
0.149023
0.181432
0.427503
0.999209
0.685326
0.959816
0.984675
0.000000
0.975128
0.455079
0.935493
0.015968
0.701935
0.896699
0.598782
0.471029
0.339046
0.103223
0.862723
0.080489
0.289338
0.937815
0.987847
0.563501
0.665933
0.025399
0.283631
0.773150
0.840851
0.075837
0.027191
0.011617
0.015588
0.496380
0.105159
0.024850
0.985727
0.062335
0.401300
0.999996
0.240455
0.000449
0.759226
0.012139
0.083060
0.445130
1.000000
0.065498
0.926117
0.135258
0.920567
0.999927
0.268602
0.057355
0.043851
1.000000
0.026899
0.527697
0.535480
0.030639
0.705290
0.262524
0.899856
0.573553
0.700106
0.013282
0.999243
0.970236
0.000000
0.012909
0.073217
0.942125
0.246628
0.269730
0.056032
0.364360
0.012035
0.062620
0.546110
0.983611
0.754563
0.609028
0.038861
0.815553
0.654148
0.725073
0.323798
0.239717
0.873206
0.021072
0.995914
0.813939
0.123250
0.578522
0.876760
0.551914
1.000000
0.165546
0.000000
0.150732
0.255790
0.999608
0.000000
0.695010
0.138559
0.000000
0.149941
1.000000
0.912889
1.000000
0.015832
0.330448
0.578627
0.852945
0.448438
0.403474
0.531490
0.822827
0.809866
0.482517
0.809663
0.358105
0.998984
0.000000
0.214823
0.982748
0.794438
0.246042
0.118649
0.133456
0.542612
0.292321
0.802881
0.000000
0.320620
0.069331
0.152922
0.094585
0.593354
0.027969
0.271309
0.535927
1.000000
0.210534
0.000000
0.246277
0.504148
0.478820
0.126228
0.295137
0.881352
1.000000
0.247977
0.000000
0.964411
0.024898
0.792487
0.056533
0.135819
0.392028
0.034722
0.044270
0.343288
1.000000
0.692825
0.658822
0.195987
0.021607
0.289194
0.016819
0.118939
0.874557
0.643879
0.060162
0.156593
0.032703
0.008632
0.209370
0.192832
0.000000
0.897361
0.000000
0.692519
0.986498
0.193565
1.000000
0.397299
0.376533
0.000000
0.265924
0.202938
0.113797
0.071798
0.656056
0.119645
0.932261
0.017266
0.614142
0.445878
0.658235
0.033062
0.132099
0.000000
0.068391
0.731741
0.098437
0.584804
0.365565
0.024723
0.029720
0.382162
0.147732
0.973248
0.000000
0.722649
0.033614
0.993208
0.058764
0.232033
0.000000
0.893267
0.919463
0.999976
0.943078
1.000000
0.179310
0.980816
0.337002
1.000000
0.107494
0.051266
0.707659
0.019251
0.228248
0.519254
0.255106
0.981488
1.000000
0.941622
0.333816
0.000000
0.999992
0.644522
0.945271
0.889222
0.962962
0.773348
0.194387
0.620955
1.000000
0.293355
0.389131
0.983999
0.126821
0.000000
0.999982
0.987188
0.997836
0.133983
0.059922
0.770900
0.602678
0.389557
1.000000
0.467717
0.123545
0.188024
1.000000
0.005361
1.000000
0.340704
0.008450
0.008293
0.122600
0.597065
0.393271
0.013558
0.172505
0.439619
0.000000
0.759122
0.086068
0.081881
1.000000
1.000000
0.983891
0.206467
0.160168
0.911793
1.000000
0.345970
0.980936
0.189002
0.999860
0.188798
0.213444
0.000000
1.000000
0.958683
0.754218
0.996925
0.129439
0.426673
0.447939
0.440047
1.000000
0.672094
0.083622
0.049203
0.104979
0.000000
0.256784
0.146022
0.006992
0.971204
0.157888
0.548559
0.140377
0.265152
0.276419
0.141692
0.994408
0.751805
0.467331
0.553701
0.000000
0.258463
0.536685
1.000000
0.000000
0.067594
0.224391
0.167640
0.644433
0.511651
0.478668
0.858445
0.999542
0.999920
0.932229
0.707299
0.898507
0.999642
0.227733
0.836681
0.207015
0.947668
0.535177
0.311728
0.192070
0.111925
0.731220
0.995154
0.000000
0.983535
0.856644
0.000000
0.263667
0.999911
0.593708
0.470174
0.441838
0.166182
0.059416
0.545760
0.038845
0.732446
0.728784
0.097318
0.443864
0.946896
0.929863
0.182222
0.064668
0.018444
0.257788
0.278257
0.338545
0.963644
0.093852
0.085407
0.153363
0.991005
0.227626
0.948479
0.000000
0.522209
0.000000
0.083914
0.202162
0.233029
0.023549
0.944958
0.230002
0.395383
0.597431
0.891492
0.646874
0.829857
0.118828
0.484961
0.407401
0.806557
0.876242
0.162667
0.463896
0.000000
0.999999
0.914965
0.515652
0.638891
0.615824
0.353102
0.505380
0.260261
0.222376
0.999309
0.731028
1.000000
0.724405
0.374017
0.549051
0.917458
0.085354
0.536006
1.000000
0.086537
0.930347
0.875697
0.875186
0.782512
0.549692
0.696613
0.531708
0.970536
0.000000
0.004601
0.000000
0.010734
1.000000
0.123745
0.000000
0.969543
0.609355
0.102812
0.984605
0.929940
0.898358
0.274902
0.999893
0.205720
0.087551
0.000000
0.567116
0.336966
0.999956
0.862628
0.020097
0.625878
0.861448
0.206255
1.000000
0.264099
1.000000
0.999152
0.046873
0.519817
0.692773
0.969411
0.318036
0.999646
1.000000
0.522961
0.050486
0.930349
0.943369
0.000000
0.366390
0.952895
0.025413
0.221597
0.998668
1.000000
0.139688
0.066807
1.000000
0.366701
0.000000
0.892116
1.000000
0.871630
0.747717
0.326371
0.618268
0.300883
0.087334
0.016912
0.193314
0.714378
0.028261
0.155025
0.036513
0.781739
0.696059
0.622346
0.060854
1.000000
0.164010
0.242803
0.999136
0.157281
0.802057
0.000000
0.000000
0.465914
0.294326
0.401565
0.030213
0.488808
0.263192
1.000000
0.744980
0.657438
0.085151
0.133658
0.570957
0.710586
0.633663
0.038249
0.064066
0.223131
0.328843
0.144008
1.000000
0.115338
0.899385
0.645385
0.737759
0.000000
0.456598
0.878563
0.923560
0.433324
0.920853
0.136647
0.016205
0.998988
0.000000
0.068453
0.051359
0.916677
0.937027
0.166964
0.041088
0.082802
0.959296
0.950556
0.610334
0.899540
0.011898
0.995673
0.699008
0.460922
0.489000
0.056275
0.802459
0.998218
0.024279
0.924970
0.782487
0.827016
0.041584
0.218290
0.066350
0.517450
0.860163
0.925672
0.943349
0.130182
0.050891
0.594608
1.000000
0.036458
0.089412
0.067512
0.911925
0.072263
0.328129
0.999514
0.314472
0.000000
0.249527
0.059258
0.999916
0.086849
0.687233
0.295820
0.323385
0.034123
0.000000
1.000000
0.000000
0.783761
0.955872
0.386112
0.698659
0.020855
0.385637
0.071423
0.205274
0.000000
0.698175
0.329721
0.089955
0.339748
0.105250
0.144994
0.078979
0.998252
0.368413
0.275868
0.999918
0.963863
0.273500
0.621396
0.845990
0.110355
0.891621
0.156258
0.028150
0.925230
0.483886
0.920005
0.998971
0.999995
0.998094
0.355123
0.939969
0.927184
0.940021
0.672441
0.156132
0.000000
0.859333
0.096601
0.000000
0.161471
0.892078
0.761464
0.654888
0.178682
0.112409
0.024071
0.155816
0.633636
0.946621
0.944430
1.000000
0.999994
0.760273
0.123122
0.194062
0.946220
0.527068
0.423122
0.673731
1.000000
0.289277
0.137353
0.098103
0.999982
0.042729
0.595377
0.675687
0.020842
0.188196
0.152102
0.055906
0.161114
0.531759
0.067367
0.000000
0.118506
0.489394
0.264779
0.804517
0.325240
0.021801
0.986776
0.000000
0.794563
0.324189
0.000000
0.003701
0.946915
0.621694
1.000000
0.986778
0.510935
0.500357
0.329672
0.532463
0.094053
0.279134
0.133195
0.329785
0.197958
0.999936
0.444882
0.944306
0.998825
0.630742
0.182885
0.760004
0.050401
0.821961
0.992143
0.102608
0.790331
0.802884
0.614590
0.308107
0.666079
0.998447
0.617723
0.000000
0.622988
0.255792
0.000000
0.072162
0.207391
0.409892
0.932634
0.008644
0.999999
0.770125
0.681854
0.757742
0.121406
0.515099
0.149257
1.000000
0.218889
0.999995
0.917225
0.138408
0.311949
0.335420
0.965188
1.000000
0.000000
0.059529
0.166947
0.014815
0.455349
0.000000
0.036262
1.000000
0.000000
0.588420
0.341073
0.929255
0.957320
0.442715
0.539279
0.363973
0.753270
0.452536
0.603592
0.613961
0.126006
0.144784
0.340962
0.498662
0.033041
0.061243
0.995792
0.562995
0.049185
0.200868
0.595704
0.016365
0.959890
0.731410
0.962430
0.173378
0.000000
0.999998
0.000000
0.457854
0.912954
0.476233
0.161527
0.289089
1.000000
0.165833
0.408579
0.069644
0.936020
0.305538
0.180841
0.035428
0.153917
0.607884
0.000000
1.000000
0.846256
0.189774
0.000000
0.057284
0.342576
0.917590
1.000000
0.532602
0.875954
1.000000
0.817566
0.097987
0.850024
0.049849
0.238722
0.602783
0.999787
0.571396
0.065996
0.000000
0.021843
0.156741
0.768821
0.999694
0.911791
0.121070
0.870603
0.997566
1.000000
0.009519
0.742306
0.317825
0.630592
0.143560
0.868791
0.292725
0.950474
0.116399
0.199244
0.000000
0.038231
0.330713
0.999999
0.955923
0.993528
0.136042
0.079551
0.000000
0.788705
1.000000
0.257651
0.878690
0.962781
1.000000
0.998965
0.938504
0.017118
0.456441
0.189988
0.907829
0.368622
0.999997
0.999766
0.167315
0.110682
0.999994
0.740625
0.226568
0.653404
0.677152
0.992223
0.226423
0.324250
0.462239
0.831252
0.999946
0.084424
0.605850
0.966223
0.517212
0.998420
1.000000
0.865862
0.855916
0.500568
0.528615
0.172552
0.647123
0.023352
0.862286
0.077279
0.113012
0.000000
0.060587
0.292011
0.156708
0.039305
0.077192
0.302607
0.051176
0.000000
0.428691
0.343286
0.963648
0.269601
0.097080
0.805523
0.295642
0.187826
0.126407
0.931553
0.128861
0.132720
0.993655
0.731068
0.105885
0.374449
0.985955
0.000000
0.195874
0.188290
0.238011
0.951413
0.919719
0.998635
0.278456
0.515349
0.195789
1.000000
0.155306
0.000000
0.638619
1.000000
0.000000
0.697907
0.895218
0.529730
0.768884
0.999495
0.780067
0.333821
0.000000
0.082744
0.223944
0.322741
0.357320
0.075209
0.966282
0.999970
0.936503
0.169972
0.481764
0.999939
0.198573
0.062716
0.191688
1.000000
0.000000
0.084801
0.468524
0.462426
0.160909
0.285168
0.995443
0.102252
0.460457
0.832669
0.063943
0.999765
0.465856
0.204281
0.542610
0.017431
1.000000
0.085248
1.000000
0.545851
0.824795
0.407750
0.404053
0.490717
0.284135
0.628772
0.154761
0.999718
0.033813
0.628325
0.441822
0.138227
0.000000
0.227100
0.999998
0.637992
0.999971
0.066555
0.000000
0.798869
0.839423
0.249109
0.368220
0.092685
0.993674
0.075970
0.146065
1.000000
0.031019
1.000000
0.138630
0.442327
0.081134
0.211127
0.000000
0.165536
0.999508
0.778456
0.265652
0.171054
0.253656
0.010643
0.999008
0.662134
0.857596
0.256374
0.000000
0.950942
0.940348
0.805680
0.705091
0.094122
0.683285
0.536345
0.961574
0.036819
0.882262
0.637139
0.604634
0.078559
0.710285
0.045223
0.816385
0.419352
0.256108
0.998195
0.000000
0.990125
0.216262
0.894762
0.122718
0.990632
1.000000
0.999971
0.773592
0.000000
0.944247
0.714284
0.115658
0.729941
0.940807
0.326494
0.270839
0.999998
0.699234
0.999951
0.999974
0.290094
0.467984
0.459031
0.112369
0.386905
0.092253
0.000000
0.320606
1.000000
0.000000
1.000000
0.061282
0.460546
0.869205
0.765151
0.885035
0.996683
0.999760
0.070678
0.938308
0.188758
0.749961
0.950702
0.166947
0.617027
0.643248
0.544264
0.000000
0.679568
0.214647
1.000000
0.771451
0.031378
0.000000
0.174784
0.406645
0.761378
0.999944
0.934783
0.053460
0.425908
0.092893
0.087855
0.000000
0.000000
0.905467
0.034057
0.146007
0.162248
0.000000
0.943836
0.226352
0.493286
0.654218
0.026231
0.121094
0.835014
0.186001
0.500357
0.070598
0.844863
0.065916
0.617788
0.786266
0.654472
0.915514
1.000000
0.194371
0.999985
0.112155
0.127456
0.000000
0.278128
0.285110
0.943408
0.316690
0.000000
0.168794
1.000000
0.000000
0.057356
0.861981
0.434438
0.589243
0.034606
0.999993
0.613499
0.306044
0.000000
0.035435
0.670142
0.719345
0.000000
0.000000
0.065056
0.018737
0.983389
0.510496
0.677142
0.956148
0.788510
0.867818
0.092334
0.087183
0.111141
0.270764
0.725600
0.180731
0.999996
0.411013
0.037589
0.996605
0.198843
0.417839
0.177450
0.742818
0.596496
0.358025
0.998740
0.324154
0.335534
0.922695
0.146829
0.163203
0.183691
0.189841
0.462190
0.000000
0.152185
0.372035
1.000000
0.324933
0.211238
0.791809
0.622132
0.384484
0.053408
0.999886
0.244853
0.000000
0.951571
0.024586
0.999988
0.536195
0.800473
0.091966
0.080266
0.015405
0.000000
0.121181
1.000000
0.998789
0.091512
0.771140
0.007223
0.402718
1.000000
0.996185
1.000000
0.003200
0.328645
0.187730
0.061751
0.898126
0.501897
0.448586
0.574750
0.000000
0.093105
0.820697
0.000000
0.545834
1.000000
0.230080
0.248437
0.997539
0.999213
0.214679
0.999806
0.547121
0.195135
0.000000
0.000000
0.300956
0.312968
0.999986
0.564272
0.000000
0.210415
0.000000
0.770183
0.282931
0.760064
1.000000
0.674336
0.359772
0.879091
0.153991
0.913920
0.175155
0.019341
0.112184
0.644856
0.144046
0.999865
0.644139
1.000000
0.490937
0.926351
0.095521
0.078629
0.082548
0.015176
0.000939
0.433314
0.336428
0.559602
0.532083
0.000000
0.430985
0.531685
0.683377
0.254664
0.010476
0.210998
0.596962
0.213764
0.054615
0.087987
0.638417
0.013996
0.000000
0.045933
1.000000
0.983470
0.556716
0.073325
0.302858
0.046674
0.896592
1.000000
0.822785
0.940823
0.354794
1.000000
0.106971
0.880101
0.577505
0.997196
0.023563
0.082953
0.044524
0.241150
0.200756
0.722758
0.791867
1.000000
0.576224
0.097049
0.042443
0.574689
0.101107
0.886603
0.000000
1.000000
0.456700
0.865105
0.963011
0.134897
0.820553
0.060413
0.117413
0.740690
0.070497
0.033479
0.288170
0.380265
1.000000
0.470819
0.702084
0.168697
0.000000
0.047121
0.838337
0.669494
0.999013
0.028863
0.065202
0.671122
0.979324
0.053381
0.009201
0.861947
0.475077
0.735288
0.985579
0.045459
0.485924
0.158292
0.420590
0.373153
0.981154
0.400450
0.662921
0.545400
0.189937
0.996364
0.172885
0.305918
0.000000
0.214651
0.636621
0.124403
0.482187
0.041254
0.631114
0.288718
0.369147
0.999383
0.905231
0.136209
0.309281
0.737960
0.294755
0.700570
0.064920
0.000000
0.357970
0.370759
0.046641
0.228477
0.635757
0.762678
0.795218
0.831037
0.730868
0.206175
0.938457
0.000000
0.999832
1.000000
0.949283
0.104730
0.215558
0.146015
0.987883
0.371332
0.833263
0.784135
0.759182
0.958321
0.000000
0.275503
0.434911
0.469288
0.873704
0.307767
0.252325
0.112942
0.000000
0.000000
0.977003
0.666924
0.316285
0.907945
0.985482
