0.378488
0.000000
0.415926
0.985211
0.844572
0.603570
0.604708
1.000000
0.975776
0.976338
0.707809
0.572218
0.882601
0.824484
0.391679
0.767458
0.788069
0.957604
0.991832
0.258280
0.848924
0.995144
0.813595
0.443988
0.944555
0.951765
0.000000
0.973119
0.605669
0.000000
0.892501
0.999146
0.997643
0.225803
0.992454
0.376923
0.998529
0.000000
0.324214
0.949042
0.998120
0.000000
0.000000
1.000000
1.000000
0.000000
0.998788
0.981010
0.967511
0.818364
0.939655
0.999998
0.934940
0.417837
0.937696
1.000000
1.000000
0.691717
0.935444
0.985050
0.998952
0.743802
0.689993
0.950791
0.999853
0.999973
0.195686
0.976421
0.000000
0.000000
0.382655
0.969465
0.951729
0.982138
0.999662
0.000000
0.981550
0.737006
0.935356
0.260191
0.179620
0.999155
0.405283
0.999991
1.000000
0.000000
0.039618
0.343915
0.671264
0.999975
0.999408
0.243336
0.445095
0.325881
0.668087
0.380523
0.987970
1.000000
0.964669
0.958037
0.932838
0.982664
0.920436
0.515780
0.870579
1.000000
0.000000
0.736269
0.586392
0.058352
0.998750
0.882856
0.924987
0.987457
0.999998
0.529410
0.620438
0.655154
0.979213
0.763926
0.999524
1.000000
0.238793
0.662519
0.277423
0.879647
0.456109
0.999993
0.106833
1.000000
0.999933
0.942586
0.012292
0.999968
0.000000
0.798172
0.998016
0.999862
0.000000
0.452435
1.000000
0.992974
0.879223
1.000000
0.799590
0.999466
0.000000
0.160581
1.000000
0.863812
0.962813
0.475067
0.971799
0.999998
0.601509
0.000000
0.995565
0.463857
0.643430
0.793552
0.286385
0.969456
0.999162
0.941164
0.437211
0.000000
0.995391
0.999998
0.248504
0.319850
0.995559
0.137448
0.000000
0.999999
0.686114
0.407258
0.628151
0.173623
0.578680
0.876786
0.957608
0.000000
0.458183
0.000000
0.000000
0.929077
0.999998
1.000000
0.621936
0.797025
0.998315
0.999397
0.358624
0.000000
1.000000
0.869969
0.829626
0.992268
0.349786
0.417005
0.976174
0.988874
0.295307
0.758384
0.999993
0.000000
0.999986
0.038364
0.836211
0.865471
0.992882
0.911737
0.552103
0.616141
0.977438
1.000000
0.126844
0.529179
0.303626
1.000000
0.817459
0.880586
0.548164
0.839613
0.438068
0.030046
1.000000
0.932629
0.406238
1.000000
1.000000
0.758202
0.831237
0.000000
0.975448
0.000000
0.999999
1.000000
1.000000
0.932406
1.000000
0.991352
0.962138
0.025872
0.999999
0.901510
0.810423
0.405473
0.646528
0.150320
0.946170
0.944307
0.000000
0.983734
0.693577
0.105438
0.342447
0.421950
0.000000
0.980285
0.842942
0.890601
0.991705
0.999072
0.942125
0.704372
0.999995
0.247271
0.994960
0.976691
0.000000
0.295080
0.864592
1.000000
0.548014
0.779515
0.000000
0.937900
0.959579
0.978199
0.973957
0.983953
1.000000
0.216629
1.000000
0.831877
0.867388
0.950289
0.708936
0.998044
0.401052
0.888103
0.983238
0.996439
0.518427
0.999993
0.183092
0.854874
0.976213
0.935638
0.927854
0.999761
1.000000
0.905676
0.997884
0.000000
0.999801
0.882116
0.999554
1.000000
0.986855
0.992916
0.968901
0.087360
0.980982
0.194294
0.950495
0.997428
0.987891
0.998969
0.997245
0.876394
0.757490
0.981963
1.000000
0.389619
0.925861
1.000000
0.999907
0.998315
0.728221
0.939791
0.883919
0.816679
0.999927
0.999977
0.104258
0.649549
0.019987
0.992956
0.992654
0.645159
0.999965
0.648172
0.110235
0.998948
0.999993
0.966060
0.751511
0.929895
1.000000
0.727152
0.942797
0.965677
0.999955
0.821121
0.787007
1.000000
0.994567
0.697369
0.507182
0.875898
0.999456
0.915208
0.865268
0.901786
0.999943
0.437412
0.999889
0.947572
0.481446
0.131426
0.974839
0.998218
0.106846
0.999848
0.936391
0.971500
0.334351
0.997467
0.993540
1.000000
0.647710
0.260538
0.417356
0.625141
0.999793
0.989027
0.406804
0.999975
0.883529
1.000000
0.880568
0.806979
0.954558
0.847878
0.992462
0.948856
0.141001
0.914385
0.999806
0.000000
0.000000
0.999452
0.985156
0.974105
0.545277
0.064067
0.999348
0.883378
0.995203
0.238580
0.944954
0.000000
0.953674
0.266226
0.956811
0.865188
1.000000
0.616067
0.999466
0.420227
0.757556
0.996568
0.949740
0.993580
0.623747
0.893932
0.998531
0.999023
0.683460
0.999407
0.999117
0.089749
0.886166
0.674449
0.999274
0.669626
0.999534
0.863879
0.058718
0.876445
0.997948
0.560926
0.559894
0.929112
0.878915
0.678602
0.000000
0.450828
0.883982
0.969463
0.995053
0.012905
0.839827
0.534330
0.772366
0.999993
0.967342
0.297868
0.773536
0.619198
0.850885
0.999399
0.865043
0.978172
0.977723
0.991521
0.999980
0.601102
0.657585
0.957844
0.000000
1.000000
0.315783
0.000000
0.334020
0.900347
0.371117
0.999999
0.278767
1.000000
0.793844
0.143054
0.804377
0.710375
0.994227
0.999805
0.932800
0.316033
0.934912
0.942546
1.000000
0.908565
0.907067
0.732335
0.940733
0.453303
0.000000
0.893610
0.998473
0.999494
0.106025
0.965467
0.997739
0.000000
0.493372
0.592899
0.956414
1.000000
0.761849
0.954429
0.663247
0.210121
0.969088
0.465906
0.902360
1.000000
0.175558
0.996118
0.999974
0.161619
0.344379
0.999384
0.995602
0.994040
0.990848
0.876319
0.894885
0.000000
0.999960
1.000000
0.999696
0.171761
0.043880
1.000000
0.999862
0.967467
0.999733
1.000000
0.999915
0.153292
1.000000
0.790861
0.370492
0.959855
0.344332
0.925315
0.995223
0.645791
0.836582
0.999583
0.391895
0.999998
0.973876
0.000000
0.000000
0.999998
0.985126
0.796894
0.070438
0.942407
0.886848
0.999990
0.999927
0.757729
1.000000
0.882881
1.000000
0.220240
0.969567
0.319106
0.973733
0.943539
0.973742
0.938927
0.656758
0.994639
1.000000
0.781086
0.971912
0.894328
0.058526
0.999643
0.966440
0.886149
0.999999
0.000000
0.996338
0.830556
0.996953
0.740271
0.989657
0.909888
0.700554
0.953118
0.000000
0.935800
0.985010
1.000000
0.944850
0.990382
0.259595
0.384902
0.988957
1.000000
0.814409
1.000000
0.816991
0.994673
0.588889
0.759522
1.000000
0.998753
0.906286
1.000000
0.491049
1.000000
0.850793
0.475210
0.097409
0.599416
0.370927
0.578004
0.712331
0.977290
0.962336
0.000000
0.990725
0.854962
0.987121
0.808119
0.972852
0.437924
0.884434
0.974679
0.787693
0.859590
0.975997
0.416665
0.000000
1.000000
0.495502
0.439314
0.999997
0.977523
0.497747
0.000000
0.000000
0.972081
0.991526
0.857626
0.458744
0.263693
0.998728
0.963374
0.056172
0.169861
0.636155
1.000000
0.925098
0.962574
0.999984
0.649444
0.563614
0.999998
0.000000
0.999249
0.985622
0.999782
0.999998
0.705526
0.950472
1.000000
0.621346
0.996908
0.931567
0.983751
0.564084
1.000000
0.764075
0.889346
0.679936
0.998215
0.933643
0.960290
0.000000
0.818230
0.999999
0.366164
0.999994
0.997173
0.996634
0.999229
0.858074
0.322222
0.999985
0.911449
0.059028
0.431663
0.971698
0.985493
0.795642
0.092210
0.999993
1.000000
0.650614
0.031465
0.989299
0.195421
0.323540
0.675063
0.743456
0.044973
0.851442
0.998391
0.902350
0.572720
0.805459
0.822709
0.932344
1.000000
0.655631
0.599217
0.068267
0.492739
0.976963
0.992148
0.008009
0.790930
1.000000
1.000000
0.999651
0.994064
0.373183
0.533556
1.000000
0.998386
0.929353
0.798489
0.976571
0.971064
1.000000
1.000000
0.803083
0.992522
0.970441
0.219426
0.823838
0.946711
0.999633
1.000000
0.809722
0.000000
0.222475
0.944628
0.997614
0.493486
0.991757
1.000000
0.133859
0.994194
0.320318
0.901436
0.912441
0.845134
0.974612
0.999999
0.999999
0.717002
0.000000
0.999989
0.998951
0.999377
0.893200
0.999909
0.617275
0.944968
0.977776
0.127224
0.791018
0.688378
0.218279
0.893626
0.999981
0.913189
1.000000
0.991506
0.974205
0.960142
0.896731
0.841390
0.075246
0.999933
1.000000
0.000000
1.000000
0.935895
1.000000
0.996060
0.997898
0.953630
0.836305
0.999999
0.950349
0.999498
0.864064
0.999790
0.629369
1.000000
1.000000
0.999999
0.928740
0.999912
0.468865
1.000000
1.000000
0.887582
0.000000
0.836032
1.000000
0.701610
0.996708
0.999330
1.000000
0.968346
0.539703
0.286009
0.999925
0.285063
0.977985
0.381925
0.026728
0.991308
0.589716
0.701768
0.977866
0.962004
0.934544
0.996848
0.624602
0.493116
0.931392
0.994578
0.960557
0.937754
0.733435
1.000000
0.987955
0.663412
0.999992
0.998792
0.919642
0.964408
0.998824
0.999258
0.299075
0.772216
0.205965
0.983448
0.652822
0.533652
0.667658
0.897928
0.975285
0.448543
0.948969
0.917669
0.436240
0.996626
0.712587
0.827991
0.903571
0.976360
0.999995
0.134595
0.937312
0.132739
0.859477
0.153662
0.334009
0.967428
0.972064
0.589914
0.986412
1.000000
0.999808
0.971244
0.595755
0.999993
0.969598
0.802593
0.919681
1.000000
1.000000
0.918499
0.993585
0.870715
0.991756
0.995841
0.637185
0.915596
1.000000
0.924898
0.998047
0.357352
1.000000
0.000000
1.000000
0.480791
0.883622
0.525291
0.105767
0.000000
1.000000
1.000000
0.565705
0.469883
0.657592
0.896827
0.995870
0.489290
0.897251
1.000000
0.993369
0.908848
1.000000
0.000000
0.918000
0.848084
0.985762
0.994435
0.760936
0.966260
0.996338
0.360933
0.202888
0.896635
1.000000
0.566684
0.998729
0.382727
1.000000
0.958413
0.936454
0.999981
0.992261
0.932670
0.871409
0.960249
0.998141
0.695167
0.443462
0.894136
0.924762
0.995516
0.999998
0.463687
0.169166
0.767672
0.963885
0.424239
0.652012
0.000000
0.918429
0.279913
0.000000
0.915739
0.998677
0.703768
1.000000
0.000000
0.697549
0.999923
0.999987
0.425180
0.967729
0.437025
0.994625
0.979402
0.993923
0.556523
0.309723
0.926418
1.000000
0.996035
0.995895
0.751150
0.994503
0.020113
0.999888
0.900856
0.836598
0.000000
1.000000
0.020111
1.000000
0.972028
0.495898
0.959598
0.961233
0.981339
0.985432
0.998245
0.999982
0.792426
0.672049
0.916748
1.000000
0.290374
0.986064
0.219613
0.775450
0.990976
0.071917
0.964278
0.941907
0.888510
0.469550
0.600920
0.995514
0.999829
0.000000
0.925432
0.665748
0.360061
0.882091
0.992344
0.595960
0.939931
0.000000
0.992299
0.289023
0.714038
0.999988
0.828451
0.649926
0.000000
0.999949
0.978144
0.534434
0.000000
0.346633
0.973742
0.753623
0.976953
0.814840
0.937696
1.000000
1.000000
0.899174
0.181304
0.806072
1.000000
0.000000
0.822799
0.937686
0.992338
1.000000
0.615321
0.907454
0.999643
0.664889
0.599405
0.970014
0.765557
0.611313
0.242092
0.152224
0.697876
0.962572
0.392810
0.030214
0.689620
0.999999
0.898467
0.749004
0.102983
0.072590
0.739247
1.000000
0.113296
0.991193
0.970514
0.999625
0.999797
0.999005
0.937116
1.000000
0.999548
0.995120
0.976951
0.999481
0.343475
1.000000
0.999738
0.779224
0.975127
0.857859
1.000000
0.280824
0.994948
0.676188
0.000000
0.947594
0.998642
0.999753
0.965757
0.978989
0.999664
0.998747
0.232942
0.910831
0.779232
0.133077
0.287741
0.987732
0.059315
0.845805
0.999918
0.952889
0.891474
0.530165
0.999786
0.989332
1.000000
0.901302
1.000000
0.997962
0.937395
0.957416
1.000000
0.936868
0.165392
0.665415
0.998779
0.996687
0.999807
0.920251
0.999999
0.626450
0.975569
1.000000
1.000000
0.886962
0.715610
0.959173
1.000000
0.698561
0.999915
0.485299
0.887427
1.000000
0.920399
0.999708
0.000000
0.997611
0.911909
0.967643
0.433704
0.914343
1.000000
0.977427
1.000000
0.619515
0.692101
1.000000
0.636838
0.000000
0.969806
0.999504
0.781941
1.000000
0.999907
0.381540
0.790607
0.918003
0.999868
0.999995
0.134635
0.651356
0.999908
0.793544
0.987596
1.000000
0.943999
0.135933
1.000000
1.000000
0.934773
1.000000
0.391977
0.263058
0.982894
0.125058
0.999999
0.995563
0.831639
1.000000
0.980250
0.591167
0.999867
0.224002
0.792436
0.629362
0.727432
0.943917
0.860820
0.330540
0.305687
0.970131
1.000000
1.000000
0.999887
0.256456
0.981680
0.196830
0.673244
0.193086
1.000000
0.940593
0.999999
0.000000
0.999932
0.997318
0.000000
0.945554
0.000000
0.980135
0.639689
0.888738
0.641459
0.365368
1.000000
0.992438
0.977724
0.000000
0.151317
0.682289
0.950730
0.160569
0.151689
1.000000
0.832920
0.489121
0.990154
0.999989
0.260728
0.999611
0.999974
0.891665
0.772012
0.060596
0.120461
0.779935
0.999715
0.961939
0.996772
1.000000
0.999974
0.384945
0.539004
0.865577
0.829219
0.999881
1.000000
0.991766
0.991484
0.994784
1.000000
0.000000
0.507371
0.999995
0.712960
0.967981
0.000000
0.695829
0.895410
0.000000
0.159331
1.000000
1.000000
1.000000
0.984737
0.036965
0.999394
0.255017
0.952172
0.998574
0.917356
0.889789
0.191333
0.999999
0.046592
0.846371
0.999572
0.985977
0.893881
0.999705
0.999995
0.966690
0.947081
0.918377
0.346247
0.760220
0.350653
0.723884
0.000000
0.966775
0.352418
0.971920
0.921117
0.747113
0.328536
0.999966
0.999987
0.992648
0.926835
0.713729
0.999696
0.999706
0.993826
0.917120
0.999299
0.956146
0.969938
0.000000
0.945029
0.992717
0.470303
0.121276
1.000000
0.803282
0.941631
0.949587
0.992560
0.974379
0.857184
0.900263
0.991926
0.693880
0.889997
0.883195
1.000000
0.983785
0.056305
0.121510
1.000000
0.859294
1.000000
1.000000
0.921613
0.958013
0.936081
0.999949
0.973492
0.999938
0.951230
0.734759
0.715612
0.250925
0.880537
0.720429
0.000000
0.998590
0.998689
0.839022
0.999865
0.141447
0.037431
0.948793
1.000000
0.901239
0.999945
0.999809
0.955825
0.994013
1.000000
0.959459
1.000000
0.963721
0.429781
0.628876
0.974713
0.977260
0.999759
0.796725
0.410742
0.382944
0.905816
0.339299
0.763703
0.999889
1.000000
0.953991
0.981951
0.235172
0.500036
0.906194
0.999955
0.999140
0.551492
0.854606
1.000000
0.995154
0.846062
0.999995
0.181613
0.998821
0.323352
0.992610
0.237554
0.231785
0.110274
0.985644
0.973645
0.789447
0.000000
0.259138
0.919966
0.374402
0.732589
0.128298
0.431356
0.999630
0.642204
0.960698
0.999822
1.000000
1.000000
0.910856
0.747064
0.444405
0.591879
0.892539
0.998885
0.998805
0.998906
0.872711
1.000000
0.371197
0.679077
0.969117
0.000000
0.000000
0.652484
0.053540
0.845809
0.999866
0.935634
1.000000
1.000000
0.437007
0.902049
0.000000
0.989235
1.000000
0.813783
0.662079
0.999996
0.963056
0.000000
0.992465
0.064988
1.000000
0.455981
0.981954
0.099363
0.411003
1.000000
0.992124
0.999993
0.263324
1.000000
1.000000
0.804376
0.955551
0.999249
0.067782
0.999650
0.745447
0.383455
0.944012
0.964426
0.116639
1.000000
0.971925
0.717208
0.629262
0.130354
0.408180
1.000000
0.000000
0.972870
0.999885
0.553007
0.000000
0.499763
0.999839
1.000000
0.113061
0.953201
0.681973
1.000000
0.668561
1.000000
1.000000
0.990964
0.998783
0.995123
0.000000
0.700668
0.000000
1.000000
0.999413
0.999158
0.999031
0.661956
0.858065
0.885068
0.927175
0.220263
0.999999
0.149688
0.796527
0.401866
0.964344
0.998339
0.684361
0.148041
0.999247
0.501808
0.964882
0.183230
1.000000
0.999368
0.998364
0.060706
0.848286
0.865344
0.005863
0.965957
0.264089
0.000000
0.999990
0.969556
0.559393
0.996497
0.977370
1.000000
0.935080
0.302455
0.999968
0.989480
0.282915
0.999994
0.272060
0.536491
0.991874
0.228797
0.480585
0.997195
0.825141
0.901915
0.985059
0.307875
0.999180
0.733448
1.000000
0.999979
0.708047
0.889156
0.210755
0.996078
0.999626
0.949639
0.000000
0.856212
0.999869
0.977824
0.883468
0.667375
0.984040
0.987082
0.999442
0.568373
1.000000
0.959631
0.011697
0.548921
0.961390
0.905802
0.213879
0.999114
0.992781
0.000000
0.999979
0.968470
0.000000
0.972422
0.713666
0.957821
0.747429
0.009744
0.976818
0.999994
0.220666
0.984252
1.000000
0.998263
0.999793
0.999279
0.894208
0.936422
0.790173
0.982941
0.976299
0.790336
0.893010
0.994560
0.785617
0.358933
1.000000
0.943142
0.707292
0.927551
0.990902
1.000000
0.811787
0.989733
0.694416
0.995597
0.111420
0.999942
0.999998
0.359048
0.062516
0.000000
0.806867
0.995500
0.095939
0.623579
0.000000
0.999981
0.000000
0.037346
0.029649
0.290620
0.854517
0.948892
0.819787
0.985311
0.521257
0.999951
0.999999
0.999959
0.899795
0.703277
0.955843
0.751470
1.000000
0.942499
0.990028
0.349715
1.000000
0.954386
0.940748
0.952405
0.670112
0.000000
0.709228
0.737856
0.088887
0.993742
0.738362
0.967050
0.970968
0.971756
0.998415
0.999930
1.000000
0.459583
1.000000
1.000000
0.881530
0.984108
1.000000
0.999910
0.999986
0.858335
0.793946
0.449616
0.999888
0.393724
0.969732
0.171369
0.948412
0.734166
0.870040
0.998000
0.999979
0.388676
0.842317
0.999703
0.569323
0.937478
0.811873
1.000000
0.965453
0.525341
0.746522
0.019097
0.410236
0.934932
0.999183
0.999992
0.990347
0.894289
0.999438
0.999041
0.860580
0.623423
0.999998
0.999998
0.873029
0.999988
0.978446
0.830544
0.702427
0.894917
0.000000
0.608986
0.984994
0.852290
0.916536
0.246717
0.128550
0.958016
0.446947
0.780257
0.895518
0.986607
0.999998
0.992001
1.000000
0.780164
0.308141
0.508613
1.000000
0.988681
0.958489
0.922278
0.876503
0.000000
0.670425
0.999217
0.085451
0.999995
0.941477
0.834080
0.993409
0.853585
0.834919
0.000000
0.523989
0.989270
1.000000
0.970882
0.999999
0.858198
0.733778
0.964406
1.000000
0.721048
0.999808
1.000000
0.995774
0.995977
0.008923
0.963513
0.978244
0.727905
0.960342
0.755207
1.000000
1.000000
0.790874
0.550958
0.555020
0.993334
0.688587
0.999821
0.999997
0.961396
0.394685
0.998602
0.998895
0.907904
0.878633
0.926602
0.947080
1.000000
0.418909
0.530456
1.000000
0.741319
0.380700
0.998818
0.978692
0.771797
1.000000
1.000000
0.238295
0.589797
0.822147
0.786844
0.129577
0.403746
0.922577
0.675967
0.601572
0.209769
0.946026
0.999984
0.723128
0.622010
0.872177
0.390783
0.847413
0.953630
1.000000
0.319836
0.712705
1.000000
1.000000
0.027324
0.966943
0.957270
0.795927
1.000000
0.924356
0.998030
0.954722
0.736363
0.663952
0.991435
0.760735
0.954173
0.896431
0.645867
0.972670
0.984842
0.917549
0.871209
0.970500
0.048860
0.985727
0.380521
0.990060
0.298616
0.999998
0.999883
0.999900
0.999139
0.866524
1.000000
0.808959
0.084937
0.999911
0.999979
0.779757
0.799135
0.000000
0.833516
0.997290
1.000000
0.999988
0.627517
0.717476
0.709782
0.000000
0.996286
0.998823
0.898663
0.999748
1.000000
0.999999
0.999821
0.689931
1.000000
0.996247
1.000000
0.968484
0.999674
1.000000
0.883266
0.326642
0.999148
0.975057
1.000000
0.392136
0.967829
1.000000
1.000000
0.746205
0.999938
1.000000
0.998828
0.996790
0.916403
0.999992
0.995049
1.000000
0.432929
0.013287
0.998399
0.510772
0.986178
0.352493
0.920652
0.077132
1.000000
0.869681
0.999990
0.623838
0.794942
0.774707
0.999970
0.999206
0.141020
0.370867
0.785898
0.658028
0.999822
0.999975
0.000000
0.613306
0.988372
0.989234
0.564108
0.995213
0.631921
0.998538
1.000000
1.000000
1.000000
0.783758
0.996623
0.788082
0.014553
0.739933
0.956402
0.853014
0.939837
0.469892
0.996279
0.391631
0.942924
0.869644
1.000000
0.989642
0.999968
0.000000
0.997239
0.195208
0.810999
0.999958
1.000000
0.845602
0.999960
0.998868
0.780974
0.798581
0.999986
0.688423
0.542286
0.365968
0.890587
1.000000
0.983578
0.507369
0.347711
0.309421
0.999998
0.942757
0.962883
0.962981
0.784791
0.999748
0.353665
0.212544
0.707730
0.205834
0.433209
0.848334
0.985870
0.294542
0.255038
1.000000
0.854655
0.605699
0.240589
0.994585
0.000000
0.000000
0.924414
0.580001
0.999929
0.650927
0.876920
0.781580
0.460408
0.875572
0.385653
1.000000
0.445303
0.947143
0.040221
0.985846
1.000000
0.730560
1.000000
0.519316
0.998264
0.892654
0.334975
0.949922
1.000000
0.873543
0.087041
0.997749
0.999614
1.000000
0.779496
0.092320
0.413540
1.000000
0.232529
0.090824
0.481238
0.624487
0.843046
0.400463
0.967998
0.980177
0.000000
0.701139
0.688777
0.905679
0.583829
0.603323
0.912517
0.725697
0.985226
0.325245
0.779648
0.999966
0.867634
0.968340
0.999872
0.944282
0.876300
0.877850
0.849166
0.482928
0.876412
1.000000
0.402896
0.974338
0.692666
1.000000
0.000000
1.000000
0.909740
0.970833
0.999045
0.733654
0.997689
0.931329
0.966605
0.970244
0.957974
0.941803
0.890078
0.167122
0.997175
1.000000
0.870360
0.939709
0.410554
0.983482
0.483613
0.000000
0.973042
0.486853
0.998195
0.986919
0.267237
0.551701
0.865390
0.077497
0.791712
0.000000
0.990126
0.991212
0.244057
0.995434
0.903801
0.976783
0.987166
0.974558
1.000000
0.998859
0.998692
0.647553
0.999710
0.999992
1.000000
0.995303
0.908095
0.845376
0.974324
0.891430
0.577713
0.106859
0.998708
0.897448
1.000000
0.000000
0.888104
0.505862
0.398596
0.999952
0.446117
0.823016
0.956104
1.000000
0.176079
0.944224
0.802505
0.645774
0.955427
0.594355
0.237144
0.951001
0.998126
0.997259
0.952541
1.000000
0.999619
1.000000
0.995477
1.000000
1.000000
1.000000
0.999990
0.768349
0.998652
0.206560
0.971354
0.255949
0.617283
0.756175
1.000000
0.797645
0.761424
0.747401
0.863510
0.939115
1.000000
0.268811
0.000747
0.965016
0.000000
0.898186
1.000000
0.981488
0.513849
0.045234
0.527931
0.857671
0.000000
0.999999
1.000000
0.999921
0.897653
0.397057
0.896615
0.885634
0.333106
0.000000
0.147809
1.000000
0.000000
1.000000
0.994078
0.516228
0.641812
0.648788
0.412319
0.991073
0.997934
0.995726
0.981362
0.006641
0.999997
0.986650
0.949293
0.969791
0.993335
0.999642
0.189413
0.493893
0.999929
0.996393
0.991152
1.000000
0.249003
0.975341
0.947803
1.000000
0.954799
1.000000
0.405491
0.969681
0.767452
0.998028
0.999714
0.971418
0.999892
0.987616
0.143978
0.771776
0.810092
0.969788
0.789917
0.710097
1.000000
0.740944
0.346797
0.577311
0.953414
0.996430
0.998271
0.926196
0.999969
1.000000
1.000000
0.638616
0.700950
0.933034
1.000000
0.326102
0.000000
0.030276
0.997883
0.999824
0.823139
0.000000
0.986573
0.959060
0.941084
0.992064
0.949453
0.977016
0.038399
0.297860
0.987400
0.902494
0.978035
0.999985
0.981798
0.987112
1.000000
0.972410
0.872793
0.998949
0.497185
0.000000
0.835279
0.890027
1.000000
0.999913
0.000000
0.991556
0.459957
0.895803
0.898964
1.000000
0.561393
0.999952
1.000000
0.822495
0.996754
0.681404
1.000000
0.965646
0.928929
1.000000
0.508542
0.999880
0.545411
0.956085
0.999959
0.742603
0.999730
0.832882
0.999937
0.981246
0.231050
0.400344
0.000000
0.855638
0.996718
0.967276
0.978444
0.999991
0.057262
0.349582
0.831672
0.257748
0.917045
0.936401
0.951999
0.000000
0.997015
0.216005
0.965993
0.994572
0.000000
0.844099
0.000000
0.987979
0.437566
0.663540
0.620586
0.916365
0.999183
0.318802
0.844142
1.000000
0.999995
0.999996
1.000000
0.999833
1.000000
0.995031
0.831947
0.644637
0.414807
0.752586
0.943783
0.995743
0.999996
0.984373
0.999881
0.571983
0.407625
0.804874
0.782028
0.999994
0.999998
0.888618
0.351125
0.618269
0.032186
1.000000
0.999868
0.972694
0.998350
1.000000
0.817694
0.715163
0.115761
0.687680
0.043172
0.955316
0.329348
0.545811
0.683558
0.990117
0.267153
0.460804
0.999699
0.000000
0.988652
0.883291
0.851077
0.995531
0.999487
0.956308
1.000000
0.000000
0.068881
0.874813
0.860969
0.009859
0.996366
0.029377
1.000000
1.000000
0.998215
0.999979
0.881804
0.805300
1.000000
0.434773
1.000000
0.999971
0.405384
0.859908
0.999999
0.627369
0.800570
0.740002
0.000000
0.319066
0.212033
0.999470
1.000000
0.952564
0.997032
0.944971
0.960844
0.981841
0.953350
0.574826
1.000000
0.999759
0.999404
0.611250
0.000000
0.748644
0.999979
0.997939
1.000000
1.000000
0.362100
0.987851
1.000000
0.999944
0.936250
0.957214
0.997680
0.873787
0.977424
0.999936
0.886102
0.690401
0.797210
0.998214
0.996904
0.779209
1.000000
0.952073
0.980510
0.774992
0.994883
0.705068
0.268768
0.667648
0.909048
0.907431
0.000000
0.995372
0.941236
0.677832
1.000000
0.999962
0.995375
0.999926
0.779316
1.000000
0.990000
0.998509
0.998777
0.655770
0.998570
0.612018
0.938617
0.984896
1.000000
0.999882
0.979288
0.963998
1.000000
0.000000
1.000000
0.957379
0.997846
0.957772
0.953212
0.997212
0.963145
0.617871
0.986591
0.515674
0.999731
0.000000
0.275420
0.316435
0.659596
1.000000
0.799692
0.969757
1.000000
0.423350
0.035497
0.999999
0.593688
0.620293
0.579871
1.000000
0.630570
0.455648
0.902911
0.944962
0.794551
0.994513
0.997187
1.000000
0.913104
0.969796
0.927773
0.248167
0.999283
0.124255
0.764916
0.882886
1.000000
0.810332
0.962875
0.599542
1.000000
0.894372
0.000000
0.125386
0.999114
0.048409
0.011735
0.998424
0.962031
0.963535
0.989056
0.931532
0.977352
0.000000
0.998733
0.397695
0.947292
0.988031
0.992731
0.596855
0.850564
0.063871
0.686002
0.856827
0.999996
0.994615
0.791777
0.729667
0.625489
1.000000
0.993748
1.000000
1.000000
0.744728
0.968784
0.562865
0.497115
0.927434
0.711195
0.964336
1.000000
0.999238
0.219407
0.949451
0.155330
0.944739
0.060186
0.660231
1.000000
0.971401
0.734909
0.783881
0.991263
0.605704
0.000000
0.848533
0.657508
0.353045
0.998920
0.813138
0.998515
0.999950
0.389339
0.966885
0.949295
0.990743
0.750884
0.708982
0.931194
0.582518
0.000000
0.999858
0.523842
1.000000
0.999973
0.998334
0.145217
0.871264
0.040824
1.000000
0.999896
1.000000
0.880490
0.835361
0.997480
0.897046
0.886513
0.999747
0.854078
1.000000
1.000000
0.000000
0.999996
0.825706
0.111626
0.996966
0.217606
0.999784
0.682634
0.948279
0.998260
1.000000
0.986980
0.020991
0.219034
0.976685
0.999960
0.000000
0.999608
0.999996
0.000000
0.994752
0.356076
0.995184
0.927561
0.968480
0.426498
1.000000
0.815399
1.000000
0.969490
0.468698
0.404873
0.461678
1.000000
0.751035
0.999881
0.940662
0.650242
0.000000
0.080303
0.987619
0.768721
0.873995
0.044395
0.999492
0.999684
1.000000
1.000000
0.216194
0.967927
0.400495
0.999978
1.000000
0.968427
0.829360
0.677716
0.979058
0.998823
0.378162
0.897606
0.416595
0.787677
0.183833
0.871077
0.027062
0.999862
0.812693
1.000000
0.000000
0.996146
0.984026
0.999941
0.999623
0.830612
0.241129
1.000000
1.000000
0.031436
0.979777
0.397103
0.912042
0.515298
0.993239
0.435242
0.678479
0.642813
0.950697
1.000000
0.962333
0.980676
0.746232
0.935549
0.000000
0.994099
0.954202
1.000000
0.000000
0.725860
0.663037
0.320297
0.452623
0.412071
0.167168
0.131471
0.999881
0.287666
0.999860
0.495712
0.781393
0.000000
0.962541
0.326088
0.999992
0.999954
0.947441
0.979609
0.239788
0.792728
0.999995
0.999576
0.999999
0.943106
0.104938
0.686942
0.434563
0.999369
0.333106
0.549969
0.274347
0.596596
0.404446
0.413171
0.121186
1.000000
0.000000
0.959729
0.931604
0.000000
0.405740
0.963329
0.000000
0.859541
0.307618
0.710823
0.985409
0.487365
1.000000
0.111619
0.999856
1.000000
0.917231
0.152660
1.000000
0.838696
1.000000
0.997425
0.980910
0.043770
0.603094
0.894661
0.060349
0.896195
0.998958
0.465171
0.997625
0.890894
0.957731
0.998409
0.115422
1.000000
0.974989
0.827665
1.000000
0.997064
0.999885
0.132611
0.000000
0.235363
0.620423
0.249049
0.842915
0.934068
0.139127
0.997347
1.000000
0.855405
0.000000
0.127917
1.000000
0.992542
0.000000
0.000000
0.906230
0.821797
0.985059
0.904878
0.000000
0.999725
0.252921
0.753754
0.055082
1.000000
1.000000
0.871499
0.950044
0.944548
0.999732
0.989666
0.843695
1.000000
0.877650
0.487194
0.681464
0.000000
0.199483
0.878783
0.335817
0.119299
1.000000
0.000000
1.000000
0.346208
1.000000
0.998251
0.996311
0.698440
1.000000
0.617458
0.895340
0.941367
0.262091
0.944329
0.307316
1.000000
0.826230
1.000000
0.674273
0.137421
0.999814
0.999950
0.841218
0.996215
0.939965
0.960033
0.978455
0.000000
0.000000
0.726525
0.817502
0.000000
0.931064
0.089418
0.660310
0.999972
0.000000
0.999931
0.937276
0.000000
0.240338
0.602322
0.462492
1.000000
1.000000
0.902030
1.000000
0.033923
1.000000
1.000000
1.000000
0.269740
0.988715
0.778949
0.999970
0.877286
0.273224
0.287317
1.000000
0.935726
0.636269
0.968633
0.000000
0.950575
1.000000
0.746769
0.447288
0.740248
0.939334
0.999887
1.000000
0.987790
0.000000
0.723792
0.990154
0.982229
0.935137
0.984784
0.252185
0.636030
0.999899
0.613970
0.986003
1.000000
0.684438
0.510525
0.896776
0.998977
1.000000
0.296429
0.946426
0.837999
0.996637
0.742593
0.917136
1.000000
0.991434
0.661654
0.000000
0.999241
0.933576
0.386397
0.639864
0.918650
0.336906
0.980481
0.959684
0.000000
0.989698
0.825190
0.283757
0.195955
0.244283
0.000000
0.620820
0.823139
0.924527
0.892431
0.000000
0.937752
0.563222
0.999941
0.999996
0.996276
0.999988
1.000000
0.947203
0.961601
0.949334
0.805677
0.999731
0.963299
0.852688
0.328845
0.079352
0.999972
0.000000
1.000000
0.608461
0.995382
0.999998
1.000000
0.986514
0.842500
0.986973
0.733406
0.610600
0.923107
0.561992
0.718532
0.999924
0.763591
0.786913
0.000000
0.266579
1.000000
0.991043
0.973960
0.121342
0.998826
0.297632
0.915979
0.999583
0.000000
0.878135
0.633728
0.970439
0.000000
0.976208
0.911774
0.983159
1.000000
0.950413
0.999992
0.999997
1.000000
0.848136
0.996618
0.859385
0.978447
0.392920
0.712124
0.276583
0.000000
0.999752
1.000000
1.000000
0.999641
0.996465
0.983704
1.000000
0.999491
0.847052
0.757164
0.992248
0.862645
0.742285
1.000000
0.432363
0.341848
0.683636
1.000000
0.985455
0.256286
0.999863
1.000000
0.815636
0.997087
0.404855
1.000000
0.999994
0.989365
0.991726
0.478698
0.000000
0.634783
0.974482
0.999911
0.892759
1.000000
0.995272
0.484928
0.988701
0.978745
0.991681
1.000000
0.996621
0.986827
1.000000
0.815400
0.932343
0.943724
0.996907
0.959813
0.939994
0.999998
0.999614
0.978574
0.999385
0.999529
0.981023
0.697326
0.519600
0.590713
0.996395
0.999995
0.649973
0.000000
0.979171
0.996011
0.891336
0.908711
0.935772
0.860185
0.999167
0.999988
0.000000
0.621202
0.000000
1.000000
0.884588
0.287966
0.999998
0.606712
0.000000
0.633816
0.796621
0.000000
0.979889
0.000000
0.772819
0.168090
0.679866
0.989485
0.965067
0.855359
1.000000
0.999999
0.737599
1.000000
0.695653
0.699932
0.978347
0.027571
0.990936
0.999974
0.920303
0.892622
0.999997
1.000000
0.999785
0.000000
1.000000
0.996569
0.995011
0.916140
0.203348
0.000000
0.000000
0.908039
0.999999
0.958882
0.019875
0.889353
0.076270
0.916280
0.988078
0.596839
0.974131
0.185979
0.669744
1.000000
0.943592
0.324155
0.850440
0.889566
0.935947
0.225997
0.832964
0.874756
0.999367
0.980073
0.936389
0.386508
0.536760
0.904713
0.698564
0.999139
0.000000
0.999988
0.998023
0.863121
1.000000
0.773408
0.572016
0.328070
0.877277
0.999667
0.000000
0.990538
0.706026
0.721588
0.188915
0.915516
0.999996
0.999957
1.000000
0.571413
0.999988
0.986835
0.540418
0.947701
0.141082
0.519607
0.876017
0.971508
0.518211
0.680102
0.986151
0.338227
1.000000
0.690981
1.000000
1.000000
0.742082
0.319085
0.199469
1.000000
0.973943
1.000000
0.999999
0.973208
0.812340
0.015879
1.000000
0.999990
0.955801
1.000000
1.000000
0.000000
0.999960
0.000000
0.909132
0.999872
0.490264
0.190579
0.996934
0.113864
0.935261
0.107323
0.266317
0.996755
0.999436
0.975185
1.000000
0.942417
0.771442
1.000000
0.301537
1.000000
0.999915
0.761874
1.000000
0.997495
0.170412
0.960950
0.961155
0.887405
0.999885
0.999130
0.999246
0.894126
0.999987
0.146142
0.999997
0.141840
0.999980
0.997742
0.769997
0.999994
0.011332
0.573672
0.990592
0.422718
0.857437
1.000000
0.986601
0.514301
1.000000
0.998940
0.972510
0.053679
0.999838
0.992298
0.194147
0.999971
0.979842
0.000000
0.465261
0.977150
0.983594
0.956073
0.751865
0.994944
0.976471
1.000000
0.999913
0.940113
0.414787
0.970602
0.090404
0.745579
0.997010
0.000000
0.917153
0.303779
0.382234
0.891277
0.633059
1.000000
0.999821
0.939226
0.974531
0.998678
0.954185
0.984550
0.999996
1.000000
0.966112
0.989731
0.950196
0.883735
0.999699
0.616885
0.733359
0.997673
0.607396
0.720231
0.976619
0.990114
0.328301
0.999548
0.905863
1.000000
0.907241
0.703302
0.999998
0.973736
0.171261
0.572891
0.955697
0.481644
1.000000
1.000000
0.814094
0.113897
0.999989
0.595072
0.999689
0.957064
0.829065
0.175073
0.937576
0.000000
0.000000
0.997933
0.165649
0.552109
0.999253
0.999122
0.818124
0.601428
0.940261
0.712018
0.912608
0.951741
0.999802
0.000000
0.000000
0.901283
0.972748
0.000000
0.932627
0.858535
0.973514
0.999431
0.737315
0.795870
0.122831
0.849580
0.999706
0.999997
0.990330
1.000000
0.818054
0.999905
0.931984
0.999843
0.999614
0.999903
0.958444
0.999976
0.992428
0.998746
0.879862
0.929298
0.822370
0.085164
0.481527
0.000000
0.941486
0.455108
0.999460
0.964881
0.950567
0.985209
0.296549
0.832578
0.999998
0.999391
0.978439
1.000000
0.960769
0.756179
0.905272
0.989180
0.647253
1.000000
0.000000
0.972906
0.874831
0.618652
0.699675
0.999087
0.995093
0.129698
0.876617
0.816614
0.992996
0.859966
0.000000
0.996455
0.992598
0.997266
0.975557
0.999973
1.000000
0.831134
0.999196
0.995903
0.999473
0.874275
0.999246
0.637793
0.375802
0.722816
0.999535
0.604262
0.984473
0.999951
0.792954
0.317409
0.889038
0.960098
0.832310
0.979736
1.000000
0.994029
0.964499
0.998809
0.715757
0.999758
1.000000
0.673485
0.968609
0.999818
0.602840
0.452558
0.551390
0.603099
0.986741
0.388407
0.839246
0.941897
0.932466
0.964963
0.998774
0.542677
0.913466
0.929227
0.653257
0.962335
1.000000
0.807485
0.526557
0.064145
0.999880
0.306804
0.878145
0.997370
0.319435
0.897959
0.999033
0.100304
0.991925
0.999997
1.000000
0.999420
0.925748
1.000000
0.999933
0.423427
0.997167
0.576391
0.960419
0.816522
0.647055
0.999998
0.220806
0.840402
0.961739
0.950666
0.999878
0.986713
0.023101
0.867997
0.918820
0.932877
0.999875
0.961131
0.023065
0.825873
0.000000
0.999747
0.926087
0.715509
0.999943
1.000000
0.170709
0.743111
0.892952
0.300523
0.934343
0.999834
0.991884
1.000000
1.000000
0.999987
0.996188
0.985472
0.303414
0.875225
0.288258
0.999995
0.689653
0.989930
0.200955
0.696956
0.994655
0.849047
0.999995
0.731126
0.257097
0.000000
0.000000
0.000000
0.807291
0.155016
0.919253
0.995982
0.000000
0.979360
0.767874
0.325546
0.000000
0.324694
0.892330
0.999950
0.950770
0.999902
0.997484
0.933469
0.796674
0.723506
0.997286
0.550560
0.756130
0.984380
1.000000
0.936906
0.995692
0.670485
0.999963
0.999747
0.157379
0.915649
0.933312
0.784571
0.996131
0.901647
0.989970
0.170004
0.410199
0.000000
0.404124
0.999997
1.000000
0.695134
0.369276
0.999882
0.997436
0.982514
0.536336
1.000000
0.499874
0.634229
0.880908
1.000000
0.204188
0.478039
0.025349
0.982792
0.424854
0.134764
0.267984
1.000000
0.044223
0.980796
0.041295
0.999997
0.259681
0.616042
0.391582
0.999319
0.954693
0.962471
0.000000
0.377199
0.922277
0.999995
0.996307
0.971744
0.892700
0.983415
0.760461
0.715427
0.999221
1.000000
0.900293
0.980747
0.523995
0.926334
0.239359
0.881876
1.000000
0.813230
0.605528
0.891606
0.384549
0.978136
0.999990
0.999103
0.130330
0.252643
0.212724
0.849052
1.000000
0.917505
0.980129
0.999994
0.815987
1.000000
0.986952
0.625724
0.124723
0.999017
0.868412
0.999956
0.934331
0.999955
0.999885
0.252121
0.999340
0.962020
0.196464
1.000000
0.839547
0.747455
0.979263
0.000000
0.994459
0.999998
0.999537
0.000000
0.974793
0.731564
0.000000
0.994295
0.666829
0.999939
0.838815
0.999425
0.996914
0.542757
0.999948
0.151659
0.896121
0.041280
0.233158
1.000000
0.354254
0.737575
0.000000
0.879209
0.864970
0.267620
0.838153
0.999998
0.959619
0.997590
0.974761
0.000000
0.000000
0.999993
0.603169
0.996235
0.814768
0.712823
0.995564
0.148412
0.853683
0.999995
0.972219
0.999915
0.487348
0.115164
0.985488
0.979222
1.000000
0.461350
0.810185
0.999974
0.436309
0.824741
0.205831
0.994681
0.580193
0.049658
1.000000
0.987837
0.943958
0.000000
0.988696
0.511540
1.000000
0.950226
0.999995
0.999928
0.782465
0.896795
0.997800
0.998396
0.896012
0.937658
0.367732
1.000000
0.999707
0.900996
0.845082
0.867508
0.053566
0.904211
0.912035
0.867738
0.342022
0.992912
0.925496
0.853975
0.998871
1.000000
0.999780
0.858563
0.980314
0.999994
1.000000
0.306399
0.999850
0.250256
1.000000
0.758535
0.814577
1.000000
0.000000
0.325864
0.958322
0.522178
0.993938
0.850392
0.000000
1.000000
0.000000
0.905930
0.223288
0.918274
0.000000
0.239825
0.995587
0.820406
0.990340
0.997786
0.999995
0.998265
0.363631
0.970732
0.451050
0.054595
0.904472
0.776596
0.999880
0.997003
0.898106
0.631151
1.000000
0.045209
0.000000
1.000000
0.000000
1.000000
0.529843
0.077015
0.996027
0.000000
0.772352
0.919528
1.000000
0.999988
0.995282
0.457338
0.999154
0.547153
0.728362
0.999986
0.534858
0.692108
0.999425
0.992023
0.742853
0.998536
0.699870
0.999996
0.999994
0.272978
0.701358
0.999927
0.446772
0.769601
0.991010
0.976795
0.999995
0.731843
0.000000
0.998232
1.000000
0.911708
1.000000
0.977847
0.000000
0.823907
0.999855
0.996952
0.923840
0.000000
0.320495
0.793251
0.195039
0.046729
0.984183
0.871030
0.000000
0.919135
1.000000
0.988636
0.980650
0.989895
0.982492
0.966672
0.999892
0.941171
0.949534
0.898455
0.590295
0.971704
0.000000
1.000000
0.000000
0.716894
0.616290
0.998161
0.962613
0.999741
0.975926
0.983081
0.509514
0.912577
0.954868
0.795680
0.997172
0.513871
0.975932
0.928872
0.921105
1.000000
0.936892
0.000000
0.922469
0.724720
0.739983
0.966346
0.960120
0.959457
0.000000
0.905703
0.194838
0.999375
1.000000
0.326960
0.886734
0.995268
0.983016
0.994996
0.625266
0.941283
0.999606
0.048252
0.983003
0.948388
1.000000
0.808582
0.922117
0.748733
1.000000
0.069678
0.089882
1.000000
0.879773
0.992442
0.441217
0.741753
0.000000
0.157226
0.996881
0.811551
0.999999
0.922021
0.000000
0.793872
0.893253
0.997451
0.413016
0.875381
0.971240
0.983551
0.843912
0.986294
0.824258
0.770824
0.808952
0.997256
0.988030
0.965508
0.948638
0.811892
0.930683
0.976964
0.636418
0.720430
0.137710
0.952979
0.949036
0.754270
0.935502
0.999940
0.000000
0.507977
0.976192
1.000000
0.976915
0.999965
0.828917
0.999769
0.999159
0.000000
0.999110
0.962753
1.000000
0.867057
0.999987
0.979708
0.995113
0.369392
0.999897
0.862683
0.999967
0.589233
0.999798
0.702766
0.999936
0.378410
0.896446
0.997076
0.480860
0.774629
0.000000
0.650164
0.390274
0.595059
0.969989
1.000000
0.766860
1.000000
0.583055
1.000000
0.979648
1.000000
0.760099
0.088256
0.958442
1.000000
0.863574
0.962088
0.951015
1.000000
0.772432
0.704810
0.958163
0.210872
0.000000
0.118371
1.000000
0.527225
0.999977
0.279230
0.976104
0.202435
0.991008
0.000000
0.579743
0.844074
0.995803
0.680872
0.783983
0.918273
1.000000
0.465580
0.999765
0.385768
0.876303
0.000000
0.227773
0.220101
0.979655
0.999986
0.913868
0.992560
0.986125
0.939789
1.000000
0.999972
0.225425
0.966608
0.636215
0.249255
0.615454
0.902400
0.205199
0.210717
1.000000
0.102262
0.999952
0.935132
0.000000
0.999934
0.669244
0.157411
0.755185
0.797881
0.547315
0.933521
0.803892
0.901425
0.888693
0.820573
1.000000
0.985060
0.882009
0.575613
0.993829
0.998393
0.671478
0.927637
0.027851
0.946057
0.236099
0.998282
0.865896
0.974038
0.999981
0.650681
0.938955
0.999974
0.999765
0.696808
0.988943
0.978272
0.361020
0.991900
0.785084
0.999995
0.997434
0.289746
0.697256
0.999999
0.996943
0.812679
0.810616
1.000000
0.487881
0.211860
0.987965
1.000000
0.995445
1.000000
1.000000
0.333523
0.985795
0.846624
0.938790
0.990146
0.999960
0.923209
0.935199
1.000000
1.000000
0.566319
0.263326
0.878551
0.103280
0.941850
0.991963
1.000000
0.997685
0.999986
1.000000
0.074595
0.999998
0.596300
0.980672
0.999246
0.982736
0.957778
0.998719
0.869145
0.999991
0.238489
0.918458
0.988956
0.854144
0.971589
0.999063
0.799713
0.996664
0.999819
0.999959
0.977137
0.785829
0.953299
0.972159
0.804463
0.999922
0.412472
0.997605
0.000000
0.957812
0.928429
0.999027
0.908099
0.000000
0.179828
1.000000
0.596625
0.884990
0.528844
0.807258
0.995500
0.999984
0.434082
0.993570
0.878386
0.000000
0.783669
0.000000
0.917623
0.976689
0.967482
0.801470
0.926527
1.000000
1.000000
1.000000
0.746285
0.870037
0.913591
1.000000
0.930126
0.324864
0.565690
0.178958
0.999983
0.990430
0.616083
0.999991
1.000000
0.390326
0.959164
0.722100
1.000000
0.234222
1.000000
0.999233
1.000000
0.999679
0.998397
0.771015
0.953073
0.989409
0.999867
0.839499
0.110031
0.607296
1.000000
1.000000
1.000000
0.987009
0.996517
0.950770
0.999998
0.465713
0.139029
0.998735
1.000000
0.987514
0.023496
0.000000
1.000000
0.774119
0.888077
0.902377
0.793258
0.651129
0.055174
0.898078
1.000000
0.995285
0.968655
1.000000
0.752871
0.997798
1.000000
0.094097
0.936079
0.971923
0.051781
0.681024
0.976581
0.833265
0.999993
0.979435
0.659140
0.904467
0.940280
0.903470
0.928360
0.457371
0.857447
0.125089
0.986149
0.000000
0.998909
0.108680
0.995445
0.903386
0.939192
0.165333
0.474453
0.565135
0.827218
1.000000
0.736080
0.981273
0.061682
0.928666
0.954731
0.000000
0.746204
0.026183
0.999532
0.971297
0.999431
0.664785
0.070976
0.999297
0.000000
0.999624
0.407554
0.801555
0.471793
0.993624
0.068523
0.556134
0.054648
0.000000
0.975983
0.997970
0.491063
0.909511
0.999995
0.410462
0.993105
0.974944
0.959535
1.000000
1.000000
0.105496
0.888908
0.999785
1.000000
0.891977
0.738698
0.985686
0.147899
0.286949
0.000000
0.108076
0.495927
0.989367
0.999994
0.948956
0.903149
0.436597
0.208059
1.000000
1.000000
0.990578
0.783024
0.772156
0.896806
0.979656
0.811964
0.089463
0.840843
0.999150
0.971421
0.969886
0.990142
0.820251
0.984010
0.062537
1.000000
0.976729
0.999889
0.913751
0.136417
0.987209
0.670891
1.000000
0.611997
0.592241
1.000000
1.000000
0.925748
1.000000
0.608015
0.909646
0.985757
1.000000
0.572886
0.999666
0.204047
0.315943
0.000000
0.892869
0.978486
0.999920
1.000000
0.110329
0.370896
0.093029
0.989720
0.971332
0.051258
0.894389
0.978391
0.360057
0.436797
1.000000
0.872932
0.831187
0.929885
0.998528
0.401289
0.781977
0.000000
0.999908
0.996062
0.999162
0.997275
0.754219
0.957092
0.257004
1.000000
0.562372
0.107959
0.804851
0.927336
0.999994
0.898831
1.000000
0.961762
0.000000
1.000000
0.951974
1.000000
0.107727
1.000000
1.000000
0.941488
0.966908
0.554003
0.321498
0.925130
0.367563
0.962994
0.980860
0.072531
0.996941
0.999398
0.512796
0.999942
0.864316
0.999918
0.000000
0.996739
0.960253
0.052415
0.993369
0.955323
0.877828
0.223835
0.797712
0.999973
0.999984
0.993040
0.930102
0.000000
0.956434
0.948159
0.998414
0.377516
0.974072
0.999999
0.541495
0.999994
0.980343
0.728811
0.826046
0.869196
0.962990
0.799472
0.812076
0.993974
1.000000
1.000000
0.999997
0.075058
0.986694
0.999812
0.940808
0.932521
0.165054
0.000000
0.999735
0.000000
0.372521
0.903630
0.980426
0.932466
0.999903
0.444025
0.000000
0.995546
0.058199
0.557921
1.000000
0.017722
0.962640
0.552849
0.000000
0.994652
0.173940
1.000000
0.263983
0.751423
0.000000
0.996966
0.958232
0.250618
0.637051
0.997234
0.960984
0.949864
0.381998
0.998202
1.000000
1.000000
0.550726
0.946714
0.056370
0.492416
1.000000
0.999999
0.999842
0.149138
0.729602
0.938708
0.989686
0.334316
0.992285
0.856248
0.999999
0.626886
0.688878
0.643348
0.190870
1.000000
0.631313
0.790336
0.999676
0.171785
0.750367
0.998932
0.238047
0.565746
0.701877
0.657970
0.999995
0.871587
0.186449
0.999415
0.392055
0.182836
0.771226
0.841163
0.958985
0.589960
0.835500
0.929423
0.948143
0.994228
0.999879
0.974631
0.985942
0.504536
1.000000
0.999944
0.000000
0.404214
0.713749
0.924849
1.000000
0.997646
0.992557
0.957274
1.000000
0.988903
0.995778
1.000000
0.962214
0.898288
0.982353
0.975204
1.000000
0.998907
0.978752
1.000000
0.893583
0.999999
0.998782
0.209766
0.734924
0.506884
0.901061
1.000000
0.000000
0.064919
0.875448
1.000000
1.000000
0.654167
1.000000
0.998707
0.998473
0.722184
0.859258
1.000000
0.919983
0.976386
0.948554
0.755458
1.000000
1.000000
0.066175
0.719522
0.000000
1.000000
0.754161
0.950701
0.977411
0.947463
0.812146
1.000000
0.962343
0.992186
0.834968
0.930671
0.151102
0.800137
0.998416
0.988896
1.000000
0.000000
0.481001
1.000000
0.157177
0.406835
0.917364
1.000000
0.395076
1.000000
0.989808
0.131985
0.998584
0.000000
0.750880
0.784672
0.850522
0.145636
1.000000
0.976798
0.756728
0.586739
1.000000
0.993133
0.963697
0.000000
0.584265
0.999181
0.912731
0.985119
0.528863
0.790926
0.693301
1.000000
0.845317
1.000000
0.483319
1.000000
0.514575
0.406228
0.877144
0.993659
0.000000
0.000000
0.842881
0.984153
1.000000
0.613597
1.000000
0.577462
0.265549
0.999787
0.873183
0.999962
0.999926
0.755464
0.999894
0.438004
0.777679
0.595821
0.875202
0.931995
0.998975
0.999858
0.999972
0.998591
0.995170
0.353935
0.662783
0.822269
0.769982
1.000000
0.908283
0.501637
0.290938
0.304706
0.732969
0.022246
0.934620
0.000000
1.000000
0.778370
0.948898
0.934790
0.990380
0.457847
1.000000
0.994990
0.071115
0.830303
0.997316
0.360893
0.924900
0.992332
0.999999
0.999967
0.909930
1.000000
0.945111
0.999791
0.999993
0.893558
0.996039
0.123725
0.417826
0.999998
0.040602
0.996332
1.000000
0.000000
1.000000
0.943679
0.836590
0.551060
0.000000
1.000000
0.295851
0.823728
0.892194
1.000000
0.816697
0.272004
0.997877
0.999547
1.000000
0.460100
0.979392
0.000000
0.985675
0.974096
0.613683
0.000000
0.984159
0.443731
0.694452
0.900733
0.912435
0.865884
0.991716
0.999994
1.000000
0.722794
0.000000
0.948719
0.810859
0.982438
0.573413
0.793992
0.134934
0.928686
0.999263
0.997374
0.519517
0.534760
0.999744
0.999873
0.999935
0.994390
0.314462
0.035277
0.000000
1.000000
0.834023
0.313864
0.970209
0.667790
0.999915
0.635199
0.995758
1.000000
0.421580
1.000000
0.988774
0.996180
0.976841
0.832264
0.994566
0.438033
1.000000
0.622949
0.998925
1.000000
0.999849
1.000000
0.961923
1.000000
0.984784
0.948592
0.913644
0.391050
0.379459
0.824771
0.367753
0.999613
0.999954
0.184676
0.984852
0.999543
0.998847
1.000000
0.968173
0.915717
0.745317
0.984049
1.000000
0.755509
0.248709
0.997697
1.000000
0.996329
0.507834
0.764152
0.000000
0.998598
0.522147
0.363532
0.958498
0.999998
0.994458
0.766748
1.000000
0.813025
0.995912
0.338739
0.899016
0.939179
0.206478
0.979916
0.265574
0.000000
1.000000
0.993425
0.000000
0.980537
1.000000
0.999980
0.956545
0.000000
1.000000
0.472085
0.033750
0.996010
0.426803
0.088256
0.933499
0.937318
0.992541
0.958500
0.878513
0.451213
0.781762
0.301310
0.996011
0.358008
0.233509
0.999857
1.000000
0.209888
0.738921
0.543400
0.750638
0.754734
0.998912
0.112104
0.869361
0.725697
0.865565
0.545206
0.928524
0.997462
0.999999
0.000000
0.000000
0.174911
0.726645
0.835018
1.000000
0.816623
0.972409
0.994063
1.000000
0.947599
0.994720
0.988938
0.981876
1.000000
0.884775
0.999332
0.590681
0.670480
0.612049
0.342038
0.850737
0.977287
0.098334
0.993605
1.000000
1.000000
0.998482
0.132818
0.999648
1.000000
0.256976
0.027679
0.636495
0.999991
1.000000
0.462457
0.888417
0.584472
0.999973
0.000000
1.000000
0.999993
0.270169
0.589431
0.837975
0.676608
0.809519
0.910018
0.992966
0.965541
0.012782
0.993260
0.839324
1.000000
0.999949
0.792646
1.000000
0.946313
0.996604
0.000000
0.963734
0.718421
0.965647
0.996794
0.674114
0.999529
0.889245
0.999999
0.927872
0.955899
0.981195
1.000000
0.684658
0.765377
0.993027
0.999997
0.901893
0.000000
0.999142
0.568574
0.635894
0.877072
0.982744
0.955623
0.954153
0.999903
0.840299
0.838402
0.999753
0.990803
0.956213
0.947275
0.999571
0.562733
0.996496
0.997479
0.000000
0.000000
0.953726
0.871435
0.486552
0.918238
0.892597
0.665144
0.906236
0.031943
1.000000
1.000000
0.967020
0.630868
0.972135
0.933216
0.999725
0.999975
1.000000
0.999718
0.942312
0.998836
0.999702
1.000000
0.439984
0.936592
0.999608
0.162971
0.963395
0.957011
0.951766
0.000000
0.920755
0.959058
0.999431
0.767743
0.999956
0.651850
0.042453
0.000000
0.989179
0.996942
1.000000
0.999949
0.965315
0.176697
0.072447
0.929299
0.314944
1.000000
0.923193
1.000000
0.290693
0.392334
0.994846
0.984206
0.000000
1.000000
0.987152
0.000000
1.000000
0.999897
0.997082
0.367987
0.631242
0.567326
0.984620
0.999666
0.000000
0.998764
0.603272
0.537593
0.964399
0.999457
0.993751
0.000000
0.884839
0.833369
0.159170
0.993189
0.525543
0.295976
0.699832
0.186592
0.028451
0.658179
0.892533
0.938349
0.950114
0.640027
0.962692
0.981069
0.797596
0.987679
0.915831
0.379467
0.999738
0.270106
0.912283
0.999962
0.987907
0.999750
0.378834
1.000000
0.921248
0.244654
1.000000
0.035715
0.510892
0.879003
0.009672
0.652000
1.000000
0.800254
0.926667
0.920006
1.000000
0.542289
0.974329
0.953714
0.390326
1.000000
0.980996
0.990403
0.861844
0.950566
0.928359
0.740094
1.000000
0.996359
0.876479
0.999970
0.996056
0.956442
0.982359
0.993835
0.531204
0.915407
0.999135
0.674879
0.208407
0.951446
0.546485
0.904893
0.996749
0.687136
0.999689
0.633775
0.863897
0.000000
0.642733
0.852935
1.000000
1.000000
0.999535
0.827200
0.795491
0.000000
0.147140
0.273956
0.871080
0.987585
0.124059
0.999948
0.955549
0.955648
0.000000
0.952790
0.000000
0.945355
0.840352
0.999119
0.999996
0.979631
0.999049
0.963106
0.937694
1.000000
0.992758
0.974828
0.486966
0.999889
0.012969
0.000000
0.172591
0.999998
0.987975
0.900304
0.855772
0.710977
0.000000
0.999997
0.380290
0.681497
0.998976
0.999547
0.626465
1.000000
0.740818
0.489318
0.145527
0.563920
1.000000
0.999030
0.987508
0.999621
0.868818
0.000000
0.892236
0.999575
0.900735
0.854433
0.995648
0.956054
0.960819
0.999981
0.998097
0.796148
1.000000
0.000000
0.998975
0.988137
0.886670
0.000000
0.953744
0.851799
0.999996
0.780644
0.235115
0.809078
0.998211
0.997020
0.632334
0.998731
0.569545
0.878678
0.307076
0.998861
0.702996
0.870843
1.000000
0.424883
1.000000
0.999993
1.000000
0.940038
0.532501
0.994827
1.000000
0.840613
0.646118
0.955334
0.981323
0.988655
0.838127
0.337180
0.000000
0.956446
0.771838
0.998923
0.870299
0.000000
0.000000
0.999997
0.997319
0.206478
0.390637
1.000000
0.159619
0.999954
0.979726
0.555193
0.999817
0.986748
0.863642
0.143940
0.957901
0.837768
0.576041
0.997770
0.999994
1.000000
0.989152
0.994907
0.893610
0.232170
0.922037
1.000000
0.527858
0.995185
0.110955
0.029724
0.599645
0.960407
0.130644
0.995235
0.990939
0.817569
0.688440
1.000000
0.533049
1.000000
0.000000
0.375423
0.277954
0.994134
0.999656
0.999658
0.641398
0.663397
0.999994
0.999948
0.991661
0.869575
1.000000
0.000000
0.958126
1.000000
0.998752
0.999675
0.000000
1.000000
0.528199
0.926205
1.000000
0.999907
0.989877
0.835391
0.499331
0.976455
0.988796
0.955033
0.860767
0.999830
0.000000
0.952851
0.294552
0.995538
0.605675
0.999526
0.698372
0.975769
0.000000
0.437442
0.972294
0.807086
0.891521
0.999972
0.098613
0.005516
0.000000
0.284909
0.931044
0.000000
0.804894
0.997675
1.000000
0.404255
0.220807
0.894728
0.055489
0.989312
0.000000
0.000000
1.000000
0.706109
0.943046
0.893321
0.975509
0.812361
0.000000
0.996500
0.405453
0.986637
1.000000
0.978065
0.973240
1.000000
0.396099
0.994538
0.956323
0.152122
0.400222
0.400581
0.999929
0.785370
0.354176
0.999438
0.999997
0.970741
0.025781
1.000000
1.000000
0.818238
0.386911
0.577704
0.379371
0.276794
0.339318
0.998739
0.999890
0.001058
0.990082
0.572139
0.290493
1.000000
1.000000
0.977301
0.933996
0.506491
0.775936
0.998668
0.429257
0.118688
0.950998
0.408394
0.971014
0.145728
0.170609
0.869259
0.346620
0.746798
0.993710
0.273930
0.905970
1.000000
0.965203
0.999962
1.000000
1.000000
0.325478
0.370756
0.000000
0.844601
0.921983
0.230831
0.491663
0.999907
0.401457
0.345641
1.000000
0.999999
0.987776
0.998071
0.998073
0.969932
0.487866
0.780450
0.241895
0.906017
0.999970
0.753207
0.977770
1.000000
0.999637
0.000000
0.891200
0.039909
0.979265
0.552362
0.875193
0.641195
0.105607
0.991801
0.947854
0.658819
0.998045
0.896966
0.999985
1.000000
1.000000
0.999617
0.718714
0.467662
0.796656
0.999993
0.929165
0.869981
0.469533
0.984550
0.959216
0.000000
0.900145
0.998627
0.548550
0.154702
0.908861
0.999974
0.994115
0.999013
0.347707
1.000000
0.985283
0.980784
0.840874
1.000000
0.999515
0.998783
0.918207
0.999999
1.000000
0.838000
0.876901
0.981512
0.309550
1.000000
0.563777
0.115187
0.814665
0.315225
1.000000
0.626553
0.972943
0.994544
0.802694
0.566950
1.000000
0.999998
0.417828
0.478374
0.999434
0.955812
0.821333
0.790329
0.108937
0.999998
0.036532
0.997796
0.997106
0.860782
0.842054
0.000000
1.000000
0.793709
0.810351
0.978921
0.107516
0.847480
0.843034
0.832436
0.978418
0.518250
0.997559
0.624171
0.998576
0.999821
0.000000
0.081052
0.406784
0.931110
0.957173
0.000000
0.038867
0.000000
0.987376
0.000000
1.000000
1.000000
1.000000
0.414137
0.000000
0.999989
1.000000
0.927264
0.488752
0.999136
0.999994
0.383853
0.721621
0.687668
0.101993
0.630427
0.952234
0.947952
0.715534
0.978500
0.996234
0.999997
0.947387
0.902571
0.919908
0.953044
0.858336
0.000000
0.879197
0.036928
0.834589
1.000000
1.000000
0.996775
0.544697
0.000000
0.000000
0.859308
0.762328
0.982397
1.000000
0.996997
0.999998
0.595753
0.876211
0.989233
0.770713
1.000000
0.109957
0.990689
0.998990
0.989693
0.999868
1.000000
0.984197
0.770826
0.000000
0.999942
0.853788
0.000000
0.978161
0.195967
0.989486
0.952941
1.000000
0.822439
0.960625
0.982985
0.000000
0.999994
0.000000
0.654380
0.934150
0.923855
0.994835
0.999735
0.996659
0.997379
0.668338
0.999260
0.955299
0.412567
0.941201
0.999926
0.722103
0.815176
0.966876
0.921300
0.805596
1.000000
0.840832
0.999204
0.939758
1.000000
0.942251
0.194325
1.000000
0.810364
0.831858
0.000000
0.967753
0.717685
1.000000
0.563753
0.798412
0.455752
0.000000
0.065965
0.317772
0.857317
0.938689
0.981202
0.903059
0.934907
0.432636
0.844028
0.834687
0.125459
0.844272
0.999981
0.942340
0.240365
1.000000
1.000000
1.000000
0.999075
0.659926
1.000000
0.089635
0.999996
0.000000
0.896999
0.000000
0.993399
0.980429
1.000000
0.999466
0.986512
0.000000
0.728369
0.999016
0.832248
0.999854
1.000000
1.000000
0.612929
0.996466
0.335825
0.029472
0.588185
0.420395
0.888596
0.763653
0.976855
0.340376
0.989614
0.650207
1.000000
0.000000
0.922545
0.999998
0.984560
0.997591
0.081922
0.900211
0.835253
0.908163
0.991031
0.254492
1.000000
0.110231
0.442415
0.844051
0.448733
1.000000
0.540121
0.965908
0.595768
0.999675
0.997607
0.999994
0.513186
0.930590
0.153631
0.000000
0.774966
0.924827
0.000000
0.850084
0.759360
0.983045
0.376741
0.795275
0.682474
0.363398
0.999990
0.998964
0.996365
0.538321
0.680174
0.180682
0.178719
0.740693
0.997759
0.070489
0.999846
0.000000
0.829806
0.117686
0.982757
0.981201
0.856932
0.000000
1.000000
1.000000
0.326165
0.000000
0.696850
0.935529
0.926669
0.996507
0.778912
1.000000
0.993835
0.982889
1.000000
0.999988
0.212072
1.000000
0.999892
0.999971
0.633102
0.281349
0.999292
0.996832
1.000000
0.981070
0.930250
0.983642
0.985123
1.000000
0.000000
0.998625
0.999904
0.581136
1.000000
0.000000
0.934640
0.981939
1.000000
0.632898
0.238044
0.242353
0.999280
0.896298
0.993401
0.981688
0.997094
0.999994
0.542479
0.999868
0.999970
0.975550
0.929245
0.996983
1.000000
0.264549
0.137527
0.994763
0.914207
0.153318
0.998551
0.961467
1.000000
0.752263
0.788576
0.994885
0.991062
0.086167
1.000000
0.007490
0.851241
1.000000
0.521572
1.000000
0.496722
0.999310
0.234175
0.000000
0.999896
0.948437
0.912072
1.000000
0.180558
0.444291
0.000000
0.062313
0.999938
0.999989
0.752443
0.000000
1.000000
0.851497
0.000000
0.999966
0.997949
0.887666
0.999985
0.215689
1.000000
0.784627
0.793084
0.977348
0.652684
1.000000
0.532635
0.951207
1.000000
0.715299
0.981953
0.911737
0.990686
1.000000
0.998127
0.999999
0.952041
0.999713
0.180501
0.671490
0.995350
0.000000
0.678162
0.000000
0.930768
0.977878
1.000000
0.999688
0.994245
0.809462
0.694570
0.979867
0.961015
0.055416
0.732559
0.304129
0.875241
0.999888
0.990501
0.916141
0.825819
1.000000
1.000000
0.000000
0.000000
0.950548
0.986700
0.715642
0.000000
0.670379
0.000000
0.576224
0.049087
0.795716
0.864568
1.000000
0.967997
0.900021
0.779604
0.018764
1.000000
1.000000
0.999958
0.986048
1.000000
0.696216
0.722493
0.958891
0.990956
0.766442
0.016564
1.000000
0.000000
0.998621
1.000000
0.954362
0.999892
0.908872
1.000000
0.784880
0.307939
0.999991
0.766189
0.000000
0.983561
0.970815
0.928629
0.189541
0.999994
0.809998
0.637913
0.999981
0.999544
0.968775
0.996380
0.575735
0.997290
0.992363
0.792693
0.188046
0.230182
0.944814
0.120936
0.972478
0.999999
0.658924
0.951617
0.842918
0.975331
0.662423
0.999872
1.000000
1.000000
0.970405
0.856446
0.651269
0.997181
0.951430
0.964391
0.114397
0.955843
0.880131
0.394241
0.824321
0.999999
0.541845
0.947459
0.450196
0.080304
0.000000
0.779182
0.560828
0.995647
0.889308
0.944425
0.941952
0.000000
0.991101
0.918991
0.346000
0.879765
0.939207
0.669329
0.997844
0.625846
0.596731
0.595422
0.008692
0.582156
0.000000
0.468193
0.987380
0.965425
0.781583
0.935063
0.150943
0.765593
0.831969
0.993826
0.998447
0.304563
0.337387
0.536456
0.567255
0.322045
0.968241
0.237865
0.814920
0.999923
0.799098
0.939764
0.125940
0.103855
0.978990
1.000000
0.975509
0.938027
0.963134
0.899620
1.000000
0.698040
0.995143
0.701594
0.914041
0.999913
0.458659
0.632295
0.190538
0.972933
0.999464
0.991226
0.242939
0.053359
0.994932
0.991641
0.999959
0.040339
0.000000
0.996496
0.875253
1.000000
0.702226
0.984580
0.896254
0.988685
1.000000
0.944117
0.998147
0.194609
0.807414
0.999972
0.999861
0.918869
1.000000
0.980222
1.000000
0.610822
0.493954
0.801025
0.714571
0.811013
0.999976
0.954834
0.924315
0.924774
0.998906
1.000000
0.999999
0.136278
0.890890
0.675174
0.698110
0.793713
1.000000
0.199976
0.984382
0.981331
1.000000
0.415204
0.528477
0.859541
0.892819
0.171599
0.138907
0.999725
0.997377
0.999524
0.999389
1.000000
1.000000
1.000000
0.857658
0.917787
0.704299
0.125320
1.000000
0.999978
0.795691
0.990326
0.292138
0.732903
0.816911
1.000000
0.997890
0.999997
0.999994
0.999471
0.879114
0.999553
0.974730
0.269345
0.130900
0.990587
0.878501
0.999991
0.935115
0.929728
0.623215
0.118152
0.994392
0.999231
0.776227
0.000000
1.000000
0.903960
0.999998
0.982491
0.282520
0.806718
0.739884
0.999953
0.601648
0.793268
0.999919
0.772440
0.890245
1.000000
0.999904
0.522018
1.000000
0.990970
0.703314
0.815744
0.986603
0.937310
0.000000
0.994873
0.793240
0.293574
0.999999
0.214406
0.998889
0.090919
0.284319
0.323095
0.990539
0.067999
0.999494
0.888782
1.000000
0.993008
1.000000
0.535918
0.999998
1.000000
1.000000
0.901513
0.487965
0.396509
1.000000
0.984381
0.614000
0.996095
0.999991
0.804650
0.890193
0.305415
0.999844
0.905628
0.985325
0.995009
0.888996
0.999914
0.918043
0.162938
0.999269
0.211117
0.998344
0.258187
0.303345
1.000000
0.946822
0.998932
0.890201
0.609836
0.000000
0.479527
0.604120
0.947167
0.999838
0.995647
0.172530
1.000000
0.342061
1.000000
0.685797
1.000000
0.386377
0.999984
0.999823
0.738355
0.000000
0.828159
0.891266
0.909671
0.345992
0.813115
0.961438
1.000000
0.977224
0.467098
0.989791
0.985755
0.998293
0.999831
0.997397
0.696597
0.799034
0.997337
1.000000
0.972042
0.904629
1.000000
0.956993
0.105210
0.000000
0.997566
1.000000
0.563826
0.999914
0.929389
0.953398
0.925465
0.000000
0.983363
0.446179
0.283725
0.631218
0.676413
0.915850
0.358380
0.262633
0.365016
0.709673
0.870403
0.999977
0.993850
1.000000
0.608486
0.210157
1.000000
0.299062
0.999986
0.874213
0.989951
0.999258
0.999722
0.789142
0.907473
0.710932
0.978372
0.341536
1.000000
0.127605
1.000000
1.000000
0.964307
0.765105
0.994282
0.999945
0.434550
1.000000
0.784244
0.982910
0.225083
0.846458
1.000000
0.956101
0.987990
0.893887
0.999929
0.409128
0.786787
0.909214
0.831513
0.939605
0.913725
0.970934
1.000000
0.442943
0.336603
0.912873
0.943146
0.904840
0.790911
0.944168
0.999999
0.999997
0.438873
0.643062
0.904844
0.974186
0.520540
0.974220
0.000000
0.728873
0.510069
0.906314
0.999978
0.000000
0.000000
0.980117
1.000000
0.741499
0.987394
1.000000
0.772944
0.640897
1.000000
1.000000
0.558348
0.057308
0.834122
0.078972
0.929175
0.886985
0.968939
0.011903
0.367411
0.842563
0.672211
1.000000
1.000000
0.624378
0.167762
0.696144
0.980480
0.693301
0.155929
0.948444
0.921213
0.950930
0.825973
0.957576
0.764122
0.999798
0.000000
0.999491
0.000000
0.906821
0.948993
0.176655
0.999995
0.050919
0.749802
0.999802
0.996882
0.853227
0.194037
0.000000
0.729678
0.821655
0.138955
0.645297
0.942937
0.987181
0.637731
0.999701
0.968615
0.939659
1.000000
0.900388
0.497273
0.902541
0.905752
0.878865
1.000000
0.991902
0.555919
0.732786
0.975692
0.478163
0.906402
0.999960
1.000000
0.996123
0.983497
0.999586
0.999540
0.996890
1.000000
0.971139
1.000000
0.989211
0.999999
0.968586
0.991733
1.000000
1.000000
0.917376
0.989966
0.755483
0.738957
0.768593
0.786886
0.244487
0.608553
0.443363
0.021202
0.560465
0.997664
0.186178
0.997918
0.895766
0.761912
1.000000
0.060307
0.217527
0.638781
0.069140
0.000000
0.888674
0.048923
0.886349
0.994974
0.683314
0.953283
0.946571
0.973533
1.000000
0.661850
0.705109
0.881783
0.978682
0.841357
0.999999
0.998050
0.671647
0.054887
0.494620
1.000000
0.399231
0.999343
0.999996
0.999722
0.000000
0.950276
0.954987
1.000000
0.588027
0.989172
0.973343
1.000000
0.999900
1.000000
0.803984
0.959561
0.992740
0.505666
0.838839
0.031218
0.999376
0.000000
1.000000
0.952594
1.000000
0.331359
1.000000
0.975392
1.000000
1.000000
0.168602
0.874091
0.528384
0.581830
0.999998
1.000000
0.218974
0.688669
0.748561
0.879366
0.998411
0.998029
1.000000
0.418759
0.438993
0.108893
0.011105
0.707882
0.977130
0.999822
0.985529
0.989201
0.364924
0.895818
0.560344
0.418336
0.559318
0.916590
0.387949
0.671840
0.195782
0.986721
0.882199
0.842279
0.722541
0.928886
0.999993
1.000000
0.324051
0.996221
0.962681
1.000000
0.000000
0.883875
0.915960
0.997112
0.901602
0.000000
0.982864
0.999772
0.088462
0.942132
0.998808
0.985420
0.957637
0.957684
0.998775
0.999192
0.088367
0.999646
0.755673
0.912697
0.950751
0.582649
0.000000
1.000000
0.997262
0.000000
0.915034
0.990557
0.627594
0.735752
0.893622
0.026147
0.999988
0.902085
0.976928
0.740025
0.998684
0.865120
0.637040
1.000000
1.000000
0.927923
0.998565
0.000000
0.997703
0.672504
0.982420
0.026924
0.999771
0.980009
0.123086
0.988453
0.950496
0.607598
1.000000
0.999848
0.087665
0.825302
0.929970
0.999891
0.873554
0.999001
0.839199
0.684670
0.040489
0.834860
0.986711
0.998691
0.969923
1.000000
0.996851
0.000000
0.727437
0.935659
0.777924
0.202770
0.949662
0.516115
0.050114
0.909998
0.059433
1.000000
0.837005
0.973366
0.882714
0.984753
1.000000
1.000000
1.000000
0.633454
0.648060
0.997578
0.870897
0.129747
0.168929
0.990441
0.729720
0.552254
0.999795
0.390533
0.351730
0.999926
0.483886
0.638503
0.020693
0.504940
0.985554
1.000000
0.961483
0.399152
0.954155
0.936786
0.999998
0.904861
0.991147
1.000000
0.873099
0.000000
0.851992
1.000000
0.749602
0.938019
0.768959
0.962850
0.999999
0.686853
0.864461
0.993371
1.000000
1.000000
0.359758
0.893974
0.000000
1.000000
0.999523
0.985259
0.999905
0.369705
0.999763
0.878723
0.816534
0.943200
0.849790
1.000000
0.989611
0.879741
0.061840
1.000000
0.961429
0.664749
0.883042
0.494519
0.995348
0.000000
0.890429
0.999859
0.999991
0.999213
0.999998
0.873500
0.683068
1.000000
0.916452
1.000000
0.991205
0.977008
0.480864
0.578410
1.000000
0.230369
0.922411
0.981905
0.209121
0.472188
0.271026
0.999919
0.000000
0.483361
0.998727
0.935630
0.853860
0.749626
0.495264
0.000000
0.802214
0.999999
0.625813
1.000000
0.055987
0.746181
0.999359
0.999420
0.838380
0.894417
0.694147
0.997890
0.851669
0.999734
0.992884
0.985812
0.999997
0.793789
0.000000
0.000000
1.000000
0.276532
0.807452
0.828739
0.000000
0.000000
0.640766
0.439700
0.818008
1.000000
0.967955
0.983221
0.337860
0.635247
0.923073
0.721417
0.693015
0.664794
0.922667
0.043856
1.000000
0.203442
0.757154
0.999207
0.626827
0.999944
0.965544
1.000000
0.971318
0.998546
0.998666
0.999743
0.875747
0.993227
1.000000
0.557377
0.075118
1.000000
0.875540
0.942320
0.948145
0.000000
0.597377
0.999973
1.000000
0.918843
0.191196
0.971335
0.997005
0.889558
0.999934
0.914617
0.238160
1.000000
0.127063
1.000000
0.837319
0.000000
0.977411
0.821797
0.864899
0.993399
0.350744
0.750516
1.000000
0.998140
0.999952
0.993468
0.811396
0.896477
1.000000
0.993944
0.999819
0.572922
0.204258
0.810987
0.876035
0.948661
0.999198
0.066457
0.993322
0.995948
0.959355
1.000000
0.814281
0.301851
1.000000
0.859379
1.000000
0.999877
0.985583
1.000000
0.915125
0.559885
0.999989
0.999557
1.000000
0.875596
0.762687
0.242813
0.990090
0.242329
0.999963
0.999850
0.795574
0.182952
0.932603
0.784461
0.495417
0.489499
0.987977
0.998554
0.000000
0.988433
1.000000
0.997001
0.826702
0.080113
0.305288
0.990739
0.042560
0.999994
0.768517
0.965928
0.985615
1.000000
0.645140
0.636557
0.992226
0.639250
0.882007
0.999999
0.578449
0.999921
0.898970
1.000000
0.900843
0.998526
0.738612
0.000000
0.999971
1.000000
0.808599
1.000000
0.950996
0.999979
0.731898
0.496943
0.645988
0.016250
0.964164
0.996667
0.999523
0.997625
0.958934
0.745788
1.000000
1.000000
0.000000
1.000000
0.995280
0.972299
0.737881
0.524254
0.991775
0.998109
0.999812
0.536241
0.000000
0.793574
0.810673
0.889811
0.982998
0.925081
0.859279
0.904414
0.979347
0.884674
1.000000
1.000000
0.999959
0.900148
1.000000
1.000000
1.000000
0.000000
0.089831
0.318466
0.720730
0.555246
0.993597
0.358029
0.994425
0.987836
0.919767
0.972337
1.000000
0.560084
0.999999
1.000000
0.943339
0.277157
0.900985
0.998191
0.999950
0.971370
0.822958
0.728064
0.416233
0.617168
0.000000
0.432489
0.000000
0.694581
0.999949
0.855845
0.998613
0.712766
0.973343
0.405998
0.999861
0.991354
0.964215
0.996466
0.994632
0.414949
0.929652
1.000000
0.079093
0.999985
0.896301
0.963050
0.288480
0.999836
0.971534
1.000000
0.814299
0.999998
0.632914
0.800794
0.000000
0.000000
0.000000
0.997725
0.839897
0.274726
1.000000
0.925002
0.622467
0.546723
0.825914
0.436703
1.000000
0.961211
0.622641
0.996027
1.000000
0.825985
0.999997
0.175461
0.999728
0.998087
0.048989
0.872357
0.996900
0.999494
0.623382
0.998357
1.000000
1.000000
0.999491
0.937122
0.999909
0.911090
0.960868
1.000000
0.000000
0.998787
0.159976
0.999934
0.000000
0.000000
0.292931
0.858617
0.986023
0.098895
0.187830
0.413928
0.520669
0.631982
0.999957
0.362180
0.993603
0.000000
0.997587
0.984291
0.996706
0.769556
0.799065
0.751597
0.777923
0.998058
0.980176
0.241953
0.267045
0.903144
0.078343
0.000000
0.967430
1.000000
0.025218
0.987523
0.956775
0.170429
1.000000
0.989947
0.406060
0.000000
0.869707
0.800206
1.000000
0.962929
0.438332
0.364710
0.993949
0.993320
1.000000
0.748377
0.428068
0.763240
0.572134
0.100413
0.867005
0.894076
0.724271
0.926780
0.999992
0.556531
0.000000
0.763583
0.974730
0.901659
0.984046
0.154731
0.628950
0.975022
0.709561
0.975215
0.000000
0.029359
0.685667
1.000000
0.920138
0.041958
0.988026
0.998606
0.763877
0.970800
0.970652
0.109047
0.146696
0.834297
0.431831
0.648405
0.999997
0.999799
0.248227
0.788064
0.749159
0.848459
0.991898
0.999904
0.997728
0.767539
0.731577
0.906088
1.000000
0.268072
0.300491
0.993936
0.987401
0.909398
0.331955
0.823785
0.963038
0.278674
0.999998
0.014449
0.419522
0.999973
1.000000
0.999991
0.805022
0.986501
0.780087
0.624576
0.989811
0.829895
0.596423
0.999999
1.000000
1.000000
0.338857
0.874261
0.828364
0.985674
0.109756
0.999992
0.241515
0.989523
0.993331
0.813149
1.000000
0.976878
0.898168
0.995582
0.936310
0.948439
0.812229
0.999103
0.787434
0.999423
1.000000
0.999985
0.745874
0.462541
0.998916
0.998089
0.730485
0.568335
0.998769
0.977741
0.420327
1.000000
0.999556
1.000000
0.986143
0.970172
0.993118
0.998477
0.913624
0.756652
0.948703
0.996652
1.000000
0.750517
0.938513
0.597246
0.999584
0.149054
0.909834
0.960422
0.333297
0.397511
0.999832
0.000000
0.923668
1.000000
0.663919
0.333015
0.698675
0.951700
0.999906
0.994824
0.961497
0.655437
0.535040
1.000000
1.000000
0.000000
0.997628
0.920153
0.086103
0.050040
0.894155
0.455408
0.988530
0.015623
1.000000
0.999491
0.999303
1.000000
0.917375
0.996984
0.967200
0.999980
0.619690
0.087988
0.767896
0.991486
0.999069
1.000000
0.999831
1.000000
0.576297
0.982592
0.990468
0.766908
1.000000
0.999567
0.967839
0.963167
0.931348
0.980463
0.169113
0.932882
0.706139
0.044722
1.000000
0.695564
0.749083
1.000000
0.997124
0.000000
0.782089
1.000000
0.946266
0.999993
0.952768
0.652512
0.727194
0.951082
0.358241
0.804727
0.999996
0.999996
0.955534
0.479550
0.904439
0.796117
0.949965
0.663020
0.861231
0.255180
0.438397
0.916828
0.935091
0.999997
1.000000
0.000000
0.000000
0.786475
0.981803
0.958878
0.998483
0.998836
0.000000
0.000000
0.169637
0.939938
0.404867
0.964605
0.996270
0.950224
0.943536
0.943111
0.999999
0.998354
0.974904
0.312933
0.893273
1.000000
0.505159
0.971464
0.000000
0.740594
0.514910
0.999961
0.951757
0.000000
0.495269
0.533438
0.999996
1.000000
0.968302
0.999226
0.972315
0.970516
0.000000
1.000000
0.711665
1.000000
0.931926
0.999997
1.000000
0.848046
0.542111
0.436492
0.836535
0.904739
0.999752
0.570495
0.654449
1.000000
0.967282
0.923891
1.000000
0.993475
0.898330
0.877826
0.994855
0.793757
0.996615
0.887364
1.000000
0.918412
0.741547
0.215232
0.000000
0.948672
0.187528
0.998184
0.579479
1.000000
0.933351
0.997928
0.826314
0.083558
0.167573
0.915547
0.550553
0.999999
0.000000
0.000000
0.999985
0.944835
1.000000
0.944331
0.736849
0.802819
0.379490
0.474123
0.999994
1.000000
1.000000
0.873530
0.166485
0.863927
0.071162
0.090026
0.000000
0.984660
0.000000
0.976831
0.977804
0.361545
0.969425
0.999998
0.997764
0.782564
0.999998
0.762964
0.350392
1.000000
0.908684
0.366333
1.000000
0.000000
0.373853
0.317862
1.000000
0.999997
0.999327
0.999827
0.726641
0.979227
0.920899
0.998534
0.062893
0.624451
0.971854
0.999614
0.995597
0.055954
0.620104
0.235528
0.678617
0.999913
0.014342
0.546933
0.429568
0.869187
0.961753
0.893306
0.999345
0.815023
0.995836
0.997955
0.026223
0.987047
0.495687
0.000000
0.909514
0.568471
0.997915
0.336792
0.989667
0.000000
0.955298
0.999786
0.405141
1.000000
1.000000
0.130514
0.885185
0.747372
0.214789
0.985806
1.000000
0.364747
0.999777
0.915085
0.945830
0.999990
0.135302
0.970767
0.464663
0.990851
0.982093
0.947702
0.865525
0.987962
0.122755
0.069526
0.458951
0.970788
0.799927
0.999611
1.000000
0.999994
0.745636
1.000000
1.000000
0.974891
1.000000
0.000665
0.929773
0.124083
0.681746
0.975003
0.359290
0.491391
0.513446
0.000000
0.895965
0.999766
0.559838
0.000000
0.999638
0.308684
0.000000
0.998049
0.802539
0.808828
0.442612
0.991952
0.999736
0.056503
0.492703
0.785233
0.993217
0.892762
0.000000
0.965077
0.193473
0.967692
0.000000
0.107684
0.974673
0.978216
0.924035
0.441742
1.000000
0.000000
0.927134
0.361872
0.886691
0.214682
0.485492
0.990639
0.766098
0.733695
0.689124
0.354618
0.708385
0.948259
1.000000
0.999995
0.974980
0.742107
0.417989
0.360648
0.946873
0.993681
0.970067
0.959370
0.467634
0.918955
0.659328
0.487387
0.998121
0.900993
0.576267
0.974641
0.635212
1.000000
0.390942
1.000000
0.353775
0.947600
0.621663
0.968052
0.997253
0.998863
0.999997
0.839327
0.773793
0.533155
1.000000
1.000000
0.055018
1.000000
0.348599
0.464670
0.004485
0.993218
1.000000
0.999996
0.047406
0.000000
0.879926
1.000000
0.379975
0.130510
0.085414
0.865089
0.831864
0.869923
1.000000
0.454095
1.000000
0.220896
0.782162
1.000000
0.688122
0.988553
0.868630
0.952196
0.999933
0.995399
0.053292
0.535229
1.000000
0.142199
0.979358
0.557944
0.072780
0.685138
0.959429
1.000000
0.571717
0.573019
1.000000
1.000000
0.988308
0.532161
0.541280
0.640134
0.000000
0.999847
0.020877
0.959767
0.855431
0.808324
0.454820
0.700741
0.995380
0.721274
0.997003
0.454769
0.942404
0.999855
0.999891
0.998111
0.999799
0.999730
0.810073
0.000000
0.991062
0.958376
0.061463
0.093139
0.995148
1.000000
0.931789
0.600025
0.504185
1.000000
0.770952
0.996989
0.618557
0.999670
0.879155
1.000000
0.598717
0.156288
0.999861
0.000000
0.964473
0.790719
0.226021
1.000000
0.996066
0.390223
0.213031
0.150727
0.349307
0.673375
0.000000
0.999957
0.232325
0.999999
0.974176
0.649951
0.469100
0.782057
1.000000
0.971119
0.968497
0.646692
0.121727
0.074038
0.402642
0.937922
0.819027
0.993149
1.000000
0.942959
0.689326
0.000000
0.000000
1.000000
0.195068
0.000000
0.919328
0.973805
0.947647
0.991690
0.988400
0.966853
1.000000
0.014195
0.948228
0.984442
0.000000
0.999999
0.973177
0.102328
0.935855
1.000000
1.000000
0.973084
0.998498
0.840230
0.893493
0.999422
0.968211
0.996711
0.993095
0.978446
0.568809
0.917660
0.859434
1.000000
0.930163
0.999929
0.231805
0.559237
0.000000
0.983362
0.978245
0.551312
0.921438
0.769528
1.000000
0.914846
0.379691
0.881872
0.998753
0.000000
0.307892
0.927866
1.000000
0.644342
0.806123
0.986659
1.000000
0.991404
0.945101
0.092278
0.227683
0.875111
0.919854
1.000000
1.000000
0.987822
0.384418
0.999998
0.982998
0.540504
0.996320
0.000000
0.814572
0.883976
1.000000
0.976231
0.998651
0.764475
0.875924
0.828832
0.177812
0.000000
0.140060
0.999007
1.000000
0.537411
0.999824
1.000000
0.972291
1.000000
0.999999
1.000000
0.982121
0.894468
0.999993
1.000000
0.204168
0.748905
0.852619
0.999839
0.000000
0.586235
0.624632
0.996747
0.253117
0.887241
0.994144
0.999957
0.908529
0.672540
0.976943
1.000000
1.000000
0.993799
0.950365
0.997321
0.377474
0.840325
0.733693
0.161410
0.000000
0.939971
1.000000
0.621546
0.659776
0.539838
0.999744
0.903883
0.874554
0.854003
0.839313
0.733839
0.990481
0.945786
0.999960
1.000000
0.874309
0.630508
0.972505
0.989896
0.306940
0.915974
0.961725
0.000000
0.468364
0.883032
1.000000
0.000000
0.229791
0.823003
0.729860
0.000000
0.909898
0.864827
0.960882
0.000000
0.629597
0.844871
0.455736
0.904001
0.527128
0.944138
0.000000
0.971117
0.069810
0.833527
0.841709
0.993358
0.949107
0.927049
0.991991
0.990316
0.218364
0.060714
0.720993
0.000000
0.155009
0.888025
0.975422
0.934262
0.737553
0.999977
0.172393
0.801177
1.000000
0.935455
0.998041
0.972521
0.993894
0.997251
0.513656
0.000000
0.981057
0.999983
0.999997
0.000000
0.999985
0.703615
1.000000
0.597637
0.692875
0.151424
0.994001
0.958540
0.779007
0.496021
0.535919
0.570565
0.939591
0.266744
0.986334
0.999344
0.000000
0.921644
0.420076
0.999934
0.998218
0.507902
0.997548
0.165763
1.000000
0.495578
0.916134
0.870581
0.672389
0.988892
0.327133
0.974749
0.999999
0.984463
0.993445
0.824026
0.929052
0.986451
1.000000
0.821632
0.985203
0.803658
0.149366
0.969708
0.948654
1.000000
0.000000
0.225688
0.000000
0.522791
0.873873
0.998120
0.183530
0.172113
0.602270
1.000000
0.999994
0.999869
0.978719
0.631987
0.802203
0.999136
0.410156
0.754026
0.921999
0.000000
0.673986
1.000000
0.905796
0.926150
0.971403
1.000000
0.999972
0.597710
0.862439
0.469043
0.835989
0.997543
0.998146
0.879998
0.939272
0.000000
0.998618
1.000000
0.549746
0.895491
1.000000
1.000000
0.880370
0.721264
0.993942
0.588917
0.996316
0.820689
0.075841
1.000000
0.843483
0.000000
0.827046
1.000000
0.839710
0.999760
0.666866
0.981024
0.978065
0.670146
0.844749
1.000000
0.662257
0.927501
0.122849
0.839750
0.576866
0.988899
0.994955
0.331217
1.000000
0.803937
0.951074
0.896951
0.128475
1.000000
0.935319
0.869774
0.477784
0.994224
0.978396
0.044932
0.938477
0.443141
0.694265
0.993606
0.000000
1.000000
0.998651
0.125022
0.671897
0.234886
0.995182
0.840202
0.443497
0.984878
0.440093
0.134360
0.999979
0.133224
0.909338
1.000000
0.999230
0.858604
0.973277
0.975895
0.973555
0.978994
0.999998
0.992853
0.743037
0.713391
0.145020
0.833642
0.796948
0.798107
1.000000
0.849193
0.102817
0.178513
0.677940
0.656398
0.999859
0.858733
0.946167
0.158219
0.959013
0.906568
0.985413
0.000000
0.000000
0.761602
0.996834
0.970419
0.944767
0.904006
0.859667
1.000000
0.991067
1.000000
0.980333
0.321530
1.000000
0.934929
0.150392
0.999829
0.997322
0.005014
0.960092
0.778349
1.000000
0.289256
0.184502
0.644941
0.968154
0.396436
0.943830
0.983591
0.076867
0.000000
0.395050
0.971586
0.521394
0.888527
0.602487
0.992374
0.997867
0.629231
1.000000
0.000000
0.999979
0.999997
0.528814
0.742922
0.476755
0.116173
0.889360
0.572616
0.997764
0.966750
0.993629
0.533528
0.986918
0.418982
0.000000
0.114715
0.074176
0.999986
0.973482
1.000000
0.996236
0.999535
0.829825
0.900076
0.796244
0.979394
0.584063
0.987889
0.748743
1.000000
0.998330
0.982789
0.084504
0.891643
0.901789
0.999473
0.986183
0.910408
0.734588
0.988478
0.307857
0.999632
1.000000
0.971758
0.964721
0.109577
0.594319
0.492497
0.546838
0.000000
1.000000
1.000000
0.498459
0.202671
0.915257
0.949492
0.345979
0.512451
1.000000
1.000000
0.979590
0.808379
0.000000
0.393759
0.320666
0.980695
0.654480
1.000000
0.000000
0.000000
0.895226
1.000000
0.984754
0.999985
0.320212
0.988879
0.000000
0.926454
0.943628
0.991836
0.545457
0.871572
0.937306
0.635919
0.845525
0.878678
0.949615
0.929334
0.876225
0.988960
0.789931
0.171690
0.819785
0.998666
0.766503
0.982608
0.999694
0.832373
0.984136
0.982188
0.936734
0.991001
1.000000
0.938147
0.982418
0.839410
0.927196
0.999897
0.840353
0.954207
0.999704
0.999998
0.483550
0.946626
0.943984
0.175523
0.686205
1.000000
0.762592
1.000000
0.998659
0.000000
0.777185
0.999922
0.324131
1.000000
0.997983
0.928327
0.265884
0.000000
0.626054
0.422621
0.989210
0.496303
0.999800
0.000000
0.985241
0.431319
0.000000
0.557172
0.986718
0.937901
0.998796
0.992626
0.915564
0.140420
0.925120
0.000000
0.316283
0.893830
0.770252
0.835534
0.297228
0.847139
1.000000
0.968157
0.000000
0.364159
0.209568
0.943691
0.998847
1.000000
1.000000
0.785418
0.749378
0.378193
0.972885
0.051266
0.955199
0.999401
0.532238
0.438886
0.019671
0.802102
0.835855
0.297085
0.998836
0.753723
0.967641
0.972391
0.749993
1.000000
1.000000
0.554304
0.672089
0.251070
0.264764
0.999991
0.984458
0.999986
0.999670
0.999999
0.999050
0.995701
0.566397
0.961262
1.000000
0.145527
0.966744
0.862880
0.974975
0.999858
0.851063
0.994724
0.344470
0.909494
0.918103
1.000000
0.999056
0.922783
0.219296
0.782850
0.954130
0.407501
0.848691
0.997966
0.986313
0.860471
0.813132
0.956819
0.862894
0.996037
0.900372
0.997604
0.999873
0.998741
0.983962
0.999866
0.881686
0.994599
0.878669
0.999999
1.000000
0.882623
0.999994
0.959966
0.212967
0.943812
1.000000
1.000000
1.000000
1.000000
0.000000
1.000000
0.254990
0.991256
0.999999
0.888376
1.000000
0.995096
0.918287
0.037187
0.752009
0.000000
1.000000
0.986478
1.000000
0.589053
0.219974
0.000000
0.552282
0.999994
1.000000
0.999360
0.637780
1.000000
0.999641
0.759328
1.000000
0.898732
0.937210
0.996982
0.947171
0.141950
0.988197
0.826900
0.990806
0.999267
0.464192
0.992187
0.785980
0.863358
0.999341
0.816326
0.911664
0.934112
0.891045
0.637689
0.999965
0.788783
0.854564
0.087257
0.995874
1.000000
0.964039
0.103733
0.978456
0.786800
0.696958
0.477488
0.954004
0.999967
0.927509
0.872662
0.878561
0.873185
0.746075
0.896962
0.635477
1.000000
0.938653
0.593410
0.999986
0.904138
0.730591
0.920507
0.764705
0.695902
0.360716
0.240870
0.171704
0.952222
0.000000
0.588083
0.872587
0.655830
0.997480
0.861874
0.901346
0.781594
0.958363
0.312401
0.673420
0.632499
0.994190
0.710434
0.868867
0.975457
0.894135
1.000000
0.399779
0.999791
0.999882
1.000000
0.999865
0.818977
0.997763
0.340790
0.732814
0.999994
1.000000
0.999661
1.000000
1.000000
0.287716
0.999747
0.000000
0.999990
0.886533
0.916308
1.000000
0.698462
0.363124
0.928311
0.991996
0.925472
0.431248
0.409871
0.993794
1.000000
1.000000
0.999810
0.913478
0.058489
0.911952
0.872290
1.000000
0.920932
0.836567
0.258052
0.746040
1.000000
0.999807
0.076157
0.188541
0.808988
0.999854
1.000000
0.998928
0.999939
0.199832
0.999573
0.887105
0.000000
0.624256
0.874902
0.921135
0.534433
1.000000
0.893335
0.997927
0.999998
1.000000
0.984758
0.994159
1.000000
0.716270
0.999992
0.970823
0.994090
0.946121
0.890718
0.999980
0.020264
0.996954
0.403597
0.986042
0.327206
0.174168
0.995783
0.000000
0.993105
0.716678
0.560960
0.948898
0.988326
0.675658
0.842630
0.999753
0.420732
0.982981
0.564181
0.000000
0.000000
1.000000
0.866853
1.000000
0.923724
0.308717
0.728586
0.727530
0.901544
0.818937
0.292354
0.957229
1.000000
0.999355
0.000000
0.565135
1.000000
0.099169
0.835726
0.714254
1.000000
0.964939
0.412408
0.999999
0.174040
0.936081
0.722968
0.341724
0.989643
0.850414
0.999996
1.000000
0.077785
0.992457
0.999436
0.990818
0.168996
1.000000
0.981431
0.989666
0.960619
0.948152
0.995606
0.993115
1.000000
1.000000
0.971973
0.999995
0.818370
0.826972
0.411205
0.999929
1.000000
0.994184
0.898319
0.562663
0.131300
0.988819
0.684713
0.999744
0.667187
0.981125
0.481063
0.799028
0.998807
0.158668
0.801981
0.895313
0.956942
0.354576
1.000000
0.306829
0.999813
1.000000
0.137105
1.000000
1.000000
0.988536
0.981070
0.074539
0.026585
0.310866
0.988944
0.991775
0.916782
0.999472
0.512823
0.812721
0.999999
0.881416
0.889561
0.975277
0.805730
0.999316
0.957557
1.000000
0.738750
0.580157
0.000000
0.555967
0.470107
0.326625
0.475740
0.998659
0.733952
0.209780
1.000000
0.336697
0.999647
0.585203
0.518616
0.905797
0.165019
0.979080
0.998247
0.986000
1.000000
0.999428
0.252259
1.000000
0.978945
0.955876
0.000000
0.000000
0.483960
0.610476
0.000000
1.000000
0.686203
1.000000
0.757703
0.061922
0.203217
0.957560
1.000000
0.875524
0.999999
0.983170
0.259824
0.986807
0.972800
0.898689
0.946376
0.998792
0.743832
0.197578
0.996891
0.983018
0.861780
0.425301
0.058880
0.112230
0.983208
0.000000
0.997317
0.978242
0.000000
0.747259
0.000000
0.999137
0.999843
0.988068
0.999504
0.119243
0.742059
0.897243
0.779275
0.999987
0.240081
1.000000
0.925739
0.948505
1.000000
0.994797
0.972048
0.988446
0.313331
0.415119
0.958037
0.854660
0.943562
0.999500
0.850498
0.486657
0.590682
0.098556
0.994792
0.057376
0.694244
0.972040
0.648342
0.999912
0.126144
1.000000
0.999623
0.999805
0.999989
0.986853
0.218150
0.642445
0.000000
0.987174
0.951640
1.000000
0.998948
0.999091
1.000000
0.000000
0.663269
0.831874
0.998461
1.000000
0.999772
0.997074
0.912123
0.999998
0.999603
0.398112
0.999999
0.000000
0.000000
0.831166
0.689672
0.944935
0.877518
0.941419
0.494771
0.513498
0.632925
0.307197
0.999999
0.989578
0.802921
1.000000
0.693509
0.115704
0.875187
0.963864
0.703672
0.967376
0.062727
0.857076
0.863394
0.999998
0.574379
0.999440
1.000000
0.999998
0.000000
0.845707
0.967262
0.999861
1.000000
0.590758
0.000000
0.089550
0.000000
0.960767
0.660167
0.971623
0.999997
0.993883
0.070512
0.977760
0.411257
0.761117
0.635616
0.999975
0.999979
0.999968
0.999993
0.884451
0.999996
0.999934
0.965966
0.993815
1.000000
1.000000
0.685093
0.888500
0.993879
0.607307
0.905311
1.000000
0.830188
0.981367
0.842809
0.678259
0.967268
0.999834
0.971518
0.979505
0.986277
0.789448
1.000000
0.791363
0.999755
0.000000
0.999807
0.540114
0.986917
0.999973
0.000000
0.117065
0.720289
0.006425
0.957016
0.982189
0.929019
0.996112
0.928098
0.589973
0.981845
0.957943
0.684237
0.000000
0.354248
0.999992
1.000000
0.582830
0.576323
0.884902
0.648408
1.000000
0.999284
0.997053
0.981249
1.000000
0.998912
0.596145
0.926733
0.776072
0.023520
0.983316
0.999849
1.000000
0.994040
0.025999
0.990030
0.989847
0.222392
0.963922
0.000000
0.980310
0.727414
0.019064
0.947581
0.967791
0.637424
0.477366
0.645411
0.957660
0.999957
0.999680
0.999956
1.000000
0.132717
0.000000
0.999057
0.936666
0.997826
1.000000
0.000000
0.986622
1.000000
0.067040
0.064412
0.905151
0.875940
0.381548
0.895614
0.993654
0.823838
0.666828
0.991372
0.776893
0.997799
0.801095
1.000000
0.437498
0.177294
0.966105
0.231326
0.999807
0.999940
0.930440
0.208443
0.596261
0.657267
0.846326
0.521083
0.051929
0.956730
0.997566
1.000000
0.055962
1.000000
0.637151
0.749761
0.951401
1.000000
1.000000
0.999990
0.999931
0.999993
0.550235
0.693387
0.364545
1.000000
0.968084
0.999591
0.879819
1.000000
0.230270
0.999917
0.892725
0.995504
1.000000
0.000000
0.595238
0.880151
0.757350
0.983095
0.980111
0.999805
0.999904
0.992924
0.175218
0.999708
0.997983
0.651687
0.195059
0.711972
0.993258
0.759102
0.909053
0.204550
0.000000
0.310516
0.679553
1.000000
0.834335
0.999990
0.999967
0.997184
0.441933
0.382214
0.000000
1.000000
0.992917
0.000000
0.690323
0.899475
0.989506
1.000000
1.000000
0.838389
0.980696
0.190031
0.942485
0.981443
0.979308
0.968619
1.000000
0.999930
1.000000
0.934808
0.881448
0.992790
0.999999
0.911547
0.999828
0.898489
1.000000
0.996623
0.656752
0.405763
0.344354
0.964669
0.990696
0.949671
0.729163
0.000000
0.307408
0.000000
1.000000
0.999964
0.547878
0.454053
0.987326
0.442010
0.037883
0.999963
0.913421
0.543942
0.990982
0.575397
0.000000
0.900795
0.905923
0.998868
0.996242
0.993611
0.915230
0.856718
1.000000
1.000000
1.000000
0.999323
0.873108
0.716113
0.608568
0.892360
0.634811
0.999803
0.321403
0.657382
0.447890
1.000000
0.987730
0.988718
0.476888
0.503413
0.000000
0.241810
0.903121
0.993989
0.947656
0.879378
0.000000
0.956572
0.081800
0.838300
0.997567
0.993479
1.000000
0.981287
0.992360
0.994545
0.838771
0.110328
0.484657
0.232013
1.000000
0.633379
0.984605
0.985148
0.923762
0.996821
0.264062
0.999935
0.600169
0.901409
0.000000
0.606473
0.739956
0.155326
0.339690
0.989769
0.285679
0.203013
0.984973
0.999693
0.825417
0.797627
1.000000
0.192454
0.553798
0.987020
0.999742
0.093956
0.811202
0.919633
0.576751
0.282112
0.999965
0.992783
0.966264
0.999925
0.553393
0.914416
0.882528
0.947511
0.965892
1.000000
1.000000
1.000000
0.875541
0.952483
0.801571
0.316936
0.712102
0.067852
0.000000
0.671062
0.929627
0.978507
0.998798
0.861620
0.999997
0.884024
0.972379
0.902052
0.931841
0.975872
0.931999
0.999928
1.000000
0.911040
0.945499
0.219282
1.000000
0.856505
0.856938
0.999642
0.892935
0.656640
0.965924
0.991358
0.000000
0.644049
1.000000
0.999252
0.771353
0.102425
0.000000
1.000000
0.981609
0.718011
0.293173
0.199954
0.847539
0.890470
0.661174
0.999913
0.893194
0.063634
0.999997
0.877321
0.987957
0.665305
0.387192
0.307627
1.000000
0.909628
0.973950
0.749643
0.000000
0.999986
1.000000
0.696234
0.968210
0.502437
0.000000
0.000000
0.349245
0.912748
0.316434
0.684695
0.994496
0.706940
0.773127
0.709725
0.953533
0.996013
0.996616
0.999998
0.000000
0.000000
0.995533
1.000000
0.999766
0.993001
1.000000
1.000000
0.992843
0.997601
0.999876
0.000000
0.840195
0.907888
1.000000
0.000000
0.853566
0.999195
0.925385
0.991468
0.999611
0.334757
0.520739
0.998686
1.000000
0.999992
0.608817
0.990873
0.989185
0.926955
0.828947
0.268571
0.000000
0.671388
0.924089
0.862249
1.000000
0.370478
0.999899
0.854608
1.000000
0.979601
1.000000
0.735627
0.918885
1.000000
0.826376
0.999928
0.786286
0.999666
0.436264
0.583796
0.997616
0.752135
0.615980
0.041708
0.134820
1.000000
0.920857
1.000000
0.522516
0.343750
0.818118
0.340203
0.740528
1.000000
0.663949
0.429938
0.793868
0.997862
0.674070
1.000000
0.982579
0.952586
0.905127
0.501254
0.999995
0.854741
0.101903
0.575722
0.942137
0.647541
0.999908
0.999838
0.988558
0.755551
1.000000
0.822752
0.627106
0.952612
0.999998
0.159733
0.153679
0.019064
0.999620
0.805856
0.982509
0.879682
0.836324
0.947240
0.776171
0.331288
0.999456
1.000000
0.999717
0.999233
0.932607
0.751271
0.998178
0.992720
0.000000
0.981638
0.123374
0.991139
1.000000
0.000000
0.441587
0.884880
0.407823
0.096173
0.197547
1.000000
0.997537
0.996076
0.000000
0.831883
0.234775
0.465900
0.758636
0.964837
0.356849
0.611460
0.771355
0.996222
0.928495
0.464664
0.999994
0.705846
0.793329
0.990823
0.623533
0.921270
0.946595
0.980127
0.926542
0.000000
0.851599
0.892040
0.999966
0.045553
0.900601
0.787315
0.823778
0.999080
0.876505
0.983332
0.995924
0.974685
0.846896
0.996969
0.998826
0.993928
0.603420
0.870859
0.573900
0.780955
0.650287
0.768170
0.999701
0.578297
1.000000
0.847118
0.729947
0.259558
0.000000
0.418953
0.658495
0.219407
0.999704
0.561063
0.639070
0.935633
0.843151
1.000000
1.000000
0.889694
0.981551
0.000000
0.000000
0.492413
0.884704
0.976393
0.886451
0.625729
0.253499
0.819253
0.998466
1.000000
0.615256
0.920856
0.990182
0.344729
0.782760
0.958436
0.868656
0.987462
0.870347
0.474735
0.881034
0.057808
0.000000
1.000000
0.999998
0.022360
0.173383
0.813062
0.999982
0.783595
0.990163
0.200916
0.734451
0.974015
1.000000
0.906976
0.986928
1.000000
0.999950
0.466541
0.082664
0.961755
0.838172
0.999984
0.989036
0.317331
0.658664
0.999898
0.985094
0.895570
0.808631
0.996986
0.952616
0.999997
0.702717
0.896150
0.944062
0.996835
0.933288
0.994225
1.000000
0.934285
0.995344
0.907639
0.993630
0.999046
0.855690
0.891998
0.000000
0.132158
0.958522
0.931273
0.925400
0.649213
0.974618
0.983984
0.742376
0.650379
0.999701
0.999872
0.828206
0.876815
0.827055
0.980874
0.995849
0.858980
0.127531
0.992272
0.050249
0.719367
1.000000
0.940855
0.909103
0.314959
0.998650
0.984170
0.778593
0.895265
0.994309
0.998984
0.990774
0.064120
0.981722
0.666463
0.546637
0.861739
0.945907
0.999235
0.154127
0.999760
0.000000
0.853144
0.996121
0.173649
0.999560
0.999984
0.999934
0.801438
0.999958
0.856194
1.000000
0.999996
0.853538
0.999623
0.324785
0.553179
0.952149
0.972958
0.000000
0.966707
0.674125
0.155151
0.296777
0.000000
0.953099
0.482559
0.968108
0.129500
0.570978
0.987456
0.113652
1.000000
0.838877
0.996391
0.999370
0.585742
0.139159
0.060603
0.809187
0.051602
1.000000
0.981943
0.098663
0.995962
0.302806
0.477722
0.998577
0.000000
0.545232
0.994363
0.946386
1.000000
0.961136
0.999984
0.970261
1.000000
1.000000
0.982334
0.755684
0.275814
0.977261
0.766995
0.999581
0.695790
0.994663
0.908665
0.985948
1.000000
0.951448
0.713406
0.482156
0.999979
0.926843
0.996803
0.986053
0.000000
0.981793
0.979137
0.558705
0.206414
0.991824
0.568783
0.826134
0.540089
0.999868
0.226848
0.990635
0.946303
0.568835
0.999091
0.422974
0.976316
0.396151
0.000000
0.512886
0.967734
0.000000
0.975408
0.963431
0.965995
0.799002
0.999867
0.987164
0.000000
0.325994
0.628565
0.000000
0.980694
0.556941
0.082818
0.999929
0.832315
0.230129
0.878626
0.704843
0.798518
0.069933
0.997933
0.964279
0.905595
0.979419
0.924793
0.877047
0.840279
0.889035
0.851822
0.513949
1.000000
1.000000
1.000000
0.944575
0.999009
0.999992
0.998719
0.993050
1.000000
0.254675
0.976362
0.906677
1.000000
0.133722
0.620913
1.000000
0.776896
0.999982
0.205647
1.000000
0.053386
0.950602
0.643410
0.300932
0.158840
0.118113
0.998664
1.000000
1.000000
0.983464
0.955145
0.000000
0.974536
0.881422
0.999999
0.116863
0.000000
0.591915
0.000000
0.997070
0.910659
0.255253
0.998060
0.918517
0.830250
0.993081
0.850578
0.984113
0.999758
0.785469
0.975618
0.935002
0.717148
0.851906
0.595991
0.199979
0.999959
0.659737
0.457235
0.998181
0.644126
0.000000
0.999502
0.917073
0.935376
1.000000
0.501524
0.983342
1.000000
0.000000
0.998724
0.999911
1.000000
0.494364
0.202357
0.371250
1.000000
0.872114
0.710275
0.813784
0.298612
0.953804
1.000000
0.904505
0.995998
0.999965
0.998961
0.074089
0.370749
0.916685
0.730306
0.987859
0.000000
0.999899
1.000000
0.972624
1.000000
1.000000
0.758111
0.937715
0.651026
0.452318
0.319459
0.298154
0.961887
0.987837
1.000000
0.280262
0.990063
0.219045
0.999477
0.436091
0.862221
0.000000
1.000000
0.995783
0.999493
0.932578
0.242113
0.998722
0.351520
0.630731
0.335736
0.829374
0.989561
0.989831
0.000000
0.974186
0.316840
0.000000
1.000000
0.999997
0.729073
0.495955
0.785001
0.292154
1.000000
0.054843
1.000000
0.306489
0.945455
0.971158
0.000000
0.954175
0.840905
0.999865
0.971556
0.096928
0.609361
0.620160
0.000000
0.999999
0.217254
0.522506
0.985540
0.999980
0.962878
0.471080
0.761117
0.236575
0.999988
0.999487
1.000000
0.523278
1.000000
0.894979
0.999990
0.737520
0.442211
0.594497
0.305649
0.994297
0.966979
0.204939
0.166830
1.000000
0.352056
0.987019
0.997503
0.993412
1.000000
0.750772
0.995452
0.999932
0.974427
0.000000
1.000000
0.215478
1.000000
0.998506
0.613778
0.366880
0.517408
0.831028
0.904441
0.399048
0.567979
0.767575
0.492570
0.999998
0.920729
0.998192
0.999996
0.818543
0.000000
1.000000
0.813887
0.000000
0.797118
0.908342
1.000000
0.856366
0.482911
0.995523
0.998086
0.649496
1.000000
0.642442
0.964795
0.821590
0.760001
0.918993
0.100090
0.998788
0.000000
0.466862
0.855795
0.999461
0.139225
1.000000
0.827265
0.999574
1.000000
0.991018
0.974128
0.958288
0.999888
0.812351
0.000000
0.959370
0.068834
0.466016
0.403192
1.000000
0.835809
0.858822
0.997732
0.907910
0.980494
0.994798
0.588961
0.881928
1.000000
0.963483
1.000000
0.254865
0.981026
0.996432
0.869281
0.034272
0.211478
0.787398
0.979940
0.996651
0.950582
0.984277
0.263584
0.990612
0.091877
1.000000
1.000000
1.000000
0.988522
0.787061
0.998555
0.975934
0.926646
0.753253
0.917426
0.493842
0.490256
0.991065
0.719871
0.955522
0.000000
0.835113
1.000000
0.999951
0.999408
0.919632
1.000000
0.280853
0.982063
0.999753
0.938354
0.999847
0.362642
0.999331
0.450939
0.834055
0.000000
0.508679
0.963468
0.409392
0.806466
0.999837
0.754425
0.856143
0.995844
0.979744
0.000000
0.807914
0.946528
0.999250
0.999899
0.999952
0.999536
1.000000
0.761549
0.727429
0.743977
0.357778
0.998470
0.996213
0.574896
0.980598
1.000000
0.950712
0.998737
0.891265
0.400318
0.210430
0.999960
0.985915
0.114150
0.287283
0.978370
0.101115
0.946908
0.953397
1.000000
0.660672
1.000000
0.959913
0.936985
0.968686
0.975173
0.462991
0.951993
0.890067
1.000000
0.208804
1.000000
0.365151
0.289262
0.740147
0.902536
1.000000
1.000000
0.619435
0.998977
0.999937
0.500161
0.953610
0.999999
0.271267
0.096650
0.781966
0.009628
0.732680
0.944238
0.720761
0.000000
1.000000
0.000000
1.000000
0.466873
0.895367
0.769300
0.543235
0.770092
0.999683
0.315549
0.000000
0.000000
0.990312
0.997365
0.999650
0.689204
0.984953
0.323602
0.849166
0.902014
0.995979
0.000000
0.949712
0.114799
0.999921
0.000000
0.327911
0.775046
0.077435
0.982520
0.999999
0.992900
0.999589
0.976542
0.975158
0.612015
1.000000
0.999390
0.256629
0.998480
0.000000
0.526649
0.882309
0.864814
0.200802
1.000000
0.504312
0.263714
0.975531
0.999850
1.000000
0.000000
0.996437
0.999273
0.848753
0.910267
0.836348
0.705319
0.950424
0.999999
0.983031
1.000000
0.340801
0.608297
0.793279
0.347140
0.999953
0.997055
0.981596
0.734389
1.000000
0.501699
0.943527
0.542435
0.222861
0.958677
0.848311
0.879736
0.997233
0.724303
0.000000
0.963659
0.821538
0.000000
0.418645
0.987814
0.758542
0.953475
0.994676
0.689725
0.961128
0.997737
0.999901
0.672025
0.171086
1.000000
0.992277
0.000000
0.958771
0.944010
0.943688
0.760365
0.777201
0.288661
1.000000
0.559858
0.979311
0.039216
0.986371
0.000000
0.285177
0.497264
0.999994
1.000000
0.647896
1.000000
0.167116
0.849707
0.784876
0.040698
0.997380
0.666196
0.644001
0.279635
0.473829
0.254108
0.970359
1.000000
0.999914
0.448274
0.996020
0.639332
0.275047
0.953342
0.996412
0.655044
0.564866
0.414965
0.657602
1.000000
0.992401
0.999858
0.999489
0.766630
0.902999
0.973343
0.999988
0.817652
0.999944
0.731950
0.300530
0.993610
0.000000
0.966315
1.000000
0.702598
0.820634
0.999826
0.164054
0.979205
0.275820
0.971647
0.779371
0.996648
0.954727
0.938358
0.929013
0.491624
0.689230
0.890725
0.741370
0.977519
0.279410
0.988099
1.000000
0.561853
1.000000
0.999907
0.996708
0.663134
0.194280
1.000000
0.978502
0.100247
0.971402
1.000000
0.951166
0.518309
0.425011
0.995832
0.741229
0.577514
0.999764
0.999913
1.000000
1.000000
0.999253
0.356283
0.442674
0.948611
0.993979
1.000000
0.993055
0.999403
0.999697
0.895192
0.000000
0.742501
0.862942
1.000000
0.985692
0.986511
0.641088
0.937404
0.999225
0.965573
1.000000
0.284490
0.980149
0.724847
0.742230
0.900129
0.750888
0.609080
0.835328
0.000000
0.901811
0.779166
0.045515
0.000000
1.000000
0.996195
1.000000
0.931048
0.992425
1.000000
0.000000
1.000000
0.999883
1.000000
1.000000
0.026857
0.599474
0.736735
0.132251
0.777019
0.789102
0.868795
0.991265
0.006233
0.839162
0.849936
0.807637
0.033778
0.979133
0.486947
1.000000
0.544090
0.989922
0.709797
0.999964
0.999991
0.556699
0.380988
0.993351
0.983157
0.785022
0.981161
1.000000
0.313941
0.625931
0.325506
0.659587
0.984996
0.000000
0.011081
0.724147
0.999978
0.734362
0.999992
0.999998
0.965946
0.999863
0.996315
0.999742
0.938325
0.880378
0.649509
1.000000
0.765065
0.994966
0.995521
0.830883
0.024547
0.795442
0.951578
0.975838
0.820212
0.873769
0.609211
0.999999
0.204456
0.000000
0.468711
0.981411
1.000000
0.819301
0.999999
0.394785
0.999738
0.912719
0.238068
0.734694
1.000000
0.986209
0.889736
0.994092
1.000000
0.999999
0.808238
0.985438
0.999073
0.999600
0.411698
0.967222
0.985843
0.981306
0.997115
0.999989
0.930347
0.994335
0.998952
0.887449
0.691203
1.000000
0.903829
0.975092
0.820894
0.678692
0.992333
0.882455
0.624132
0.996299
0.087827
0.334598
0.716600
0.392868
0.578496
0.999553
0.999402
1.000000
1.000000
1.000000
0.424820
0.953284
0.978194
0.000000
0.999971
0.995441
0.920060
0.871625
0.000000
0.987830
0.998673
0.999871
0.923145
0.628452
0.110187
0.909018
0.868170
0.999953
0.130961
0.998095
0.154598
0.921681
0.998418
0.892294
0.954288
0.412210
0.987161
0.135135
0.999765
0.998638
0.999901
1.000000
0.871337
0.999998
0.949604
0.407051
0.396941
0.104332
1.000000
0.996045
1.000000
0.999829
0.181214
1.000000
0.823110
0.999941
0.971126
0.105392
0.999336
0.371091
0.938361
0.822276
1.000000
0.276257
0.929935
0.983517
0.847581
0.000000
0.876000
0.268079
0.997848
0.888471
0.999998
1.000000
0.999959
0.999999
0.991392
1.000000
0.999999
0.224076
0.996521
0.744466
0.954309
0.982315
0.813248
0.479726
0.887402
0.998820
0.998581
0.000000
1.000000
0.994236
1.000000
0.999999
0.667165
0.999300
0.996815
0.925084
0.989265
0.000000
0.922391
0.970025
0.993773
0.999920
0.758734
0.393571
0.683011
0.983346
0.995970
0.920202
0.991624
1.000000
0.699266
0.108684
1.000000
0.984897
1.000000
0.997638
1.000000
0.000000
0.999963
1.000000
0.987462
0.942373
1.000000
0.000000
0.999997
0.000000
0.113149
0.315757
0.795365
0.854249
0.976042
0.999925
0.885889
0.999681
0.039374
1.000000
0.998165
0.819332
0.902094
0.954462
0.964936
1.000000
1.000000
0.997352
0.835488
0.983552
0.962093
0.000000
0.999992
0.999521
0.313827
0.999992
0.000000
0.996990
0.625110
0.999238
0.587485
0.999997
0.528247
1.000000
0.865890
0.767015
0.959425
0.000000
0.725355
0.971937
1.000000
1.000000
1.000000
0.928684
0.656371
0.401897
0.000000
0.996880
0.944558
0.993339
0.917587
0.844211
0.430563
0.277010
0.000000
1.000000
0.999883
0.988029
0.820064
0.409895
0.939886
0.896396
0.000000
0.873168
0.979605
0.796145
0.882085
0.991988
0.948527
0.964019
0.999568
0.976427
0.130418
0.886817
0.981150
0.465393
0.999999
0.085916
0.584765
0.893738
0.834023
0.081057
0.673673
0.959729
0.998291
0.998253
0.248426
0.966928
0.913291
0.000000
1.000000
0.954681
0.853256
0.586297
0.999991
0.216950
0.332708
0.149918
0.344805
0.000000
0.080974
1.000000
0.803029
1.000000
0.458654
1.000000
0.946811
0.984671
0.939146
0.999531
0.998739
0.993469
0.761722
0.997246
0.701289
0.276417
0.999799
0.981752
0.637212
0.999961
0.955219
0.999959
0.998299
0.120619
0.942519
0.999999
0.990572
0.887674
0.999929
0.517518
0.999967
0.225755
0.979460
0.033781
1.000000
1.000000
0.949203
0.991300
0.967916
0.912694
0.836445
0.000000
1.000000
0.860882
0.999475
0.999981
0.935818
1.000000
0.693892
0.668188
0.995704
0.917287
1.000000
0.700612
0.255965
0.135171
0.999360
1.000000
0.505503
0.813140
0.448572
0.511596
0.990170
0.971005
0.978502
0.999963
0.953571
0.999976
0.000000
0.453341
0.998500
0.979233
0.390558
0.976922
0.874480
0.605626
0.144648
0.000000
0.480043
0.991346
0.987026
0.999647
0.999972
0.995160
0.691621
0.997027
0.997881
0.000000
0.816971
0.999975
0.940774
0.000000
0.129185
0.961888
1.000000
0.940545
0.666304
0.827082
1.000000
0.425231
0.985259
0.975443
0.589948
0.978072
0.991142
0.999998
0.953420
0.998958
0.992785
0.251097
0.999997
0.988823
0.699474
0.999999
0.894677
0.976159
0.998737
0.999999
1.000000
0.952222
0.752752
0.463948
0.999198
1.000000
0.855406
0.769034
0.840580
0.988595
0.853138
0.599657
0.997099
0.938626
0.472379
0.750839
0.671950
0.906877
0.816596
0.784007
0.999979
