0.088518
0.003840
0.196999
0.000000
0.104405
1.000000
0.999998
0.244697
0.231867
0.439572
0.562802
0.506632
0.046900
0.998340
0.000000
0.129025
0.129050
0.871445
0.000000
0.618511
0.127229
0.999997
0.007172
0.390076
0.065102
0.000000
0.991883
0.659915
0.000000
0.956497
0.864284
0.012817
0.557451
0.089416
0.126944
1.000000
0.142758
0.956735
0.043877
0.249141
0.241940
0.000000
0.069470
0.352122
0.999997
0.224618
0.822456
0.000000
0.999760
0.987746
0.492059
0.072167
0.001825
0.774432
0.261139
0.000000
0.027330
0.000000
0.029146
0.799972
0.753932
0.132504
0.646505
0.944222
0.921337
0.999995
0.289605
0.859713
0.000000
0.000000
0.336078
0.945214
0.536554
1.000000
1.000000
0.886193
0.161461
0.234093
0.359728
0.000000
0.000000
0.112300
0.027093
0.905033
0.999550
0.034789
0.342287
0.000000
0.330595
0.187459
0.000000
0.019424
0.035986
0.795911
0.961407
0.999863
0.000000
0.063181
0.514744
0.867275
0.996271
0.000000
0.227231
0.300556
0.591887
0.774071
0.030903
0.992615
0.978641
1.000000
0.206291
0.921427
0.244894
0.000000
0.102450
0.999531
0.153949
0.778333
1.000000
0.000000
0.999622
0.392902
0.420954
0.000000
0.042638
0.567139
0.170699
0.119233
0.000000
0.125740
0.874893
0.991520
0.085602
0.302793
0.576768
1.000000
0.000000
0.759627
0.387554
0.726057
0.342904
0.000000
0.866177
0.995761
0.899322
0.990872
0.000000
0.194338
0.907398
0.833257
0.103168
0.020238
0.024607
0.010196
0.453090
0.999558
0.000000
1.000000
0.137837
0.713588
0.980414
0.736432
0.000000
0.114986
0.000000
0.099692
0.090131
0.953128
0.457734
0.017874
0.150207
0.878869
0.088518
0.999969
0.902498
0.283395
0.298359
0.229336
0.306234
0.000000
0.000000
0.906496
0.088240
0.105558
0.999927
0.081076
0.097770
0.922932
0.338356
0.137797
0.109144
0.368039
0.834966
0.285288
0.606261
0.403912
0.240217
0.999745
0.963900
0.397124
1.000000
0.242362
0.054913
1.000000
0.769964
0.282539
1.000000
0.764127
0.787139
0.903481
0.246935
0.997363
0.836659
0.996538
0.278711
0.189991
0.300533
0.402137
0.960817
0.776128
0.942726
0.346633
0.532898
0.016244
0.000000
0.952809
1.000000
0.217508
0.965446
0.000000
0.952286
0.600322
0.937722
0.375714
0.244786
0.020276
0.231791
0.737508
0.584352
0.624654
0.053287
0.628822
0.597583
0.999982
0.016879
0.999941
0.000000
0.999834
0.054714
0.015790
0.169524
0.227225
0.162327
0.041294
0.395513
0.227958
0.999980
0.811588
0.659637
0.087470
0.942047
0.389033
0.296186
0.999947
0.737697
0.857867
0.437938
0.016252
0.015152
0.995343
0.073076
0.751306
0.000000
0.950698
0.976924
1.000000
0.386773
0.463826
0.000000
0.036975
0.141536
0.051748
0.011695
0.008155
0.301024
0.000000
0.883220
0.880847
0.578477
0.761336
0.044680
0.151982
0.256438
0.000000
0.285411
0.564732
1.000000
0.136273
0.488939
0.162896
0.325014
0.000000
0.000000
0.016938
0.999977
0.342144
0.378379
0.000000
0.436935
0.136226
0.000000
0.130894
0.324243
0.157826
0.797418
0.255729
0.401637
0.028928
0.993996
0.000000
0.147303
0.403405
0.111139
0.000000
0.997962
0.478030
0.850811
0.923942
0.036451
0.018238
0.968590
0.097167
0.780821
0.110679
0.955303
0.507202
0.021433
0.786189
0.403345
0.840500
0.000000
0.664818
0.222086
0.172818
0.173602
0.332221
0.000000
0.000000
0.000000
0.440257
0.000000
0.310357
1.000000
0.234362
0.190314
0.491541
0.890468
0.510031
0.048088
0.681658
0.999596
0.178299
0.148841
0.073410
0.664974
0.092677
0.203558
1.000000
0.117783
0.753829
0.747282
0.000000
0.040173
0.999759
0.213938
0.613739
0.995545
0.074978
0.246303
0.471174
0.408035
0.146157
0.839182
0.961657
0.751901
0.999960
0.800140
0.319177
0.083820
0.987612
0.483034
0.996322
0.066080
0.074713
0.134169
0.573746
0.765303
0.091958
0.999386
0.860847
0.992123
0.120056
0.000000
0.000000
0.000000
0.999966
0.065146
0.085970
0.999567
0.337393
0.357722
0.000000
0.106267
0.056908
0.999943
0.998777
0.367175
0.615701
0.843397
0.000000
0.136824
0.000000
0.065686
0.948912
0.148064
0.016235
0.999991
0.364438
0.000285
0.953856
0.000000
0.693447
0.000000
0.066891
0.934959
0.796675
0.078590
0.000000
0.759742
0.999060
0.672339
0.875269
0.124462
0.185589
0.127268
0.103622
0.015510
0.056922
0.004877
0.221655
0.040799
0.109122
0.000000
0.916422
0.000000
0.973351
0.086164
0.159453
0.436806
0.495630
0.999981
0.000000
0.356192
1.000000
0.979438
0.000000
0.679195
0.000000
0.732950
0.014397
0.354163
0.807912
0.224226
0.904806
0.064511
0.299890
0.898430
0.453767
0.852050
0.705176
0.000000
0.683939
0.349022
0.991499
0.000000
0.902266
0.212078
0.182685
0.349333
0.849384
0.268329
0.000000
0.056459
0.193731
0.158040
0.015241
0.123388
0.578137
0.000000
0.796125
0.025481
1.000000
0.195784
0.864729
0.000000
0.082071
0.986823
0.874008
0.951585
0.997141
0.035820
0.706679
0.249918
0.770490
0.042599
0.295734
0.000000
0.532461
0.909685
0.981534
0.276132
0.133737
0.000000
0.749182
0.047679
0.412754
0.996854
0.170518
0.185266
0.999380
0.000000
0.734640
0.050987
0.143290
0.046460
0.643958
0.000000
0.137907
0.000000
0.097730
0.752965
0.308775
0.504171
0.999458
0.828380
0.124789
0.018615
0.062139
0.971911
0.233728
0.125305
0.551919
0.164995
0.971852
0.817003
0.526663
0.789804
0.139735
0.687617
0.000000
0.780837
0.484076
0.058244
0.973177
0.039461
1.000000
0.506593
0.882355
0.999743
1.000000
0.942219
0.206988
0.437586
0.000000
0.036312
0.999624
0.000000
0.999446
0.457387
0.107922
0.562457
0.109122
0.997555
0.037382
0.000000
0.201600
0.519065
0.278713
0.158443
0.044746
0.000000
0.000000
0.106005
0.046317
0.407129
1.000000
0.753037
0.000000
0.101417
0.737690
0.399199
0.088135
0.000000
0.001014
0.123705
0.773280
0.192066
0.806442
0.993033
0.955365
0.319783
0.061676
0.999428
0.791917
0.766435
0.084226
0.000000
0.661321
0.137204
0.956354
0.270468
0.079800
0.300422
0.947292
0.069019
0.215815
0.056747
0.045309
0.082987
0.049183
0.695643
0.035077
0.050578
0.780536
0.846253
0.058909
0.335385
0.187732
0.116611
0.419907
0.070457
0.187810
0.930088
0.015537
0.305413
0.038388
0.988468
0.205736
1.000000
0.796003
0.135319
0.996884
0.257244
0.455012
0.980757
0.260675
1.000000
0.650177
0.039131
0.988873
0.587360
0.000000
0.111827
1.000000
0.186816
0.999913
0.393329
0.772695
0.000000
0.776187
0.998914
0.571342
0.033293
0.873960
0.542359
0.003410
0.000000
0.999996
0.805452
1.000000
0.000000
0.999976
0.156927
0.028317
0.000000
0.000000
0.996542
0.994964
0.999995
0.134695
0.000000
0.156460
0.879115
0.929080
0.000000
0.019334
0.000000
0.167054
0.000000
0.000000
0.249171
0.409499
0.747310
0.074542
0.062650
1.000000
0.000000
0.794945
0.166362
0.335024
0.949381
0.000000
0.057826
0.711228
0.047853
0.982168
0.050895
0.285054
0.025319
0.995640
0.050331
0.092280
0.120362
0.420742
1.000000
0.939920
0.495492
0.990869
0.061634
0.252621
0.000000
0.581157
0.658019
0.539873
0.999993
0.000000
0.000000
0.321176
0.718088
0.086220
0.998459
0.000000
0.964131
0.997654
0.018720
0.000000
0.012775
0.342542
0.000000
0.000000
0.189100
0.781016
0.311054
0.456846
0.000000
0.727689
0.025522
0.583273
0.035025
0.122003
0.000000
0.926101
1.000000
0.847083
0.512333
0.142088
0.445763
0.251996
0.379271
0.825462
0.445737
0.047074
0.055855
0.182574
0.169466
0.232873
0.183025
0.325242
0.246231
0.046352
0.043967
1.000000
0.027265
0.075352
0.672508
0.273546
0.455583
0.303762
0.999996
0.981222
0.000000
0.010795
0.995136
0.692742
0.076418
1.000000
0.195028
0.022989
0.814850
0.187228
0.989675
0.127226
0.931723
0.220424
0.851908
0.000000
0.987743
0.016273
0.699550
1.000000
0.097842
0.131108
0.605399
0.256297
0.500691
0.000000
0.740951
0.074217
0.295743
0.587930
0.033915
0.163990
0.998020
0.937572
0.999996
0.969634
0.999331
0.235327
0.000000
0.254989
0.117544
0.000000
0.035789
0.604604
0.208301
0.999967
0.524475
0.000000
0.000000
0.939820
0.000000
0.851913
0.978784
1.000000
0.021997
0.580616
0.000000
0.171548
0.032958
0.502814
0.000000
0.254717
0.906441
0.448210
0.991165
0.000000
0.775787
0.000000
0.999974
0.999999
0.999564
0.671053
0.313389
0.083098
0.378763
0.105028
0.165353
0.000000
0.178860
0.987142
0.628428
0.011292
0.297040
0.420660
0.000000
0.798133
0.802209
0.772472
0.000000
0.649175
0.995106
0.325658
0.999930
0.431242
0.301884
0.511172
0.099482
0.172137
0.707624
0.717491
0.151276
0.999973
0.739774
0.933359
0.000000
0.821955
0.036566
0.089366
0.389987
0.000000
0.986482
0.227718
0.275554
0.143855
0.966821
0.035729
0.016978
0.386520
0.153254
0.000000
0.178409
0.333163
0.504381
0.561732
0.997700
0.123264
0.303635
1.000000
0.877088
0.031972
0.947156
0.000000
0.007748
0.784416
0.245006
0.662929
0.555179
0.524634
0.998767
0.988652
0.999978
0.000000
0.216335
0.152083
0.276380
0.625306
0.709902
0.039857
0.062862
0.000000
0.056796
0.139682
0.111077
0.048369
0.245446
0.501762
0.498157
0.000000
0.094915
0.082909
0.435335
1.000000
0.734070
0.998410
0.000000
0.112681
0.075416
0.928342
0.484638
0.984301
0.000000
0.372819
0.985332
0.000000
0.987494
0.969891
0.000000
0.421065
0.213178
0.995088
0.086907
0.000000
0.990656
0.999819
0.387761
0.578743
0.087860
0.999980
0.886771
0.462447
0.000000
0.304902
0.061612
0.530665
1.000000
0.232113
0.000000
0.479691
0.998119
0.000000
0.007577
0.348282
0.604889
0.000000
0.995631
0.578009
0.662652
0.076865
0.998854
0.977177
0.101452
0.000000
0.176845
0.042553
0.043157
0.811265
0.999758
0.974082
0.000000
0.000000
1.000000
0.546675
0.725225
0.097556
0.205632
0.060630
0.625928
0.000000
1.000000
0.260017
0.000000
0.011776
0.886790
0.000000
0.057930
0.453384
0.573453
0.242999
0.773527
0.049128
0.000000
0.999350
1.000000
0.049430
0.183161
0.547342
0.954535
0.000000
0.145290
0.632314
0.629351
0.233362
0.994919
0.009962
0.000000
0.102682
0.572560
0.118695
0.999999
0.033536
0.308720
0.536242
0.893378
0.999999
0.117357
0.187922
0.042917
0.979300
0.039296
0.103016
0.870610
0.011618
0.000000
0.887400
0.054463
0.590154
0.481715
0.063865
0.933727
0.397633
0.171214
0.787873
0.000000
0.357616
1.000000
0.872355
0.995546
0.000000
0.000000
0.702374
0.934533
0.207071
0.889634
0.057472
0.576010
0.000000
0.899338
0.959403
0.417501
0.676889
1.000000
0.000000
1.000000
0.144822
0.017663
0.574731
0.360294
0.299685
0.138636
0.982638
0.083653
0.999016
0.246001
0.050736
0.000000
0.952318
0.999798
0.000000
0.351782
0.086808
0.000000
1.000000
0.602105
0.054707
0.262765
0.970471
0.496064
0.000000
0.999868
0.429514
0.000000
0.068824
0.010910
0.322024
0.554202
0.132572
0.127288
0.978503
0.567106
0.559030
0.114894
0.230054
0.244127
0.667482
0.061458
1.000000
0.589409
0.878860
0.950741
0.526268
0.047944
0.999988
0.848569
0.028085
0.000000
0.081083
0.098400
0.041558
0.404088
0.043801
0.000000
0.051339
0.947860
0.090481
0.999766
0.125243
1.000000
0.328183
0.256252
0.286902
0.000000
0.556474
0.590492
0.012715
0.736631
0.401063
0.558298
0.134052
0.950018
0.000000
0.159076
0.297893
0.052640
0.200195
0.000000
0.960499
0.583001
0.314125
0.468130
0.165722
0.000000
0.171268
0.000000
1.000000
0.124321
0.013269
0.128694
0.999999
0.000000
0.268917
0.030012
0.190680
0.977975
0.404436
0.000000
0.914738
0.217165
0.253892
0.144811
0.644778
0.999990
0.999989
1.000000
0.000000
0.000000
0.656643
0.000000
0.000000
0.674156
0.871180
0.727776
0.454588
0.000000
0.000000
0.112159
0.000000
0.999993
0.907293
0.832381
0.539809
0.571423
0.991704
0.154113
0.037561
0.028230
1.000000
0.998874
0.000000
0.582752
0.003189
0.795862
0.011419
0.999968
0.629182
0.235365
1.000000
0.944768
0.967130
0.997099
0.070116
0.126778
0.227200
0.098654
0.199500
0.441665
0.000000
0.999990
0.004996
0.047019
0.000000
0.166960
0.083816
0.198346
0.049600
0.985808
0.945436
0.000000
0.486191
0.300335
0.685437
0.191596
1.000000
0.050324
0.074393
0.000000
0.080125
0.088404
0.974797
0.984303
0.013242
0.173704
1.000000
0.121566
0.000000
0.064656
0.262585
0.077084
0.259205
0.494621
0.942200
0.000000
0.175431
0.000000
0.844327
0.999803
0.000000
0.025074
0.128627
0.998751
0.999999
0.589160
0.097512
0.058370
0.142743
0.416030
0.269269
0.099790
1.000000
0.132131
0.133803
0.069534
0.116816
0.032348
0.000000
0.288525
0.053523
0.334997
0.000000
0.070641
0.183341
0.996936
0.167331
0.023627
0.973099
0.073692
0.940505
0.999983
0.000000
0.977931
0.920216
0.000000
0.000000
0.490692
0.000000
0.249200
0.085755
0.026417
0.999989
0.751935
0.000000
0.000000
0.753420
0.226186
0.763866
0.053636
0.044031
0.660481
0.350686
0.596652
0.949259
0.013091
0.999935
0.163190
0.187402
0.029494
0.000000
1.000000
0.593079
0.082608
1.000000
0.102721
0.701190
0.043951
0.775643
0.999997
0.106207
0.032976
0.621702
0.999273
0.964411
0.113190
0.461940
0.054222
0.081844
0.099603
0.999478
0.000000
0.014019
0.739662
0.477728
0.999442
0.366652
0.178699
0.542377
0.299699
0.060056
0.000000
0.000000
0.682945
0.090645
0.329587
0.998970
0.157659
0.000000
0.261956
0.971760
0.268512
0.729517
0.977659
0.096501
0.000000
0.999976
0.834172
0.465107
0.571967
0.343262
0.000000
0.999947
0.999716
0.988307
0.093020
0.454475
0.457119
0.000000
0.011735
0.000000
0.061913
0.000000
0.409070
0.908970
0.784033
0.384846
0.374395
0.455983
0.000000
0.532041
0.064688
0.126193
0.998610
0.000000
0.148482
0.024789
1.000000
0.500101
0.999982
0.064101
0.813285
0.582275
0.885220
0.481067
0.993035
0.808444
0.426993
0.081114
0.999919
0.614333
0.080380
0.190419
0.081835
0.432780
1.000000
0.396322
0.755800
1.000000
0.369746
0.151560
0.488350
0.962460
0.998236
0.000000
0.224969
0.184221
0.280428
0.413056
0.993802
0.958117
0.509122
0.260040
0.319470
0.637720
0.147399
0.000000
0.441601
0.926998
0.999317
0.000000
0.344200
0.476891
0.108101
0.896713
0.062802
0.118201
0.428567
0.000949
0.999553
0.862914
0.125488
0.550826
0.101212
0.035373
0.113744
0.132802
0.187932
0.553356
0.106285
0.759056
0.344542
0.996675
0.779859
0.793486
0.134413
0.489838
0.087677
0.539113
0.992578
0.241550
0.442955
0.370970
0.500319
0.000000
0.020500
0.063706
0.000000
0.463369
0.281410
0.999939
0.571438
0.390788
0.516282
0.992633
0.688642
0.447397
0.028255
0.014590
0.709997
0.000000
0.023051
1.000000
0.137124
0.332235
0.195501
0.000000
0.983624
0.000000
0.025003
0.547489
0.128598
0.725282
0.999180
0.225411
0.040219
0.975789
0.085634
0.045632
0.131710
0.619088
0.874462
0.000000
0.450614
0.084400
0.000000
0.035287
0.134645
0.000000
0.354178
0.000000
0.389550
0.874845
0.713370
0.994827
0.096689
0.999982
0.547379
0.885091
0.421112
0.282335
0.730218
0.069774
0.000000
0.049707
0.000000
0.408550
0.967753
0.322549
0.055209
0.769349
0.945175
0.162535
0.964487
0.424840
1.000000
0.153360
0.774614
1.000000
0.970805
1.000000
0.938771
0.000000
0.141361
0.025317
0.226972
0.055361
0.107375
0.417381
0.010909
0.098920
0.418266
1.000000
0.081963
0.118782
0.000000
0.868163
0.221517
0.000000
0.230995
0.179988
0.288799
0.086892
0.152131
0.031152
0.647427
0.877023
0.015998
0.845130
0.000000
0.999824
0.987937
0.733006
0.059167
0.375383
0.055120
0.087055
0.304023
0.039867
0.068416
0.060221
0.587210
0.000000
0.090181
0.114444
0.000000
0.609614
0.257363
0.063662
1.000000
0.195803
0.035745
0.380937
0.592146
0.235065
0.963791
0.998232
0.101600
0.365805
0.165014
0.333307
0.367451
1.000000
0.994482
0.131567
1.000000
0.415427
0.144366
0.000000
0.142527
0.469719
0.999998
1.000000
0.052017
0.034696
0.834618
0.382834
0.999990
0.628702
0.997351
0.317132
0.999884
0.245338
0.000000
0.000000
0.896106
0.223642
0.000000
0.941021
0.988257
0.000000
0.387853
0.950788
0.860169
0.000000
0.777765
0.578772
0.015833
0.232951
0.977924
0.302138
0.049423
0.825204
0.066242
0.000000
0.999822
0.128367
0.050336
0.993816
0.986724
0.978631
0.527549
0.102244
0.136102
0.992869
0.988254
0.460693
0.081543
0.999997
0.989618
0.070566
0.586964
0.999995
0.684910
0.999976
0.047336
0.000000
0.780837
0.518878
0.000000
0.990174
0.074927
0.000000
0.996742
0.113230
0.868746
0.141644
0.870433
0.177178
0.125696
0.161214
0.000000
0.101256
0.920623
0.092942
0.999641
0.284540
1.000000
1.000000
0.418042
0.045406
0.389774
0.061149
0.592808
0.222052
0.134419
0.064619
0.099643
0.998227
0.000000
0.000000
0.000000
0.126493
0.098706
0.177323
0.091100
0.099957
0.119562
0.000000
0.998878
0.135336
0.000000
0.124149
1.000000
0.993204
0.000000
0.548751
0.015167
0.877220
0.722331
0.015761
0.377937
0.000000
0.308181
0.326540
0.046288
0.641817
0.315752
0.015763
0.883447
0.048228
0.999899
0.243552
0.026426
1.000000
0.647158
0.737583
0.225875
0.000000
0.531656
0.206724
0.772953
0.136092
0.532263
0.342119
0.674881
0.820864
0.000000
0.201108
0.046896
0.086989
0.000000
0.352661
0.025247
0.453259
0.296287
0.295760
0.368723
0.115667
0.853104
0.140088
0.371492
0.030052
1.000000
0.000000
0.000000
0.278713
0.620029
0.994046
0.000000
0.220476
0.963424
0.999997
0.701702
0.068505
0.079398
0.435543
0.126421
0.758570
0.019433
0.942812
0.000000
0.000000
0.026719
0.202997
0.751196
1.000000
1.000000
0.079896
0.293654
0.739663
0.489212
0.398322
0.824477
0.730252
0.222775
0.063753
0.907406
0.000000
0.044236
0.000000
0.000244
0.029021
0.051524
0.224069
0.998611
0.999880
0.275406
0.858184
0.019389
0.868259
0.025351
0.106849
0.999905
0.595398
0.898131
0.000000
0.980114
0.999981
0.596017
0.877223
0.997028
0.000000
0.356222
0.970872
0.423644
0.184998
0.037387
0.982094
0.000000
0.999615
0.641548
0.021860
0.102435
0.022772
0.265274
0.052804
0.944272
0.999764
0.094146
0.472012
0.000000
0.364834
0.995060
0.055273
1.000000
0.999999
0.195779
0.293987
0.369119
0.784773
0.000000
0.092238
0.076527
0.000000
0.425417
0.161353
0.999999
0.222818
0.000000
0.754728
0.115837
0.044516
0.747428
0.533760
0.989042
0.666908
0.094941
0.000000
0.081333
0.037823
0.000000
0.032865
0.000000
0.564605
0.000000
0.000000
0.076593
0.295278
0.325808
0.189701
0.016737
0.999997
0.028389
0.099441
1.000000
0.779379
0.052296
0.637868
0.328008
0.622254
0.963825
0.243910
0.220299
0.491609
0.170315
0.277294
0.988781
0.999992
0.952199
0.998936
0.806512
0.876973
0.173481
0.000000
0.040950
0.000000
0.618660
0.077018
1.000000
0.091233
0.781111
0.065279
0.205124
0.996718
0.078803
0.000000
0.947791
0.023644
0.000000
0.440826
0.160811
0.703676
0.710320
0.297697
0.206345
0.016729
0.259508
0.060953
0.000000
0.073026
0.043624
0.281927
0.215998
0.935759
0.312561
0.067726
0.000000
0.975943
0.041425
0.139412
0.097696
0.059452
0.052057
0.884822
0.098641
0.844370
0.996154
0.210047
0.187396
0.999583
0.181546
0.999661
0.825586
0.268232
0.060895
0.955217
0.000000
0.100825
0.015345
0.000000
0.050078
0.913996
0.549144
0.684646
0.998071
0.351413
0.131669
0.554166
0.893828
0.031623
0.567042
0.999765
0.000000
0.012499
0.000000
0.896027
0.025256
0.000000
0.461499
0.627817
0.163976
0.865782
0.205878
0.000000
0.138425
0.168455
0.000000
0.999999
0.208141
0.983091
0.904987
0.017746
0.139642
0.349234
0.082052
0.020390
0.988093
1.000000
0.447606
0.087081
0.458115
0.240575
0.999752
0.284378
0.280581
0.038952
0.035896
0.072336
0.111429
0.352074
0.980947
0.165283
0.534977
0.000000
0.988138
0.000000
0.076796
0.120356
0.000000
0.793810
0.991013
0.986226
0.000000
0.630277
0.537850
0.130042
0.040890
0.046488
0.985104
0.087693
0.064386
0.328481
0.086204
0.000000
0.000000
0.458096
0.997784
0.979627
0.884053
0.000000
0.095856
0.889061
0.515283
0.000000
1.000000
0.999034
0.065859
0.991732
0.418421
0.976229
0.288664
0.998085
0.477868
0.348898
0.000000
0.408452
0.853659
0.088075
0.036817
0.946983
0.989729
0.424360
0.054124
0.616957
0.218263
0.999978
0.469408
0.972106
0.055236
0.685803
0.096810
0.283355
0.327002
0.052562
0.753081
0.770343
0.000000
0.297673
0.999997
0.446509
0.170688
0.048912
0.999988
0.012762
0.016812
0.024389
0.761102
0.957390
0.994582
0.989370
0.045018
0.298298
0.000000
0.610456
0.366388
0.542614
0.019595
0.213273
0.000000
0.244942
0.000000
0.045652
0.980429
0.999984
0.683861
0.000000
0.009465
0.024368
0.648494
0.429310
0.000000
0.927600
0.095063
0.343485
0.109467
0.000000
0.000000
0.000000
0.947473
0.979882
0.819767
1.000000
0.952775
0.000000
0.236093
0.021181
1.000000
0.642285
0.340661
0.022654
0.115397
0.137401
0.947830
0.491472
1.000000
0.037842
0.764780
0.846214
0.075208
0.033871
0.335979
0.097874
0.944019
0.512026
0.875724
0.000000
0.891218
0.386222
0.804675
0.039080
0.313201
0.252421
0.539796
0.971967
0.045364
0.999935
0.034399
0.000000
0.239600
0.061149
0.977151
0.603470
0.939287
0.854685
0.139400
0.451480
0.166085
0.968101
0.990903
0.994821
0.000000
0.102119
0.000000
0.757403
0.537636
0.000000
0.108441
0.000000
0.854080
0.365969
0.999989
0.753343
0.861809
0.360528
0.959659
0.000000
0.999747
0.735109
0.163820
0.554274
1.000000
0.328238
0.588257
0.635022
0.999983
0.113799
0.048636
0.251752
0.250228
0.000000
0.047795
0.131671
0.090150
0.144326
0.000000
0.999835
0.417808
0.950953
0.044259
0.728260
0.322005
0.997530
0.310447
1.000000
0.910452
0.075654
0.999750
0.579138
0.054154
0.389613
0.447842
0.998385
0.084761
0.999284
0.083600
0.260141
0.000000
0.045833
0.419313
0.381866
0.495058
0.213163
1.000000
0.999999
0.702721
0.024215
0.473343
0.433854
0.995053
0.662165
0.134900
0.051232
0.026727
0.928629
0.096462
0.000000
0.231415
0.516279
0.887300
0.428056
0.019829
0.000000
0.999784
0.665800
0.816235
0.162734
0.681287
0.738429
0.791308
0.116712
0.000000
0.924560
0.988919
0.086494
0.878410
0.997668
0.631714
0.919268
0.000000
0.999934
0.599882
0.000000
0.975122
0.000000
0.000000
0.000000
0.046715
0.059931
0.099073
0.085110
0.987718
0.036735
0.000000
0.000000
0.000000
0.112088
0.016674
0.952692
0.098446
0.912791
0.139442
0.629180
0.059680
0.396390
0.809744
0.218449
0.350534
0.972111
0.839866
0.000000
0.033030
0.063487
0.279090
0.338028
0.000000
0.329925
0.199257
0.000000
0.999998
0.165215
0.179105
0.073875
0.761455
0.384126
0.999289
0.309197
0.045138
0.974576
0.579168
0.000000
0.841741
1.000000
0.266319
0.000000
0.037373
0.237724
0.040458
0.999764
0.447000
0.032904
0.019496
0.076729
0.051037
0.023639
0.494913
0.563184
0.000000
0.964479
0.633475
0.637945
0.702514
0.108304
0.589857
0.683087
0.968729
0.007991
0.880035
0.070929
0.469186
0.999851
0.115805
0.649837
0.090114
0.999232
0.311407
0.000000
0.448113
0.123183
0.000000
0.000000
0.072824
0.444111
0.961559
0.329808
0.806879
0.964432
0.177737
0.034957
0.000000
0.484760
0.000000
0.098212
0.530395
0.944166
0.135096
0.954736
0.278343
0.051688
0.114489
0.843413
0.752505
0.150690
0.415248
0.256531
0.979253
0.999762
0.954166
0.509058
0.043570
1.000000
0.030100
0.984407
0.074946
0.415534
0.600229
1.000000
0.000000
0.000000
0.504345
0.000000
0.999658
0.717106
0.998223
0.107144
0.000000
0.646164
0.141886
0.290038
0.239376
1.000000
0.708963
0.037649
0.301986
0.051211
0.346688
0.466680
0.315781
0.065427
0.292343
0.087325
0.976958
1.000000
0.054459
0.905044
0.771691
0.000000
0.389269
0.322890
0.436799
1.000000
0.109018
0.018261
0.197425
0.911156
0.110723
0.802114
0.999652
0.655744
0.628000
0.059214
0.282987
0.231220
1.000000
0.857607
0.144297
0.529621
0.110841
0.203790
1.000000
0.245912
0.999643
0.000000
0.689689
0.191136
1.000000
0.742632
0.224276
0.377212
0.089012
1.000000
0.087125
0.999501
0.052635
0.845533
0.052805
0.000000
0.074317
0.579708
0.774606
0.039088
0.999922
0.611712
0.048813
0.151572
0.982749
1.000000
0.999519
0.697836
0.000000
0.240987
0.000000
0.321615
0.332171
0.999137
0.999898
0.999919
1.000000
0.845604
0.305575
0.041699
0.232479
0.505026
0.080900
0.162619
0.043906
0.111650
0.000000
0.997543
0.867385
1.000000
0.038037
0.731356
0.404282
0.026775
0.000000
0.074259
0.996695
0.822422
0.966006
0.794429
0.985286
0.759799
0.083955
0.356889
0.309043
0.642281
0.526289
0.979206
0.156094
0.125412
0.418426
0.130118
0.094476
1.000000
0.809796
0.172083
0.547474
0.993553
0.034334
0.060334
0.312771
1.000000
0.646696
0.514022
0.205826
0.026975
0.999926
0.940103
0.604454
0.999358
0.170881
0.480989
0.982703
0.000000
0.131719
0.000000
0.345850
0.257966
0.000000
0.601632
0.000000
0.000000
0.966008
0.000000
0.493544
0.983577
0.426528
0.421415
0.000000
0.319533
0.228482
0.375310
0.372395
0.000000
0.218413
0.871582
0.167934
0.000000
0.789122
0.000000
0.099116
0.003159
0.314728
0.968350
0.308259
0.048829
0.000000
0.000000
0.488673
0.973689
0.181252
0.584246
0.390108
0.469038
0.260208
0.405775
0.073609
0.100410
0.000000
0.018283
0.102218
0.999665
0.932026
0.034740
0.998246
0.985930
0.028011
0.077317
0.053967
0.037457
0.944814
0.287821
0.042100
0.864664
0.175669
0.992939
0.833730
0.000000
0.957180
0.071523
0.967232
0.971983
0.999432
0.640712
0.701243
0.330736
0.000000
0.000000
0.999980
0.954975
0.000000
0.140838
0.444874
0.100515
0.101164
0.000000
0.652614
0.036521
0.224606
0.000000
0.199346
0.607243
0.278405
0.783505
0.023167
0.958677
0.000000
0.811521
0.035880
0.079926
0.019384
0.322195
0.372660
0.875833
0.858864
0.054451
0.031428
0.093644
0.707620
0.683046
0.401268
0.044851
0.074861
1.000000
0.024658
0.999350
0.879172
0.115213
0.491036
0.055273
0.999945
0.865291
0.113250
0.179436
0.928488
0.000000
0.000000
0.791877
0.999949
1.000000
0.000000
0.251135
0.026152
0.186549
0.061133
0.000000
0.456546
0.016320
0.144785
0.459146
0.000000
0.570454
0.000000
0.999798
0.071809
0.041895
0.589162
0.191370
0.316995
0.275485
0.098906
0.056711
0.192873
0.224642
0.983197
0.462334
0.000000
0.419078
0.999999
0.299017
0.130066
0.000000
0.054472
0.311451
0.810903
0.189067
0.999936
0.251014
0.184372
0.720715
0.913889
0.000000
0.999182
0.803769
0.729363
0.769861
0.401850
0.714048
0.972675
0.434544
0.051937
0.134851
0.605968
0.091607
0.999962
0.000000
0.528790
0.669155
0.662675
0.000000
0.000000
0.971848
0.227588
0.553162
0.076961
0.083172
0.879022
0.235358
0.117544
0.000000
0.091016
0.000000
0.024519
0.086576
0.142762
0.094254
0.087982
0.101966
0.969992
0.512547
0.464102
0.999997
0.957409
0.985068
0.126699
0.118473
0.375740
0.172502
0.225563
0.010177
0.000000
0.094760
0.999618
0.000000
0.000000
0.807641
0.412400
0.680335
0.000000
0.446396
0.099368
0.823481
0.159865
0.130437
0.775868
0.787707
1.000000
0.254332
0.139961
0.013140
0.033805
0.000000
0.218840
0.652833
0.396242
0.432199
0.026242
0.160541
0.000000
0.861612
1.000000
0.092543
0.000000
0.037783
0.192649
0.984607
0.038160
0.063684
0.124333
0.000000
0.533699
0.066923
0.091237
0.238888
0.999628
0.231964
0.097069
0.975289
0.732288
0.265522
0.000000
0.999996
0.756634
0.017233
0.102759
0.460547
0.996551
0.161816
0.038744
0.151003
0.010992
0.487521
0.669499
0.569188
0.945309
0.000000
0.176799
0.843536
0.188520
0.079461
0.061381
0.000000
0.255461
0.302555
0.993644
0.000000
0.998565
0.231734
0.065478
0.010526
0.716794
0.803563
0.999959
0.533226
0.760665
0.000000
0.275181
0.894358
0.960022
0.934524
0.951272
0.128847
0.997173
0.605398
0.418637
1.000000
0.743980
0.112443
0.801684
0.158051
0.996912
0.276247
0.000000
1.000000
0.000000
0.644618
0.152238
0.273959
0.069673
0.713996
0.291622
0.631639
0.587682
0.110178
0.227671
0.054759
0.024109
0.268513
0.031824
0.988732
0.729901
0.019540
0.423391
0.148177
0.067741
0.384752
0.923684
0.144914
0.181358
0.999392
0.079228
0.000000
0.085515
0.656643
0.071551
0.000000
0.109840
0.471698
0.170099
0.076624
0.039796
0.999734
0.000000
0.725816
0.258285
0.345939
0.000000
0.000000
0.451351
0.000000
0.000000
0.124649
0.238998
0.139295
0.302601
0.118967
0.429141
0.465831
0.103654
0.060949
0.122071
0.100767
0.052819
0.000000
0.441941
0.921743
0.064539
0.978029
0.000000
0.081352
0.903159
0.393064
0.146315
0.995679
0.297386
0.061276
0.141127
0.152995
0.206580
0.770101
0.000000
0.748145
0.207332
0.447523
0.465766
0.998275
0.350233
0.993602
0.933010
0.000000
0.000000
0.447097
0.305869
0.992259
0.401703
0.944118
1.000000
0.471573
0.868170
0.050374
0.999998
0.115935
0.781930
0.000000
1.000000
0.270865
0.990002
0.000000
0.637920
0.994931
0.104518
0.443837
0.000000
0.392961
0.151499
0.125796
0.005536
0.019646
0.106835
0.581873
0.483549
0.999759
0.000000
0.953863
0.090429
0.964602
0.000000
0.185294
0.020356
0.107818
0.084022
0.420013
0.240295
0.349526
0.046553
0.234275
0.223454
0.098952
0.999756
0.159746
0.041402
0.972260
0.496535
0.000000
0.000000
0.681366
0.929783
0.169362
0.654711
0.735927
0.217520
0.902430
0.000000
1.000000
0.135908
0.999923
0.999926
0.090532
0.573113
0.000000
0.061005
0.130578
0.119426
0.711483
0.972740
0.993084
0.082059
0.000000
0.000000
0.000000
0.063445
0.000000
0.995380
0.128941
0.920360
0.120357
0.000000
0.193481
0.094608
0.802906
0.956596
0.183549
0.224176
0.397266
0.621557
0.648792
0.012582
0.000000
0.040453
0.616731
0.555864
1.000000
0.999249
0.055391
0.000000
0.999777
0.887685
0.045187
0.000000
0.407254
0.976186
0.451988
0.998803
0.243037
0.999342
0.861052
0.110193
0.165545
0.320604
1.000000
0.432686
0.623333
0.000000
0.692420
0.096813
0.395616
0.196968
0.911677
0.057834
0.999939
0.999998
0.566049
0.030641
0.782784
0.831282
0.994941
0.017990
0.289926
0.572628
0.810786
0.061151
1.000000
0.137891
0.998273
0.024273
0.000000
1.000000
0.224124
0.000000
0.000000
0.171875
0.121024
0.172797
0.000000
0.048538
0.308721
0.463875
0.650414
0.094812
0.844410
0.000000
0.000000
0.000000
0.348311
0.249673
0.923989
0.000000
0.489524
0.919106
0.302890
0.554007
1.000000
0.935497
0.979971
0.655437
0.997902
0.038663
0.000000
0.225284
0.528709
0.237784
0.181293
0.532772
0.853993
0.863730
0.475696
0.312150
0.000000
0.541562
0.938940
0.026598
0.078547
0.501061
1.000000
0.458784
0.914914
0.692012
0.669502
0.345059
0.935847
0.583272
0.000000
0.862098
0.999905
0.079313
0.056562
0.926156
0.507207
0.556615
0.000000
0.320598
0.722024
0.349482
0.989305
0.000000
0.995330
0.000000
0.999944
0.999872
0.990651
0.964011
0.098385
0.000000
0.967792
0.159702
0.977088
0.645295
0.046700
0.075692
0.829086
0.018029
0.177550
0.120254
0.000000
0.000000
0.210926
0.328780
0.711004
0.121110
1.000000
0.741998
1.000000
0.086236
0.931116
0.090564
0.142504
0.035313
0.396957
0.285302
0.623335
0.000000
0.348204
0.031584
0.034418
0.991331
0.000000
0.674697
0.991734
0.399840
1.000000
0.000000
0.954166
0.514695
0.051376
0.527563
0.043338
0.103154
0.000000
0.492459
0.999894
0.400920
0.040557
0.000000
0.000000
0.449761
0.022796
0.192954
0.030951
0.213320
0.626248
0.385464
0.000000
0.012390
1.000000
0.236205
0.172970
0.057369
0.311022
1.000000
0.456852
0.930725
0.000000
0.098266
0.994011
0.994649
1.000000
1.000000
0.173315
0.000000
0.999030
0.474886
0.081006
0.988991
0.058794
0.149743
0.999579
0.875631
0.000000
0.000000
0.717451
0.000000
1.000000
0.894182
0.967132
0.515460
0.998917
0.989173
0.999662
0.014436
0.998716
0.000000
0.049618
0.345058
0.059680
1.000000
0.521027
0.150462
0.033223
0.052921
0.022218
0.303374
0.999906
0.082682
0.460708
0.048233
0.000000
0.205559
0.351935
0.099633
0.798491
0.284437
0.508077
0.992253
0.000000
0.221008
0.000000
0.848490
0.111156
0.060791
0.329884
0.352270
0.550048
0.073835
0.251342
0.011648
0.080106
0.043074
0.999997
0.327625
0.891714
0.033819
0.265500
0.211530
0.000000
0.000000
0.962416
0.642359
0.866625
0.204383
0.999907
0.991493
0.000000
0.883213
0.201554
0.408968
0.284690
0.168753
0.997964
0.000000
0.213559
0.000000
0.851279
0.722491
0.022944
0.816100
0.677092
0.506581
0.044072
0.000000
0.058743
1.000000
0.515211
0.207255
0.037580
0.626690
0.307017
0.310591
0.000000
0.947517
0.210085
0.060452
0.480433
0.170940
0.135387
0.790505
0.000000
0.988027
0.524537
0.447332
1.000000
0.030906
0.434500
0.000000
0.000000
0.036426
0.288997
0.000000
0.126357
0.049700
0.000000
0.000000
1.000000
0.120378
0.910450
0.622292
0.658386
0.000000
0.999999
0.035343
0.193943
1.000000
0.106613
0.220582
0.322769
0.280800
0.796481
0.000000
0.999994
0.999246
0.427160
0.022441
0.000000
0.978577
0.968236
0.000000
0.120942
0.425573
0.132019
1.000000
0.330454
0.382029
0.085024
1.000000
0.303693
0.000000
0.071820
0.994093
0.137708
0.441459
0.387437
0.845366
1.000000
0.318796
0.000000
0.000000
0.907426
0.886322
0.048341
0.142092
0.627068
0.191207
1.000000
0.455050
0.000000
0.017514
0.835345
0.128202
0.277426
0.999988
0.000000
0.791621
0.591617
0.007355
0.636798
0.991995
0.664764
0.000000
0.264834
0.332366
