0.000000
0.000000
0.000000
0.000000
0.000564
0.000000
0.000000
0.000000
0.003093
0.920730
0.000000
0.000000
0.000000
0.000000
0.051300
0.000000
0.000000
0.000000
0.000000
0.000000
0.000000
0.000000
0.000007
0.087970
0.000000
0.000000
0.000006
0.000000
0.000000
0.001465
0.000000
0.005712
0.000000
0.000000
0.000000
0.000000
0.000000
0.000000
0.000000
0.000000
0.000000
0.000000
0.000000
0.000000
0.000000
0.000000
0.000000
0.000000
0.000000
0.000000
0.000000
0.000000
0.000000
0.000000
0.000000
0.000000
0.000000
0.000000
0.000000
0.000000
0.000000
0.000000
0.000000
0.000013
0.000000
0.000000
0.000000
0.000000
0.000000
0.000000
0.000000
0.000000
0.000000
0.000000
0.044266
0.000000
0.000000
0.000000
0.000000
0.000000
0.000000
0.000000
0.000000
0.000000
0.000000
0.000471
0.000000
0.000000
0.000000
0.000000
0.000000
0.061308
0.002655
0.000000
0.000000
0.000035
0.000000
0.000002
0.000000
0.000000
0.000000
0.000000
0.000000
0.000000
0.000000
0.000000
0.145745
0.000000
0.000000
0.000000
0.000001
0.000000
0.000000
0.000000
0.000000
0.000035
0.000000
0.000000
0.170270
0.000000
0.000000
0.000000
0.000792
0.000000
0.000265
0.000391
0.000000
0.000000
0.012590
0.000000
0.000000
0.000000
0.000000
0.000000
0.000000
0.000000
0.000000
0.001909
0.000103
0.000000
0.000000
0.000000
0.000000
0.000000
0.000000
0.000000
0.000135
0.001327
0.000000
0.000000
0.000000
0.000145
0.000000
0.004552
0.000000
0.000000
0.000000
0.000000
0.000000
0.000000
0.000000
0.000000
0.000000
0.000000
0.000000
0.770791
0.144169
0.000000
0.000000
0.000000
0.000000
0.000000
0.000000
0.000000
0.000000
0.000000
0.000000
0.000000
0.000000
0.000000
0.000000
0.000062
0.000000
0.000000
0.000000
0.000000
0.000000
0.000000
0.000000
0.000224
0.000082
0.000000
0.000000
0.000000
0.000200
0.000000
0.000000
0.000000
0.000000
0.016028
0.000000
0.969006
0.000000
0.000000
0.000000
0.069941
0.000000
0.000000
0.000000
0.000000
0.000000
0.000000
0.000000
0.000007
0.000000
0.000000
0.000004
0.093781
0.000002
0.000000
0.000000
0.000000
0.000000
0.000000
0.000000
0.000000
0.000000
0.000000
0.000000
0.000000
0.024888
0.000000
0.000000
0.000000
0.000000
0.000000
0.000000
0.000000
0.000000
0.000000
0.000000
0.000000
0.000002
0.000000
0.000004
0.000000
0.000000
0.000078
0.000000
0.000000
0.000000
0.000000
0.000000
0.000000
0.000000
0.000000
0.000000
0.000019
0.000000
0.000000
0.000000
0.000000
0.001918
0.002279
0.000000
0.000000
0.000000
0.000000
0.000000
0.000000
0.000000
0.000000
0.000000
0.000000
0.000000
0.000135
0.000000
0.000000
0.000000
0.000000
0.000000
0.000000
0.000000
0.000001
0.000000
0.000000
0.000000
0.002494
0.000000
0.000000
0.000000
0.000000
0.120509
0.000000
0.000000
0.000000
0.000000
0.000000
0.000000
0.000000
0.000000
0.000000
0.000000
0.000000
0.092354
0.000000
0.000000
0.000000
0.000000
0.000000
0.000000
0.000000
0.000000
0.000000
0.000000
0.000000
0.000000
0.000000
0.000000
0.000000
0.000000
0.000000
0.000000
0.000000
0.000000
0.000004
0.000000
0.000000
0.000000
0.000148
0.000000
0.000000
0.000000
0.000000
0.001186
0.000000
0.000000
0.000000
0.000000
0.000000
0.000000
0.000000
0.000000
0.000000
0.020224
0.000000
0.000000
0.000000
0.000000
0.035914
0.000469
0.000000
0.000000
0.000074
0.000000
0.000000
0.086371
0.000000
0.000000
0.000000
0.000000
0.000000
0.000000
0.000000
0.000000
0.000000
0.009363
0.000200
0.003924
0.000000
0.000000
0.000000
0.000000
0.000000
0.000000
0.000000
0.000000
0.000000
0.013638
0.000000
0.000000
0.000000
0.000000
0.000000
0.000000
0.000000
0.000087
0.000573
0.000000
0.000001
0.000000
0.000000
0.003578
0.000000
0.000000
0.000000
0.007874
0.000000
0.000000
0.023608
0.032024
0.000000
0.000000
0.000000
0.000000
0.000080
0.000000
0.000000
0.000000
0.000000
0.000000
0.000000
0.000000
0.000000
0.000000
0.000000
0.000000
0.000000
0.000000
0.000007
0.000000
0.000000
0.000000
0.000000
0.000000
0.000000
0.000000
0.000580
0.000000
0.000000
0.000000
0.000000
0.000545
0.000000
0.000000
0.000000
0.000000
0.000000
0.024137
0.000000
0.000000
0.000100
0.000000
0.000000
0.000000
0.000000
0.000000
0.000000
0.000000
0.000000
0.000000
0.000000
0.292154
0.000000
0.000000
0.000000
0.000000
0.590481
0.000000
0.000000
0.021834
0.000000
0.000000
0.000000
0.000000
0.000000
0.000000
0.661809
0.000000
0.000418
0.000000
0.321744
0.010905
0.000000
0.000000
0.000000
0.000055
0.000000
0.000515
0.000000
0.000000
0.000008
0.000000
0.000000
0.000000
0.000000
0.000000
0.000000
0.000000
0.000000
0.000000
0.000000
0.000000
0.010029
0.000000
0.001148
0.003477
0.000000
0.000000
0.000000
0.000004
0.000000
0.000000
0.000000
0.000000
0.000000
0.000000
0.000000
0.011833
0.000000
0.088333
0.000000
0.009368
0.000000
0.000000
0.000000
0.000000
0.000000
0.052566
0.000000
0.000000
0.000000
0.000000
0.000000
0.000000
0.231715
0.000000
0.000000
0.079786
0.000000
0.000000
0.000000
0.000000
0.000000
0.000000
0.000000
0.000000
0.000000
0.000000
0.000000
0.022407
0.000280
0.001379
0.000000
0.000000
0.000000
0.000617
0.000000
0.000000
0.000000
0.000000
0.000001
0.142799
0.000000
0.000000
0.000000
0.000000
0.000000
0.000000
0.000000
0.000000
0.000000
0.000000
0.000000
0.000000
0.000000
0.000000
0.000000
0.000000
0.000002
0.000000
0.030106
0.000000
0.000000
0.000000
0.000004
0.080037
0.000000
0.000000
0.000033
0.000000
0.000051
0.000000
0.000000
0.000000
0.000000
0.000000
0.000000
0.000000
0.000000
0.000000
0.000065
0.063359
0.000000
0.000000
0.003895
0.000000
0.000000
0.000000
0.000000
0.002815
0.000000
0.000000
0.000000
0.000000
0.000000
0.000000
0.000000
0.000000
0.000000
0.000000
0.015808
0.000000
0.000000
0.000002
0.000000
0.001491
0.000000
0.000000
0.000000
0.000000
0.000000
0.009923
0.000000
0.000000
0.000000
0.000000
0.000000
0.000000
0.000000
0.000000
0.000000
0.000000
0.000000
0.000000
0.000000
0.000000
0.000000
0.000000
0.000000
0.000000
0.000000
0.000000
0.000263
0.000000
0.000000
0.000000
0.000000
0.000000
0.006815
0.000000
0.000000
0.000000
0.000000
0.000000
0.000000
0.000000
0.000001
0.000030
0.000000
0.000005
0.000000
0.000000
0.000000
0.000000
0.000020
0.000000
0.013321
0.000000
0.000000
0.000000
0.000000
0.000000
0.000000
0.000000
0.000000
0.592492
0.000000
0.000000
0.000004
0.000000
0.000000
0.000882
0.000000
0.000000
0.055535
0.000000
0.000433
0.000000
0.000000
0.000000
0.000000
0.000000
0.000000
0.000000
0.000000
0.002161
0.000000
0.000000
0.000000
0.000000
0.000000
0.000000
0.000000
0.000000
0.000000
0.000000
0.000000
0.000000
0.000000
0.000000
0.002029
0.000000
0.000000
0.000000
0.000000
0.000000
0.000000
0.000282
0.000000
0.000000
0.000000
0.171060
0.000000
0.000558
0.000000
0.000000
0.003294
0.000000
0.000000
0.000000
0.000000
0.000037
0.000000
0.000000
0.000000
0.000000
0.000000
0.939874
0.000016
0.000000
0.000000
0.000000
0.000000
0.000000
0.000000
0.000000
0.000300
0.000815
0.000002
0.000003
0.000000
0.000000
0.000000
0.000000
0.000000
0.000000
0.000000
0.000536
0.000000
0.000000
0.000000
0.083550
0.000000
0.000000
0.000000
0.000000
0.000000
0.106084
0.000000
0.000000
0.000000
0.000000
0.000000
0.000000
0.000000
0.000000
0.000000
0.000002
0.000000
0.000000
0.000000
0.000001
0.000000
0.000000
0.000023
0.000000
0.000000
0.000000
0.045244
0.000000
0.000000
0.000000
0.000000
0.000000
0.000000
0.000005
0.000000
0.000179
0.035023
0.000000
0.000000
0.000000
0.000000
0.015175
0.000000
0.000000
0.164135
0.000000
0.000030
0.000000
0.000000
0.000000
0.000000
0.000000
0.000315
0.000000
0.000000
0.000000
0.096189
0.000000
0.000000
0.000000
0.000000
0.000000
0.000000
0.180459
0.000000
0.000000
0.000035
0.000000
0.000000
0.000000
0.000000
0.000000
0.000000
0.000000
0.000000
0.000000
0.000000
0.000000
0.000002
0.000000
0.000048
0.000000
0.000000
0.000000
0.056547
0.000000
0.000000
0.000000
0.000000
0.000000
0.000000
0.000000
0.052956
0.000000
0.000000
0.026629
0.000000
0.000000
0.000000
0.000000
0.000031
0.000000
0.000000
0.000000
0.000000
0.000000
0.000000
0.014680
0.016742
0.000000
0.000000
0.000000
0.000000
0.000000
0.000000
0.000053
0.000000
0.000003
0.000011
0.000000
0.000000
0.000000
0.000000
0.000000
0.000000
0.000000
0.000000
0.000000
0.000000
0.000000
0.000000
0.000000
0.000000
0.000000
0.000000
0.000001
0.000000
0.000000
0.000000
0.000000
0.000000
0.000000
0.000000
0.000000
0.000168
0.000007
0.000000
0.000186
0.000000
0.000000
0.000000
0.000000
0.005461
0.000000
0.000000
0.000000
0.000000
0.000000
0.000000
0.000000
0.000000
0.000000
0.000000
0.000000
0.000000
0.000000
0.001981
0.000000
0.000000
0.000000
0.000000
0.000000
0.000000
0.000000
0.000000
0.000000
0.000000
0.000216
0.009506
0.001045
0.000000
0.000000
0.000000
0.000000
0.000000
0.000000
0.000000
0.036881
0.000000
0.000000
0.000000
0.000000
0.000000
0.000000
0.000000
0.000001
0.000000
0.000000
0.000000
0.000000
0.000000
0.000000
0.626108
0.000178
0.000000
0.000000
0.000000
0.000000
0.000000
0.000000
0.000000
0.000000
0.000000
0.000000
0.000000
0.133291
0.210999
0.000000
0.000000
0.000000
0.000000
0.000000
0.000000
0.000000
0.000000
0.000000
0.000000
0.000000
0.000000
0.000000
0.000000
0.000005
0.000001
0.000000
0.000000
0.000000
0.008468
0.000000
0.000000
0.000000
0.000000
0.000000
0.004697
0.000000
0.000003
0.000000
0.000000
0.000000
0.000000
0.000080
0.000000
0.000000
0.000000
0.000000
0.000000
0.000000
0.000000
0.000000
0.000000
0.000002
0.094004
0.000000
0.000000
0.000000
0.000000
0.000000
0.000000
0.070096
0.000000
0.000000
0.000000
0.000000
0.000001
0.000000
0.000000
0.000000
0.000000
0.000000
0.000000
0.000000
0.000000
0.000000
0.000000
0.000000
0.000000
0.000000
0.000000
0.000000
0.000000
0.000000
0.000000
0.000000
0.000000
0.000014
0.000000
0.000687
0.000040
0.000000
0.000000
0.000000
0.000000
0.003675
0.000000
0.000000
0.000000
0.000000
0.000000
0.000000
0.000000
0.000000
0.000000
0.000000
0.025608
0.000000
0.000019
0.000000
0.000000
0.000243
0.000001
0.000000
0.000000
0.001103
0.000000
0.000000
0.000000
0.000000
0.000087
0.000000
0.000000
0.000000
0.000000
0.000000
0.000000
0.000000
0.000000
0.000000
0.000000
0.000000
0.333053
0.000000
0.000000
0.000000
0.000042
0.000055
0.000009
0.003889
0.000301
0.000000
0.000000
0.000000
0.000000
0.000000
0.000000
0.000000
0.000000
0.000003
0.021137
0.024992
0.000000
0.000000
0.000000
0.024396
0.000000
0.000019
0.000000
0.000000
0.000000
0.000000
0.000000
0.000000
0.000000
0.000726
0.000000
0.077397
0.000000
0.016149
0.000000
0.000006
0.000000
0.000000
0.000000
0.000000
0.000000
0.000000
0.000021
0.000000
0.000000
0.002006
0.020358
0.000000
0.000000
0.000000
0.000000
0.115806
0.162934
0.000000
0.000000
0.000000
0.001172
0.000000
0.000000
0.000089
0.000000
0.000000
0.000000
0.000000
0.000000
0.000000
0.000000
0.000000
0.000000
0.000000
0.000000
0.000000
0.000036
0.004117
0.000000
0.000000
0.000000
0.089370
0.000000
0.000000
0.000024
0.000000
0.000000
0.000021
0.000000
0.000000
0.000036
0.000000
0.000000
0.824872
0.000000
0.000000
0.000043
0.000000
0.117311
0.000000
0.000000
0.000000
0.000000
0.000000
0.123481
0.000000
0.000000
0.000653
0.275963
0.000000
0.033200
0.000000
0.076282
0.464393
0.000000
0.000000
0.000000
0.443784
0.000000
0.000001
0.000120
0.000000
0.000000
0.000000
0.000000
0.424929
0.000000
0.000000
0.000000
0.000000
0.000000
0.013547
0.000000
0.000000
0.000000
0.000000
0.000000
0.000000
0.000000
0.000313
0.000000
0.001120
0.000000
0.000000
0.000000
0.000004
0.000000
0.000074
0.000007
0.000000
0.000000
0.000000
0.004927
0.000000
0.000000
0.000000
0.002279
0.000000
0.000000
0.092320
0.000123
0.000000
0.000000
0.000000
0.000000
0.008525
0.002882
0.000151
0.000000
0.000000
0.000000
0.000000
0.000000
0.000000
0.000143
0.000000
0.000000
0.189650
0.000429
0.000000
0.000000
0.000000
0.000000
0.000000
0.000000
0.000000
0.000000
0.000000
0.000000
0.000000
0.000000
0.000000
0.000000
0.000033
0.000000
0.000000
0.000000
0.000000
0.000000
0.000000
0.000000
0.000006
0.000000
0.000000
0.000000
0.000000
0.000000
0.000000
0.000000
0.000000
0.000000
0.000002
0.000116
0.000000
0.000004
0.000000
0.000306
0.000553
0.404201
0.000000
0.000000
0.002787
0.000000
0.000000
0.000000
0.000000
0.000000
0.000000
0.000000
0.000000
0.000839
0.000000
0.000000
0.000016
0.000000
0.000000
0.000000
0.000000
0.000000
0.000000
0.102524
0.000000
0.963273
0.000000
0.000000
0.000104
0.000000
0.000000
0.000000
0.006918
0.000000
0.000075
0.000000
0.000000
0.000000
0.000000
0.000000
0.000000
0.006380
0.000000
0.000000
0.000001
0.000000
0.043361
0.000000
0.000000
0.000003
0.000000
0.000000
0.000000
0.000000
0.000025
0.000000
0.000000
0.000000
0.000002
0.006340
0.000000
0.000000
0.000000
0.000001
0.000000
0.000000
0.000000
0.000000
0.000000
0.000000
0.009933
0.000000
0.000000
0.000000
0.004589
0.000000
0.000000
0.000000
0.000000
0.000000
0.000000
0.000000
0.000000
0.000000
0.000000
0.000000
0.000000
0.000000
0.000016
0.000006
0.000000
0.000000
0.000000
0.000000
0.000000
0.000000
0.000028
0.000000
0.000000
0.000000
0.000039
0.000000
0.000000
0.000000
0.000000
0.000000
0.000091
0.000000
0.000000
0.000118
0.000000
0.008955
0.000000
0.000000
0.000000
0.000000
0.000000
0.000000
0.000000
0.000000
0.000000
0.000000
0.000000
0.010799
0.000394
0.000008
0.000000
0.000000
0.000051
0.000000
0.015247
0.000000
0.000000
0.000000
0.000147
0.000000
0.000000
0.000000
0.000000
0.000000
0.052609
0.000000
0.000000
0.000000
0.000000
0.000016
0.064330
0.000375
0.004130
0.000000
0.000000
0.000000
0.000000
0.000000
0.000000
0.000000
0.000000
0.000000
0.027078
0.000000
0.000000
0.000000
0.000000
0.000000
0.000000
0.000000
0.000000
0.000000
0.000000
0.011336
0.000427
0.000000
0.004400
0.029912
0.000000
0.000000
0.031512
0.000000
0.000000
0.019814
0.000000
0.000000
0.000000
0.000160
0.000000
0.000000
0.000000
0.000000
0.000000
0.000000
0.000000
0.014356
0.000000
0.000000
0.000000
0.000263
0.000000
0.000000
0.000000
0.000000
0.000039
0.000000
0.000014
0.068210
0.000000
0.000000
0.000000
0.000000
0.000000
0.000000
0.000000
0.000000
0.000000
0.000001
0.000000
0.000157
0.004815
0.000000
0.000000
0.000000
0.000000
0.000000
0.000000
0.000000
0.006906
0.000000
0.000211
0.000000
0.000114
0.000000
0.000000
0.000000
0.000000
0.000000
0.000000
0.000000
0.000000
0.000000
0.000000
0.000004
0.000000
0.000000
0.000000
0.000000
0.000000
0.000000
0.000000
0.000000
0.000000
0.000000
0.000005
0.001224
0.000000
0.000000
0.009769
0.000000
0.000000
0.000000
0.000000
0.000000
0.000000
0.000689
0.000000
0.000000
0.000000
0.000000
0.000000
0.000000
0.000000
0.000000
0.000000
0.400566
0.000000
0.000000
0.000000
0.000000
0.000000
0.000000
0.000000
0.000000
0.000000
0.000000
0.000000
0.000000
0.000000
0.000000
0.003616
0.000005
0.000000
0.000000
0.000000
0.000000
0.000000
0.000023
0.000251
0.000034
0.000746
0.000000
0.000000
0.000000
0.000000
0.000000
0.574195
0.000049
0.000000
0.000000
0.000005
0.025851
0.000000
0.000000
0.000001
0.001462
0.008711
0.000000
0.000000
0.000000
0.000000
0.000000
0.000000
0.000000
0.000000
0.000000
0.000000
0.000013
0.000000
0.000036
0.000000
0.001415
0.000000
0.000000
0.000000
0.000000
0.000000
0.000000
0.000000
0.000000
0.000000
0.000000
0.000000
0.000000
0.029789
0.000000
0.000000
0.000000
0.000000
0.000000
0.000000
0.004556
0.000000
0.000000
0.000090
0.000000
0.000018
0.000000
0.000000
0.000263
0.005735
0.000000
0.000000
0.000016
0.000000
0.000000
0.013129
0.000000
0.021098
0.000005
0.000000
0.000000
0.000000
0.000000
0.000000
0.000000
0.000000
0.000000
0.000040
0.000003
0.000000
0.000000
0.000345
0.000000
0.000000
0.000064
0.000000
0.000001
0.000000
0.000123
0.000000
0.000002
0.000000
0.000000
0.000000
0.000000
0.000000
0.000000
0.000000
0.000000
0.000000
0.000000
0.000000
0.000000
0.000000
0.000000
0.000000
0.000000
0.000000
0.000000
0.000000
0.000174
0.000000
0.013533
0.000000
0.000000
0.000000
0.000000
0.000000
0.003417
0.000000
0.015897
0.000000
0.000000
0.000000
0.000000
0.000000
0.000005
0.000000
0.000000
0.000000
0.000000
0.000000
0.000000
0.000000
0.000009
0.000000
0.000000
0.000122
0.000000
0.004576
0.000000
0.000000
0.000000
0.000000
0.000000
0.000000
0.000000
0.000000
0.000000
0.000000
0.000000
0.000000
0.876078
0.000000
0.000000
0.000000
0.000010
0.000000
0.000000
0.000000
0.000000
0.006373
0.000000
0.005593
0.000000
0.000000
0.000007
0.000001
0.000000
0.000000
0.000000
0.000000
0.000000
0.000000
0.000000
0.000000
0.000000
0.000000
0.000000
0.000102
0.000000
0.000000
0.000000
0.000000
0.000000
0.000039
0.000000
0.000000
0.000000
0.000000
0.000000
0.000000
0.000000
0.000000
0.000000
0.000000
0.000000
0.000000
0.000000
0.000000
0.000000
0.000000
0.000000
0.000000
0.000000
0.000000
0.000000
0.005792
0.000000
0.077696
0.058202
0.000000
0.000000
0.000000
0.000000
0.000000
0.006874
0.000000
0.000000
0.000000
0.000000
0.000000
0.000000
0.000000
0.000000
0.000000
0.000000
0.000000
0.000000
0.000302
0.000000
0.000000
0.054085
0.000000
0.000000
0.000000
0.000009
0.000000
0.000000
0.000000
0.000000
0.000908
0.000000
0.000000
0.000000
0.000000
0.000000
0.000000
0.000006
0.000000
0.000000
0.000126
0.007592
0.000000
0.000000
0.000000
0.000000
0.000000
0.000000
0.000000
0.040068
0.000000
0.000416
0.000000
0.000000
0.004030
0.000000
0.053792
0.000000
0.000000
0.000000
0.000000
0.000000
0.001142
0.000000
0.000000
0.000000
0.000078
0.000000
0.000000
0.420547
0.000000
0.000000
0.007097
0.009315
0.000000
0.000092
0.000000
0.000000
0.000000
0.000000
0.000000
0.000000
0.000000
0.000000
0.000000
0.000000
0.000000
0.000000
0.000000
0.000000
0.000000
0.000000
0.062997
0.000000
0.000000
0.000000
0.000000
0.014966
0.000003
0.002613
0.000000
0.000000
0.000000
0.000019
0.000000
0.000017
0.000145
0.013518
0.000000
0.000000
0.000000
0.000000
0.000000
0.000000
0.000000
0.000000
0.000000
0.000075
0.000000
0.000000
0.000000
0.000000
0.000000
0.000000
0.000000
0.000000
0.000000
0.000000
0.000000
0.000000
0.000000
0.000000
0.007147
0.000000
0.000004
0.000000
0.000000
0.000000
0.000000
0.000000
0.000000
0.000000
0.000000
0.000000
0.000124
0.024047
0.001957
0.000000
0.000000
0.000010
0.000000
0.000000
0.000000
0.000000
0.000000
0.000000
0.006841
0.000000
0.018735
0.000000
0.000000
0.001787
0.000000
0.000000
0.000000
0.000000
0.000000
0.000000
0.000000
0.818680
0.000031
0.000000
0.000000
0.000000
0.000000
0.000000
0.000000
0.000000
0.000000
0.000000
0.000000
0.013947
0.305403
0.000000
0.000000
0.000000
0.000001
0.000000
0.000000
0.000000
0.000000
0.000000
0.000000
0.000000
0.000000
0.340154
0.000000
0.000000
0.000000
0.019266
0.000000
0.000001
0.000000
0.000000
0.000000
0.000000
0.000000
0.000000
0.000000
0.000000
0.000000
0.000000
0.000000
0.000000
0.000000
0.000000
0.000000
0.000000
0.001400
0.000000
0.000014
0.251728
0.009817
0.000000
0.000000
0.000000
0.000000
0.000000
0.000000
0.000000
0.000005
0.000000
0.007502
0.000000
0.000000
0.016671
0.000000
0.000000
0.001177
0.000000
0.000000
0.000000
0.000000
0.000005
0.000000
0.054918
0.000703
0.000000
0.000000
0.000000
0.000405
0.000000
0.000000
0.000000
0.000000
0.000000
0.000019
0.001446
0.000000
0.000000
0.000008
0.046781
0.000081
0.000000
0.000000
0.000000
0.000000
0.000000
0.000000
0.008221
0.000000
0.000000
0.000000
0.000000
0.000000
0.000000
0.000011
0.000000
0.015529
0.000002
0.000084
0.000000
0.000000
0.000000
0.000000
0.000000
0.000000
0.000002
0.000000
0.000000
0.000000
0.000000
0.000000
0.000000
0.003342
0.004162
0.000000
0.000044
0.000000
0.000021
0.000000
0.141582
0.000000
0.000000
0.000000
0.000000
0.000000
0.000000
0.000000
0.000000
0.000000
0.000000
0.000000
0.000000
0.000000
0.000000
0.231167
0.000000
0.000054
0.000000
0.000000
0.007398
0.000000
0.000000
0.001042
0.000000
0.000000
0.000000
0.000000
0.000000
0.000000
0.000000
0.000029
0.000322
0.000000
0.000468
0.000000
0.000000
0.000021
0.000000
0.000000
0.000000
0.000000
0.000000
0.000000
0.005016
0.000000
0.000000
0.000000
0.000000
0.000000
0.620484
0.185433
0.000000
0.000000
0.000000
0.000000
0.000000
0.000000
0.000000
0.000000
0.000003
0.000000
0.000000
0.005831
0.000000
0.000000
0.000000
0.000268
0.000000
0.000090
0.024823
0.000000
0.000000
0.000000
0.000000
0.000000
0.000000
0.000000
0.000000
0.000000
0.000000
0.000149
0.000000
0.000000
0.000000
0.000000
0.000000
0.000018
0.000241
0.001435
0.000000
0.000000
0.000000
0.000000
0.000000
0.000000
0.000000
0.000000
0.029144
0.000000
0.000038
0.000000
0.000000
0.000000
0.000695
0.000000
0.000000
0.000000
0.000000
0.000078
0.000000
0.000000
0.000000
0.000000
0.000000
0.000000
0.000000
0.000000
0.000000
0.000000
0.000000
0.007636
0.000006
0.000000
0.000000
0.000188
0.000000
0.000000
0.000000
0.000000
0.000000
0.000000
0.000000
0.000016
0.000996
0.001470
0.000000
0.000000
0.000000
0.000104
0.000000
0.000028
0.000000
0.000000
0.000000
0.000000
0.000000
0.000000
0.000000
0.124396
0.000000
0.349916
0.000000
0.000000
0.000038
0.000000
0.000000
0.000000
0.000000
0.000000
0.000000
0.000000
0.000000
0.000000
0.000000
0.000000
0.000000
0.000000
0.000000
0.005140
0.000000
0.000003
0.140230
0.000000
0.000000
0.000000
0.000000
0.000000
0.003581
0.000000
0.000000
0.000000
0.000000
0.000000
0.000000
0.000000
0.346861
0.000000
0.000000
0.000142
0.000000
0.000000
0.000000
0.000000
0.000000
0.000000
0.000000
0.000000
0.000016
0.000000
0.000000
0.000000
0.000000
0.000000
0.000000
0.000000
0.000000
0.000000
0.000000
0.000000
0.000000
0.000000
0.000000
0.000000
0.000518
0.000000
0.000000
0.000000
0.000000
0.000000
0.000276
0.000012
0.000000
0.000000
0.000000
0.000000
0.000001
0.000000
0.000000
0.000000
0.000004
0.000450
0.000000
0.000000
0.001546
0.000000
0.000000
0.000000
0.000000
0.000000
0.000000
0.000076
0.000000
0.000000
0.000000
0.000000
0.000000
0.553926
0.000000
0.000000
0.000000
0.000000
0.000000
0.000000
0.000008
0.000000
0.000000
0.000000
0.000000
0.000000
0.000007
0.000000
0.000000
0.002213
0.000000
0.000000
0.000046
0.067098
0.000000
0.000000
0.003089
0.000000
0.000001
0.000000
0.000000
0.000000
0.000026
0.162641
0.000000
0.000000
0.000000
0.000000
0.000489
0.059963
0.000000
0.000000
0.000000
0.000000
0.001328
0.000753
0.000336
0.000013
0.000000
0.000000
0.000000
0.000000
0.000000
0.000000
0.002713
0.008339
0.187209
0.000000
0.000000
0.000000
0.000000
0.000000
0.000000
0.000000
0.103829
0.000109
0.000000
0.000000
0.000000
0.000000
0.010206
0.000000
0.000000
0.000000
0.000000
0.000000
0.000000
0.000000
0.000165
0.000000
0.000000
0.000000
0.000016
0.000000
0.000000
0.000000
0.000000
0.000000
0.000000
0.000000
0.000000
0.000000
0.000000
0.000012
0.000000
0.000000
0.000000
0.000000
0.275192
0.000000
0.000000
0.199383
0.000064
0.000000
0.000000
0.000000
0.000000
0.000000
0.000000
0.000000
0.000004
0.000000
0.000000
0.000000
0.000000
0.000000
0.000000
0.000000
0.005515
0.000000
0.000000
0.000000
0.000000
0.000000
0.000000
0.000000
0.000000
0.000000
0.005947
0.000000
0.000000
0.000000
0.000000
0.000000
0.000000
0.000000
0.000000
0.000000
0.000000
0.000000
0.000000
0.000000
0.113676
0.000000
0.000000
0.000000
0.000000
0.000000
0.000000
0.000000
0.000009
0.000000
0.000000
0.000005
0.000302
0.000000
0.000000
0.000000
0.000000
0.000000
0.000029
0.000027
0.000000
0.000000
0.000008
0.000000
0.022927
0.239855
0.000000
0.000000
0.000000
0.000000
0.000000
0.000000
0.000000
0.000000
0.016183
0.000000
0.000000
0.000000
0.000000
0.000000
0.000000
0.000000
0.000000
0.000000
0.000000
0.000000
0.000000
0.000000
0.000272
0.000000
0.000038
0.000000
0.000000
0.000000
0.000000
0.000000
0.000000
0.000000
0.000000
0.998167
0.000000
0.000000
0.000000
0.000000
0.000000
0.000000
0.000000
0.000031
0.031444
0.000000
0.000000
0.000000
0.000000
0.000000
0.000000
0.000000
0.258519
0.000000
0.000001
0.000366
0.000000
0.000000
0.000000
0.000000
0.000006
0.000000
0.000000
0.000000
0.000000
0.000000
0.000339
0.000000
0.000000
0.000000
0.000000
0.028835
0.000001
0.000000
0.000000
0.945016
0.000000
0.000000
0.000000
0.000000
0.000001
0.000000
0.000000
0.000000
0.000000
0.000000
0.000000
0.000003
0.000000
0.000000
0.000071
0.000000
0.000000
0.000000
0.000000
0.000000
0.000070
0.000000
0.000000
0.000001
0.000000
0.000014
0.000000
0.000000
0.000000
0.000000
0.000000
0.000000
0.000000
0.000000
0.000000
0.000000
0.000000
0.000000
0.000000
0.000000
0.000000
0.000000
0.112701
0.000000
0.000000
0.000000
0.000000
0.000000
0.000000
0.000000
0.001454
0.000064
0.477891
0.000000
0.000000
0.000000
0.000000
0.000748
0.000000
0.000000
0.000000
0.000000
0.000000
0.000000
0.000000
0.000000
0.000000
0.000000
0.000000
0.000000
0.000000
0.000000
0.000000
0.000073
0.000000
0.000000
0.000000
0.000000
0.000000
0.000000
0.000474
0.000000
0.000000
0.000000
0.000000
0.027263
0.000000
0.000000
0.000000
0.006125
0.000000
0.000000
0.000000
0.000000
0.000000
0.000000
0.000000
0.000000
0.000000
0.000000
0.000000
0.000000
0.000000
0.006114
0.000000
0.000058
0.000000
0.171640
0.000000
0.292690
0.000185
0.000203
0.000000
0.000000
0.000030
0.000000
0.000003
0.000000
0.000000
0.000000
0.000000
0.000000
0.000000
0.000000
0.000000
0.000000
0.000000
0.000039
0.000000
0.032539
0.000040
0.000000
0.000000
0.000000
0.107179
0.000000
0.032868
0.019433
0.000000
0.000000
0.000000
0.000000
0.000000
0.000000
0.000000
0.000000
0.000000
0.000000
0.000000
0.000000
0.000000
0.000000
0.000000
0.000000
0.000000
0.000000
0.000000
0.000000
0.000026
0.000000
0.000000
0.000000
0.000000
0.000000
0.000000
0.001582
0.000000
0.000350
0.000000
0.000000
0.000000
0.002208
0.000000
0.000000
0.000000
0.000000
0.000000
0.000000
0.000000
0.000000
0.000146
0.000000
0.000000
0.000000
0.000000
0.000000
0.000000
0.000000
0.000000
0.000000
0.000287
0.000000
0.000000
0.014995
0.000000
0.021416
0.000000
0.000000
0.000000
0.000000
0.000000
0.000000
0.000000
0.000076
0.000001
0.000310
0.000000
0.000016
0.000000
0.000000
0.000000
0.000000
0.002476
0.000000
0.000097
0.000000
0.000000
0.000000
0.000000
0.000028
0.000000
0.000000
0.000001
0.000000
0.000000
0.000000
0.000000
0.000000
0.000023
0.000597
0.000000
0.000000
0.000000
0.000000
0.000000
0.000000
0.000000
0.000000
0.000000
0.000000
0.000000
0.000000
0.000000
0.000000
0.000000
0.000289
0.000000
0.000000
0.000000
0.000000
0.000000
0.000000
0.043061
0.000000
0.000001
0.000000
0.000000
0.000000
0.000000
0.000000
0.001407
0.000000
0.000000
0.000008
0.000000
0.000000
0.024741
0.000000
0.000000
0.004711
0.000000
0.000000
0.000000
0.000000
0.000000
0.000000
0.000827
0.003568
0.000000
0.000000
0.000000
0.000000
0.000000
0.000000
0.000000
0.000115
0.000519
0.000000
0.087957
0.000000
0.000000
0.000142
0.000000
0.000351
0.000000
0.000000
0.000000
0.000000
0.000000
0.000000
0.000000
0.000000
0.000000
0.000000
0.000000
0.000000
0.000000
0.000000
0.000000
0.000000
0.000000
0.000000
0.000000
0.000000
0.000000
0.002328
0.000000
0.000710
0.000000
0.000000
0.000000
0.000000
0.000000
0.000000
0.001172
0.000000
0.000002
0.000000
0.004081
0.000000
0.000062
0.000000
0.008203
0.000000
0.000000
0.000000
0.000000
0.000000
0.000000
0.000000
0.000000
0.000000
0.228832
0.000000
0.000000
0.000000
0.000000
0.000000
0.000000
0.000000
0.000015
0.000000
0.000000
0.000000
0.000000
0.000000
0.000000
0.000000
0.000080
0.000000
0.000000
0.000000
0.000000
0.000000
0.000000
0.000000
0.003176
0.000333
0.000000
0.000000
0.000000
0.000000
0.000000
0.000000
0.050104
0.000006
0.000000
0.000000
0.000000
0.000000
0.000000
0.000000
0.012257
0.000000
0.000000
0.129647
0.000000
0.000000
0.000000
0.123884
0.000000
0.000000
0.000000
0.000000
0.000000
0.000000
0.000000
0.000000
0.000000
0.008411
0.000000
0.000000
0.000000
0.000000
0.000000
0.000000
0.000000
0.000000
0.000000
0.000000
0.004671
0.000000
0.000000
0.000002
0.000000
0.000000
0.000006
0.000000
0.000000
0.000000
0.000000
0.000000
0.000000
0.000000
0.000000
0.000000
0.000000
0.000000
0.000000
0.537868
0.000000
0.000000
0.000000
0.000000
0.040026
0.000000
0.000092
0.000000
0.000000
0.000000
0.000000
0.000000
0.000000
0.000000
0.000000
0.000000
0.000015
0.000000
0.000027
0.000000
0.000000
0.121196
0.000000
0.000000
0.000000
0.000000
0.000000
0.000039
0.000000
0.000000
0.000000
0.000000
0.000000
0.000000
0.000000
0.006840
0.000000
0.000000
0.000000
0.000000
0.000000
0.013567
0.000000
0.000000
0.000000
0.000000
0.000000
0.000000
0.000000
0.000000
0.020126
0.000000
0.000000
0.000000
0.000000
0.000000
0.002813
0.000000
0.000000
0.000000
0.000000
0.000000
0.000000
0.000000
0.000000
0.000697
0.000019
0.000000
0.000066
0.000000
0.000000
0.000000
0.000000
0.089359
0.000000
0.000000
0.000000
0.000000
0.000000
0.000000
0.000000
0.002535
0.000000
0.001363
0.000000
0.000000
0.000000
0.000836
0.000003
0.000000
0.000000
0.000000
0.016835
0.000000
0.015131
0.044653
0.000000
0.000000
0.000000
0.000000
0.000000
0.000000
0.000000
0.000060
0.000642
0.000000
0.000001
0.000000
0.000000
0.000000
0.000000
0.000000
0.000000
0.000000
0.000000
0.000432
0.000000
0.000395
0.000000
0.003304
0.000208
0.032371
0.000000
0.000000
0.089980
0.000000
0.000000
0.000000
0.000000
0.000000
0.000000
0.000000
0.000000
0.000000
0.000000
0.000000
0.000000
0.000000
0.000000
0.000002
0.000000
0.000000
0.000000
0.000508
0.000000
0.000000
0.000000
0.000000
0.000002
0.001703
0.000000
0.000000
0.000000
0.005215
0.000000
0.000000
0.000000
0.000000
0.000000
0.000000
0.000000
0.000000
0.000000
0.000000
0.000000
0.000002
0.000000
0.000000
0.000000
0.000000
0.000000
0.000000
0.000000
0.069524
0.000000
0.000000
0.000000
0.000000
0.000000
0.000000
0.000000
0.000000
0.000000
0.000000
0.000000
0.007611
0.001085
0.000006
0.002701
0.000000
0.000000
0.000000
0.000000
0.000000
0.000000
0.000000
0.000429
0.000000
0.000000
0.001424
0.000052
0.000000
0.000000
0.000000
0.000000
0.000000
0.000000
0.000000
0.000000
0.000000
0.000072
0.000000
0.000000
0.000000
0.000000
0.000833
0.000000
0.001156
0.000030
0.000517
0.000000
0.000000
0.000345
0.000000
0.000436
0.000000
0.000000
0.000000
0.000000
0.000000
0.000000
0.010819
0.000389
0.000000
0.000000
0.000423
0.000000
0.000000
0.000000
0.000000
0.000000
0.000000
0.000000
0.000000
0.000000
0.000000
0.637509
0.000000
0.000000
0.000000
0.000000
0.000000
0.001090
0.000000
0.000000
0.017464
0.000000
0.000000
0.000000
0.000000
0.000000
0.000004
0.000000
0.003460
0.000000
0.000090
0.000000
0.000000
0.000000
0.000000
0.024136
0.064647
0.005658
0.000000
0.039668
0.000000
0.003294
0.000000
0.000000
0.000000
0.000000
0.000000
0.000000
0.000000
0.000000
0.000000
0.000000
0.000000
0.000000
0.000000
0.000000
0.000000
0.000000
0.000000
0.000000
0.039374
0.000000
0.000000
0.000000
0.036575
0.000000
0.000000
0.000000
0.000000
0.000000
0.000000
0.000000
0.000000
0.000000
0.035776
0.000000
0.068718
0.000000
0.000000
0.000000
0.000000
0.000000
0.000000
0.000000
0.000000
0.000008
0.000000
0.000000
0.000000
0.000000
0.000000
0.000000
0.000000
0.000000
0.000000
0.000000
0.000000
0.000000
0.000000
0.000000
0.000000
0.000000
0.000000
0.003086
0.000005
0.000000
0.000000
0.004948
0.000000
0.000000
0.000137
0.000000
0.361318
0.000000
0.000000
0.000000
0.000000
0.000000
0.000000
0.000000
0.000433
0.000000
0.000000
0.000000
0.000000
0.000000
0.000000
0.000000
0.000000
0.000000
0.000000
0.000000
0.000000
0.383457
0.000000
0.007404
0.000000
0.000112
0.000000
0.000000
0.000000
0.000000
0.000000
0.020848
0.000000
0.000000
0.000000
0.000074
0.000373
0.000593
0.000000
0.000000
0.000000
0.000000
0.000000
0.000000
0.000000
0.000000
0.000000
0.000000
0.000000
0.000000
0.000000
0.000000
0.000000
0.000000
0.000000
0.000000
0.000000
0.000000
0.000000
0.131188
0.000000
0.000000
0.000000
0.000000
0.000000
0.000083
0.000000
0.000000
0.000000
0.000009
0.000000
0.000000
0.000000
0.000003
0.000000
0.095898
0.000672
0.002654
0.000000
0.017506
0.000044
0.000023
0.000000
0.000000
0.000000
