0.000000
0.000000
0.000000
0.000000
0.000000
0.000000
0.000000
0.000000
0.000000
0.000000
0.000000
0.000000
0.000000
0.000000
0.944192
0.000000
0.000000
0.000000
0.000000
0.000000
0.000000
0.000000
0.000000
0.000000
0.000000
0.448575
0.000000
0.000000
0.000000
0.000000
0.000000
0.000000
0.000000
0.000000
0.000000
0.000000
0.000000
0.000000
0.000000
0.000000
0.963911
0.000000
0.000000
0.000000
0.000000
0.000000
0.000000
0.000000
0.348149
0.000000
0.000000
0.000000
0.000000
0.005555
0.000000
0.000000
0.000000
0.000000
0.000000
0.000000
0.000000
0.000000
0.000000
0.000000
0.000000
0.000000
0.000000
0.000000
0.000000
0.427646
0.000000
0.571817
0.000000
0.568131
0.006662
0.000000
0.000000
0.000000
0.000000
0.000000
0.000000
0.000000
0.000000
0.000000
0.000000
0.000000
0.000000
0.000000
0.255995
0.000000
0.000000
0.000000
0.000000
0.000000
0.000000
0.000000
0.000000
0.000000
0.000000
0.000000
0.241349
0.000000
0.000000
0.000000
0.000000
0.168757
0.000000
0.000000
0.000000
0.000000
0.000000
0.000000
0.000000
0.000000
0.000000
0.000000
0.000000
0.000000
0.000000
0.227979
0.004862
0.000000
0.000000
0.000000
0.000000
0.000000
0.000000
0.037907
0.000000
0.000000
0.000000
0.000000
0.000000
0.000000
0.000000
0.000000
0.000000
0.000000
0.000000
0.000000
0.000000
0.000000
0.000000
0.000000
0.000000
0.250078
0.000000
0.000000
0.000000
0.000000
0.000000
0.000000
0.000000
0.000000
0.000000
0.000000
0.000000
0.000000
0.000000
0.000000
0.000000
0.000000
0.000000
0.000000
0.000000
0.000000
0.156537
0.000000
0.000000
0.000000
0.000000
0.000000
0.000000
0.000000
0.000000
0.000000
0.000000
0.000000
0.556605
0.000000
0.000000
0.122177
0.280740
0.420704
0.170392
0.000000
0.000000
0.000000
0.062839
0.280334
0.000000
0.000000
0.000000
0.000000
0.000000
0.000000
0.000000
0.000000
0.000000
0.000000
0.000000
0.000000
0.000000
0.000000
0.134054
0.000000
0.000000
0.000000
0.000000
0.303938
0.000000
0.000000
0.004628
0.000000
0.000000
0.000000
0.000000
0.000000
0.000000
0.000000
0.000000
0.000000
0.000000
0.000000
0.239082
0.000000
0.061365
0.070963
0.214450
0.323631
0.000000
0.000000
0.000000
0.000000
0.000000
0.670740
0.000000
0.000000
0.046045
0.020226
0.000000
0.000000
0.144129
0.000000
0.000000
0.000000
0.000000
0.000000
0.000000
0.000000
0.000000
0.000000
0.000000
0.000000
0.000000
0.000000
0.000000
0.000000
0.000000
0.000000
0.000000
0.000000
0.000000
0.000000
0.000000
0.000000
0.009557
0.000000
0.000000
0.000000
0.000000
0.000000
0.000000
0.000000
0.000000
0.000000
0.000000
0.000000
0.000000
0.000000
0.000000
0.000000
0.000000
0.000000
0.000000
0.000000
0.000000
0.000000
0.000000
0.006901
0.000000
0.000000
0.000000
0.000000
0.000000
0.000000
0.000000
0.000000
0.000000
0.000000
0.000000
0.000000
0.104929
0.000000
0.000000
0.000000
0.000000
0.000000
0.000000
0.000339
0.000000
0.000000
0.000000
0.000000
0.000000
0.000000
0.000000
0.000000
0.000180
0.479398
0.000000
0.000000
0.000000
0.000000
0.000000
0.000000
0.029855
0.857380
0.000000
0.000000
0.000000
0.055842
0.000000
0.000000
0.000000
0.000000
0.000000
0.000000
0.000000
0.000000
0.000000
0.000000
0.000000
0.000000
0.000000
0.000000
0.000000
0.000000
0.000000
0.000000
0.104387
0.000000
0.000000
0.000000
0.000000
0.000000
0.000000
0.000000
0.165427
0.000000
0.000000
0.000000
0.165036
0.000000
0.000000
0.000000
0.000000
0.061851
0.000000
0.000000
0.000000
0.000000
0.000000
0.999999
0.000000
0.000000
0.814516
0.000000
0.000000
0.000000
0.000000
0.000000
0.000000
0.000000
0.000000
0.000000
0.000000
0.000000
0.000000
0.284280
0.000000
0.000000
0.000000
0.000000
0.182184
0.000000
0.530255
0.000000
0.000000
0.000000
0.000000
0.000000
0.215334
0.000000
0.000000
0.000000
0.000000
0.000000
0.000000
0.000000
0.000000
0.257827
0.680570
0.000000
0.000000
0.000000
0.000000
0.000000
0.000000
0.000000
0.000000
0.000000
0.000000
0.000882
0.000000
0.000000
0.187029
0.199104
0.000000
0.042026
0.000000
0.000000
0.000043
0.046302
0.000000
0.000000
0.000000
0.000000
0.000000
0.000000
0.000000
0.000000
0.124449
0.000000
0.000000
0.000000
0.000000
0.000000
0.441967
0.000000
0.000000
0.000000
0.000000
0.000000
0.358837
0.000000
0.000000
0.000000
0.000000
0.000000
0.030543
0.000000
0.000000
0.000000
0.000000
0.000000
0.000000
0.000000
0.000000
0.000000
0.000000
0.000000
0.000000
0.000000
0.000000
0.000000
0.000000
0.000000
0.000000
0.000000
0.000000
0.000000
0.202350
0.117137
0.000000
0.000000
0.000000
0.000000
0.000000
0.000000
0.078991
0.000000
0.000000
0.000000
0.000000
0.380550
0.000000
0.000000
0.000000
0.000000
0.000000
0.000000
0.000000
0.000000
0.036742
0.000000
0.000000
0.000000
0.047253
0.000000
0.000000
0.000000
0.000000
0.000000
0.000000
0.000000
0.000000
0.000000
0.000000
0.000000
0.000000
0.000000
0.000000
0.541450
0.000000
0.000000
0.150022
0.871007
0.000000
0.000000
0.000000
0.649558
0.000000
0.000000
0.280654
0.000000
0.000000
0.000000
0.000000
0.000000
0.902147
0.000000
0.000000
0.000000
0.000000
0.000000
0.000000
0.000000
0.000000
0.000000
0.000000
0.000000
0.000000
0.000000
0.000000
0.000000
0.000000
0.000000
0.000000
0.000000
0.000000
0.000000
0.000000
0.000000
0.000000
0.000000
0.000000
0.000000
0.000000
0.760907
0.000000
0.172563
0.004641
0.000000
0.000000
0.000000
0.000000
0.000000
0.417260
0.000000
0.000000
0.000000
0.000000
0.000000
0.000000
0.000000
0.000000
0.000000
0.000000
0.724888
0.000000
0.000000
0.000000
0.000000
0.000000
0.000000
0.000000
0.000000
0.000000
0.000000
0.000000
0.000000
0.000000
0.000000
0.000000
0.000000
0.000000
0.000000
0.388362
0.000000
0.000000
0.806233
0.000000
0.000000
0.000000
0.000000
0.396290
0.000000
0.000000
0.000000
0.000000
0.435066
0.000000
0.000000
0.000000
0.527723
0.069078
0.000000
0.000000
0.000000
0.000000
0.000000
0.643453
0.097090
0.000000
0.000000
0.000000
0.991524
0.000000
0.000000
0.000000
0.000000
0.000000
0.000000
0.000000
0.000000
0.523081
0.000000
0.000000
0.000000
0.000000
0.000000
0.000000
0.000000
0.099445
0.000000
0.000000
0.000000
0.000000
0.000000
0.202607
0.000000
0.000000
0.000000
0.000000
0.000000
0.086073
0.000000
0.000000
0.000000
0.147525
0.002617
0.000000
0.000000
0.058794
0.000000
0.000000
0.000000
0.000000
0.394420
0.000000
0.383590
0.000000
0.000000
0.000000
0.000000
0.112499
0.000000
0.000000
0.000000
0.000000
0.000000
0.000000
0.000000
0.000000
0.000000
0.000000
0.000000
0.000000
0.000000
0.000000
0.000000
0.000000
0.000000
0.000000
0.000000
0.000000
0.000000
0.000000
0.000000
0.000000
0.000000
0.000000
0.000000
0.643533
0.103465
0.000000
0.000000
0.000000
0.000000
0.000000
0.000000
0.000000
0.000000
0.000000
0.000000
0.000000
0.000000
0.000000
0.000000
0.296206
0.555456
0.000000
0.000000
0.000000
0.586145
0.000000
0.000000
0.515322
0.000000
0.000000
0.000000
0.000000
0.000000
0.000000
0.000000
0.000000
0.127849
0.000000
0.000000
0.000000
0.000000
0.000000
0.294188
0.000000
0.000000
0.036395
0.000000
0.000000
0.000000
0.000000
0.000000
0.000000
0.000000
0.000000
0.000000
0.000000
0.000000
0.000000
0.000000
0.000000
0.000000
0.000000
0.000000
0.000000
0.000000
0.000000
0.176951
0.000000
0.000000
0.000000
0.000000
0.000000
0.496556
0.000000
0.000000
0.000000
0.000000
0.000000
0.076715
0.000000
0.020309
0.000000
0.000000
0.000000
0.000000
0.002714
0.000000
0.000000
0.000000
0.000000
0.000000
0.000000
0.000000
0.012784
0.000000
0.000000
0.000000
0.005199
0.000000
0.000000
0.652505
0.000000
0.000000
0.000000
0.000000
0.000000
0.000000
0.000000
0.001003
0.000000
0.005608
0.000000
0.254196
0.000000
0.019906
0.000000
0.000000
0.000000
0.000000
0.000000
0.000000
0.432958
0.000000
0.000000
0.041406
0.000000
0.187863
0.061571
0.000000
0.000000
0.000000
0.000000
0.000000
0.000000
0.000000
0.000000
0.000000
0.000000
0.000000
0.000000
0.000000
0.000000
0.000000
0.000000
0.000000
0.000000
0.000000
0.000000
0.068413
0.000000
0.000000
0.000000
0.000000
0.000000
0.000000
0.000000
0.000000
0.000000
0.833721
0.000000
0.000000
0.230722
0.000000
0.000000
0.000000
0.000000
0.000000
0.000000
0.000000
0.000000
0.000000
0.000000
0.000000
0.000000
0.000000
0.000000
0.000000
0.000000
0.000000
0.000000
0.000000
0.526724
0.000000
0.000000
0.000000
0.000000
0.000000
0.000000
0.000000
0.000000
0.000000
0.000000
0.000000
0.000000
0.000000
0.000000
0.000000
0.000000
0.000000
0.000000
0.000000
0.000000
0.000000
0.000000
0.000000
0.000000
0.984457
0.000000
0.000000
0.969914
0.000000
0.000000
0.000000
0.000000
0.000000
0.000000
0.000000
0.000000
0.693401
0.000000
0.181702
0.000000
0.000000
0.000000
0.000000
0.052446
0.000000
0.000000
0.000000
0.000000
0.038039
0.000000
0.000000
0.000000
0.000000
0.000000
0.000000
0.000000
0.000000
0.000000
0.000000
0.000000
0.000000
0.000000
0.000000
0.000000
0.000000
0.000000
0.921141
0.000000
0.000000
0.000000
0.240207
0.000000
0.000000
0.000000
0.000000
0.076973
0.000000
0.000000
0.000000
0.000000
0.000000
0.000000
0.000000
0.000000
0.204412
0.000000
0.000000
0.000000
0.000000
0.000000
0.405070
0.014897
0.000000
0.000000
0.666034
0.000000
0.000000
0.000000
0.000000
0.000000
0.010927
0.000000
0.228951
0.000000
0.000000
0.000000
0.000000
0.000000
0.000000
0.000000
0.000000
0.720361
0.000000
0.000000
0.000000
0.000000
0.000000
0.000000
0.000000
0.000000
0.000000
0.031060
0.000000
0.434376
0.416802
0.000000
0.000000
0.000000
0.000000
0.000000
0.000000
0.000000
0.000000
0.000000
0.000000
0.000000
0.000000
0.000000
0.000000
0.000000
0.999999
0.000000
0.000000
0.000000
0.000000
0.000000
0.000000
0.000000
0.000000
0.000000
0.000000
0.000622
0.000000
0.000000
0.000000
0.000000
0.000000
0.000000
0.000000
0.000000
0.000000
0.000000
0.000000
0.000000
0.000000
0.000000
0.000000
0.000000
0.000000
0.000000
0.000000
0.000000
0.000000
0.464536
0.000606
0.000000
0.000000
0.000000
0.000000
0.000000
0.000000
0.000000
0.000000
0.000000
0.000000
0.000000
0.000000
0.000000
0.000000
0.000000
0.000000
0.000000
0.028345
0.000000
0.399233
0.000000
0.000000
0.000000
0.000000
0.000000
0.000000
0.000000
0.000000
0.000000
0.000000
0.291270
0.000000
0.000000
0.000000
0.000000
0.000000
0.000000
0.000000
0.000000
0.000000
0.000000
0.000000
0.000000
0.000000
0.000000
0.000000
0.000000
0.000000
0.000000
0.000000
0.000000
0.114582
0.000000
0.000000
0.999912
0.000000
0.000000
0.000000
0.000000
0.000000
0.000000
0.000000
0.000000
0.000000
0.000000
0.000000
0.000000
0.000000
0.118913
0.017299
0.000000
0.000000
0.192054
0.000000
0.000000
0.000000
0.000000
0.000000
0.000000
0.932400
0.000000
0.000000
0.000000
0.000000
0.096796
0.000000
0.000000
0.094384
0.000000
0.000000
0.341572
0.000000
0.128581
0.000000
0.000000
0.416082
0.000000
0.000000
0.000000
0.000000
0.000000
0.000000
0.000000
0.000000
0.205961
0.000000
0.000000
0.000000
0.000000
0.000000
0.000000
0.390102
0.000000
0.000000
0.026712
0.065322
0.000000
0.075840
0.000000
0.000000
0.000000
0.000000
0.000009
0.000000
0.000000
0.000000
0.000000
0.000000
0.000000
0.096080
0.000000
0.000000
0.000000
0.000000
0.000000
0.000000
0.000000
0.000000
0.000000
0.000000
0.000000
0.000000
0.000000
0.000000
0.000000
0.000000
0.000000
0.000000
0.000000
0.000000
0.000000
0.000000
0.006215
0.000000
0.000000
0.000000
0.000000
0.000000
0.000000
0.594900
0.000000
0.000000
0.000000
0.000000
0.000000
0.000000
0.000000
0.000000
0.000000
0.000000
0.000000
0.751837
0.000000
0.000000
0.000000
0.000000
0.000000
0.000000
0.033460
0.000000
0.000000
0.000000
0.480474
0.000000
0.000000
0.000000
0.984420
0.000000
0.066555
0.024729
0.000000
0.000000
0.000000
0.000000
0.000000
0.000000
0.000000
0.000000
0.000000
0.000000
0.000000
0.000000
0.000000
0.000000
0.000000
0.000000
0.000000
0.372771
0.000000
0.152176
0.000000
0.000000
0.000000
0.000000
0.000000
0.000000
0.000000
0.000728
0.000000
0.000000
0.000000
0.000000
0.000000
0.006055
0.000000
0.000000
0.000000
0.000000
0.000000
0.000000
0.000000
0.816295
0.000000
0.000000
0.000000
0.000000
0.000000
0.000000
0.000000
0.000000
0.000000
0.000020
0.000000
0.000000
0.000000
0.000000
0.000000
0.000000
0.000000
0.000000
0.000000
0.000000
0.000000
0.000000
0.010978
0.000000
0.000000
0.000000
0.000000
0.949944
0.080988
0.000000
0.000000
0.000000
0.000000
0.000000
0.000000
0.000000
0.560320
0.000000
0.000000
0.000000
0.000000
0.901068
0.000000
0.000000
0.000000
0.000000
0.000000
0.000000
0.000000
0.000000
0.077648
0.000000
0.000000
0.000000
0.287982
0.000000
0.000000
0.000000
0.180837
0.000000
0.000818
0.000000
0.000000
0.000000
0.021588
0.014816
0.000000
0.000000
0.000000
0.000000
0.000000
0.067220
0.000000
0.000000
0.000000
0.000000
0.000000
0.000000
0.000000
0.000000
0.000000
0.000000
0.825998
0.000000
0.000000
0.000000
0.000000
0.000000
0.000000
0.000000
0.512129
0.000000
0.000000
0.000000
0.000000
0.000000
0.000000
0.000000
0.000000
0.000000
0.000000
0.000000
0.000000
0.000000
0.000000
0.000000
0.000000
0.000000
0.000000
0.148063
0.000000
0.075912
0.000000
0.000000
0.000000
0.000000
0.000000
0.199917
0.000000
0.000000
0.000000
0.000000
0.000000
0.000000
0.000000
0.000000
0.000000
0.000000
0.000000
0.000000
0.000000
0.000000
0.641328
0.000000
0.000000
0.000000
0.000000
0.000000
0.118480
0.000000
0.000000
0.000000
0.000000
0.000000
0.914414
0.000000
0.000000
0.000000
0.000000
0.000000
0.000000
0.000000
0.000000
0.000000
0.000000
0.000000
0.016699
0.000000
0.000000
0.000000
0.000000
0.629669
0.000000
0.000000
0.000000
0.000000
0.000000
0.000000
0.039013
0.000000
0.000000
0.930040
0.000000
0.000000
0.000000
0.000000
0.000000
0.000000
0.048862
0.000000
0.000000
0.000000
0.000000
0.000000
0.000000
0.000000
0.000000
0.784349
0.000000
0.000000
0.000432
0.000000
0.000000
0.000000
0.000000
0.000000
0.000000
0.000000
0.000000
0.000000
0.000000
0.000000
0.000000
0.000000
0.000000
0.000000
0.000000
0.000000
0.000000
0.000000
0.736598
0.000000
0.000000
0.000000
0.000000
0.000000
0.000000
0.000000
0.000000
0.000000
0.000000
0.000275
0.000000
0.000000
0.000000
0.000000
0.000000
0.000000
0.113401
0.000000
0.000000
0.000000
0.000000
0.945851
0.490910
0.000000
0.019017
0.070860
0.000000
0.000000
0.000000
0.626852
0.000000
0.000000
0.011897
0.000000
0.000000
0.000000
0.000000
0.660274
0.000000
0.000000
0.000000
0.000000
0.847496
0.000000
0.220983
0.000000
0.144632
0.000000
0.000000
0.000000
0.088728
0.155336
0.000000
0.000000
0.000000
0.000000
0.274987
0.000000
0.000000
0.000000
0.000000
0.000000
0.000000
0.000000
0.000000
0.000000
0.000000
0.000000
0.000000
0.007839
0.160913
0.000000
0.000000
0.714472
0.000000
0.000000
0.000000
0.000000
0.000000
0.314309
0.000000
0.000000
0.000000
0.000000
0.000000
0.000000
0.000000
0.000000
0.000000
0.000000
0.000000
0.052708
0.000000
0.026997
0.000000
0.000000
0.000000
0.000000
0.000000
0.000000
0.000000
0.000000
0.000000
0.000000
0.000000
0.000000
0.000000
0.000000
0.000000
0.087738
0.000000
0.098077
0.000000
0.000000
0.000000
0.000000
0.000000
0.000000
0.000000
0.000000
0.000000
0.020458
0.000000
0.255444
0.000000
0.000000
0.001183
0.056451
0.000000
0.000000
0.000000
0.000000
0.000000
0.000000
0.000000
0.069454
0.000000
0.759539
0.000000
0.003213
0.000000
1.000000
0.000000
0.000000
0.000000
0.000000
0.000000
0.000000
0.000000
0.000000
0.000000
0.000000
0.000000
0.000000
0.990049
0.002680
0.000000
0.000000
0.000000
0.000000
0.000000
0.000000
0.000000
0.000000
0.256146
0.000000
0.000000
0.000000
0.000000
0.000000
0.000000
0.000000
0.000000
0.000000
0.000000
0.000000
0.000000
0.000000
0.000000
0.000000
0.000000
0.000000
0.000000
0.000000
0.000000
0.000000
0.000000
0.000154
0.000000
0.000000
0.000000
0.000000
1.000000
0.000000
0.000000
0.000000
0.000000
0.892875
0.000000
0.000000
0.000000
0.000000
0.000000
0.000000
0.095199
0.000000
0.000000
0.680924
0.000000
0.090644
0.000000
0.000000
0.000000
0.000000
0.000000
0.296575
0.000000
0.272367
0.000000
0.002541
0.000000
0.000000
0.000000
0.000000
0.000000
0.034016
0.000000
0.991612
0.000000
0.000000
0.000000
0.000000
0.000000
0.000000
0.000000
0.000000
0.000000
0.000000
0.000000
0.003767
0.000000
0.000000
0.000000
0.000000
0.000000
0.000000
0.000000
0.000000
0.000000
0.000000
0.000000
0.000000
0.000000
0.000000
0.000000
0.000000
0.000000
0.000000
0.000000
0.000000
0.000000
0.000000
0.000000
0.000000
0.000000
0.000000
0.000000
0.000000
0.000000
0.000000
0.000000
0.000000
0.000000
0.000000
0.000000
0.059028
0.000000
0.000000
0.000000
0.000000
0.000000
0.000000
0.000000
0.000000
0.000000
0.000000
0.000000
0.000000
0.999911
0.000000
0.022550
0.000000
0.000000
0.000000
0.000000
0.000000
0.000000
0.000000
0.000000
0.000000
0.000000
0.000000
0.000000
0.000240
0.000000
0.000000
0.000000
0.000000
0.000000
0.000000
0.000000
0.000000
1.000000
0.000000
0.000000
0.000000
0.000000
0.000000
0.121339
0.000000
0.000000
0.000000
0.000000
0.000000
0.000000
0.000000
0.000000
0.454478
0.000000
0.000000
0.260016
0.000000
0.000000
0.000000
0.002261
0.000000
0.000000
0.285379
0.000000
0.000000
0.000000
0.000000
0.000000
0.056159
0.000000
0.007706
0.000000
0.000000
0.000000
0.000000
0.000000
0.000000
0.000000
0.000000
0.000000
0.000000
0.000000
0.000000
0.000000
0.000000
0.026932
0.000000
0.000000
0.000000
0.040442
0.000000
0.000000
0.000000
0.282142
0.000000
0.000000
0.000000
0.000000
0.028170
0.000000
0.000000
0.000000
0.000000
0.000000
0.000000
0.000000
0.000000
0.000000
0.000000
0.000000
0.000000
0.000000
0.995588
0.043832
0.000000
0.000000
0.000000
0.000000
0.000000
0.000000
0.000000
0.000000
0.000000
0.000000
0.000000
0.000000
0.000000
0.000000
0.000000
0.279401
0.000000
0.000000
0.000000
0.000000
0.000000
0.075587
0.003800
0.076513
0.000000
0.000000
0.000000
0.000000
0.000000
0.000000
0.000000
0.000000
0.000000
0.000000
0.000000
0.188211
0.075373
0.000000
0.000000
0.000000
0.191195
0.000000
0.000000
0.000000
0.000000
0.000000
0.000000
0.061573
0.000000
0.019369
0.000000
0.362321
0.000000
0.000000
0.000000
0.000000
0.000000
0.000000
0.000000
0.000000
0.150373
0.000000
0.000000
0.000000
0.000000
0.000000
0.000000
0.000000
0.591497
0.174871
0.000000
0.000000
0.000000
0.000000
0.000000
0.000000
0.000000
0.000000
0.965909
0.000000
0.000000
0.000000
0.000000
0.000000
0.000000
0.000000
0.000000
0.000000
0.000000
0.000000
0.154014
0.001607
0.000000
0.000000
0.000000
0.354331
0.000000
0.000000
0.000000
0.000000
0.000000
0.000000
0.000000
0.000000
0.000000
0.000000
0.000000
0.000000
0.462285
0.000000
0.000000
0.000000
0.000000
0.000000
0.000000
0.000000
0.000000
0.000000
0.000000
0.000000
0.000000
0.000000
0.000000
0.000000
0.000000
0.000000
0.031495
0.000000
0.000000
0.000000
0.000000
0.000000
0.000000
0.000000
0.000000
0.801783
0.000000
0.000000
0.000000
0.000000
0.000000
0.000000
0.000000
0.000000
0.000000
0.000000
0.000000
0.000000
0.000000
0.000000
0.000000
0.000000
0.000000
0.000000
0.000000
0.000000
0.000000
0.000000
0.000000
0.283508
0.000000
0.000000
0.148909
0.275864
0.000000
0.000000
0.000000
0.000000
0.000000
0.000000
0.000000
0.000000
0.000000
0.000000
0.000000
0.002743
0.000000
0.000000
0.000000
0.000000
0.000000
0.306438
0.000000
0.000000
0.000000
0.550172
0.000000
0.000000
0.000000
0.000000
0.000000
0.000000
0.000000
0.161203
0.000000
0.000000
0.000000
0.000000
0.000000
0.000000
0.000000
0.000000
0.000000
0.000000
0.000000
0.000000
0.000000
0.000000
0.000000
0.000000
0.000000
0.000000
0.000000
0.000000
0.015959
0.649949
0.000000
0.000000
0.000000
0.000000
0.000000
0.000000
0.000000
0.000000
0.000000
0.000000
0.000000
0.000000
0.000000
0.000000
0.000000
0.000000
0.000000
0.000000
0.000000
0.000000
0.000000
0.000000
0.000000
0.000000
0.000000
0.000000
0.000000
0.000000
0.000000
0.017665
0.000000
0.441938
0.000000
0.000000
0.000000
0.000000
0.000014
0.000000
0.000000
0.000000
0.000000
0.000000
0.000000
0.000000
0.733746
0.000000
0.000000
0.000000
0.000000
0.000000
0.000000
0.000000
0.000000
0.000000
0.286426
0.249661
0.000000
0.000000
0.000000
0.000000
0.000000
0.000000
0.060174
0.000000
0.074660
0.000000
0.000000
0.000000
0.120551
0.280424
0.000000
0.000000
0.000000
0.000000
0.000000
0.000000
0.000000
0.000000
0.000000
0.000000
0.000000
0.894823
0.000000
0.077325
0.000000
0.000000
0.000000
0.000000
0.000000
0.057019
0.000000
0.000000
0.000000
0.000000
0.000000
0.000000
0.000000
0.000000
0.000000
0.000000
0.000000
0.000000
0.000000
0.000000
0.000000
0.000000
0.010006
0.000000
0.000000
0.000000
0.000000
0.000000
0.781989
0.059882
0.000000
0.000000
0.500490
0.070106
0.000000
0.000000
0.000000
0.000000
0.116230
0.000000
0.000000
0.000190
0.033260
0.000000
0.000000
0.144539
0.000000
0.000000
0.000000
0.000000
0.000000
0.000000
0.000000
0.000000
0.000000
0.000000
0.000380
0.000000
0.000000
0.000000
0.000000
0.000000
0.254156
0.000000
0.000000
0.000000
0.000000
0.000000
0.000000
0.000000
0.000000
0.000000
0.000000
0.156871
0.000000
0.000000
0.000000
0.000000
0.000000
0.000000
0.000000
0.000000
0.000000
0.000000
0.000000
0.000000
0.000000
0.000000
0.000000
0.082019
0.000000
0.000000
0.000000
0.054975
0.000000
0.000000
0.000000
0.000000
0.000000
0.407413
0.670740
0.000000
0.000000
0.000000
0.281594
0.000000
0.000000
0.000000
0.292801
0.174685
0.000000
0.000000
0.000000
0.000000
0.000000
0.000000
0.000000
0.000000
0.067382
0.000000
0.000000
0.000000
0.000000
0.000000
0.000000
0.000000
0.000000
0.000000
0.418593
0.000000
0.000000
0.000000
0.000000
0.000000
0.000000
0.000000
0.089218
0.000000
0.000000
0.000000
0.000000
0.000000
0.000000
0.779571
0.000000
0.000000
0.000000
0.000000
0.000000
0.000000
0.000000
0.000000
0.000000
0.000000
0.000000
0.000000
0.301782
0.038289
0.069984
0.000000
0.000000
0.000000
0.000000
0.000000
0.000000
0.000000
0.417668
0.000000
0.000000
0.000000
0.000000
0.000000
0.523868
0.251000
0.000000
0.000000
0.000000
0.000000
0.000000
0.000000
0.000000
0.000000
0.000000
0.000000
0.000000
0.000000
0.000000
0.000000
0.000000
0.000000
0.000000
0.000000
0.000000
0.000000
0.000000
0.000000
0.000000
0.000000
1.000000
0.082363
0.000000
0.000000
0.000000
0.000000
0.000000
0.000000
0.572849
0.000000
0.000000
0.000000
0.000000
0.000000
0.000000
0.000000
0.000000
0.000000
0.000000
0.000000
0.000000
0.000000
0.000000
0.000000
0.000000
0.000000
0.021188
0.000000
0.000000
0.000000
0.000000
0.000000
0.000000
0.000000
0.000000
0.036234
0.000000
0.000000
0.000000
0.357433
0.000000
0.000000
0.000000
0.000000
0.000000
0.000000
0.000000
0.000000
0.000000
0.000000
0.001549
0.000000
0.000000
0.000000
0.000000
0.000000
0.000000
0.000000
0.000000
0.000000
0.000000
0.000000
0.000000
0.334156
0.000000
0.000000
0.000000
0.000000
0.000000
0.000000
0.000000
0.000000
0.000000
0.000000
0.000000
0.000000
0.000000
0.000000
0.000000
0.000000
0.000000
0.000000
0.000000
0.000000
0.000000
0.000000
0.000000
0.000000
0.000000
0.004686
0.000000
0.000000
0.000000
0.000000
0.000000
0.000000
0.000000
0.000000
0.000000
0.000000
0.000000
0.000000
0.000000
0.000000
0.000000
0.000947
0.000000
0.000000
0.000000
0.000000
0.000000
0.000000
0.000000
0.000000
0.000000
0.000000
0.465773
0.233924
0.000000
0.000000
0.000000
0.000000
0.000000
0.000000
0.435074
0.000000
0.000000
0.000000
0.000000
0.000000
0.000000
0.000000
0.016513
0.000000
0.000000
0.000000
0.000000
0.000000
0.000000
0.000000
0.000000
0.947609
0.000000
0.443614
0.000000
0.000000
0.000000
0.000000
0.000000
0.000000
0.000000
0.000000
0.000000
0.000000
0.000000
0.000000
0.000000
0.000000
0.000000
0.004815
0.000000
0.000000
0.000000
0.000000
0.000000
0.000000
0.000000
0.000000
0.002839
0.000000
0.000000
0.000000
0.000000
0.000000
0.000000
0.000000
0.000000
0.000000
0.000000
0.000000
0.000000
0.000000
0.000000
0.264550
0.000000
0.013888
0.000000
0.000000
0.000000
0.000000
0.000000
0.000000
0.000000
0.000000
0.000000
0.000000
0.000000
0.000000
0.000000
0.000000
0.000000
0.638907
0.000000
0.000000
0.000000
0.000000
0.000000
0.000000
0.000000
0.000000
0.000000
0.000000
0.000000
0.000000
0.000000
0.000000
0.000000
0.000000
0.419513
0.000000
0.000000
0.000000
0.000000
0.000000
0.000000
0.000000
0.000000
0.000000
0.000000
0.000000
0.000000
0.000000
0.000000
0.000000
0.107208
0.000000
0.000000
0.000000
0.000000
0.000000
0.000000
0.096736
0.009786
0.000000
0.007156
0.000000
0.363427
0.000000
0.000000
0.000000
0.000000
0.000000
0.000000
0.076156
0.000000
0.000000
0.000000
0.942702
0.000000
0.000000
0.000000
0.000000
0.000000
0.008389
0.000000
0.000000
0.000000
0.000000
0.000000
0.000000
0.024735
0.051712
0.000000
0.000000
0.000000
0.285600
0.000000
0.124149
0.000000
0.118793
0.000000
0.000000
0.000000
0.000000
0.000000
0.000000
0.000000
0.000000
0.000000
0.000000
0.000000
0.000000
0.561961
0.000000
0.000000
0.000000
0.102292
0.055097
0.000000
0.262707
0.000000
0.000000
0.000000
0.000000
0.000000
0.000000
0.000000
0.000000
0.000000
0.000000
0.000000
0.000000
0.000000
0.000000
0.000000
0.000000
0.000000
0.000000
0.000000
0.061243
0.000000
0.000000
0.000000
0.000000
0.000000
0.000000
0.000000
0.000000
0.192326
0.000000
0.000000
0.000000
0.000000
0.000000
0.000000
0.000000
0.000000
0.000000
0.064887
0.000000
0.000000
0.000000
0.000000
0.000000
0.000000
0.000000
0.255409
0.091197
0.000000
0.000000
0.000000
0.000000
0.000000
0.000000
0.000000
0.000000
0.000000
0.421986
0.000000
0.000000
0.000000
0.000000
0.000000
0.000000
0.000000
0.000000
0.000000
0.000000
0.000000
0.000000
0.000000
0.000000
0.000000
0.000000
0.000000
0.000000
0.000000
0.000000
0.000000
0.000000
0.061071
0.000000
0.000000
0.000000
0.000000
0.000000
0.147687
0.000000
0.000000
0.000000
0.000000
0.000000
0.000000
0.000000
0.000000
0.000000
0.007207
0.000000
0.000000
0.000000
0.000000
0.000000
0.000000
0.000000
0.000000
0.000000
0.000000
0.000000
0.000000
0.000000
0.000000
0.000000
0.000000
0.000000
0.000000
0.000000
0.000000
0.000000
0.000000
0.000000
0.000000
0.000000
0.000000
0.000000
0.000000
0.000000
0.000000
0.000000
0.000000
0.000000
0.018955
0.000000
0.000000
0.000000
0.000000
0.615184
0.000000
0.181558
0.000000
0.000000
0.642127
0.000000
0.000000
0.000000
0.264283
0.000000
0.000000
0.000000
0.000000
0.000000
0.000000
0.000000
0.000001
0.000000
0.000000
0.000000
0.000000
0.005374
0.146050
0.000000
0.948620
0.046528
0.164794
0.000000
0.000000
0.168726
0.000000
0.000000
0.000000
0.008906
0.000000
0.000000
0.000000
0.000000
0.000000
0.000000
0.000000
0.000000
0.000000
0.000000
0.000000
0.000000
0.000000
0.000000
0.000000
0.000000
0.000000
0.937716
0.304770
0.000000
0.000000
0.000000
0.000000
0.150746
0.000000
0.519771
0.000000
0.000000
0.067980
0.000000
0.000000
0.000000
0.000000
0.000000
0.000000
0.385397
0.976822
0.000000
0.000000
0.000000
0.447869
0.000000
0.058643
0.155194
0.343305
0.000000
0.000000
0.000000
0.205106
0.000000
0.000000
0.000000
0.000000
0.000000
0.000000
0.000000
0.000000
0.000000
0.000000
0.009936
0.000000
0.000000
0.000000
0.000000
0.000000
0.000000
0.000000
0.000000
0.000000
0.000000
0.000000
0.000000
0.000000
0.000000
0.593620
0.599477
0.000000
0.000000
0.000000
0.000000
0.000000
0.000000
0.000000
0.000000
0.089591
0.000000
0.087959
0.000000
0.000000
0.000000
0.000000
0.000000
0.000000
0.000000
0.000000
0.000000
0.000000
0.000000
0.020762
0.000000
0.000000
0.000000
0.287527
0.000000
0.000000
0.000000
0.796550
0.000000
0.000000
0.000000
0.000000
0.000000
0.000000
0.000000
0.091591
0.176462
0.000000
0.000000
0.000000
0.000000
0.000000
0.000000
0.000000
0.000000
0.000000
0.000000
0.000000
0.000000
0.000000
0.000000
0.152051
0.000000
0.000000
0.000000
0.000000
0.000000
0.068543
0.000000
0.000000
0.000000
0.000000
0.000000
0.000000
0.000000
0.000000
0.000000
0.000000
0.000000
0.941945
0.000000
0.000000
0.022899
0.000000
0.000000
0.000000
0.000000
0.000001
0.000000
0.082872
0.000000
0.000000
0.000000
0.000000
0.000000
0.000000
0.000000
0.000000
0.000000
0.000000
0.000000
0.000000
0.441385
0.000000
0.000000
0.000000
0.000000
0.000000
0.000000
0.000000
0.000000
0.000000
0.000000
0.000000
0.000000
0.000000
0.000000
0.000000
0.007389
0.000000
0.000000
0.000000
0.000000
0.000000
0.000000
0.000000
0.000000
0.000000
0.045768
0.000000
0.000000
0.000000
0.577824
0.000000
0.351258
0.378571
0.000000
0.000000
0.000000
0.000000
0.000000
0.000000
0.000000
0.016619
0.000000
0.000000
0.000000
0.000000
0.000000
0.000000
0.000000
0.000000
0.000000
0.000000
0.000000
0.000000
0.000000
0.000000
0.000000
0.000000
0.000000
0.000000
0.000000
0.000000
0.000000
0.000772
0.000000
0.000000
0.000000
0.000000
0.000000
0.000000
0.000000
0.000000
0.518565
0.064530
0.260846
0.000000
0.190105
0.000000
0.000000
0.000000
0.000000
0.000000
0.000000
0.000000
0.000000
0.000000
0.000000
0.000000
0.226838
0.000000
0.000000
0.000000
0.585232
0.000000
0.000000
0.042367
0.000000
0.000000
0.000000
0.000000
0.000000
0.000000
0.000000
0.000000
0.000000
0.000000
0.000000
0.000000
0.000000
0.000000
0.000000
0.828598
0.000000
0.000000
0.000000
0.000000
0.000000
0.000000
0.000000
0.000000
0.000000
0.000000
0.005541
0.097024
0.000000
0.000000
0.000000
0.000000
0.000000
0.118987
0.000000
0.046791
0.000000
0.000353
0.000000
0.000000
0.000000
0.000000
0.000000
0.000000
0.000000
0.999978
0.000000
0.000000
0.000000
0.000000
0.000000
0.000000
0.000000
0.000000
0.000000
0.115929
0.014926
0.000000
0.042436
0.000000
0.000000
0.000000
0.000000
0.000000
0.000000
0.000000
0.000000
0.005590
0.684282
0.151403
0.000000
0.000000
0.000000
0.000000
0.000000
0.000000
0.000000
0.000000
0.000000
0.255710
0.000000
0.000000
0.472080
0.524633
0.015017
0.000000
0.000000
0.000000
0.000000
0.007860
0.000000
0.000000
0.000000
0.000000
0.000000
0.440751
0.000000
0.000000
0.804493
0.000000
0.000000
0.000000
0.000000
0.998239
0.000000
0.000000
0.000000
0.222488
0.000000
0.000000
0.000000
0.000000
0.000000
0.000000
0.000000
0.000000
0.281420
0.000000
0.000000
0.000000
0.000000
0.533470
0.000000
0.000000
0.000000
0.001849
0.000000
0.000000
0.000000
0.000000
0.000000
0.000000
0.000000
0.603790
0.000000
0.000000
0.000000
0.000000
0.000000
0.000000
0.000000
0.059292
0.000000
0.000000
0.000000
0.000000
0.000000
0.007510
0.000000
0.000000
0.000000
0.000000
0.000000
0.000000
0.000000
0.000000
0.282606
0.000000
0.000000
0.000000
0.000000
0.000000
0.000000
0.000000
0.000000
0.000000
0.000000
0.000000
0.000000
0.000000
0.000000
0.000000
0.000000
0.013176
0.000000
0.000000
0.000000
0.000000
0.000000
0.000000
0.000000
0.000000
0.000000
0.000000
0.092216
0.000000
0.820390
0.000000
0.000000
0.002042
0.000000
0.000000
0.000000
0.000000
0.000000
0.000000
0.000000
0.000000
0.000000
0.000000
0.000000
0.000000
0.000000
0.000000
0.000000
0.000000
0.000000
0.000000
0.000000
0.000000
0.000000
0.000000
0.000000
0.000000
0.000000
0.055657
0.000000
0.000000
0.000000
0.000000
0.000000
0.000000
0.000000
0.000000
0.000000
0.000000
0.085240
0.000000
0.000000
0.050949
0.000000
0.000000
0.028457
0.000000
0.000000
0.000000
0.000000
0.000000
0.000000
0.000000
0.000000
0.000000
0.000000
0.000000
0.000000
0.476518
0.000000
0.000000
0.000000
0.000000
0.000000
0.231087
0.000000
0.000000
0.000000
0.000000
0.000000
0.253960
0.000000
0.004238
0.000000
0.000000
0.034419
0.000000
0.000000
0.000000
0.000000
0.000000
0.000000
0.000000
0.000000
0.000000
0.000000
0.000000
0.930813
0.000000
0.229409
0.000000
0.000000
0.000000
0.000000
0.000000
0.000000
0.000000
0.000000
0.000000
0.000000
0.000000
0.000000
0.000000
0.010192
0.042902
0.000000
0.000000
0.000000
0.000000
0.000000
0.000000
0.000000
0.000000
0.000000
0.000000
0.000000
0.000000
0.000000
0.000000
0.000000
0.332968
0.000000
0.000000
0.000000
0.000000
0.000000
0.000000
0.000000
0.000000
0.000000
0.000000
0.224840
0.000000
0.000000
0.092910
0.000000
0.322513
0.158080
0.000000
0.000000
0.077238
0.000000
0.000000
0.000000
0.000000
0.000000
0.000000
0.000000
0.000000
0.000000
0.000000
0.000000
0.000000
0.000000
0.000000
0.000000
0.000000
0.528808
0.000000
0.000000
0.000000
0.516586
0.000000
0.000000
0.006125
0.000000
0.000000
0.000000
0.000000
0.584237
0.000000
0.000000
0.000000
0.000000
0.197411
0.000000
0.002660
0.000000
0.000000
0.000000
0.000000
0.000000
0.000000
0.036137
0.006487
0.000000
0.000000
0.000000
0.000000
0.000000
0.000000
0.000000
0.000000
0.000000
0.000000
0.000000
0.000000
0.000000
0.000000
0.000000
0.000000
0.000000
0.000000
0.639646
0.000000
0.000000
0.000000
0.000000
0.000000
0.000000
0.000000
0.241854
0.282702
0.000000
0.000000
0.000000
0.000000
0.000000
0.000000
0.000000
0.000000
0.150258
0.000000
0.006370
0.000000
0.426378
0.000000
0.000000
0.000000
0.000000
0.000000
0.000000
0.000000
0.000000
0.000000
0.000000
0.000000
0.000000
0.000000
0.000000
0.000000
0.000000
0.000000
0.246303
0.000000
0.000000
0.000000
0.000000
0.000000
0.000000
0.000000
0.000000
0.081052
0.000000
0.000000
0.000000
0.000000
0.022670
0.000000
0.000000
0.000000
0.000000
0.621139
0.000000
0.000000
0.495828
0.000000
0.705993
0.000000
0.189247
0.000000
0.000000
0.156169
0.000000
0.000000
0.000000
0.000000
0.000000
0.000000
0.000000
0.000000
0.000000
0.000000
0.000000
0.000000
0.000000
0.000000
0.000000
0.000000
0.000000
0.000000
0.000000
0.000000
0.000000
0.000000
0.000000
0.000000
0.000000
0.000000
0.000000
0.000000
0.000000
0.000000
0.000000
0.000000
0.000000
0.000000
0.000000
0.000000
0.000000
0.000000
0.000000
0.031307
0.000000
0.052100
0.000000
0.000000
0.000000
0.000000
0.000000
0.000000
0.000000
0.000000
0.000000
0.000000
0.000000
0.417634
0.000000
0.000000
0.000000
0.000000
0.000000
0.000000
0.000000
0.000000
0.214297
0.000000
0.000000
0.172321
0.000000
0.000000
0.000000
0.000000
0.000000
0.000000
0.000000
0.000000
0.000000
0.000000
0.000000
0.000000
0.000000
0.000000
0.000000
0.000000
0.006036
0.000000
0.000000
0.000000
0.000000
0.000000
0.000000
0.000000
0.000000
0.262998
0.913698
0.000000
0.000000
0.121222
0.000000
0.000000
0.661139
0.000000
0.000000
0.000000
0.000000
0.000000
0.000000
0.000000
0.000000
0.032651
0.975460
0.000000
0.000000
0.172015
0.000000
0.000000
0.000000
0.000000
0.000000
0.000000
0.000000
0.000000
0.000000
0.000000
0.000000
0.000000
0.000000
0.000000
0.000000
0.000000
0.993666
0.000000
0.000000
0.000000
0.000000
0.000000
0.000000
0.000000
0.000000
0.000000
0.000000
0.000000
0.000000
0.000000
0.000000
0.000000
0.000000
0.000000
0.000000
0.000000
0.000000
0.000000
0.000000
0.000000
0.000000
0.000000
0.000000
0.220976
0.000000
0.001148
0.000000
0.425356
0.000000
0.000000
0.000000
0.000000
0.000000
0.000000
0.000000
0.000000
0.000000
0.000000
0.014224
0.000000
0.000000
0.000000
0.000000
0.000000
0.000000
0.000000
0.920586
0.000000
0.000000
0.000000
0.000000
0.000000
0.000000
0.538978
0.000000
0.000000
0.077339
0.000000
0.000000
0.000000
0.000000
0.000000
0.000000
0.000000
0.000000
0.000000
0.034354
0.000000
0.000000
0.000000
0.020273
0.387348
0.000000
0.000000
0.000000
0.000000
0.000000
0.000000
0.000000
0.000000
0.000000
0.000000
0.000000
0.000000
0.000000
0.000000
0.000000
0.000000
0.000000
0.000000
0.000000
0.013432
0.000000
0.000000
0.000000
0.000000
0.000000
0.000000
0.000000
0.000000
0.000000
0.000000
0.000000
0.000000
0.000000
0.000000
0.000000
0.206771
0.000000
0.000000
0.000000
0.000000
0.733810
0.000000
0.000000
0.000000
0.000000
0.000000
0.000000
0.000000
0.000000
0.000000
0.185335
0.000000
0.000000
0.000000
0.000000
0.000000
0.000000
0.000000
0.000000
0.000000
0.268119
0.000000
0.000000
0.145902
0.000000
0.000000
0.000000
0.000000
0.000094
0.000000
0.000000
0.000000
0.000000
0.000000
0.191019
0.000000
0.000000
0.000000
0.000000
0.000000
0.101964
0.078619
0.000000
0.000000
0.000000
0.000000
0.000000
0.000000
0.000000
0.000000
0.000000
0.000000
0.533572
0.000000
0.000000
0.000000
0.000000
0.000000
0.000000
0.000000
0.000000
0.000000
0.043452
0.000000
0.010307
0.000000
0.000000
0.000000
0.000000
0.000000
0.000000
0.000000
0.000000
0.000000
0.000000
0.000000
0.000000
0.000000
0.000000
0.000000
0.000000
0.000000
0.000000
0.044724
0.000000
0.000000
0.000000
0.000000
0.000000
0.000000
0.000000
0.635957
0.000000
0.000000
0.000000
0.000000
0.000000
0.000000
0.000000
0.000000
0.000000
0.000000
0.000000
0.000000
0.000000
0.000000
0.845339
0.000000
0.000000
0.000000
0.000000
0.000000
0.000000
0.151871
0.000000
0.494533
0.000000
0.000000
0.008030
0.000000
0.000000
0.000000
0.000000
0.000000
0.000000
0.000000
0.000000
0.000000
0.133961
0.000000
0.663807
0.000000
0.000000
0.000000
0.000000
0.000000
0.002070
0.000000
0.000000
0.000000
0.000000
0.000000
0.000000
0.000000
0.000000
0.000000
0.000000
0.000000
0.428719
0.338982
0.000000
0.000000
0.000000
0.673660
0.000000
0.000000
0.000000
0.000000
0.000000
0.000000
0.000000
0.000000
0.000000
0.000000
0.034777
0.000000
0.000000
0.000000
0.000000
0.231690
0.000000
0.000000
0.000000
0.048007
0.000000
0.000000
0.000000
0.000000
0.000000
0.213898
0.000000
0.000000
0.000000
0.000000
0.000000
0.000000
0.000000
0.000000
0.000000
0.000000
0.000000
0.000000
0.000000
0.000000
0.000000
0.000000
0.000000
0.000000
0.000000
0.000000
0.000000
0.000000
0.000000
0.000000
0.000000
0.324991
0.000000
0.000000
0.000000
0.265865
0.000000
0.000000
0.000000
0.000000
0.000000
0.000000
0.179308
0.000000
0.000000
0.364824
0.000000
0.000000
0.000000
0.000000
0.069658
0.000000
0.000000
0.000000
0.000000
0.160891
0.000000
0.000000
0.000000
0.000000
0.000000
0.000000
0.000000
0.000000
0.000000
0.000000
0.000000
0.000000
0.000000
0.000000
0.000000
0.000000
0.000000
0.000000
0.000000
0.000000
0.630731
0.000000
0.000000
0.000000
0.000000
0.000000
0.000000
0.000000
0.000000
0.000000
0.000000
0.000000
0.000000
0.000000
0.000000
0.000000
0.000000
0.000000
0.000000
0.000000
0.000000
0.000000
0.000000
0.000000
0.000000
0.000000
0.000000
0.000000
0.000000
0.000000
0.000000
0.000000
0.000000
0.000000
0.000000
0.000000
0.000000
0.000000
0.000000
0.000000
0.000000
0.000000
0.000000
0.000000
0.000000
0.015951
0.000000
0.101858
0.000000
0.000000
0.000000
0.000000
0.093721
0.000000
0.000000
0.000000
0.000000
0.000000
0.000000
0.000000
0.000000
0.000000
0.000000
0.000000
0.000000
0.000000
0.000000
0.000000
0.000000
0.000000
0.000000
0.010871
0.000000
0.000000
0.000000
0.000000
0.000000
0.000000
0.000000
0.000000
0.000000
0.000000
0.145138
0.000000
0.000000
0.000000
0.000000
0.173891
0.000000
0.000000
0.000000
0.000000
0.000000
0.000000
0.000000
0.000000
0.000000
0.000000
0.629456
0.000000
0.000000
0.000000
0.000000
0.000000
0.000000
0.000000
0.000000
0.000000
0.000000
0.954888
0.000000
0.000000
0.000000
0.003591
0.000000
0.000000
0.000000
0.000000
0.000000
0.000000
0.000000
0.000000
0.000000
0.000000
0.000000
0.000000
0.000000
0.299878
0.296553
0.000000
0.000000
0.000000
0.000000
0.000000
0.000000
0.000000
0.000000
0.000000
0.486058
0.000000
0.000000
0.000000
0.000000
0.000000
0.000000
0.000000
0.018405
0.066400
0.000000
0.000000
0.000000
0.000000
0.000000
0.000000
0.000000
0.000000
0.000000
0.000000
0.000000
0.000000
0.000000
0.000000
0.000000
0.000000
0.000000
0.000000
0.000000
0.017771
0.000000
0.000000
0.000000
0.000000
0.270679
0.000000
0.000000
0.000000
0.000000
0.000000
0.000000
0.000000
0.000000
0.000000
0.000000
0.000000
0.000000
0.000000
0.000000
0.000124
0.000000
0.000000
0.000000
0.000000
0.958028
0.000000
0.000000
0.000000
0.000000
0.000000
0.000000
0.000000
0.000000
0.000000
0.000000
0.000000
0.000000
0.000000
0.000000
0.000000
0.000000
0.000000
0.000000
0.057531
0.143075
0.000000
0.000000
0.000000
0.000000
0.000000
0.000000
0.000000
0.000000
0.000000
0.000000
0.000000
0.000000
0.000000
0.000000
0.621448
0.000000
0.000000
0.000000
0.000000
0.000000
0.000000
0.000000
0.000000
0.000000
0.000000
0.000000
0.000000
0.000000
0.000000
0.000000
0.000000
0.000000
0.000000
0.000000
0.000000
0.331866
0.000000
0.000000
0.000000
0.000000
0.000000
0.000000
0.000000
0.000000
0.000000
0.000000
0.549391
0.000000
0.000000
0.000000
0.000000
0.000000
0.999563
0.000000
0.000000
0.000000
0.000000
0.000000
0.000000
0.000000
0.982115
0.000000
0.000000
0.000000
0.000000
0.000000
0.000000
0.782827
0.000000
0.345977
0.837346
0.000000
0.000000
0.060065
0.259364
0.000000
0.000000
0.000000
0.000000
0.000000
0.000000
0.000000
0.000000
0.000000
0.000000
0.000000
0.000000
0.000000
0.000000
0.000000
0.000000
0.000000
0.000000
0.000000
0.000000
0.000000
0.000000
0.000000
0.000000
0.000000
0.000000
0.000000
0.000000
0.000000
0.000000
0.148146
0.000000
0.000000
0.000000
0.000000
0.000000
0.000000
0.000000
0.000000
0.054174
0.000000
0.000000
0.000000
0.000000
0.000000
0.000000
0.000000
0.000000
0.000000
0.264432
0.000000
0.000000
0.100312
0.000000
0.000000
0.000000
0.000000
0.000000
0.142189
0.000000
0.000000
0.000000
0.000000
0.000000
0.000000
0.000000
0.000000
0.003205
0.000000
0.000000
0.000000
0.000000
0.000000
0.052574
0.439388
0.000000
0.000000
0.438094
0.000000
0.000000
0.000000
0.000000
0.000000
0.015783
0.000000
0.000000
0.000000
0.000000
0.000000
0.000000
0.000000
0.000000
0.014564
0.000000
0.359422
0.000000
0.000000
0.000000
0.105757
0.000000
0.000000
0.000000
0.000000
0.000000
0.000000
0.000000
0.000000
0.000000
0.000000
0.000000
0.000000
0.000000
0.039150
0.000000
0.000000
0.000000
0.000000
0.000000
0.000000
0.000000
0.000000
0.000000
0.000000
0.000000
0.000000
0.903173
0.011742
0.000000
0.000000
0.000000
0.167788
0.000000
0.000000
0.000000
0.000000
0.000000
0.000000
0.000000
0.000000
0.000000
0.000000
0.000000
0.000000
0.303471
0.083568
0.000000
0.000000
0.077193
0.000000
0.190217
0.000000
0.000000
0.000000
0.000000
0.000000
0.000000
0.000000
0.999999
0.000000
0.150889
0.014764
0.000000
0.000000
0.000000
0.000000
0.000000
0.000000
0.000000
0.000000
0.000000
0.000000
0.000000
0.000000
0.000000
0.000000
0.000000
0.000000
0.000000
0.000000
0.000000
0.000000
0.000000
0.000000
0.184281
0.000000
0.000000
0.000000
0.000000
0.000000
0.000000
0.000000
0.000000
0.000000
0.695503
0.000000
0.000000
0.000000
0.000000
0.000000
0.102374
0.156201
0.000000
0.106068
0.000000
0.000000
0.000000
0.000000
0.000000
0.000000
0.000000
0.000000
0.000000
0.000000
0.000000
0.000000
0.000000
0.309342
0.000000
0.000000
0.000000
0.000000
0.000000
0.050741
0.000000
0.000000
0.000000
0.000000
0.000000
0.000000
0.026950
0.000000
0.000000
0.000000
0.000000
0.000000
0.000000
0.000000
0.000000
0.000000
0.000000
0.000000
0.000000
0.000000
0.000000
0.000000
0.000000
0.000000
0.000000
0.000000
0.000041
0.000000
0.000000
0.000000
0.000000
0.015163
0.000000
0.000000
0.000000
0.000000
0.000000
0.000000
0.000000
0.000000
0.000000
0.000000
0.000000
0.000000
0.000000
0.000000
0.000000
0.258852
0.000000
0.000000
0.177544
0.000000
0.119418
0.000000
0.000000
0.000000
0.000000
0.941548
0.000000
0.000000
0.000000
0.000000
0.000000
0.000000
0.000000
0.000000
0.000000
0.000000
0.202017
0.000000
0.000000
0.177811
0.000000
0.000000
0.000000
0.000000
0.000000
0.000000
0.000000
0.215783
0.000000
0.000000
0.000000
0.000000
0.000000
0.000000
0.229468
0.000000
0.080579
0.000000
0.000000
0.000000
0.000000
0.000000
0.000000
0.000000
0.000000
0.000000
0.000000
0.000000
0.000000
0.000000
0.000000
0.000000
0.000000
0.000000
0.093580
0.000000
0.000000
0.000000
0.000000
0.000000
0.000000
0.000000
0.000000
0.000000
0.331467
0.466683
0.000000
0.000000
0.000000
0.000000
0.000000
0.000000
0.000000
0.000000
0.000000
0.000000
0.000000
0.999999
0.000000
0.000000
0.000000
0.000000
0.000000
0.000000
0.000000
0.000000
0.000000
0.000000
0.000000
0.000000
0.000000
0.000000
0.000000
0.000000
0.000000
0.000000
0.000000
0.000000
0.000000
0.000000
0.000000
0.000000
0.000000
0.000000
0.000000
0.000000
0.000000
0.000000
0.013982
0.000000
0.000000
0.000000
0.000000
0.000000
0.000000
0.000000
0.000000
0.000000
0.974282
0.000000
0.000000
0.000000
0.000000
0.000000
0.000000
0.000000
0.000000
0.000000
0.000000
0.206809
0.000000
0.038309
0.000000
0.000000
0.000000
0.926550
0.000000
0.000000
0.000000
0.000000
0.000000
0.000000
0.000000
0.000000
0.000000
0.000000
0.000000
0.000000
0.000000
0.000000
0.000000
0.000000
0.000000
0.000000
0.000000
0.000000
0.000000
0.339973
0.000000
0.000000
0.000000
0.000000
0.000000
0.000000
0.000000
0.000000
0.000000
0.102660
0.000000
0.000000
0.000000
0.000000
0.000000
0.000000
0.000000
0.000000
0.000000
0.000000
0.240528
0.000000
0.000000
0.000000
0.000000
0.000000
0.000000
0.000000
0.000000
0.000000
0.000000
0.000000
0.000000
0.555651
0.000000
0.000000
0.000000
0.000000
0.000000
0.000000
0.000000
0.000000
0.000000
0.000000
0.000000
0.000000
0.000000
0.000000
0.497280
0.000000
0.000000
0.000000
0.000000
0.000000
0.115644
0.000000
0.000000
0.000000
0.000000
0.017956
0.000000
0.000000
0.000000
0.000000
0.000000
0.000000
0.000000
0.000000
0.000000
0.000000
0.000000
0.000000
0.000000
0.000000
0.000000
0.000000
0.050214
0.010710
0.516956
0.000000
0.000000
0.000000
0.000000
0.000000
0.000000
0.000000
0.000000
0.913415
0.000000
0.000000
0.000000
0.000000
0.000000
0.000000
0.000000
0.000000
0.000000
0.000000
0.000000
0.000000
0.000000
0.000000
0.000000
0.000000
0.000000
0.000000
0.361330
0.181467
0.000000
0.000000
0.000000
0.000000
0.000000
0.880527
0.000000
0.000000
0.000000
0.000000
0.282075
0.000000
0.283204
0.000000
0.000000
0.000000
0.000000
0.000000
0.000000
0.000000
0.797642
0.000000
0.000000
0.000000
0.126847
0.000000
0.000000
0.266200
0.000000
0.000000
0.000000
0.000000
0.000000
0.000000
0.000000
0.000000
0.000000
0.000000
0.000000
0.000000
0.000000
0.000000
0.000000
0.000000
0.000000
0.000000
0.000000
0.000000
0.000000
0.000000
0.000000
0.000000
0.000000
0.000000
0.000000
0.000000
0.192842
0.000000
0.000000
0.000000
0.000000
0.000000
0.000000
0.000000
0.000000
0.000000
0.000000
0.000000
0.000000
0.000000
0.000000
0.000000
0.000000
0.000000
0.000000
0.000000
0.000000
0.000000
0.044374
0.000000
0.000000
0.000000
0.000000
0.000000
0.000000
0.000000
0.000000
0.000000
0.000000
0.000000
0.000000
0.000000
0.126401
0.000000
0.000000
0.000000
0.815098
0.000000
0.000000
0.000000
0.000000
0.000000
0.000000
0.000000
0.000000
0.000000
0.000000
0.000000
0.000000
0.000000
0.090022
0.000000
0.000000
0.000000
0.000000
0.000000
0.000000
0.000000
0.000000
0.000000
0.000000
0.000000
0.000000
0.990859
0.000000
0.000000
0.357435
0.000000
0.000000
0.000000
0.000000
0.212269
0.000000
0.000000
0.000000
0.000000
0.000000
0.107479
0.002736
0.000000
0.000000
0.000000
0.000000
0.000000
0.000000
0.000000
0.000000
0.000000
0.760866
0.000000
0.000000
0.000000
0.725472
0.000000
0.000000
0.000000
0.000000
0.000000
0.000000
0.000000
0.000000
0.000000
0.000000
0.000000
0.000000
0.000000
0.000000
0.357791
0.590842
0.000000
0.000000
0.000000
0.000000
0.000000
0.000000
0.077372
0.000000
0.000457
0.000000
0.000000
0.338383
0.000000
0.000000
0.000000
0.046238
0.000000
0.000000
0.000000
0.000000
0.000000
0.000000
0.000000
0.000000
0.000000
0.000000
0.000000
0.000000
0.000000
0.000000
0.000000
0.000000
0.000000
0.000000
0.000000
0.593270
0.000000
0.000000
0.000000
0.000000
0.000000
0.187808
0.000000
0.047750
0.000000
0.000000
0.000000
0.000000
0.000000
0.000000
0.000000
0.000000
0.000000
0.000000
0.000000
0.000000
0.000000
0.000000
0.000000
0.000000
0.000000
0.000000
0.015804
0.000000
0.000000
0.846154
0.000000
0.000000
0.000000
0.000000
0.000000
0.000000
0.000000
0.000000
0.000000
0.000000
0.000000
0.000000
0.000000
0.000000
0.000000
0.000000
0.000000
0.000000
0.000000
0.000000
0.000000
0.336674
0.000000
0.000000
0.313517
0.000000
0.000000
0.000000
0.000000
0.000000
0.000000
0.000000
0.026243
0.000000
0.000000
0.338066
0.000000
0.000000
0.780868
0.000000
0.549535
0.000000
0.000000
0.288342
0.161615
0.000000
0.000000
0.000000
0.000000
0.000000
0.000000
0.000000
0.000000
0.000000
0.000000
0.000000
0.000000
0.000000
0.000000
0.008110
0.000000
0.000000
0.000000
0.000000
0.000000
0.000000
0.000000
0.000000
0.000000
0.000000
0.000000
0.000000
0.614026
0.228743
0.000000
0.000000
0.000000
0.000000
0.043334
0.000000
0.021016
0.000000
0.000000
0.000000
0.000000
0.760394
0.089614
0.000000
0.000000
0.000000
0.089476
0.000000
0.000000
0.000000
0.000000
0.000000
0.000000
0.000000
0.000000
0.404135
0.000000
0.000000
0.000000
0.000000
0.000000
0.000000
0.000000
0.000000
0.000000
0.000000
0.000000
0.000000
0.000000
0.000000
0.127173
0.000000
0.000000
0.000000
0.000000
0.247044
0.000000
0.000000
0.000000
0.207675
0.000000
0.000000
0.000000
0.117809
0.000000
0.997657
0.000000
0.000000
0.446450
0.000000
0.000000
0.000000
0.000000
0.000000
0.710883
0.000000
0.000000
0.000000
0.006814
0.000000
0.000000
0.000000
0.000000
0.000000
1.000000
0.000000
0.000000
0.000000
0.002398
0.000000
0.000000
0.042280
0.036094
0.000000
0.000000
0.000000
0.000000
0.000000
0.000000
0.000000
0.028336
0.000000
0.000000
0.000000
0.000000
0.000000
0.000000
0.000000
0.000000
0.000000
0.000000
0.000000
0.000000
0.048820
0.000000
0.000000
0.000000
0.000000
0.000000
0.000000
0.000000
0.000000
0.000000
0.000000
0.000000
0.000000
0.000000
0.000000
0.000000
0.000000
0.000000
0.000000
0.000000
0.000000
0.161336
0.000000
0.000000
0.047977
0.072692
0.000000
0.000000
0.000000
0.000000
0.988480
0.000000
0.009521
0.000000
0.000000
0.000000
0.000000
0.000000
0.000000
0.000000
0.000000
0.000000
0.000000
0.000000
0.944757
0.000000
0.000000
0.000000
0.000000
0.153504
0.000000
0.000000
0.000000
0.000000
0.000000
0.000000
0.000000
0.000000
0.000000
0.000000
0.000000
0.013699
0.000000
0.000321
0.000000
0.000000
0.000000
0.000000
0.000000
0.000000
0.000000
0.000000
0.000000
0.000000
0.000000
0.000000
0.000000
0.000000
0.831461
0.650021
0.000000
0.000000
0.118006
0.000000
0.000000
0.031969
0.763266
0.000000
0.000000
0.000000
0.000000
0.000000
0.000000
0.000000
0.147255
0.000000
0.000000
0.000000
0.000000
0.000000
0.000000
0.000000
0.000000
0.000000
0.000000
0.000000
0.000000
0.127180
0.000000
0.000000
0.000000
0.000000
0.135118
0.000000
0.000000
0.000000
0.000000
0.000000
0.000000
0.000000
0.000000
0.000000
0.000000
0.077550
0.000000
0.468468
0.000000
0.000000
0.000000
0.000000
0.000000
0.000000
0.000000
0.000000
0.000000
0.000000
0.000000
0.000000
0.000000
0.000000
0.000000
0.312262
0.000000
0.000000
0.000000
0.000000
0.000000
0.925736
0.000000
0.000000
0.000000
0.000000
0.000000
0.000000
0.000000
0.000000
0.000000
0.000000
0.000000
0.000000
0.000000
0.000000
0.151292
0.000000
0.000000
0.000000
0.000000
0.000000
0.000000
0.000000
0.000000
0.040404
0.000000
0.000000
0.065322
1.000000
0.000000
0.000000
0.000000
0.000000
0.000000
0.087507
0.000000
0.000000
0.000000
0.000000
0.000000
0.000000
0.000000
0.000000
0.000000
0.000000
0.000000
0.000000
0.000000
0.000000
0.000000
0.000000
0.000000
0.000000
0.000000
0.000000
0.000000
0.000000
0.000000
1.000000
0.000000
0.000000
0.520844
0.000000
0.000000
0.000000
0.000000
0.327552
0.000000
0.000000
0.000000
0.000000
0.000000
0.000000
0.000000
0.000000
0.000000
0.000000
0.000000
0.000000
0.000000
0.000000
0.000000
0.000000
0.000000
0.000000
0.000000
0.000000
0.089518
0.000000
0.000000
0.000000
0.000000
0.000000
0.000000
0.000000
0.000000
0.000000
0.698663
0.000000
0.000000
0.175561
0.000000
0.000000
0.000000
0.000000
0.000000
0.000000
0.000000
0.000000
0.000000
0.000000
0.000000
0.041810
0.000000
0.313061
0.000000
0.000000
0.000000
0.000000
0.000000
0.000000
0.000000
0.000000
0.000000
0.000000
0.000000
0.000000
0.000000
0.000000
0.000000
0.000000
0.000000
0.000000
0.000000
0.000000
0.000000
0.000000
0.000000
0.000000
0.000000
0.000000
0.000000
0.000000
0.000000
0.000000
0.000000
0.307697
0.662634
0.000000
0.245408
0.000000
0.986264
0.000000
0.000000
0.000000
0.000000
0.595129
0.000000
0.000000
0.000000
0.000000
0.000000
0.000000
0.000000
0.000000
0.000000
0.000000
0.993778
0.000000
0.000000
0.991782
0.000000
0.000000
0.000000
0.187020
0.000000
0.000000
0.992751
0.000000
0.000000
0.000000
0.000000
0.000000
0.000000
0.000000
0.060400
0.000000
0.000000
0.000000
0.000000
0.000000
0.000000
0.000000
0.000000
0.832017
0.000000
0.000000
0.000000
0.000000
0.000000
0.000000
0.000000
0.000000
0.000000
0.000000
0.000000
0.880808
0.000000
0.000000
0.000000
0.000000
0.000000
0.000000
0.004529
0.000000
0.000000
0.000000
0.000000
0.080640
0.000000
0.000000
0.256620
0.152761
0.000000
0.042813
0.000000
0.000000
0.000000
0.000000
0.011868
0.000000
0.000000
0.000000
0.197611
0.000000
0.000000
0.000000
0.000000
0.000000
0.000000
0.000000
0.000000
0.000000
0.000000
0.000000
0.000000
0.000000
0.000000
0.000000
0.000000
0.433412
0.265015
0.000000
0.000000
0.000000
0.000000
0.000000
0.000000
0.000000
0.000000
0.188046
0.000000
0.000000
0.082291
0.000000
0.000000
0.000000
0.377066
0.000000
0.000000
0.000000
0.000000
0.000000
0.000000
0.000000
0.254414
0.000000
0.000000
0.000000
0.000000
0.000000
0.000000
0.000000
0.000000
0.332876
0.000000
0.000000
0.518789
0.000000
0.000000
0.000000
0.000000
0.882503
0.000000
0.000000
0.000000
0.000000
0.000000
0.000000
0.000000
0.000000
0.000000
0.000000
0.000000
0.000000
0.000000
0.000000
0.000000
0.000000
0.000000
0.000000
0.000000
0.000000
0.000000
0.000000
0.082305
0.000000
0.000000
0.000000
0.000000
0.000000
0.000000
0.000000
0.000000
0.000000
0.000000
0.000000
0.000000
0.000000
0.000000
0.539293
0.000000
0.000000
0.000000
0.265066
0.000000
0.000000
0.000000
0.000000
0.000000
0.000000
0.000000
0.000000
0.803951
0.000000
0.000000
0.269743
0.000000
0.000000
0.000000
0.000000
0.000000
0.000000
0.000000
0.000000
0.000000
0.102185
0.000000
0.000000
0.000000
0.000000
0.000000
0.000000
0.000000
0.000000
0.000000
0.000000
0.378693
0.000000
0.000000
0.000000
0.000000
0.000000
0.149926
0.000000
0.000000
0.000000
0.000000
0.000000
0.000000
0.000000
0.000000
0.000000
0.000000
0.130674
0.000000
0.000000
0.000000
0.000000
0.072902
0.000000
0.000000
0.000000
0.000000
0.000000
0.000000
0.000000
0.000000
0.000000
0.000000
0.000000
0.000000
0.000000
0.000000
0.000000
0.843776
0.000000
0.000000
0.000000
0.000000
0.000000
0.000000
0.000000
0.000000
0.000000
0.000000
0.000000
0.000000
0.000000
0.000000
0.000000
0.000000
0.000000
0.000000
0.000000
0.000000
0.000000
0.000000
0.000000
0.000000
0.000000
0.000000
0.000000
0.000000
0.000000
0.000000
0.000000
0.000000
0.000000
0.000000
0.000000
0.000000
0.339803
0.000000
0.000000
0.000000
0.000000
0.000000
0.000000
0.008923
0.000000
0.000000
0.000000
0.000000
0.000000
0.009710
0.000000
0.000000
0.000000
0.000000
0.000000
0.000000
0.001949
0.000000
0.000000
0.000000
0.000000
0.791652
0.000000
0.000000
0.017979
0.000000
0.000000
0.000000
0.000000
0.000000
0.000000
0.000000
0.000000
0.000000
0.000000
0.000000
0.000000
0.000000
0.000000
0.000000
0.000000
0.216341
0.000000
0.118687
0.000000
0.085303
0.000000
0.000000
0.000000
0.000000
0.000000
0.000000
0.000000
0.000000
0.000000
0.000000
0.000000
0.000000
0.000000
0.000000
0.000000
0.000000
0.000000
0.402618
0.000000
0.000000
0.000000
0.000000
0.004574
0.000000
0.000000
0.002045
0.000000
0.177508
0.000000
0.000000
0.000000
0.000000
0.000000
0.072377
0.000000
0.000000
0.154269
0.000000
0.045853
0.000000
0.064172
0.000000
0.000000
0.000000
0.000000
0.000000
0.000000
0.000000
0.000000
0.000000
0.000000
0.315037
0.000000
0.000000
0.000000
0.003566
0.000000
0.000021
0.000000
0.000000
0.000000
0.000000
0.000000
0.000000
0.000000
0.000000
0.000000
0.000000
0.000000
0.000000
0.000019
0.000000
0.000000
0.000000
0.000000
0.000000
0.000000
0.000000
0.000000
0.000000
0.000000
0.000000
0.000000
0.000000
0.205782
0.000000
0.000000
0.000000
0.000000
0.244102
0.000000
0.006912
0.000000
0.000000
0.000000
0.353790
0.000000
0.000000
0.070225
0.029790
0.000000
0.000000
0.000000
0.000000
0.000000
0.000000
0.000000
0.000000
0.000000
0.328070
0.000000
0.174634
0.000000
0.000000
0.000000
0.000000
0.000000
0.124419
0.000000
0.000000
0.000000
0.000000
0.000000
0.000000
0.000000
0.000000
0.000000
0.000000
0.000000
0.000000
0.000000
0.000000
0.000000
0.000000
0.869951
0.000000
0.212021
0.725927
0.000060
0.000000
0.000000
0.000000
0.000000
0.000000
0.000000
0.000000
0.440594
0.000000
0.312010
0.000000
0.186737
0.000000
0.000000
0.000000
0.000667
0.000000
0.000000
0.000000
0.275241
0.000000
0.000000
0.000000
0.000000
0.000000
0.000000
0.000000
0.000000
0.000000
0.000000
0.000000
0.000000
0.322537
0.000000
0.000000
0.000000
0.000000
0.000000
0.000000
0.000000
0.000000
0.515818
0.000000
0.000000
0.000000
0.002635
0.000000
0.000000
0.000000
0.000000
0.000000
0.000000
0.000000
0.032043
0.000000
0.000000
0.000000
0.995915
0.000000
0.000000
0.025866
0.204294
0.000000
0.000000
0.215931
0.000000
0.895164
0.000000
0.000000
0.000000
0.000000
0.000000
0.000000
0.000000
0.000000
0.000000
0.000000
0.000000
0.000000
0.000000
0.000000
0.000000
0.649630
0.000000
0.000000
0.000000
0.000000
0.000000
0.000000
0.000000
0.999996
0.000000
0.525732
0.000000
0.000000
0.000000
0.000000
0.000000
0.000000
0.000000
0.000000
0.000000
0.000000
0.000000
0.026065
0.000000
0.000000
0.023799
0.000000
0.000000
0.000000
0.000000
0.000000
0.000000
0.460861
0.000000
0.184065
0.000000
0.000000
0.000000
0.000000
0.158838
0.000000
0.043011
0.000000
0.000000
0.000000
0.000000
0.000000
0.022772
0.000000
0.000000
0.000000
0.000000
0.000000
0.000000
0.000000
0.000000
0.000000
0.000000
0.000000
0.000000
0.000000
0.000000
0.074959
0.000145
0.000000
0.000000
0.000000
0.000000
0.000000
0.000000
0.000000
0.000000
0.000000
0.000000
0.063380
0.000000
0.036788
0.000000
0.000000
0.000000
0.000000
0.000000
0.000000
0.000000
0.013900
0.000000
0.936239
0.000000
0.000000
0.000000
0.000000
0.000000
0.000000
0.000000
0.000000
0.000000
0.000000
0.000000
0.000000
0.000000
0.114266
0.000000
0.000000
0.000000
0.000000
0.046899
0.000000
0.000000
0.000000
0.000000
0.000000
0.004880
0.000000
0.000000
0.000000
0.000000
0.000000
0.000000
0.000000
0.000000
0.000000
0.000000
0.000000
0.000000
0.000000
0.000000
0.000000
0.000000
0.000000
0.000000
0.020584
0.178940
0.000000
0.000000
0.000000
0.000000
0.000000
0.000000
0.992878
0.000000
0.000000
0.000000
0.000000
0.000000
0.000000
0.000000
0.000000
0.000000
0.000000
0.960101
0.000000
0.000000
0.000000
0.000000
0.000000
0.000000
0.000000
0.000000
0.000000
0.000000
0.000000
0.000000
0.242152
0.000000
0.000000
0.000000
0.000000
0.807050
0.000000
0.000000
0.000000
0.643682
0.000000
0.000000
0.000000
0.000000
0.000000
0.000000
0.000000
0.603198
0.000000
0.000000
0.000000
0.000000
0.000000
0.000000
0.010498
0.000000
0.000000
0.000000
0.000000
0.000000
0.000000
0.000000
0.000000
0.000000
0.000000
0.000000
0.000000
0.000000
0.000000
0.000000
0.000000
0.000000
0.148190
0.000000
0.000000
0.000000
0.234911
0.000000
0.000000
0.000000
0.000000
0.401926
0.017890
0.000000
0.000000
0.000000
0.000000
0.000000
0.000000
0.000000
0.000000
0.000000
0.000000
0.000000
0.000000
0.000000
0.000000
0.000000
0.153600
0.000000
0.000000
0.000000
0.000000
0.000000
0.000000
0.211867
0.000000
0.000000
0.000000
0.000000
0.000000
0.000000
0.000000
0.000000
0.000000
0.000000
0.000000
0.000000
0.000000
0.000000
0.000000
0.000000
0.000000
0.000000
0.000000
0.000000
0.000000
0.197145
0.000000
0.772833
0.000000
0.000000
0.000000
0.125887
0.000000
0.215461
0.000000
0.084898
0.000000
0.000000
0.000000
0.000000
0.000000
0.000000
0.000000
0.000000
0.000000
0.000000
0.000000
0.000000
0.000000
0.000000
0.000000
0.000000
0.000000
0.278638
0.334173
0.000000
0.000000
0.000000
0.000000
0.000000
0.000000
0.000000
0.000000
0.000000
0.000000
0.000000
0.137293
0.000000
0.000000
0.000000
0.000000
0.000000
0.000000
0.103443
0.000000
0.000000
0.000000
0.000000
0.000000
0.000000
0.000000
0.000000
0.000000
0.000000
0.000000
0.000000
0.000000
0.000000
0.000000
0.000000
0.000000
0.000000
0.000000
0.000000
0.178034
0.000000
0.000000
0.000000
0.000000
0.000000
0.000000
0.000000
0.000000
0.026788
0.000000
0.541386
0.000000
0.000000
0.000000
0.096099
0.000000
0.000000
0.000000
0.000000
0.000342
0.000000
0.000000
0.000000
0.000000
0.000000
0.000000
0.537257
0.000000
0.000000
0.604766
0.000000
0.021352
0.000000
0.000000
0.000000
0.000000
0.000000
0.157987
0.675825
0.090268
0.000000
0.000000
0.000000
0.000000
0.000000
0.000000
0.000000
0.074548
0.000000
0.000000
0.000000
0.000000
0.000000
0.000000
0.000000
0.000000
0.000000
0.110111
0.000000
0.000000
0.000000
0.000000
0.000000
0.916521
0.000000
0.000000
0.000000
0.000000
0.000000
0.000000
0.000000
0.000000
0.000000
0.000000
0.000000
0.000000
0.000000
0.000000
0.665029
0.000000
0.000000
0.204757
0.000000
0.158574
0.000000
0.000000
0.000000
0.000000
0.526336
0.000000
0.000000
0.006451
0.000000
0.000000
0.000000
0.000000
0.000000
0.000000
0.329340
0.000000
0.000000
0.000000
0.051687
0.000000
0.000000
0.000000
0.000000
0.000000
0.000000
0.000000
0.000000
0.650744
0.000000
0.300170
0.000000
0.000000
0.000000
0.000000
0.000000
0.000000
0.000000
0.000000
0.727692
0.000000
0.000000
0.134334
0.000000
0.000000
0.000000
0.000000
0.000000
0.000000
0.000000
0.000000
0.000000
0.000000
0.000000
0.000000
0.000000
0.000000
0.000000
0.000000
0.000000
0.000000
0.000000
0.000000
0.000000
0.000000
0.000000
0.000000
0.000000
0.000000
0.000000
0.000000
0.000000
0.000000
0.000000
0.000000
0.000000
0.000000
0.434365
0.000000
0.000000
0.000000
0.000000
0.000000
0.000000
0.000000
0.000000
0.005234
0.000000
0.000000
0.000000
0.000000
0.000000
0.000000
0.000000
0.000000
0.000000
0.000000
0.000000
0.000000
0.000000
0.000000
0.000000
0.000000
0.000000
0.000000
0.000000
0.000000
0.000000
0.000000
0.000000
0.000000
0.000000
0.000000
0.000000
0.000000
0.000000
0.000000
0.000000
0.000000
0.000000
0.000000
0.000000
0.000000
0.000000
0.000000
0.000000
0.069365
0.000000
0.000000
0.000000
0.000000
0.000000
0.000000
0.000000
0.081760
0.000000
0.000000
0.000000
0.069248
0.000000
0.000000
0.000000
0.000000
0.145730
0.000000
0.000000
0.000000
0.000000
0.000000
0.561491
0.000000
0.000000
0.000000
0.000000
0.000000
0.000000
0.042984
0.000000
0.000000
0.000000
0.000000
0.688356
0.000000
0.000000
0.000000
0.000000
0.000000
0.000000
0.000000
0.000000
0.000000
0.000000
0.000000
0.000000
0.000010
0.000000
0.000121
0.000000
0.000000
0.000000
0.000000
0.000000
0.000000
0.000000
0.000000
0.000000
0.000000
0.000000
0.000000
0.000000
0.000000
0.000000
0.000000
0.000000
0.000000
0.000000
0.000000
0.000000
0.520085
0.000000
0.000000
0.000000
0.000000
0.086601
0.000000
0.000000
0.000000
0.000000
0.000000
0.000000
0.000000
0.000000
0.000000
0.000000
0.000000
0.000000
0.000000
0.000000
0.000000
0.000000
0.000000
0.000751
0.000000
0.000000
0.000000
0.000000
0.000000
0.000059
0.000000
0.000000
0.000000
0.000000
0.000000
0.000000
0.000000
0.000000
0.000000
0.000000
0.846821
0.407844
0.000000
0.000000
0.000000
0.000000
0.000000
0.000000
0.000000
0.000000
0.000000
0.000000
0.000000
0.000000
0.000000
0.000000
0.000000
0.012194
0.000000
0.000000
0.000000
0.000000
0.000000
0.000000
0.000000
0.000000
0.174681
0.000000
0.953053
0.000000
0.000000
0.000000
0.000000
0.000000
0.000000
0.231626
0.000000
0.000000
0.085195
0.000000
0.000000
0.000000
0.003975
0.000000
0.000000
0.000000
0.000000
0.000000
0.000000
0.000000
0.000000
0.000000
0.000000
0.122349
0.000000
0.053844
0.000000
0.000000
0.000000
0.000000
0.224523
0.000000
0.000000
0.000000
0.000000
0.000000
0.000000
0.107036
0.000000
0.000000
0.000000
0.000000
0.000000
0.000000
0.000000
0.000000
0.000000
0.000000
0.000000
0.039377
0.000000
0.000000
0.002920
0.000000
0.000000
0.000000
0.000000
0.000746
0.000000
0.000000
0.000000
0.000000
0.779330
0.000000
0.958306
0.000000
0.000000
0.000000
0.000000
0.000000
0.000000
0.000000
0.000000
0.000000
0.000000
0.000000
0.000000
0.000000
0.000000
0.000000
0.000000
0.006562
0.000000
0.000000
0.000000
0.000000
0.071805
0.000000
0.000000
0.000000
0.058544
0.000000
0.000000
0.000000
0.000000
0.000000
0.000000
0.000000
0.000000
0.000000
0.000000
0.000000
0.047597
0.000000
0.001096
0.000000
0.000000
0.000000
0.000000
0.000000
0.000000
0.000000
0.000000
0.000000
0.000000
0.000000
0.876633
0.000000
0.000000
0.000000
0.000000
0.000000
0.141857
0.000000
0.000000
0.742233
0.000000
0.000000
0.000000
0.000000
0.172542
0.000000
0.117021
0.000000
0.000000
0.002293
0.000000
0.000000
0.497459
0.000000
0.000000
0.000000
0.000000
0.000000
0.000000
0.000000
0.000000
0.037385
0.000000
0.000000
0.000000
0.000000
0.000000
0.000000
0.000000
0.000000
0.000000
0.000000
0.000000
0.000000
0.000000
0.000000
0.000000
0.022929
0.000000
0.000000
0.000000
0.000000
0.000000
0.000000
0.000000
0.002027
0.000000
0.000000
0.000000
0.000000
0.125184
0.000000
0.000000
0.000000
0.000000
0.000000
0.000000
0.000000
0.000000
0.000000
0.000000
0.000000
0.000000
0.034426
0.153184
0.000000
0.000000
0.000000
0.000000
0.000000
0.346224
0.888731
0.000000
0.000000
0.000000
0.000000
0.000000
0.000000
0.227430
0.000067
0.000000
0.000000
0.000000
0.000000
0.000000
0.000000
0.007111
0.000000
0.000000
0.000000
0.000000
0.000000
0.000000
0.392896
0.000000
0.041960
0.000000
0.000000
0.000000
0.000000
0.011155
0.000000
0.000000
0.189572
0.767381
0.000000
0.981196
0.000000
0.000000
0.014161
0.062989
0.000000
0.000000
0.000000
0.000000
0.000000
0.335213
0.000000
0.100976
0.000000
0.000000
0.000000
0.000000
0.000000
0.000000
0.000000
0.000000
0.000000
0.000000
0.000000
0.000000
0.007155
0.000000
0.000000
0.000000
0.000000
0.000000
0.000000
0.087516
0.000000
0.000000
0.000000
0.000000
0.000000
0.000000
0.000000
0.103634
0.000000
0.000000
0.002160
0.000000
0.000000
0.000000
0.132860
0.000000
0.000000
0.000000
0.000000
0.000000
0.000000
0.000000
0.000000
0.000000
0.000000
0.000000
0.000000
0.000000
0.429651
0.000000
0.000000
0.068439
0.428704
0.562627
0.000000
0.009432
0.000000
0.000000
0.000000
0.000000
0.251491
0.000000
0.000000
0.000000
0.000000
0.000000
0.000000
0.000000
0.000000
0.000000
0.000000
0.000000
0.000000
0.000000
0.000000
0.000000
0.221971
0.000000
0.000000
0.000000
0.000000
0.000000
0.000000
0.000000
0.156435
0.000000
0.000000
0.000000
0.000000
0.000000
0.000000
0.000000
0.000000
0.775098
0.214027
0.000000
0.000000
0.000000
0.000000
0.000000
0.000000
0.000000
0.000000
0.000000
0.000000
0.000000
0.000000
0.000000
0.000000
0.000000
0.000000
0.000000
0.000000
0.000000
0.000000
0.000000
0.000000
0.000000
0.000000
0.311864
0.000000
0.232961
0.000000
0.000000
0.000000
0.000000
0.000000
0.000000
0.073295
0.000000
0.014289
0.000000
0.000000
0.000000
0.000000
0.000000
0.000000
0.324710
0.000000
0.000000
0.000000
0.000000
0.000000
0.000000
0.000000
0.000000
0.000000
0.000000
0.000000
0.000000
0.000000
0.000000
0.000000
0.000000
0.000000
0.000000
0.916351
0.000000
0.000000
0.292226
0.000000
0.000000
0.000000
0.000000
0.000000
0.000000
0.000000
0.000000
0.000000
0.000000
0.000000
0.000000
0.000000
0.000000
0.000000
0.000000
0.000000
0.000000
0.000000
0.000000
0.000000
0.000000
0.946287
0.005591
0.000000
0.000000
0.000000
0.000000
0.000000
0.000000
0.000000
0.000000
0.000000
0.000000
0.000000
0.000000
0.000000
0.000000
0.000000
0.000000
0.482677
0.029426
0.000000
0.000000
0.000000
0.000000
0.000000
0.000000
0.000000
0.000000
0.000000
0.000000
0.000000
0.000000
0.000000
0.000000
0.000000
0.000000
0.000000
0.000000
0.000000
0.105325
0.000000
0.000000
0.000000
0.000000
0.000000
0.000000
0.000000
0.000000
0.000000
0.000000
0.000000
0.000000
0.000000
0.001033
0.000000
0.000000
0.000000
0.000000
0.000000
0.000000
0.000000
0.000000
0.000000
0.000000
0.000000
0.000000
0.000000
0.000000
0.000000
0.000000
0.000000
0.000000
0.216285
0.000000
0.000000
0.000000
0.300842
0.360540
0.004393
0.000000
0.000000
0.000000
0.000000
0.000000
0.000000
0.000000
0.000000
0.000000
0.000000
0.207830
0.000000
0.000000
0.000000
0.000000
0.000000
0.000000
0.000000
0.000000
0.000000
0.000000
0.218879
0.000000
0.000000
0.000000
0.000000
0.000000
0.000000
0.000000
0.000000
0.000000
0.155330
0.000000
0.201869
0.000000
0.000000
0.440624
0.000000
0.000000
0.000000
0.000000
0.000000
0.000000
0.000000
0.103335
0.405979
0.216359
0.000000
0.000000
0.000000
0.000000
0.000000
0.000000
0.000000
0.000000
0.103342
0.000000
0.035715
0.000000
0.000000
0.000000
0.000000
0.000000
0.044510
0.036157
0.000000
0.000000
0.000000
0.000000
0.000000
0.000000
0.061449
0.000000
0.000000
0.000000
0.000000
0.000000
0.000000
0.200308
0.000000
0.000000
0.000000
0.000000
0.000000
0.000000
0.449239
0.000000
0.000000
0.000000
0.000000
0.000000
0.000000
0.000000
0.000000
0.311763
0.000000
0.000000
0.000000
0.000000
0.000000
0.000000
0.000000
0.000000
0.000000
0.000000
0.000000
0.000000
0.000000
0.840553
0.000000
0.000000
0.000000
0.000000
0.000000
0.000000
0.312365
0.000000
0.000000
0.000000
0.000000
0.000000
0.000000
0.005047
0.000000
0.000000
0.000000
0.284518
0.000000
0.000000
0.000000
0.000000
0.000000
0.138667
0.000000
0.000000
0.000000
0.000000
0.000000
0.000000
0.000000
0.261580
0.000000
0.000000
0.000000
0.000000
0.000000
0.000000
0.001928
0.000000
0.000000
0.000000
0.000000
0.000000
0.000000
0.000000
0.000000
0.000000
0.000000
0.000000
0.000000
0.000000
0.000000
0.000000
0.040541
0.000000
0.000021
0.000000
0.005425
0.179084
0.000000
0.000000
0.000000
0.000000
0.000000
0.000000
0.000000
0.000000
0.000000
0.000000
0.000000
0.000000
0.000000
0.000000
0.000000
0.000000
0.051775
0.000000
0.000000
0.000000
0.000000
0.000000
0.000000
0.000000
0.000000
0.000000
0.000000
0.000000
0.000000
0.000000
0.000000
0.000000
0.000000
0.000000
0.000000
0.000000
0.000000
0.000000
0.053641
0.000000
0.000000
0.000000
0.000000
0.000000
0.000000
0.000000
0.000000
0.000000
0.000000
0.000000
0.000000
0.000000
0.000000
0.000000
0.415276
0.000000
0.000000
0.000000
0.000000
0.000000
0.000000
0.000000
0.000000
0.000000
0.000000
0.000000
0.434921
0.000000
0.000000
0.000000
0.281303
0.000000
0.000000
0.000000
0.000000
0.000000
0.393817
0.231901
0.000000
0.000000
0.000000
0.036075
0.897537
0.000000
0.000000
0.283134
0.000000
0.000000
0.000000
0.000000
0.000000
0.000000
0.000000
0.000000
0.000000
0.000000
1.000000
0.000000
0.000000
0.000934
0.000000
0.084649
0.666124
0.000000
0.000000
0.000000
0.000000
0.000000
0.000000
0.000000
0.000000
0.000000
0.000000
0.181175
0.000000
0.000000
0.000000
0.000000
0.000000
0.000000
0.000000
0.000000
0.000000
0.000000
0.000000
0.000000
0.000000
0.000000
0.000000
0.091714
0.000000
0.000000
0.000000
0.000000
0.000000
0.000000
0.991775
0.000000
0.337062
0.000000
0.000000
0.000000
0.000000
0.011699
0.000000
0.000000
0.000000
0.000000
0.000510
0.000000
0.000000
0.064895
0.000000
0.000000
0.000000
0.000000
0.000000
0.000000
0.000000
0.000000
0.000000
0.000000
0.000000
0.000000
0.000000
0.000000
0.062000
0.000000
0.000000
0.057681
0.005304
0.000000
0.000000
0.000000
0.000000
0.000000
0.000000
0.000000
0.000000
0.000000
0.000000
0.174658
0.000000
0.000000
0.000000
0.000000
0.000000
0.000000
0.000000
0.000000
0.000000
0.000000
0.000000
0.000000
0.000000
0.000000
0.000000
0.000000
0.000000
0.000000
0.000000
0.000000
0.000000
0.000000
0.000000
0.000000
0.000000
0.474414
0.000000
0.000000
0.011567
0.000000
0.998327
0.000000
0.000000
0.000000
0.000000
0.000000
0.000000
0.000000
0.000000
0.000000
0.000000
0.000000
0.000000
0.000000
0.000000
0.198000
0.222209
0.000000
0.000000
0.000000
0.000000
0.999874
0.021224
0.000000
0.000000
0.000000
0.000000
0.000000
0.094469
0.000000
0.000000
0.290641
0.000000
0.000000
0.000000
0.000000
0.000000
0.000000
0.000000
0.000000
0.976007
0.000000
0.000000
0.221093
0.000000
0.000000
0.000000
0.205227
0.000000
0.327895
0.000000
0.000000
0.000000
0.224999
0.000000
0.000000
0.000000
0.083016
0.000000
0.000000
0.000000
0.204025
0.000000
0.021670
0.000000
0.000000
0.000000
0.000000
0.000000
0.000000
0.000000
0.000000
0.000000
0.000000
0.000000
0.000000
0.000000
0.016722
0.005483
0.000000
0.000000
0.000000
0.000000
0.156989
0.000000
0.000000
0.000000
0.000000
0.893229
0.000000
0.000000
0.000000
0.160674
0.000000
0.159334
0.000000
0.000000
0.000000
0.000000
0.000000
0.000000
0.000000
0.000000
0.125677
0.000000
0.123053
0.000000
0.000000
0.000000
0.000000
0.000000
0.000000
0.028128
0.000000
0.000000
0.000000
0.000000
0.000000
0.000000
0.000000
0.000000
0.000000
0.000000
0.000000
0.000000
0.000000
0.000000
0.000000
0.000000
0.000000
0.000000
0.000000
0.000000
0.000000
0.000000
0.000000
0.000000
0.000000
0.000000
0.000000
0.000000
0.000000
0.000000
0.000000
0.000000
0.000000
0.669003
0.000000
0.000000
0.000000
0.000000
0.000000
0.000000
0.000000
0.000000
0.000000
0.000000
0.000000
0.000000
0.000000
0.498927
0.000000
0.000000
0.000000
0.252415
0.000000
0.000000
0.140605
0.000000
0.000000
0.000000
0.000000
0.000000
0.000000
0.000000
0.000000
0.000000
0.000000
0.000000
0.000000
0.116220
0.000000
0.000000
0.000000
0.000000
0.000000
0.000000
0.000000
0.000000
0.000000
0.000000
0.000000
0.000000
0.266823
0.000000
0.000000
0.000000
0.000000
0.173026
0.000000
0.000000
0.000000
0.000000
0.419333
0.000000
0.000000
0.000000
0.000000
0.000000
0.000000
0.000000
0.000000
0.000000
0.000000
0.000000
0.000000
0.000000
0.000000
0.000000
0.000000
0.000000
0.000000
0.000000
0.000000
0.000000
0.000000
0.000000
0.000000
0.000000
0.000000
0.000000
0.000000
0.000000
0.000000
0.000000
0.000000
0.000000
0.000000
0.000000
0.000000
0.000000
0.000000
0.548803
0.000000
0.000000
0.000000
0.337793
0.000000
0.000000
0.000000
0.000000
0.000000
0.000000
0.000000
0.458894
0.000000
0.000000
0.000000
0.000000
0.000000
0.000000
0.000000
0.000000
0.000000
0.000000
0.000000
0.000000
0.667457
0.000000
0.000000
0.000000
0.000000
0.000000
0.000000
0.000000
0.000000
0.000000
0.000000
0.000000
0.000000
0.000000
0.000000
0.000000
0.000000
0.000000
0.000000
0.000000
0.000000
0.355778
0.000000
0.000000
0.557536
0.000000
0.000000
0.000000
0.000000
0.144510
0.000000
0.262166
0.000000
0.000000
0.000000
0.000000
0.000000
0.000000
0.000000
0.000000
0.206406
0.000000
0.000000
0.000000
0.000000
0.000000
0.000000
0.000000
0.000000
0.000000
0.000000
0.000000
0.000000
0.000000
0.000000
0.000000
0.000000
0.000000
0.000000
0.517045
0.000000
0.000000
0.000000
0.000000
0.000000
0.000000
0.303336
0.000000
0.000000
0.000000
0.000000
0.000000
0.000000
0.000000
0.000000
0.000000
0.149909
0.000000
0.000000
0.000000
0.000000
0.000000
0.000000
0.000000
0.000000
0.000000
0.000000
0.000000
0.000000
0.000000
0.000000
0.000000
0.000000
0.000000
0.000000
0.000000
0.000000
0.000000
0.000000
0.000000
0.000000
0.000000
0.018050
0.000000
0.000000
0.000000
0.000000
0.000000
0.000000
0.000000
0.000000
0.000000
0.000000
0.012983
0.000000
0.000000
0.000000
0.000000
0.000000
0.000000
0.000000
0.000000
0.000000
0.241849
0.000000
0.000000
0.713957
0.000000
0.000000
0.000000
0.000000
0.000000
0.000000
0.000000
0.000000
0.000000
0.000000
0.000000
0.000000
0.000000
0.000000
0.000000
0.000000
0.070601
0.000000
0.000000
0.000000
0.000000
0.000000
0.097135
0.000000
0.000000
0.000000
0.000000
0.000000
0.000000
0.000000
0.000000
0.000000
0.000000
0.000000
0.000000
0.167210
0.000000
0.000000
0.000000
0.000000
0.000000
0.000000
0.000000
0.000000
0.000000
0.000000
0.000000
0.000000
0.000000
0.000000
0.204172
0.000000
0.016595
0.411534
0.102541
0.796848
0.000000
0.000000
0.000000
0.000000
0.000000
0.000000
0.000000
0.000000
0.000000
0.000000
0.000000
0.000000
0.000000
0.000000
0.682350
0.000000
0.000000
0.000000
0.000000
0.000000
0.000000
0.350752
0.000000
0.000000
0.000000
0.000000
0.000000
0.000000
0.000000
0.000000
0.000000
0.000000
0.077294
0.000000
0.000000
0.300089
0.000000
0.000000
0.000000
0.000000
0.096353
0.000000
0.000000
0.080022
0.000000
0.000000
0.000000
0.000000
0.078533
0.000000
0.055286
0.000000
0.000000
0.000000
0.000000
0.000000
0.000000
0.000000
0.000000
0.000000
0.000000
0.000000
0.000000
0.000000
0.000000
0.000000
0.000000
0.000000
0.000000
0.000000
0.000000
0.000000
0.000000
0.000000
0.000000
0.000000
0.008816
0.000000
0.553666
0.000000
0.000000
0.000000
0.000000
0.000000
0.000000
0.000000
0.000000
0.000000
0.000000
0.000000
0.000000
0.000000
0.000000
0.000000
0.000000
0.000000
0.000000
0.000000
0.000000
0.000000
0.000000
0.000000
0.000000
0.000000
0.000000
0.000000
0.000000
0.000000
0.000000
0.000000
0.000000
0.000000
0.000000
0.000000
0.000000
0.000000
0.000000
0.000000
0.000000
0.000000
0.000000
0.000000
0.000000
0.000000
0.000000
0.435264
0.000000
0.000000
0.000000
0.000000
0.000000
0.000000
0.000000
0.000000
0.000000
0.000000
0.000000
0.000000
0.000000
0.000000
0.000000
0.000000
0.000000
0.000000
0.004354
0.000000
0.000000
0.000000
0.000000
0.000000
0.000000
0.000000
0.000000
0.000000
0.000000
0.000000
0.000000
0.000000
0.000000
0.000000
0.000000
0.000000
0.496135
0.000000
0.053546
0.000000
0.000000
0.000000
0.000000
0.000000
0.000000
0.000000
0.000000
0.635192
0.000000
0.000000
0.000000
0.000000
0.000000
0.000000
0.000000
0.000000
0.000000
0.000000
0.000000
0.000000
0.000000
0.000000
0.000000
0.000000
0.000000
0.000000
0.024073
0.000000
0.000000
0.000000
0.000000
0.000000
0.000000
0.000000
0.000000
0.000000
0.000000
0.122381
0.000000
0.000000
0.000000
0.000000
0.643869
0.718607
0.000000
0.000000
0.000000
0.000000
0.000000
0.000000
0.000000
0.000000
0.064123
0.332111
0.000000
0.199104
0.000000
0.000000
0.077637
0.000000
0.000000
0.000000
0.000000
0.000000
0.000153
0.000000
0.000000
0.000000
0.000000
0.000000
0.000000
0.000000
0.000000
0.000000
0.000000
0.000000
0.000000
0.020863
0.000000
0.000000
0.000000
0.000000
0.000000
0.000000
0.000000
0.000000
0.000000
0.153993
0.140714
0.000000
0.035936
0.000000
0.000000
0.000000
0.000000
0.946315
0.000000
0.000000
0.000000
0.000000
0.000000
0.000000
0.000000
0.000000
0.000000
0.000000
0.000000
0.000000
0.158289
0.000000
0.483327
0.000000
0.000000
0.000000
0.000000
0.000000
0.399640
0.000000
0.000000
0.000000
0.000000
0.000000
0.000000
0.000000
0.000000
0.982777
0.000000
0.101872
0.000000
0.000000
0.000000
0.000000
0.000000
0.000000
0.000000
0.000000
0.000000
0.000000
0.000000
0.000000
0.000000
0.000000
0.000000
0.000000
0.000000
0.732951
0.000000
0.027964
