0.000000
0.000000
0.000000
0.000026
0.001715
0.000000
0.000348
0.000231
0.000000
0.000000
0.000000
0.000000
0.000000
0.000000
0.000000
0.000034
0.000206
0.000000
0.000032
0.000000
0.000000
0.000000
0.000000
0.000000
0.000000
0.011094
0.000000
0.000000
0.000000
0.168374
0.000032
0.000000
0.000000
0.000000
0.000000
0.000000
0.000022
0.000000
0.000000
0.000000
0.000000
0.000458
0.000200
0.000000
0.000063
0.000000
0.002949
0.007558
0.000000
0.000000
0.000000
0.009667
0.000546
0.000000
0.000000
0.030086
0.000000
0.000000
0.013274
0.000100
0.000000
0.006425
0.000000
0.000092
0.000000
0.000000
0.000000
0.000000
0.000075
0.000204
0.000000
0.000000
0.000118
0.000007
0.000000
0.033204
0.004255
0.000000
0.000000
0.003349
0.000000
0.000000
0.000000
0.000201
0.000000
0.000000
0.000000
0.000000
0.000000
0.000213
0.000120
0.085556
0.000000
0.000000
0.000007
0.037930
0.000191
0.001178
0.000000
0.015429
0.000000
0.000000
0.000000
0.000000
0.000195
0.000000
0.000000
0.000118
0.000000
0.000233
0.004265
0.000000
0.000072
0.000000
0.000000
0.019290
0.000000
0.000000
0.106656
0.000000
0.000122
0.000000
0.000041
0.000036
0.000000
0.000000
0.000000
0.000000
0.000000
0.000000
0.000000
0.000000
0.000000
0.000216
0.044732
0.000000
0.000000
0.000004
0.000000
0.000620
0.000000
0.000000
0.001876
0.000000
0.000248
0.001704
0.001958
0.000000
0.000000
0.000000
0.000000
0.000000
0.000001
0.000151
0.000000
0.000033
0.000000
0.000000
0.000272
0.000940
0.000000
0.000000
0.005434
0.000000
0.000000
0.000000
0.045813
0.000174
0.000000
0.000116
0.000000
0.024527
0.000000
0.000024
0.000000
0.003232
0.000253
0.162133
0.000000
0.000066
0.000000
0.000912
0.000000
0.000000
0.000000
0.000000
0.000713
0.000000
0.000000
0.000000
0.000000
0.000000
0.000000
0.000000
0.000000
0.000000
0.000000
0.000000
0.000003
0.003677
0.000351
0.000000
0.000000
0.000000
0.000000
0.000000
0.000042
0.023623
0.000000
0.000000
0.000000
0.000043
0.000000
0.000000
0.000000
0.000000
0.000000
0.000000
0.000000
0.000000
0.000947
0.010773
0.000000
0.010358
0.000000
0.001225
0.000000
0.000000
0.000000
0.000000
0.000050
0.000759
0.000000
0.000000
0.000000
0.000000
0.000000
0.000000
0.019244
0.001077
0.000153
0.000000
0.000000
0.001349
0.025403
0.000000
0.006655
0.000000
0.000000
0.000000
0.000161
0.000000
0.000000
0.000000
0.000000
0.003196
0.000000
0.000000
0.000000
0.000000
0.000000
0.000000
0.000000
0.000000
0.027392
0.000000
0.013436
0.000027
0.000000
0.000000
0.000000
0.000000
0.002982
0.000123
0.010629
0.000000
0.000000
0.000000
0.006524
0.000000
0.001558
0.000000
0.000034
0.000000
0.000000
0.000000
0.000385
0.000799
0.171919
0.015520
0.000211
0.000667
0.000002
0.000000
0.000000
0.000000
0.066533
0.000000
0.000005
0.000000
0.005262
0.011708
0.000000
0.000000
0.000000
0.000000
0.047914
0.001073
0.000060
0.000905
0.000041
0.004642
0.000000
0.000000
0.000000
0.000777
0.000784
0.000171
0.000122
0.000409
0.003952
0.000000
0.000000
0.000000
0.000000
0.023763
0.000000
0.008289
0.010009
0.000000
0.683785
0.000000
0.000047
0.006767
0.000683
0.000462
0.030056
0.000000
0.000051
0.000000
0.000000
0.000000
0.006854
0.000000
0.000000
0.000017
0.000000
0.005148
0.000000
0.000000
0.000062
0.000000
0.000000
0.000000
0.013954
0.000000
0.000149
0.000000
0.000000
0.000000
0.000000
0.047962
0.000000
0.000000
0.000000
0.000000
0.000000
0.000638
0.000000
0.000000
0.013783
0.000000
0.000000
0.000018
0.539601
0.000000
0.000000
0.000000
0.000861
0.000001
0.000000
0.000000
0.001071
0.004220
0.000000
0.000000
0.000000
0.000678
0.000000
0.000007
0.000210
0.000000
0.000000
0.000000
0.000000
0.000000
0.000000
0.000000
0.000000
0.000000
0.002435
0.025022
0.000000
0.000000
0.000926
0.000000
0.000000
0.000000
0.001184
0.000000
0.000000
0.000000
0.002368
0.007595
0.000000
0.000000
0.000000
0.000000
0.000000
0.000000
0.000000
0.000000
0.000000
0.029258
0.000000
0.000000
0.000000
0.000087
0.032065
0.000000
0.000322
0.000009
0.000024
0.000334
0.000000
0.000000
0.000000
0.000000
0.000000
0.000000
0.000000
0.000291
0.003777
0.000000
0.002285
0.000000
0.000851
0.309516
0.000000
0.000000
0.000000
0.000000
0.000000
0.000040
0.000000
0.000000
0.000000
0.000000
0.000443
0.000000
0.000000
0.000000
0.000000
0.000000
0.001819
0.004181
0.000000
0.000000
0.000000
0.000000
0.001040
0.000136
0.000000
0.000000
0.000133
0.000000
0.000000
0.000000
0.000000
0.000000
0.000000
0.003640
0.000000
0.013667
0.007752
0.000000
0.000255
0.010833
0.000000
0.000300
0.000009
0.005155
0.000000
0.000000
0.000000
0.000508
0.000000
0.000000
0.000000
0.000000
0.000000
0.000000
0.000000
0.002117
0.000000
0.001778
0.000099
0.000000
0.000123
0.000000
0.000000
0.000000
0.000473
0.000000
0.004669
0.000000
0.000000
0.000000
0.000036
0.000000
0.001951
0.000000
0.000000
0.000000
0.000000
0.000235
0.000000
0.000317
0.001345
0.000000
0.011999
0.000000
0.000000
0.000000
0.000204
0.000000
0.000000
0.005329
0.000000
0.000000
0.003619
0.000000
0.000000
0.000000
0.000000
0.000000
0.000053
0.000000
0.000000
0.000000
0.000000
0.000000
0.000000
0.000000
0.000000
0.000000
0.000000
0.000000
0.000000
0.000000
0.000000
0.000000
0.000000
0.000000
0.000594
0.000000
0.000840
0.000000
0.000000
0.000000
0.000000
0.000000
0.000000
0.000069
0.000328
0.018330
0.000003
0.000000
0.000000
0.000000
0.000000
0.000001
0.000003
0.000000
0.000709
0.000000
0.000000
0.000000
0.000000
0.000415
0.000000
0.001495
0.000000
0.000000
0.000000
0.000000
0.000073
0.000000
0.000000
0.000000
0.000000
0.000000
0.000040
0.149994
0.001456
0.012400
0.006951
0.000000
0.000000
0.000000
0.000000
0.007052
0.000000
0.000000
0.000000
0.001542
0.000000
0.000000
0.000000
0.000006
0.000000
0.000000
0.000000
0.000000
0.000000
0.000156
0.000000
0.000606
0.000401
0.000000
0.054446
0.000000
0.000000
0.000000
0.000852
0.000000
0.000000
0.000327
0.027071
0.000000
0.000000
0.000000
0.000000
0.002386
0.000000
0.000000
0.000000
0.000000
0.005428
0.000000
0.000000
0.000623
0.000000
0.108314
0.000907
0.033434
0.000000
0.000000
0.000026
0.000000
0.000000
0.000000
0.000000
0.000000
0.000000
0.000178
0.000000
0.000000
0.000246
0.000000
0.000000
0.000997
0.000000
0.000094
0.000000
0.000000
0.000000
0.012034
0.000000
0.000278
0.000000
0.000632
0.001123
0.000000
0.000000
0.000000
0.000000
0.000000
0.000000
0.000000
0.000206
0.000000
0.000000
0.000000
0.000000
0.001817
0.000000
0.000297
0.000127
0.000000
0.043427
0.000000
0.000343
0.000000
0.000000
0.000000
0.000555
0.000000
0.000000
0.000000
0.000176
0.000000
0.000000
0.000000
0.000000
0.000000
0.000000
0.002179
0.000005
0.000000
0.000000
0.000055
0.000004
0.000000
0.000000
0.000000
0.000000
0.000000
0.000000
0.000000
0.000000
0.000000
0.000000
0.000000
0.000000
0.000000
0.003092
0.000000
0.000000
0.000000
0.000000
0.000000
0.008546
0.000012
0.000000
0.000000
0.000000
0.000057
0.000000
0.000000
0.000063
0.000000
0.000012
0.000187
0.002819
0.000000
0.000000
0.000026
0.000000
0.000000
0.000049
0.000000
0.000000
0.000000
0.000000
0.000871
0.000000
0.001986
0.000000
0.000000
0.000000
0.000000
0.000000
0.000000
0.000000
0.000000
0.000000
0.000000
0.000000
0.000049
0.000000
0.000000
0.000000
0.000000
0.000000
0.000000
0.000277
0.000000
0.000000
0.001052
0.000000
0.000359
0.000000
0.000000
0.000000
0.000010
0.000002
0.000000
0.000000
0.000000
0.000000
0.000000
0.000000
0.001940
0.000000
0.000000
0.000000
0.000000
0.000000
0.000000
0.002512
0.000899
0.000000
0.001268
0.000000
0.000000
0.059667
0.000000
0.000000
0.000000
0.000000
0.007556
0.000000
0.000000
0.000000
0.000000
0.002128
0.016007
0.000000
0.004708
0.000000
0.000000
0.000000
0.000000
0.000436
0.000000
0.003902
0.000572
0.001469
0.000000
0.000000
0.000000
0.000000
0.000000
0.000000
0.000000
0.001345
0.001104
0.000000
0.001835
0.000000
0.000000
0.000000
0.000580
0.000000
0.002244
0.001376
0.000000
0.000000
0.000066
0.000000
0.000439
0.000000
0.000000
0.000000
0.000004
0.000039
0.010040
0.000267
0.000000
0.000000
0.000038
0.004648
0.000000
0.000000
0.001206
0.000000
0.000376
0.000008
0.000000
0.000000
0.000000
0.000000
0.000000
0.000000
0.000000
0.000000
0.006749
0.000926
0.000000
0.000000
0.000000
0.011679
0.000000
0.000000
0.000000
0.000248
0.000000
0.000000
0.000000
0.000000
0.000000
0.000001
0.000000
0.000000
0.007542
0.000253
0.000000
0.000000
0.006860
0.000000
0.000000
0.007599
0.000000
0.000000
0.000000
0.000000
0.000000
0.000000
0.000000
0.000083
0.000552
0.001958
0.000000
0.002329
0.000000
0.000000
0.010244
0.001384
0.000453
0.000849
0.000120
0.000000
0.597881
0.000000
0.000000
0.000000
0.000000
0.000000
0.000000
0.000000
0.018036
0.000123
0.000000
0.000000
0.000000
0.000000
0.000000
0.000000
0.000036
0.000226
0.000000
0.010525
0.000000
0.000095
0.000000
0.000000
0.000277
0.000096
0.051962
0.000000
0.047063
0.000480
0.000000
0.000000
0.000000
0.000000
0.048865
0.000156
0.002925
0.000000
0.000260
0.000000
0.000000
0.000000
0.000000
0.000000
0.000000
0.000000
0.000005
0.000000
0.000000
0.001209
0.000000
0.013201
0.000000
0.000000
0.000000
0.000814
0.000000
0.000000
0.007105
0.000000
0.000048
0.000150
0.000089
0.003479
0.000000
0.000560
0.000000
0.000000
0.000000
0.028903
0.000000
0.000111
0.002957
0.000002
0.000000
0.000000
0.000000
0.000000
0.000000
0.000000
0.000115
0.000000
0.000000
0.000000
0.006524
0.000000
0.000400
0.008631
0.000000
0.000000
0.000198
0.000000
0.000000
0.000000
0.001036
0.004514
0.000000
0.000820
0.000000
0.000000
0.000000
0.000000
0.000232
0.000000
0.000000
0.000000
0.000041
0.000000
0.000324
0.000119
0.000000
0.000037
0.000000
0.000000
0.000000
0.000000
0.000000
0.000000
0.000749
0.000000
0.000023
0.012724
0.000003
0.000000
0.000411
0.000000
0.000000
0.000000
0.000714
0.000666
0.000024
0.000000
0.000000
0.000778
0.006583
0.000038
0.000000
0.000000
0.000000
0.000000
0.000545
0.012489
0.007067
0.003903
0.000000
0.000000
0.000000
0.000000
0.000000
0.000000
0.000000
0.000000
0.000000
0.002587
0.000044
0.043081
0.000000
0.000000
0.000000
0.000000
0.000437
0.000000
0.000000
0.003288
0.000018
0.000001
0.000041
0.000000
0.000018
0.000000
0.030340
0.001727
0.000000
0.000385
0.007953
0.000283
0.000113
0.000013
0.000000
0.000000
0.019783
0.000275
0.000000
0.000000
0.000000
0.000000
0.000000
0.000000
0.000000
0.000000
0.000000
0.000000
0.000238
0.000085
0.000000
0.000067
0.000404
0.000000
0.000000
0.000000
0.000000
0.000055
0.000000
0.000000
0.000001
0.000000
0.000000
0.000000
0.039853
0.036164
0.000578
0.000000
0.000000
0.000000
0.000000
0.000000
0.941217
0.001660
0.000000
0.000000
0.000374
0.000000
0.000000
0.000000
0.000000
0.000000
0.000001
0.067115
0.000000
0.000017
0.000000
0.000000
0.000000
0.000044
0.000030
0.000026
0.000000
0.000000
0.000000
0.000000
0.000000
0.000000
0.000000
0.000000
0.000772
0.000000
0.002833
0.000006
0.000202
0.000000
0.049926
0.000006
0.000000
0.000012
0.000006
0.000001
0.000000
0.000000
0.000000
0.000000
0.000000
0.000000
0.000181
0.000000
0.000000
0.000000
0.000000
0.000000
0.000604
0.000000
0.000000
0.000107
0.000000
0.000000
0.004665
0.016755
0.001276
0.000000
0.000000
0.000000
0.000375
0.000105
0.000166
0.019561
0.016811
0.000000
0.000003
0.000000
0.000000
0.000000
0.000040
0.000000
0.000000
0.000037
0.000000
0.000000
0.001216
0.000000
0.000000
0.000522
0.053500
0.003113
0.000000
0.000000
0.000000
0.000003
0.000000
0.000000
0.004312
0.000000
0.000000
0.000000
0.000000
0.000000
0.000000
0.000000
0.382398
0.000000
0.000000
0.000280
0.067648
0.000000
0.000001
0.000019
0.000000
0.000000
0.000002
0.000706
0.000000
0.002224
0.000000
0.005801
0.000000
0.000000
0.000000
0.000000
0.007401
0.000000
0.000000
0.000000
0.000000
0.028184
0.000081
0.000000
0.000020
0.000396
0.000359
0.000000
0.000223
0.000000
0.000000
0.000000
0.000000
0.000325
0.183136
0.000000
0.000047
0.000296
0.000000
0.000000
0.000825
0.000000
0.000497
0.000000
0.000035
0.000000
0.000000
0.000000
0.000000
0.000000
0.000000
0.008041
0.022527
0.001512
0.000000
0.000000
0.005431
0.000000
0.000000
0.000000
0.000053
0.001447
0.000000
0.000021
0.000000
0.000434
0.000000
0.000000
0.000000
0.000000
0.002757
0.000033
0.000000
0.000000
0.000000
0.000000
0.000700
0.000000
0.000000
0.002049
0.000000
0.000000
0.000157
0.000000
0.000000
0.000000
0.000000
0.003211
0.009216
0.000005
0.000000
0.003631
0.000026
0.021611
0.009763
0.000935
0.000000
0.000000
0.000000
0.000065
0.000000
0.002750
0.000132
0.000000
0.000001
0.000000
0.000000
0.000000
0.048635
0.000056
0.000000
0.000000
0.004499
0.000000
0.000000
0.002537
0.000000
0.000000
0.000000
0.000000
0.000000
0.000000
0.000000
0.000000
0.000000
0.000000
0.000701
0.000004
0.000195
0.000000
0.000000
0.013210
0.000000
0.000000
0.000000
0.000000
0.000000
0.000000
0.063005
0.000172
0.000054
0.000989
0.000000
0.000002
0.054186
0.000019
0.000736
0.000053
0.000262
0.000000
0.000000
0.000000
0.000000
0.000000
0.000000
0.000000
0.000000
0.000000
0.000000
0.000000
0.000000
0.000000
0.000000
0.000221
0.000000
0.000000
0.002881
0.000000
0.000000
0.000000
0.000000
0.000000
0.000000
0.000108
0.000140
0.000000
0.000000
0.000000
0.000000
0.000000
0.000000
0.000000
0.000000
0.000000
0.000000
0.000089
0.000091
0.000000
0.000000
0.000000
0.000143
0.007146
0.029418
0.000000
0.000590
0.000000
0.000000
0.001963
0.000000
0.000000
0.003345
0.000000
0.000000
0.000000
0.000218
0.000000
0.000000
0.000000
0.000000
0.000000
0.000392
0.000000
0.000000
0.001753
0.002917
0.000000
0.000000
0.000478
0.000000
0.000000
0.000046
0.007209
0.000000
0.000000
0.001214
0.000000
0.000000
0.000000
0.000000
0.006586
0.000028
0.000276
0.000000
0.000000
0.004762
0.000000
0.000000
0.000101
0.000000
0.000000
0.000000
0.000000
0.000000
0.000000
0.000121
0.000000
0.000000
0.016068
0.000000
0.000000
0.108589
0.000000
0.000028
0.000170
0.000000
0.000000
0.014484
0.000000
0.000533
0.000000
0.000000
0.000000
0.000000
0.000908
0.000000
0.000001
0.000000
0.003290
0.000047
0.000304
0.001588
0.000000
0.000000
0.000022
0.000000
0.000000
0.000154
0.000181
0.000000
0.000001
0.000002
0.000000
0.000000
0.000233
0.000000
0.031793
0.000419
0.000228
0.000000
0.000000
0.034050
0.000000
0.002577
0.000000
0.000000
0.000138
0.000001
0.000000
0.000036
0.000000
0.000421
0.000000
0.000000
0.000000
0.006788
0.000000
0.000033
0.000000
0.000000
0.003315
0.000000
0.030758
0.000000
0.000242
0.000000
0.000000
0.000000
0.000828
0.019996
0.034260
0.000000
0.000000
0.000000
0.000427
0.007177
0.002394
0.000000
0.001022
0.000000
0.007098
0.000000
0.000000
0.000000
0.000060
0.000000
0.000000
0.000000
0.000000
0.000003
0.000124
0.000000
0.000000
0.000000
0.000000
0.000018
0.000651
0.000000
0.001450
0.000000
0.000000
0.000000
0.000000
0.002390
0.000000
0.004756
0.000000
0.000000
0.000008
0.000000
0.000607
0.000575
0.000000
0.000000
0.000000
0.000263
0.000000
0.000000
0.000938
0.001299
0.000000
0.000000
0.000000
0.000000
0.000000
0.000000
0.000000
0.000000
0.001160
0.000000
0.000016
0.002240
0.000890
0.008692
0.000817
0.070424
0.046428
0.005030
0.000000
0.000000
0.000000
0.011551
0.000111
0.000759
0.000000
0.000058
0.000000
0.024441
0.073482
0.001004
0.000000
0.000000
0.000000
0.000000
0.000781
0.000000
0.000000
0.000000
0.000000
0.000000
0.000180
0.004907
0.008063
0.000000
0.000001
0.000000
0.000000
0.023029
0.000000
0.000000
0.000000
0.000191
0.003261
0.000000
0.000010
0.000368
0.000473
0.002554
0.000000
0.000000
0.000000
0.000000
0.000000
0.000000
0.000000
0.000985
0.000000
0.000151
0.000000
0.000171
0.000000
0.000000
0.000000
0.000000
0.000047
0.000000
0.000153
0.005650
0.000000
0.001437
0.000000
0.009077
0.000011
0.000000
0.000000
0.000000
0.000000
0.000000
0.001951
0.003841
0.000000
0.001788
0.000000
0.000000
0.000000
0.000189
0.000000
0.000000
0.000000
0.002812
0.001641
0.021761
0.000000
0.000000
0.000000
0.000000
0.000000
0.000000
0.024488
0.000003
0.000000
0.000000
0.000000
0.000003
0.000000
0.000000
0.000000
0.000000
0.000000
0.000000
0.000000
0.000000
0.000425
0.000000
0.000000
0.000648
0.000000
0.000000
0.006401
0.000108
0.000003
0.025231
0.020304
0.000000
0.000000
0.000000
0.000000
0.000000
0.000009
0.000000
0.000000
0.002154
0.000491
0.000000
0.000584
0.010588
0.000000
0.000000
0.000130
0.023651
0.000000
0.000000
0.049720
0.000000
0.000000
0.000000
0.000362
0.000317
0.000732
0.000000
0.000001
0.000029
0.000000
0.000000
0.000000
0.000095
0.000137
0.000000
0.000399
0.000000
0.000000
0.001973
0.000313
0.003807
0.000000
0.000000
0.000083
0.000000
0.011707
0.000000
0.000000
0.000053
0.000000
0.000041
0.000000
0.000000
0.001807
0.000000
0.000000
0.000039
0.000000
0.000000
0.000000
0.000374
0.000000
0.000000
0.000000
0.000748
0.000000
0.000002
0.000000
0.000000
0.000118
0.000072
0.000000
0.000000
0.000002
0.000022
0.000000
0.000071
0.000101
0.000000
0.000000
0.000000
0.000000
0.000000
0.000000
0.000002
0.000017
0.000000
0.000000
0.000259
0.000330
0.000047
0.000000
0.000000
0.000000
0.000000
0.000006
0.000000
0.000000
0.000000
0.000042
0.000001
0.047063
0.006314
0.003772
0.000000
0.000004
0.000000
0.000000
0.002293
0.000000
0.000425
0.000000
0.000000
0.000000
0.000000
0.000000
0.000003
0.000000
0.000293
0.000000
0.000000
0.011815
0.000000
0.000147
0.000000
0.000000
0.000000
0.000006
0.000017
0.000000
0.000000
0.000000
0.000000
0.000000
0.000000
0.000000
0.000000
0.007786
0.000000
0.000928
0.000000
0.000000
0.000044
0.000621
0.000000
0.000000
0.000000
0.000000
0.000000
0.000000
0.007689
0.000052
0.000000
0.000010
0.000000
0.007011
0.000000
0.000000
0.000000
0.000209
0.000000
0.000000
0.000000
0.000000
0.000005
0.000676
0.000019
0.000133
0.000000
0.000000
0.000000
0.000000
0.000000
0.000000
0.000000
0.000294
0.009816
0.000000
0.000000
0.000547
0.000000
0.000000
0.025140
0.000000
0.000761
0.000000
0.001820
0.000364
0.000000
0.000000
0.000000
0.000826
0.017758
0.001272
0.000000
0.000000
0.000000
0.000000
0.000000
0.000594
0.003620
0.000000
0.000097
0.000000
0.012267
0.000000
0.000000
0.000000
0.007953
0.000000
0.000000
0.001085
0.000119
0.000000
0.000000
0.000000
0.000000
0.000000
0.000236
0.003599
0.000000
0.000000
0.000000
0.000000
0.000000
0.000000
0.000000
0.000000
0.000000
0.000000
0.004788
0.000061
0.006357
0.000000
0.000001
0.000000
0.000317
0.000000
0.000000
0.000000
0.000000
0.000000
0.000000
0.000000
0.000000
0.000000
0.000002
0.000000
0.000000
0.000000
0.028924
0.000000
0.000000
0.000000
0.000000
0.001334
0.000000
0.000000
0.000254
0.000000
0.000000
0.000000
0.000000
0.031227
0.000000
0.000000
0.000000
0.000702
0.000588
0.000000
0.001814
0.000000
0.000000
0.002600
0.000000
0.000000
0.000000
0.000193
0.000000
0.000000
0.000000
0.011131
0.076299
0.000000
0.000000
0.000000
0.000000
0.000022
0.000090
0.000000
0.000000
0.000000
0.000000
0.000839
0.000000
0.002997
0.000031
0.000000
0.000387
0.000414
0.000482
0.000037
0.000000
0.003764
0.000228
0.003802
0.000529
0.000002
0.000000
0.000000
0.000000
0.000000
0.000000
0.000000
0.000000
0.000000
0.000000
0.000000
0.000000
0.000000
0.000017
0.004568
0.000000
0.000000
0.008007
0.000000
0.000000
0.000003
0.000128
0.000000
0.000006
0.000801
0.000000
0.000000
0.004770
0.000000
0.000000
0.000000
0.000000
0.000000
0.000000
0.002317
0.000000
0.000000
0.000000
0.000000
0.000625
0.000000
0.000387
0.000000
0.000000
0.000000
0.000000
0.001944
0.001940
0.000000
0.000000
0.000000
0.000000
0.002492
0.000000
0.000200
0.000000
0.000000
0.000000
0.000059
0.000000
0.000544
0.000000
0.000000
0.000000
0.000402
0.000000
0.002778
0.000000
0.000000
0.000000
0.000000
0.000123
0.000000
0.000029
0.000000
0.000000
0.000000
0.052575
0.001833
0.000000
0.003961
0.000000
0.000000
0.000000
0.000000
0.000000
0.000001
0.000000
0.000000
0.004381
0.001837
0.000000
0.000819
0.000000
0.000000
0.000000
0.005704
0.000019
0.000000
0.000000
0.000000
0.000000
0.000000
0.000000
0.000000
0.003328
0.359650
0.000000
0.000944
0.001307
0.000870
0.004492
0.000004
0.000000
0.000000
0.000000
0.117852
0.000000
0.000000
0.000031
0.000000
0.000161
0.000002
0.001146
0.000111
0.000526
0.000301
0.000000
0.000000
0.000981
0.000000
0.002944
0.000000
0.016333
0.000000
0.000000
0.001166
0.000000
0.000252
0.000000
0.000000
0.000000
0.000000
0.000000
0.000000
0.000000
0.001128
0.000000
0.000000
0.001088
0.000173
0.000000
0.000000
0.000072
0.000000
0.000000
0.020913
0.000000
0.000000
0.000000
0.000008
0.000000
0.049016
0.000000
0.000395
0.000965
0.000286
0.000327
0.000000
0.217060
0.000034
0.000000
0.001783
0.000000
0.001360
0.000080
0.000027
0.000444
0.011817
0.019751
0.257020
0.000000
0.000000
0.000355
0.000003
0.000000
0.064220
0.000000
0.000096
0.000677
0.023536
0.000858
0.000000
0.000000
0.002325
0.000000
0.000000
0.000055
0.106785
0.000000
0.000000
0.000910
0.000089
0.000915
0.000009
0.019756
0.000000
0.000307
0.000000
0.000000
0.000000
0.000000
0.000000
0.000000
0.000000
0.000000
0.000000
0.000000
0.000000
0.000000
0.005803
0.000000
0.000000
0.000000
0.000010
0.000000
0.000000
0.000023
0.000000
0.000000
0.000000
0.000042
0.000000
0.007864
0.000000
0.000886
0.000000
0.000000
0.000000
0.000000
0.000000
0.000000
0.000000
0.000000
0.000024
0.002979
0.001257
0.000285
0.000003
0.001381
0.007314
0.000000
0.000032
0.000000
0.000000
0.000000
0.000485
0.000000
0.000000
0.000917
0.003122
0.008302
0.000821
0.000000
0.000000
0.000000
0.000000
0.000000
0.000000
0.016292
0.000000
0.000000
0.000000
0.000000
0.000000
0.000000
0.000000
0.000024
0.000000
0.000000
0.000000
0.000319
0.000000
0.000000
0.087981
0.000000
0.003343
0.000000
0.000000
0.000000
0.000009
0.000000
0.000006
0.000000
0.000123
0.000000
0.000000
0.004572
0.000000
0.000000
0.000195
0.000063
0.000000
0.000000
0.002920
0.000000
0.000000
0.000000
0.000000
0.000000
0.000000
0.000036
0.000004
0.000892
0.000000
0.000000
0.000000
0.000000
0.000000
0.000000
0.000000
0.000000
0.000000
0.000000
0.000000
0.003526
0.000000
0.000000
0.000000
0.000000
0.000000
0.000000
0.000000
0.000000
0.000000
0.000000
0.000000
0.002671
0.000000
0.001552
0.000000
0.000000
0.000000
0.000000
0.000000
0.000000
0.011782
0.000016
0.000000
0.000000
0.000000
0.000000
0.000000
0.000046
0.000126
0.000000
0.030877
0.000000
0.000000
0.000000
0.000000
0.000011
0.000000
0.000000
0.000000
0.008990
0.002981
0.000003
0.000548
0.000000
0.000000
0.000000
0.000000
0.000000
0.000235
0.000000
0.000000
0.002312
0.000067
0.000000
0.001208
0.000000
0.000000
0.000460
0.000000
0.000000
0.000542
0.000000
0.000000
0.000364
0.000475
0.000000
0.000000
0.000026
0.000000
0.000000
0.000000
0.000000
0.000032
0.006608
0.000000
0.000000
0.000000
0.000257
0.000000
0.000000
0.000000
0.001520
0.000000
0.000000
0.000715
0.000000
0.000000
0.080189
0.011674
0.000047
0.000000
0.000009
0.000000
0.000000
0.000000
0.000000
0.000000
0.000000
0.000017
0.064446
0.000000
0.000000
0.037885
0.012567
0.000000
0.000000
0.000889
0.004318
0.000000
0.000040
0.000000
0.000323
0.000000
0.000000
0.002948
0.847834
0.000000
0.000000
0.000002
0.063840
0.003399
0.005778
0.000050
0.003289
0.000000
0.002908
0.000000
0.045221
0.003570
0.000000
0.000000
0.000000
0.000000
0.000000
0.000000
0.000000
0.000000
0.000000
0.000000
0.000000
0.000205
0.398851
0.001526
0.000118
0.000194
0.000000
0.000072
0.000346
0.000000
0.000000
0.000001
0.000000
0.000000
0.000062
0.000000
0.000000
0.000000
0.000000
0.000000
0.000226
0.000000
0.000000
0.001826
0.000057
0.000000
0.000000
0.000000
0.000000
0.000016
0.002912
0.000000
0.002891
0.000000
0.028181
0.000420
0.000000
0.000000
0.000000
0.006880
0.000000
0.000000
0.000028
0.001248
0.000000
0.000003
0.000000
0.000000
0.000010
0.000000
0.000000
0.000079
0.000000
0.000000
0.000000
0.000000
0.000026
0.001506
0.000000
0.002814
0.001665
0.000000
0.000000
0.000333
0.000000
0.000081
0.003277
0.000000
0.000000
0.000000
0.000054
0.009393
0.000000
0.000000
0.001677
0.000000
0.000000
0.000000
0.000000
0.000136
0.000000
0.000000
0.000000
0.000000
0.000012
0.000000
0.000011
0.000018
0.000000
0.000000
0.000000
0.000000
0.000000
0.003094
0.000000
0.000520
0.000250
0.000000
0.000057
0.000000
0.000000
0.000160
0.000000
0.000000
0.000000
0.000000
0.000000
0.000000
0.000000
0.000000
0.003093
0.000823
0.000000
0.000000
0.000000
0.000000
0.000000
0.000694
0.000000
0.000000
0.000128
0.000000
0.000651
0.000043
0.000000
0.000021
0.000000
0.000000
0.000003
0.000000
0.000106
0.000000
0.000003
0.005762
0.000085
0.005074
0.000000
0.000006
0.000001
0.000000
0.000000
0.000000
0.000000
0.000000
0.000000
0.004797
0.000000
0.000002
0.000000
0.001096
0.003615
0.009556
0.000000
0.001820
0.000000
0.000000
0.000000
0.000000
0.000000
0.000000
0.000000
0.000000
0.000143
0.000000
0.000000
0.000000
0.005591
0.000000
0.000000
0.000000
0.007239
0.000000
0.000000
0.000000
0.000153
0.000000
0.000000
0.000000
0.000007
0.000024
0.000924
0.000000
0.000000
0.000000
0.000080
0.000000
0.000000
0.000000
0.000011
0.000131
0.000000
0.000077
0.000000
0.001418
0.000000
0.000000
0.000000
0.000037
0.000001
0.009801
0.000162
0.000000
0.000000
0.000000
0.000000
0.004280
0.000165
0.000000
0.002303
0.000000
0.000000
0.000000
0.000000
0.000000
0.000000
0.000000
0.001302
0.000000
0.000000
0.001823
0.001479
0.010238
0.000000
0.000000
0.000000
0.000000
0.000000
0.000001
0.119385
0.000000
0.000000
0.000044
0.000000
0.000000
0.000000
0.000000
0.000000
0.000000
0.000000
0.000000
0.003446
0.000000
0.000000
0.000058
0.000000
0.000000
0.000000
0.000000
0.000000
0.000000
0.000000
0.000000
0.000407
0.509999
0.000000
0.000280
0.000000
0.000000
0.000000
0.000030
0.002764
0.000000
0.000000
0.000000
0.000013
0.001479
0.000000
0.000000
0.000000
0.000000
0.000000
0.000000
0.000000
0.000000
0.000000
0.000397
0.000050
0.000447
0.000000
0.020408
0.000000
0.000000
0.000000
0.003475
0.000000
0.000000
0.000038
0.000000
0.000000
0.000000
0.000000
0.000688
0.497892
0.003747
0.005685
0.000000
0.025293
0.000117
0.009666
0.000000
0.000187
0.000000
0.008947
0.000201
0.000000
0.000000
0.000000
0.000032
0.000000
0.000000
0.000000
0.000000
0.000000
0.000582
0.000000
0.000000
0.000000
0.000000
0.000000
0.000000
0.000000
0.000000
0.000000
0.000000
0.011228
0.002541
0.000000
0.000000
0.000000
0.000000
0.000000
0.000000
0.000000
0.001868
0.000000
0.000051
0.000000
0.000029
0.000000
0.000000
0.000217
0.000062
0.011411
0.000000
0.002103
0.002706
0.000000
0.001476
0.000000
0.000000
0.000000
0.000020
0.000029
0.000000
0.000000
0.000000
0.000000
0.000000
0.000000
0.000000
0.009600
0.000165
0.000000
0.017125
0.000000
0.000000
0.000000
0.000000
0.000000
0.000000
0.000000
0.000000
0.000016
0.000000
0.000000
0.000000
0.000000
0.000526
0.001692
0.000000
0.004095
0.000000
0.000182
0.000000
0.000474
0.358443
0.000000
0.000000
0.006104
0.029636
0.000000
0.000032
0.000000
0.000000
0.000000
0.000000
0.000000
0.000000
0.000000
0.000000
0.000000
0.000537
0.000017
0.000000
0.000000
0.000000
0.000000
0.000000
0.000000
0.000000
0.000000
0.000262
0.000000
0.000000
0.000000
0.000000
0.000075
0.000000
0.000000
0.003740
0.001216
0.000265
0.000000
0.000000
0.000000
0.000000
0.000000
0.000000
0.000000
0.000000
0.000000
0.000000
0.000000
0.000000
0.000000
0.000000
0.000000
0.000000
0.000000
0.000008
0.000000
0.000814
0.000000
0.002706
0.000000
0.000004
0.000021
0.000000
0.000000
0.000000
0.000000
0.000000
0.000009
0.000883
0.000000
0.000000
0.000249
0.002960
0.000000
0.000000
0.000000
0.000100
0.000000
0.000020
0.112414
0.002894
0.000643
0.023484
0.000000
0.000000
0.000000
0.019429
0.000000
0.000000
0.000000
0.000073
0.000000
0.000000
0.000001
0.000000
0.000000
0.000000
0.001519
0.004885
0.000000
0.000000
0.000000
0.000000
0.000000
0.000000
0.000000
0.000000
0.000160
0.000000
0.000000
0.000000
0.023023
0.000000
0.000323
0.000228
0.000000
0.000000
0.001554
0.000000
0.000000
0.000718
0.000000
0.000000
0.000242
0.000000
0.000000
0.000000
0.000000
0.000000
0.000080
0.000000
0.000000
0.000000
0.000000
0.000000
0.000287
0.000065
0.000095
0.000602
0.000518
0.000337
0.000000
0.000000
0.000000
0.001528
0.000138
0.000000
0.000000
0.003747
0.002124
0.000000
0.035202
0.000000
0.000000
0.000156
0.000000
0.000000
0.000000
0.000000
0.000000
0.000110
0.000460
0.000000
0.000015
0.000514
0.000405
0.000000
0.000000
0.000000
0.000000
0.000000
0.000078
0.000594
0.008750
0.001273
0.000107
0.003404
0.000000
0.000000
0.000000
0.000000
0.000000
0.000000
0.000000
0.002373
0.007974
0.000000
0.000000
0.002862
0.000000
0.000000
0.000000
0.000079
0.000000
0.000000
0.000000
0.000000
0.000000
0.000000
0.000000
0.000070
0.000000
0.000000
0.000000
0.000000
0.000000
0.036887
0.000000
0.000000
0.021449
0.000000
0.000000
0.000000
0.000007
0.000000
0.000000
0.000803
0.000000
0.000000
0.000000
0.000000
0.000000
0.056439
0.001962
0.000016
0.000000
0.000000
0.000000
0.000004
0.000000
0.000279
0.000000
0.047044
0.000000
0.001162
0.000000
0.000000
0.000000
0.000000
0.002235
0.000000
0.000067
0.000000
0.000000
0.000000
0.000000
0.000000
0.000000
0.000056
0.000000
0.001056
0.000000
0.000000
0.000000
0.000000
0.000008
0.000000
0.909777
0.005611
0.000149
0.001034
0.000737
0.000302
0.001177
0.001328
0.009665
0.000000
0.007990
0.000000
0.000000
0.000000
0.000000
0.000096
0.000000
0.000083
0.000000
0.000000
0.000440
0.002216
0.000061
0.000203
0.000118
0.000000
0.000000
0.000000
0.000000
0.090114
0.000000
0.000000
0.000000
0.000000
0.000000
0.000001
0.000000
0.000000
0.000000
0.000000
0.000000
0.022063
0.023518
0.000000
0.000382
0.014975
0.000000
0.000000
0.000077
0.000000
0.000000
0.000000
0.000000
0.333917
0.000000
0.000000
0.002180
0.000000
0.000000
0.000207
0.000000
0.000000
0.000000
0.000008
0.000000
0.000000
0.000000
0.000294
0.000000
0.001161
0.000000
0.000140
0.000000
0.000000
0.000000
0.001241
0.000000
0.006135
0.000612
0.023885
0.000000
0.000016
0.000000
0.000000
0.786820
0.000221
0.000000
0.000000
0.000000
0.000050
0.000000
0.000006
0.000000
0.000000
0.000000
0.000000
0.000000
0.003146
0.000000
0.000000
0.000094
0.000000
0.000000
0.000000
0.000299
0.000028
0.000000
0.000256
0.000000
0.000220
0.000000
0.000000
0.001530
0.000080
0.000000
0.000012
0.000000
0.000000
0.000118
0.000520
0.000000
0.000000
0.000000
0.000000
0.000000
0.000398
0.000089
0.001434
0.513175
0.000000
0.000000
0.000000
0.000000
0.000000
0.000000
0.000000
0.000684
0.000000
0.000000
0.000000
0.000445
0.000056
0.000000
0.034215
0.000270
0.000000
0.000062
0.010311
0.000000
0.000000
0.000015
0.000000
0.000001
0.000000
0.000000
0.000517
0.002091
0.000000
0.000000
0.000000
0.000000
0.000334
0.002938
0.003133
0.123274
0.000000
0.119546
0.000000
0.000000
0.000597
0.000571
0.000019
0.000000
0.000195
0.001315
0.000000
0.000000
0.004434
0.000000
0.000000
0.000000
0.000000
0.014933
0.001640
0.000113
0.000000
0.000000
0.000000
0.000000
0.000000
0.000000
0.000000
0.000000
0.000046
0.000000
0.000000
0.000000
0.000000
0.018512
0.000000
0.000194
0.000271
0.000000
0.001897
0.001850
0.001692
0.000000
0.000573
0.000000
0.000000
0.000000
0.000408
0.000000
0.000000
0.000000
0.000000
0.000000
0.000000
0.000000
0.000000
0.000000
0.000868
0.000000
0.000000
0.000047
0.000000
0.000150
0.000302
0.000653
0.000000
0.000000
0.000000
0.000000
0.000000
0.000000
0.000000
0.000526
0.000000
0.000000
0.167680
0.000000
0.000000
0.002813
0.000000
0.000000
0.000069
0.000000
0.000000
0.000000
0.000000
0.000000
0.000000
0.000498
0.000000
0.000000
0.000064
0.000000
0.000000
0.012905
0.000000
0.000000
0.000000
0.011284
0.000000
0.000000
0.000163
0.054498
0.000000
0.000000
0.000000
0.000000
0.000000
0.000000
0.000000
0.000000
0.000000
0.000115
0.000000
0.000000
0.013638
0.004121
0.000057
0.000000
0.000000
0.032791
0.001890
0.000000
0.000000
0.000000
0.000000
0.000000
0.000000
0.001154
0.000002
0.000000
0.000000
0.000000
0.000000
0.001449
0.000000
0.000000
0.000000
0.000000
0.003593
0.000000
0.000270
0.000000
0.000345
0.000000
0.000551
0.000000
0.000000
0.000125
0.000000
0.000000
0.000000
0.000133
0.000000
0.000000
0.000000
0.000000
0.000000
0.000013
0.000000
0.000000
0.000000
0.000000
0.004359
0.000012
0.001400
0.003360
0.000000
0.000000
0.000000
0.002147
0.000000
0.000000
0.000224
0.000382
0.000525
0.000000
0.000156
0.000473
0.000424
0.000035
0.000000
0.000000
0.000000
0.000000
0.000000
0.000000
0.000001
0.000000
0.000000
0.000000
0.000000
0.000000
0.000000
0.000000
0.002019
0.000000
0.000000
0.000000
0.000000
0.000443
0.000000
0.000000
0.000000
0.000000
0.000000
0.000000
0.000000
0.000516
0.000000
0.000000
0.003197
0.000000
0.000239
0.000032
0.000000
0.000704
0.000001
0.000000
0.000006
0.000000
0.000000
0.000000
0.000000
0.000000
0.000104
0.000000
0.000000
0.000000
0.000035
0.006305
0.000476
0.000000
0.000006
0.000000
0.119221
0.000000
0.003428
0.000000
0.000376
0.013824
0.000486
0.000000
0.000000
0.000719
0.000000
0.000000
0.000000
0.000000
0.000000
0.000113
0.000000
0.000000
0.000258
0.000000
0.000024
0.000000
0.030411
0.000005
0.010812
0.000000
0.000000
0.002167
0.005890
0.000000
0.000153
0.000000
0.000000
0.380491
0.000000
0.000040
0.000000
0.000000
0.000000
0.000000
0.000000
0.000000
0.000000
0.000109
0.000000
0.000000
0.001398
0.000210
0.042402
0.000000
0.000000
0.001074
0.000000
0.000000
0.000000
0.003308
0.007539
0.000364
0.000000
0.006320
0.000000
0.000000
0.072419
0.000000
0.000000
0.000000
0.000000
0.000000
0.000132
0.000429
0.000000
0.000473
0.000000
0.017437
0.000237
0.000000
0.000000
0.000000
0.000000
0.000000
0.000000
0.000177
0.000000
0.000000
0.000000
0.000126
0.002912
0.004590
0.000298
0.000000
0.000000
0.000000
0.000000
0.000000
0.001321
0.000000
0.000000
0.000000
0.000000
0.000000
0.000000
0.000000
0.000000
0.000000
0.000000
0.000000
0.000456
0.005863
0.000000
0.000000
0.000000
0.000000
0.000389
0.000000
0.068873
0.000049
0.000000
0.036524
0.000000
0.000119
0.000000
0.000000
0.000021
0.000000
0.000000
0.000000
0.000000
0.000000
0.000000
0.000000
0.000091
0.000000
0.000000
0.000000
0.000000
0.000000
0.000000
0.000000
0.000000
0.000126
0.000000
0.000000
0.000000
0.000000
0.000000
0.000000
0.000000
0.000257
0.000000
0.000000
0.000000
0.000159
0.000001
0.000000
0.000000
0.000000
0.000000
0.000001
0.000000
0.009103
0.000000
0.000000
0.000000
0.000000
0.000005
0.000000
0.000000
0.002625
0.000000
0.000000
0.000000
0.624375
0.074040
0.000061
0.000000
0.000000
0.001495
0.000000
0.002888
0.000000
0.001730
0.000026
0.050990
0.000000
0.000000
0.000000
0.000000
0.002671
0.000000
0.034352
0.005784
0.000000
0.000000
0.009332
0.000000
0.001093
0.000000
0.000000
0.000523
0.000000
0.000000
0.000000
0.000000
0.000000
0.000000
0.000000
0.000099
0.000000
0.000000
0.000000
0.000000
0.000000
0.000012
0.000000
0.000000
0.000855
0.000000
0.000037
0.000061
0.000000
0.000000
0.000000
0.003675
0.000008
0.000488
0.000000
0.000000
0.001039
0.000000
0.000000
0.000000
0.000000
0.000000
0.003623
0.002215
0.006179
0.000002
0.001082
0.000000
0.000000
0.005995
0.082116
0.000000
0.000000
0.000000
0.000000
0.000340
0.000000
0.000528
0.006830
0.000000
0.000000
0.000000
0.000000
0.000033
0.000000
0.000000
0.000000
0.000000
0.000000
0.000370
0.000000
0.000000
0.000000
0.000574
0.001300
0.000000
0.000000
0.000000
0.000003
0.000000
0.000000
0.000388
0.000000
0.002207
0.000072
0.000000
0.000000
0.000000
0.000000
0.000000
0.000077
0.036650
0.000000
0.001425
0.000820
0.498964
0.000000
0.000000
0.000000
0.000000
0.003116
0.000000
0.000000
0.000000
0.000000
0.000000
0.000000
0.000000
0.035323
0.000000
0.000000
0.000124
0.000000
0.034977
0.000000
0.003304
0.000000
0.000790
0.000000
0.000000
0.000000
0.000000
0.000000
0.000042
0.001823
0.000000
0.000388
0.000000
0.000000
0.000141
0.000000
0.006086
0.014541
0.000000
0.000000
0.000000
0.000000
0.000000
0.000000
0.000000
0.027910
0.000069
0.000006
0.000000
0.000000
0.000019
0.001244
0.000509
0.004383
0.000000
0.000000
0.002880
0.000496
0.000000
0.000000
0.160503
0.041512
0.000000
0.000000
0.000007
0.000000
0.000000
0.224516
0.000000
0.001616
0.000000
0.000369
0.005563
0.000006
0.000039
0.000000
0.010385
0.000000
0.000000
0.441806
0.011488
0.000881
0.000496
0.000000
0.000000
0.000000
0.000000
0.000000
0.003769
0.000397
0.000000
0.000000
0.000000
0.000000
0.000000
0.000000
0.000000
0.000000
0.000299
0.000000
0.000460
0.009813
0.000000
0.000000
0.000108
0.478783
0.001372
0.001394
0.000376
0.000003
0.000000
0.002739
0.000488
0.001004
0.000000
0.000000
0.000036
0.000000
0.000000
0.002351
0.000062
0.000000
0.000076
0.000000
0.000000
0.000000
0.000000
0.000127
0.000000
0.000000
0.000000
0.000000
0.000000
0.000000
0.000000
0.000000
0.000000
0.000000
0.059389
0.000000
0.000000
0.000439
0.000394
0.000000
0.000000
0.002052
0.000039
0.000000
0.000000
0.000000
0.000069
0.000000
0.000745
0.000000
0.000172
0.000000
0.001509
0.000000
0.000593
0.000617
0.000234
0.066601
0.000050
0.000000
0.000003
0.000000
0.000000
0.000000
0.000000
0.000000
0.000000
0.001516
0.000000
0.000009
0.001074
0.016305
0.000000
0.000000
0.000000
0.000407
0.000018
0.000000
0.000000
0.000232
0.000000
0.000000
0.000000
0.000000
0.000705
0.000000
0.000000
0.000822
0.000000
0.000000
0.000000
0.000000
0.000000
0.000000
0.000012
0.006938
0.000000
0.000000
0.000000
0.000000
0.000013
0.000000
0.000000
0.000000
0.000814
0.018849
0.000000
0.029579
0.000000
0.005372
0.001917
0.000090
0.000000
0.001720
0.000373
0.000000
0.000000
0.000000
0.000635
0.000003
0.000000
0.002224
0.000000
0.023043
0.021083
0.000000
0.000000
0.000000
0.000131
0.000000
0.000000
0.000000
0.000000
0.001898
0.000000
0.000201
0.000000
0.000000
0.000000
0.006050
0.000000
0.000000
0.000000
0.000000
0.000000
0.000000
0.000000
0.000000
0.000000
0.000000
0.000203
0.000107
0.001401
0.000000
0.000149
0.000000
0.000129
0.000005
0.000000
0.000000
0.000000
0.000000
0.000000
0.000000
0.000000
0.000721
0.000000
0.000007
0.000000
0.000000
0.000172
0.000000
0.000000
0.117878
0.000000
0.000000
0.000569
0.000000
0.000000
0.000000
0.000000
0.000118
0.000000
0.000000
0.000471
0.001345
0.000899
0.002531
0.000000
0.000000
0.000000
0.000000
0.000000
0.000036
0.000000
0.000000
0.000000
0.000000
0.000000
0.000000
0.000100
0.000000
0.000000
0.030553
0.000000
0.000000
0.000396
0.000013
0.000000
0.000000
0.000000
0.000000
0.000000
0.000000
0.000000
0.000749
0.000000
0.000000
0.000000
0.000031
0.000000
0.000000
0.000000
0.000000
0.000001
0.000000
0.000000
0.000000
0.000000
0.000411
0.003403
0.000000
0.000000
0.001993
0.000006
0.000000
0.000000
0.000000
0.000000
0.000000
0.013308
0.000238
0.038333
0.000023
0.000000
0.000000
0.000000
0.000000
0.001071
0.000000
0.009288
0.000000
0.000000
0.000000
0.000000
0.000000
0.000000
0.000000
0.000000
0.000237
0.000000
0.000000
0.000000
0.000014
0.000000
0.000000
0.000000
0.005303
0.000000
0.001626
0.000875
0.000000
0.000000
0.002667
0.000789
0.000000
0.000000
0.000000
0.000649
0.000000
0.000000
0.000000
0.108998
0.000072
0.000000
0.000000
0.000000
0.000000
0.000000
0.000176
0.000000
0.050522
0.005605
0.000000
0.000005
0.000000
0.000000
0.000000
0.000000
0.000000
0.000000
0.004434
0.000000
0.000500
0.000000
0.000000
0.000127
0.000000
0.011711
0.000000
0.000000
0.000001
0.000073
0.000000
0.000000
0.000000
0.000000
0.000000
0.445365
0.000644
0.000000
0.000000
0.000026
0.010477
0.000034
0.000000
0.000392
0.001679
0.000000
0.000000
0.002200
0.000619
0.000863
0.000000
0.000369
0.007046
0.000073
0.000000
0.000000
0.000000
0.000157
0.000017
0.000000
0.000000
0.000356
0.000053
0.000000
0.000000
0.003545
0.000000
0.000040
0.000105
0.003962
0.005841
0.000000
0.001609
0.002553
0.000000
0.000000
0.000000
0.000000
0.000000
0.000000
0.015681
0.000000
0.000000
0.000358
0.000000
0.000000
0.000109
0.000000
0.000000
0.000000
0.000155
0.000000
0.000000
0.017060
0.000000
0.041582
0.005176
0.000080
0.000000
0.000000
0.000000
0.020636
0.000000
0.000000
0.000000
0.000000
0.000000
0.000000
0.000000
0.000000
0.000000
0.002764
0.001131
0.000817
0.000000
0.000000
0.000398
0.006259
0.000018
0.002267
0.000000
0.000003
0.000000
0.000000
0.000000
0.000000
0.000000
0.000003
0.000001
0.000000
0.000000
0.020162
0.000000
0.000035
0.000000
0.000843
0.002183
0.000000
0.000097
0.000000
0.000000
0.030582
0.000000
0.000000
0.000063
0.000397
0.000000
0.000000
0.001954
0.000000
0.000000
0.000000
0.000000
0.000340
0.006399
0.000000
0.000007
0.000000
0.000000
0.001362
0.006356
0.000000
0.000000
0.006138
0.000000
0.000000
0.000000
0.000000
0.000000
0.000124
0.001894
0.000000
0.000000
0.000000
0.000000
0.000000
0.000000
0.000000
0.000000
0.001738
0.000377
0.000052
0.000000
0.005345
0.000000
0.001404
0.000000
0.003284
0.002028
0.022748
0.000000
0.057494
0.000000
0.005606
0.000000
0.000000
0.082269
0.000000
0.000000
0.013671
0.000000
0.000000
0.000000
0.000000
0.000000
0.024394
0.001659
0.000000
0.000000
0.000000
0.000000
0.000958
0.000080
0.000000
0.000000
0.000000
0.003780
0.000000
0.000148
0.000191
0.000076
0.030308
0.000000
0.000000
0.000000
0.000000
0.002979
0.000000
0.000000
0.000000
0.000000
0.000359
0.000567
0.000000
0.000000
0.003166
0.000364
0.000000
0.000000
0.000829
0.000000
0.000291
0.000000
0.000000
0.000000
0.003692
0.000000
0.002318
0.000018
0.002160
0.000001
0.000000
0.000000
0.000000
0.000000
0.002861
0.000000
0.000001
0.000000
0.000271
0.000000
0.000000
0.000000
0.000000
0.000000
0.000000
0.000000
0.006301
0.000000
0.000000
0.000000
0.000000
0.000000
0.000000
0.000179
0.000000
0.000000
0.000000
0.000000
0.000317
0.000000
0.000000
0.000000
0.000000
0.000000
0.000000
0.000000
0.000000
0.000000
0.000000
0.000000
0.000000
0.056237
0.000000
0.000000
0.000013
0.000333
0.000011
0.000000
0.000000
0.000000
0.000000
0.000000
0.001387
0.000000
0.004213
0.000013
0.000000
0.000000
0.000000
0.000000
0.000000
0.003394
0.000028
0.002620
0.000000
0.000000
0.000125
0.000165
0.000000
0.000000
0.000110
0.000000
0.000000
0.000000
0.000000
0.003639
0.000744
0.000000
0.000000
0.000000
0.000043
0.025394
0.000000
0.002446
0.000000
0.000000
0.000543
0.001037
0.000000
0.000000
0.000000
0.002182
0.000000
0.000000
0.000000
0.000000
0.000130
0.000000
0.001486
0.000000
0.000000
0.000000
0.000000
0.000452
0.000000
0.000016
0.000000
0.000000
0.001186
0.000000
0.000000
0.000015
0.000000
0.000000
0.000000
0.000000
0.000000
0.103358
0.000000
0.000007
0.000000
0.000000
0.000001
0.026782
0.000012
0.639510
0.000215
0.000000
0.000000
0.000000
0.000000
0.004851
0.000000
0.000954
0.000000
0.000000
0.000000
0.000545
0.000000
0.000001
0.000000
0.042522
0.000661
0.000000
0.000026
0.000000
0.002010
0.000058
0.000000
0.000000
0.000000
0.002869
0.000016
0.000000
0.000000
0.002723
0.001894
0.000000
0.000117
0.000189
0.000000
0.000000
0.002808
0.000000
0.000000
0.000000
0.000000
0.003393
0.000000
0.000375
0.000000
0.000000
0.000001
0.000000
0.000000
0.000000
0.000030
0.000022
0.000000
0.008331
0.000180
0.005683
0.004541
0.010959
0.000000
0.000000
0.000000
0.000000
0.805196
0.000000
0.010223
0.000000
0.000592
0.000443
0.000000
0.000678
0.001078
0.000155
0.000000
0.001777
0.000280
0.000000
0.000002
0.000033
0.000000
0.000008
0.000082
0.000000
0.000000
0.000002
0.000000
0.000462
0.000000
0.000000
0.000000
0.000109
0.000000
0.000000
0.000977
0.000000
0.000000
0.000000
0.000000
0.000000
0.000000
0.000000
0.004461
0.000032
0.000000
0.000000
0.000000
0.000009
0.000000
0.006312
0.000000
0.000000
0.000000
0.004134
0.000000
0.000000
0.000000
0.000000
0.000000
0.000000
0.000247
0.009219
0.000807
0.000000
0.000000
0.000091
0.000000
0.000000
0.000000
0.000000
0.000000
0.000000
0.000000
0.000000
0.000000
0.000000
0.000023
0.012245
0.000567
0.000000
0.000000
0.000000
0.000000
0.000000
0.000000
0.001047
0.144256
0.000000
0.000030
0.000000
0.000000
0.000000
0.000000
0.000152
0.000055
0.000000
0.000139
0.005000
0.000070
0.000000
0.000001
0.000000
0.000115
0.000019
0.000000
0.000000
0.000000
0.000000
0.000000
0.000000
0.002577
0.000288
0.000537
0.000000
0.116630
0.000000
0.000037
0.000000
0.000000
0.000000
0.000000
0.000002
0.000000
0.000000
0.000000
0.000000
0.000000
0.000000
0.000006
0.000000
0.000000
0.000000
0.000000
0.000000
0.000000
0.000000
0.000000
0.000000
0.002180
0.000000
0.000000
0.000000
0.000000
0.017468
0.000132
0.000000
0.001850
0.000882
0.000000
0.095216
0.000459
0.000000
0.000970
0.000000
0.002995
0.000000
0.000035
0.000505
0.125348
0.195328
0.000000
0.000000
0.000000
0.000000
0.000000
0.000000
0.000000
0.000128
0.000000
0.001706
0.000001
0.000000
0.000003
0.000000
0.000000
0.000000
0.000000
0.023437
0.000000
0.003803
0.000159
0.000043
0.003052
0.000000
0.001092
0.000000
0.000000
0.002730
0.000000
0.000505
0.000000
0.000000
0.000000
0.006110
0.000000
0.000000
0.000000
0.000000
0.000000
0.000000
0.000055
0.000000
0.000000
0.001224
0.000267
0.131050
0.000004
0.000000
0.000000
0.001943
0.000000
0.000067
0.000000
0.000000
0.000000
0.000527
0.000000
0.000000
0.000037
0.000000
0.000000
0.000000
0.000000
0.000000
0.000000
0.000000
0.000000
0.000038
0.000000
0.000000
0.000196
0.000000
0.000000
0.000000
0.000000
0.000000
0.000813
0.000000
0.000000
0.000000
0.001739
0.000000
0.000000
0.000000
0.000087
0.005152
0.001620
0.001278
0.000000
0.000000
0.000000
0.000000
0.090155
0.000000
0.003764
0.000000
0.000000
0.000001
0.000000
0.000000
0.036409
0.000000
0.000000
0.000510
0.000000
0.002895
0.000000
0.000000
0.000000
0.000000
0.000000
0.000000
0.000000
0.000000
0.000000
0.001229
0.000000
0.001516
0.002734
0.001710
0.000000
0.000000
0.000000
0.000000
0.000000
0.000000
0.000252
0.000000
0.010517
0.127942
0.000000
0.005616
0.000017
0.016926
0.000000
0.000000
0.000000
0.000001
0.000000
0.000000
0.000000
0.000004
0.000000
0.000000
0.000000
0.000000
0.000000
0.000000
0.000000
0.000000
0.000297
0.000006
0.000000
0.000021
0.000000
0.000000
0.000000
0.000000
0.000000
0.313766
0.029043
0.000000
0.000000
0.000000
0.003842
0.000000
0.000000
0.000000
0.000000
0.000024
0.000000
0.000000
0.000000
0.000000
0.000037
0.000000
0.000000
0.000000
0.000145
0.000000
0.000000
0.000000
0.000000
0.044931
0.000000
0.000000
0.000666
0.000000
0.110422
0.000264
0.000000
0.000000
0.307637
0.000000
0.000000
0.000204
0.000000
0.000000
0.000000
0.000000
0.000000
0.000000
0.000000
0.000730
0.000000
0.006209
0.001816
0.000000
0.000000
0.000426
0.000000
0.000679
0.000000
0.000000
0.000011
0.000000
0.000000
0.000000
0.005250
0.001985
0.000000
0.000000
0.000000
0.000219
0.000000
0.000000
0.000000
0.000000
0.000591
0.000000
0.000539
0.000000
0.000000
0.000000
0.000000
0.000024
0.000000
0.000000
0.000000
0.000000
0.000000
0.000030
0.000000
0.000000
0.000000
0.003909
0.000000
0.000000
0.000000
0.000000
0.000000
0.000000
0.000000
0.002686
0.000000
0.000000
0.000182
0.000000
0.000000
0.000000
0.000000
0.000173
0.000001
0.000938
0.000000
0.000000
0.064473
0.000000
0.000000
0.000000
0.000000
0.000000
0.042619
0.000000
0.000000
0.004117
0.000000
0.000924
0.000133
0.000476
0.000000
0.000715
0.000000
0.000000
0.000000
0.000000
0.000000
0.000000
0.000000
0.000886
0.000000
0.000000
0.000000
0.000000
0.000000
0.000310
0.019366
0.000000
0.000350
0.000746
0.006895
0.000000
0.002997
0.000000
0.002673
0.001066
0.000253
0.000000
0.000000
0.001321
0.008118
0.002643
0.000004
0.000000
0.000000
0.000000
0.000146
0.000000
0.000000
0.000261
0.000000
0.000000
0.000688
0.001066
0.000000
0.000479
0.000152
0.000194
0.000000
0.000000
0.000000
0.000000
0.039711
0.000000
0.000000
0.000095
0.000000
0.000000
0.002133
0.000000
0.000000
0.000000
0.000000
0.001260
0.000000
0.000000
0.000000
0.000091
0.000000
0.000006
0.000000
0.000000
0.000000
0.000000
0.000000
0.000842
0.000000
0.000260
0.081008
0.000000
0.000000
0.000000
0.000000
0.000181
0.000004
0.020664
0.000960
0.000000
0.000008
0.000000
0.000000
0.000000
0.000000
0.009809
0.000000
0.000000
0.000000
0.002075
0.000000
0.000000
0.000000
0.000000
0.000667
0.000000
0.000642
0.000000
0.000000
0.000000
0.000000
0.000044
0.000000
0.012551
0.000000
0.000000
0.000000
0.187557
0.000025
0.001626
0.000255
0.000000
0.000378
0.000000
0.000000
0.012593
0.000000
0.000000
0.000000
0.000000
0.000000
0.000001
0.000000
0.000182
0.000000
0.010969
0.000070
0.000000
0.000000
0.002117
0.000000
0.000000
0.000000
0.000000
0.000000
0.000000
0.000005
0.000000
0.044431
0.000500
0.356508
0.000000
0.000000
0.000090
0.000000
0.000366
0.000000
0.000000
0.000058
0.000000
0.002256
0.000143
0.002265
0.000000
0.000000
0.000000
0.046056
0.000000
0.000352
0.000050
0.000000
0.000140
0.000041
0.000000
0.000000
0.000000
0.007124
0.000000
0.000000
0.000000
0.000000
0.000000
0.000967
0.000000
0.000000
0.000000
0.000000
0.000000
0.000000
0.000549
0.000000
0.017153
0.163097
0.000000
0.000000
0.000000
0.000000
0.000190
0.000000
0.000000
0.000000
0.000000
0.000000
0.000891
0.007074
0.003902
0.000000
0.000000
0.000000
0.000000
0.000061
0.000000
0.000000
0.003054
0.000000
0.000085
0.000000
0.000000
0.000000
0.093614
0.001334
0.000000
0.000000
0.048104
0.000156
0.000000
0.000000
0.000000
0.000016
0.000000
0.009549
0.000000
0.000155
0.000000
0.000000
0.000105
0.000015
0.000000
0.000000
0.000000
0.000000
0.000000
0.000000
0.000000
0.006810
0.000000
0.008142
0.000000
0.000000
0.000000
0.000014
0.000000
0.000000
0.000000
0.000807
0.000025
0.000986
0.000000
0.000000
0.000871
0.000155
0.000648
0.000000
0.000000
0.000000
0.000000
0.000000
0.000032
0.000006
0.000000
0.513126
0.000000
0.000000
0.000000
0.000000
0.001652
0.000000
0.000592
0.000000
0.000000
0.000000
0.002562
0.000000
0.001902
0.000000
0.000000
0.000000
0.000000
0.000000
0.000000
0.000450
0.000000
0.000000
0.000000
0.000070
0.000883
0.000000
0.000000
0.000000
0.000000
0.000013
0.000000
0.000000
0.000000
0.000000
0.000512
0.000000
0.000000
0.000000
0.000000
0.000755
0.000767
0.000000
0.000000
0.000000
0.000383
0.096274
0.000000
0.000000
0.000000
0.001146
0.000006
0.000679
0.000000
0.000083
0.000000
0.000000
0.000000
0.000000
0.000000
0.000000
0.000000
0.000190
0.000000
0.000090
0.000466
0.000000
0.064736
0.000000
0.000001
0.000000
0.000000
0.000060
0.000000
0.000000
0.000556
0.000000
0.000000
0.000000
0.000000
0.015852
0.000000
0.000108
0.000000
0.000000
0.000000
0.069882
0.000000
0.000111
0.001922
0.000000
0.000000
0.000000
0.163317
0.000000
0.009678
0.000003
0.002082
0.000265
0.000026
0.000000
0.001131
0.000215
0.000000
0.000000
0.000143
0.000000
0.000500
0.000124
0.000000
0.000000
0.000000
0.000000
0.000000
0.000000
0.000000
0.000000
0.000000
0.000000
0.000000
0.000000
0.000000
0.000000
0.000000
0.000000
0.000244
0.000000
0.000000
0.000000
0.000001
0.000000
0.000000
0.000058
0.000000
0.016404
0.000000
0.000000
0.000000
0.000000
0.000000
0.000000
0.006775
0.099182
0.000000
0.000000
0.000000
0.000000
0.000000
0.000132
0.000000
0.000144
0.000099
0.000000
0.000008
0.000898
0.000630
0.000000
0.000000
0.000000
0.000480
0.000000
0.000000
0.000000
0.000000
0.000000
0.000038
0.000000
0.000119
0.002541
0.000907
0.000000
0.000000
0.000000
0.000000
0.007917
0.010171
0.000000
0.000025
0.000002
0.000000
0.000000
0.000093
0.000000
0.000000
0.000000
0.000000
0.000000
0.000793
0.000000
0.000220
0.000000
0.008323
0.000000
0.000000
0.000000
0.000000
0.000000
0.000000
0.001541
0.000056
0.000000
0.000000
0.001486
0.000000
0.000097
0.000000
0.000000
0.001855
0.000721
0.000002
0.000000
0.001200
0.000007
0.000000
0.000000
0.008789
0.000000
0.000472
0.000000
0.000000
0.000000
0.000000
0.000000
0.000000
0.000419
0.000000
0.000000
0.000000
0.000000
0.002052
0.000000
0.000000
0.000005
0.000000
0.000000
0.000059
0.000000
0.000000
0.000000
0.000007
0.000023
0.000025
0.000000
0.000000
0.000000
0.000000
0.000000
0.000029
0.000000
0.010448
0.000000
0.000000
0.000000
0.000000
0.002720
0.000000
0.003871
0.000000
0.000280
0.000000
0.001590
0.000656
0.000000
0.000000
0.000328
0.000000
0.000410
0.000000
0.000413
0.000000
0.000000
0.000000
0.000000
0.000000
0.000016
0.000005
0.000000
0.000000
0.000000
0.000000
0.000000
0.000000
0.000301
0.000000
0.000000
0.005775
0.003918
0.000000
0.000000
0.000000
0.000033
0.007435
0.012194
0.000000
0.000000
0.000000
0.000000
0.000000
0.010003
0.000000
0.000307
0.001533
0.000000
0.000000
0.000024
0.000000
0.000000
0.000000
0.000000
0.000030
0.000000
0.000100
0.000000
0.000000
0.000037
0.000000
0.000687
0.000000
0.000167
0.000204
0.000000
0.000000
0.000000
0.021822
0.000000
0.000339
0.000000
0.000000
0.000000
0.013273
0.000012
0.000000
0.000003
0.000287
0.003730
0.000000
0.001043
0.000403
0.000015
0.000000
0.000000
0.000380
0.003618
0.000000
0.000000
0.000000
0.000000
0.000000
0.000000
0.000000
0.008465
0.000240
0.000000
0.014435
0.000000
0.002938
0.003038
0.000000
0.000000
0.000000
0.000010
0.000000
0.000001
0.000000
0.000000
0.000000
0.000000
0.000000
0.000000
0.013356
0.000505
0.000000
0.000000
0.000084
0.001459
0.000000
0.001202
0.000000
0.000030
0.012005
0.037921
0.000000
0.001002
0.000000
0.000000
0.000001
0.001458
0.001022
0.000000
0.007079
0.000000
0.000000
0.000000
0.009831
0.000000
0.000000
0.000022
0.000000
0.000000
0.000406
0.000178
0.000007
0.000000
0.000379
0.000901
0.000000
0.000000
0.000875
0.000038
0.000001
0.000000
0.000000
0.000131
0.000000
0.000002
0.000724
0.000000
0.000000
0.000000
0.000009
0.000000
0.070128
0.000001
0.000000
0.000000
0.000229
0.000022
0.000000
0.000000
0.000010
0.000000
0.000000
0.000000
0.000000
0.000000
0.000145
0.000938
0.001199
0.000392
0.003073
0.000000
0.000000
0.000031
0.000000
0.000000
0.000000
0.000000
0.000000
0.000000
0.000000
0.000000
0.000000
0.000047
0.000000
0.000000
0.000000
0.000000
0.002413
0.000000
0.000000
0.001454
0.004221
0.000000
0.000000
0.006123
0.001599
0.000000
0.000041
0.000000
0.000000
0.000584
0.000281
0.000000
0.001892
0.001284
0.000000
0.000000
0.001310
0.000000
0.000000
0.000000
0.000000
0.000000
0.000000
0.000000
0.007898
0.000487
0.000000
0.000000
0.000033
0.000000
0.004625
0.002265
0.000311
0.073882
0.000000
0.000000
0.000589
0.000000
0.000000
0.000000
0.000000
0.000000
0.014254
0.000000
0.000150
0.000000
0.000000
0.000000
0.080418
0.000000
0.000000
0.000000
0.019892
0.005412
0.000000
0.000000
0.000000
0.000424
0.132619
0.000000
0.000000
0.000000
0.000000
0.002884
0.000213
0.000000
0.060061
0.001759
0.000000
0.000000
0.000000
0.000000
0.000005
0.000000
0.000000
0.000020
0.000000
0.000000
0.000386
0.000082
0.000000
0.000000
0.000838
0.000000
0.001817
0.010253
0.000000
0.000000
0.000000
0.000000
0.000000
0.002782
0.000282
0.000000
0.000000
0.000065
0.000000
0.000000
0.000000
0.000000
0.000000
0.000000
0.000000
0.000000
0.000000
0.000000
0.000600
0.055400
0.000000
0.000000
0.000000
0.000000
0.000000
0.000083
0.000007
0.000000
0.001966
0.000000
0.002462
0.191562
0.000000
0.000062
0.001179
0.001168
0.000000
0.000000
0.000539
0.000000
0.000000
0.000000
0.000000
0.000000
0.000000
0.000070
0.001708
0.000000
0.001417
0.000000
0.000000
0.000000
0.000125
0.000000
0.123078
0.000000
0.000000
0.000018
0.000000
0.000000
0.000527
0.000000
0.030052
0.000000
0.000000
0.000000
0.000317
0.001162
0.000831
0.000702
0.028803
0.004940
0.000000
0.000000
0.000000
0.002364
0.008299
0.000000
0.000000
0.000000
0.000004
0.000000
0.000000
0.000197
0.000000
0.000000
0.001848
0.000000
0.074825
0.000000
0.000000
0.000000
0.000000
0.000000
0.000000
0.000143
0.000160
0.000000
0.000000
0.000000
0.000000
0.000000
0.000059
0.000000
0.000000
0.000656
0.001042
0.000000
0.000000
0.000000
0.000000
0.005680
0.000518
0.000000
0.000000
0.000000
0.000000
0.000000
0.012477
0.000000
0.000031
0.000000
0.000000
0.000348
0.000000
0.000012
0.010593
0.000000
0.006153
0.003391
0.000402
0.000000
0.000285
0.000001
0.000000
0.000000
0.000082
0.000000
0.006732
0.000000
0.000000
0.000883
0.000000
0.000000
0.000254
0.000120
0.000000
0.000000
0.001348
0.000346
0.000000
0.001268
0.000000
0.000000
0.000050
0.110982
0.000000
0.000000
0.000000
0.000000
0.001911
0.000000
0.002318
0.000000
0.000000
0.000000
0.001872
0.000000
0.014296
0.000000
0.000000
0.001114
0.000020
0.000067
0.000000
0.000000
0.999819
0.003760
0.000000
0.000000
0.005012
0.000000
0.002092
0.000017
0.001359
0.000000
0.000000
0.000000
0.000000
0.000000
0.000015
0.000000
0.002159
0.000000
0.000002
0.000000
0.000000
0.000100
0.000000
0.000000
0.000000
0.000000
0.000000
0.000002
0.000000
0.000000
0.000000
0.000130
0.000000
0.000000
0.000000
0.001857
0.000000
0.007772
0.000000
0.000000
0.000000
0.000000
0.000000
0.000000
0.000261
0.000000
0.000000
0.009317
0.000000
0.004425
0.000000
0.000000
0.000000
0.129291
0.001066
0.000000
0.050677
0.000000
0.000000
0.000000
0.000000
0.000000
0.000102
0.000000
0.000000
0.000000
0.000000
0.000000
0.013033
0.001044
0.003869
0.003334
0.000000
0.000000
0.000000
0.257402
0.001855
0.000000
0.000010
0.000000
0.000000
0.000000
0.000000
0.000000
0.000000
0.000028
0.000000
0.000000
0.000000
0.000000
0.000000
0.000372
0.000038
0.000000
0.000000
0.000005
0.000262
0.000000
0.000000
0.000000
0.000000
0.005974
0.006110
0.000630
0.000000
0.000001
0.000000
0.000465
0.000627
0.000005
0.000338
0.000000
0.000000
0.000000
0.000000
0.000000
0.000000
0.000000
0.000000
0.005924
0.000000
0.000000
0.000479
0.000000
0.000051
0.000000
0.000543
0.000000
0.005266
0.008677
0.000000
0.000000
0.000042
0.000045
0.000000
0.000000
0.000000
0.000000
0.000000
0.000035
0.000000
0.000000
0.000001
0.000000
0.004704
0.000000
0.000000
0.036408
0.000523
0.000000
0.000000
0.000000
0.000000
0.000000
0.000000
0.000000
0.000000
0.000000
0.000000
0.000000
0.005902
0.001575
0.000155
0.032563
0.000000
0.000000
0.000000
0.000058
0.000000
0.000000
0.000000
0.000000
0.000000
0.000000
0.000000
0.000000
0.000059
0.000000
0.000000
0.000000
0.000173
0.000000
0.011103
0.000000
0.000052
0.000000
0.000000
0.000000
0.000000
0.000000
0.000000
0.000000
0.000000
0.000000
0.000000
0.000858
0.000000
0.002504
0.000000
0.000000
0.052553
0.001682
0.004596
0.000000
0.000000
0.000024
0.000000
0.000721
0.000000
0.007796
0.000000
0.000028
0.000000
0.000000
0.000000
0.000000
0.000990
0.000000
0.000000
0.000000
0.000000
0.000000
0.000000
0.000019
0.000016
0.000000
0.002330
0.000002
0.001930
0.000000
0.000000
0.000000
0.000000
0.000000
0.000589
0.008263
0.000042
0.000084
0.000000
0.000000
0.000073
0.002502
0.000202
0.000000
0.000000
0.000000
0.000000
0.000000
0.000000
0.000000
0.000000
0.000029
0.000198
0.001290
0.000528
0.060666
0.000000
0.000000
0.000000
0.000000
0.000000
0.000000
0.001208
0.000000
0.001660
0.000000
0.000000
0.000000
0.000000
0.008829
0.000000
0.004209
0.000000
0.000000
0.000000
0.000000
0.000000
0.000000
0.000000
0.000213
0.000212
0.007994
0.000001
0.000000
0.000000
0.000000
0.000418
0.000000
0.000000
0.000000
0.000000
0.026166
0.000000
0.000000
0.000151
0.131450
0.000023
0.043555
0.000000
0.000002
0.000000
0.000000
0.000000
0.000000
0.001723
0.000000
0.000000
0.000000
0.000000
0.000000
0.000000
0.000000
0.000000
0.000000
0.000000
0.000000
0.000000
0.000002
0.000000
0.000000
0.000000
0.000000
0.000000
0.000000
0.001506
0.000000
0.003641
0.000000
0.000375
0.000000
0.000000
0.000000
0.000000
0.000001
0.000000
0.000000
0.000594
0.000000
0.000000
0.000000
0.000000
0.000000
0.000000
0.004004
0.000000
0.011695
0.000000
0.000000
0.000000
0.000000
0.000000
0.002438
0.000000
0.000000
0.000002
0.000561
0.000000
0.000000
0.000000
0.000000
0.000000
0.000000
0.000000
0.000538
0.000345
0.008628
0.000000
0.000000
0.000000
0.001825
0.000000
0.000000
0.000000
0.000000
0.000000
0.000000
0.000000
0.000000
0.000000
0.000000
0.000000
0.000051
0.000000
0.000000
0.000226
0.000000
0.000000
0.000000
0.000000
0.000000
0.000110
0.000000
0.000000
0.000000
0.000000
0.000038
0.000230
0.000000
0.089926
0.000000
0.000000
0.000000
0.000000
0.000000
0.184586
0.000000
0.012246
0.000721
0.001453
0.000000
0.000032
0.000050
0.000216
0.000000
0.000013
0.000000
0.000000
0.000000
0.000505
0.000000
0.000000
0.000000
0.000501
0.009929
0.014031
0.000000
0.001350
0.000000
0.000000
0.000000
0.020474
0.000000
0.000000
0.000000
0.000088
0.000069
0.000000
0.002638
0.000000
0.001302
0.000000
0.003312
0.018729
0.000000
0.000000
0.000157
0.000000
0.000000
0.000000
0.000000
0.000000
0.000000
0.000213
0.000000
0.000000
0.000000
0.000000
0.000806
0.000000
0.000000
0.000001
0.000000
0.000209
0.000000
0.000000
0.001359
0.006452
0.000000
0.000000
0.000000
0.008992
0.000820
0.000390
0.000000
0.000354
0.000000
0.000379
0.001337
0.000000
0.000000
0.000580
0.000041
0.000000
0.071526
0.000000
0.000000
0.000000
0.000000
0.014816
0.075910
0.000000
0.010815
0.000000
0.000000
0.000000
0.000000
0.000000
0.006139
0.000000
0.000000
0.610719
0.000184
0.000020
0.002178
0.000040
0.000000
0.000000
0.000000
0.005053
0.000000
0.000313
0.035686
0.000000
0.000000
0.000000
0.000014
0.000020
0.023983
0.000000
0.000000
0.000827
0.000405
0.000000
0.000000
0.000000
0.014996
0.000000
0.001601
0.000000
0.000000
0.000000
0.000000
0.000000
0.000000
0.000274
0.000000
0.000000
0.000000
0.000219
0.000000
0.015519
0.000000
0.002843
0.000000
0.000000
0.000102
0.000104
0.000000
0.000000
0.000079
0.000000
0.000000
0.000000
0.042385
0.000000
0.000000
0.000000
0.002501
0.002354
0.000000
0.000011
0.000175
0.000000
0.016558
0.000000
0.000000
0.000000
0.000000
0.000000
0.000000
0.000000
0.003546
0.000000
0.002204
0.000000
0.000299
0.000011
0.000000
0.000000
0.010048
0.000000
0.000192
0.000000
0.000000
0.000000
0.004488
0.000197
0.000000
0.000000
0.000000
0.000000
0.000000
0.005185
0.000201
0.000798
0.000000
0.004639
0.000000
0.737316
0.000000
0.000000
0.005106
0.000075
0.000000
0.000000
0.000000
0.000000
0.006224
0.013029
0.000000
0.000000
0.000002
0.000000
0.000000
0.000000
0.002971
0.000533
0.000000
0.000000
0.000000
0.000000
0.000000
0.000000
0.000000
0.000000
0.000000
0.001358
0.000000
0.000000
0.000000
0.000000
0.000000
0.000000
0.000000
0.000008
0.000000
0.000000
0.000000
0.000000
0.000000
0.000000
0.000000
0.000000
0.000000
0.000000
0.000051
0.000000
0.000000
0.000000
0.014939
0.000000
0.000000
0.000753
0.000000
0.001815
0.000285
0.000000
0.000021
0.000000
0.000000
0.000000
0.000000
0.000000
0.000007
0.000000
0.000000
0.000000
0.000057
0.002476
0.000000
0.000000
0.000000
0.000000
0.000001
0.068140
0.001948
0.000000
0.000089
0.000000
0.002433
0.000000
0.000000
0.001828
0.000000
0.000573
0.000000
0.000000
0.000000
0.000000
0.000000
0.000000
0.000000
0.000000
0.000000
0.000000
0.000000
0.000000
0.000000
0.000832
0.006296
0.000000
0.000000
0.000162
0.000000
0.001858
0.000000
0.001096
0.001219
0.000068
0.000000
0.000000
0.000055
0.015636
0.000000
0.000000
0.011682
0.000000
0.045951
0.000000
0.000000
0.000000
0.000298
0.000473
0.000000
0.556697
0.001042
0.000000
0.000000
0.000000
0.000000
0.000000
0.039781
0.000000
0.000000
0.000000
0.005104
0.000000
0.000000
0.000000
0.000000
0.000061
0.000029
0.000000
0.000000
0.000000
0.006184
0.000000
0.000000
0.044338
0.002315
0.000000
0.000118
0.000000
0.000004
0.000000
0.000000
0.000000
0.000037
0.001328
0.000000
0.000000
0.000000
0.000341
0.000000
0.000091
0.000000
0.000000
0.046954
0.729540
0.008479
0.010067
0.000000
0.000073
0.000000
0.000000
0.000000
0.000000
0.000000
0.000151
0.000383
0.000000
0.024652
0.000018
0.000000
0.000000
0.032170
0.061082
0.000000
0.000386
0.000000
0.000000
0.000000
0.000086
0.000000
0.000000
0.000001
0.000000
0.151631
0.000000
0.000000
0.000000
0.001041
0.000030
0.000000
0.000000
0.000000
0.000000
0.000000
0.002529
0.000000
0.000000
0.258256
0.000000
0.000000
0.000000
0.000000
0.000048
0.000000
0.000000
0.000000
0.001701
0.000146
0.000000
0.024251
0.000000
0.013733
0.000000
0.000005
0.000000
0.001569
0.000000
0.000000
0.000000
0.000437
0.000000
0.000000
0.000002
0.000000
0.000000
0.000000
0.000000
0.007004
0.000000
0.000000
0.000000
0.000044
0.000000
0.000000
0.000000
0.000000
0.014512
0.000000
0.000000
0.000000
0.000000
0.000418
0.000000
0.000651
0.000000
0.000000
0.000005
0.012649
0.000001
0.083172
0.000265
0.000000
0.000000
0.000270
0.008607
0.000031
0.018647
0.000000
0.000000
0.000000
0.086794
0.004985
0.000184
0.000205
0.000000
0.001229
0.806148
0.000000
0.002596
0.000000
0.001072
0.000000
0.000000
0.000000
0.000000
0.000000
0.000000
0.000361
0.000000
0.000000
0.000000
0.000000
0.000000
0.000137
0.000000
0.003743
0.000806
0.001375
0.000000
0.000000
0.000296
0.000000
0.102882
0.000021
0.000000
0.000000
0.000416
0.000000
0.000163
0.000000
0.000004
0.000000
0.000484
0.000000
0.000000
0.000000
0.000000
0.000007
0.000000
0.000000
0.000000
0.000002
0.009058
0.000000
0.000696
0.017577
0.004676
0.000000
0.000001
0.000000
0.000015
0.000126
0.000000
0.000000
0.000002
0.000000
0.000185
0.000000
0.000000
0.000000
0.000000
0.000000
0.000000
0.000000
0.000270
0.011976
0.004335
0.000000
0.000000
0.000000
0.000000
0.000000
0.000000
0.000000
0.000073
0.000000
0.000012
0.000000
0.000020
0.000000
0.000000
0.000000
0.000000
0.000000
0.000005
0.001445
0.000000
0.000230
0.000000
0.000000
0.000000
0.000000
0.000000
0.000000
0.005765
0.000000
0.000007
0.000000
0.000000
0.000021
0.000000
0.000010
0.000000
0.000000
0.020389
0.000000
0.000000
0.000000
0.001006
0.000354
0.047404
0.000000
0.000000
0.000000
0.000000
0.000871
0.000000
0.000000
0.000081
0.000000
0.000000
0.000000
0.001787
0.000000
0.001961
0.000000
0.002945
0.000000
0.005784
0.000000
0.000000
0.002381
0.003564
0.001296
0.000585
0.000005
0.000000
0.003258
0.000000
0.000000
0.000000
0.000000
0.000000
0.105738
0.000000
0.000213
0.000000
0.000000
0.000000
0.000000
0.000000
0.000000
0.164669
0.000000
0.003959
0.000000
0.001119
0.008328
0.000000
0.000000
0.000000
0.000000
0.000000
0.000000
0.000000
0.000052
0.000001
0.010110
0.004438
0.000000
0.000000
0.000000
0.000000
0.000000
0.000000
0.004786
0.000000
0.000103
0.000000
0.000127
0.000074
0.000000
0.000000
0.000000
0.000000
0.000000
0.000000
0.001809
0.000000
0.000000
0.000000
0.000000
0.000000
0.000000
0.000517
0.000000
0.000000
0.000000
0.000102
0.000000
0.000000
0.000000
0.000000
0.000000
0.000000
0.000000
0.000000
0.000000
0.000000
0.000000
0.000000
0.000000
0.000000
0.000000
0.000005
0.000000
0.000000
0.000780
0.000000
0.089847
0.000000
0.000000
0.000000
0.000197
0.003731
0.000407
0.000000
0.006717
0.000000
0.001657
0.000000
0.000000
0.000000
0.000000
0.000000
0.000000
0.000000
0.000000
0.000252
0.000000
0.000053
0.000023
0.000000
0.000000
0.000000
0.000000
0.000000
0.000000
0.046051
0.000000
0.000000
0.000000
0.000000
0.000000
0.000000
0.000000
0.000000
0.000000
0.000000
0.000000
0.004027
0.046545
0.000000
0.000000
0.000000
0.000504
0.000241
0.000001
0.000000
0.000026
0.000000
0.023809
0.000000
0.000000
0.000000
0.000000
0.000000
0.000000
0.000993
0.000004
0.000649
0.000000
0.000593
0.025089
0.000000
0.000000
0.000000
0.000154
0.031181
0.000000
0.000000
0.000000
0.000000
0.002375
0.000101
0.000000
0.000226
0.021293
0.548017
0.000000
0.000000
0.000000
0.000000
0.000000
0.000000
0.000000
0.000000
0.029647
0.000000
0.000000
0.005269
0.000000
0.000000
0.000067
0.000156
0.000000
0.000427
0.000161
0.000000
0.000000
0.000084
0.000079
0.123993
0.000000
0.000001
0.000000
0.000994
0.008392
0.000378
0.000000
0.000000
0.003312
0.000000
0.000000
0.000000
0.013993
0.004169
0.000000
0.000000
0.019676
0.000005
0.000000
0.000000
0.029107
0.000000
0.000000
0.000000
0.000000
0.000000
0.000000
0.000000
0.000048
0.000702
0.000000
0.000832
0.000000
0.000069
0.000896
0.000000
0.000005
0.000000
0.000000
0.000875
0.000000
0.000000
0.000000
0.000000
0.027930
0.000000
0.002879
0.003003
0.000000
0.000003
0.000503
0.000373
0.001921
0.000000
0.000613
0.000000
0.000000
0.000334
0.000000
0.004913
0.002823
0.000000
0.000000
0.000000
0.004762
0.000000
0.001208
0.000000
0.000123
0.000000
0.000286
0.000000
0.000000
0.001778
0.000020
0.000489
0.000000
0.000552
0.000000
0.000159
0.000000
0.004118
0.022348
0.000000
0.000013
0.000000
0.000498
0.000000
0.000000
0.000000
0.000000
0.000000
0.000000
0.000000
0.000000
0.000000
0.000000
0.000005
0.000000
0.001723
0.004958
0.000000
0.000000
0.000000
0.000000
0.000000
0.000000
0.008913
0.000000
0.000000
0.000000
0.000448
0.004182
0.000000
0.014575
0.000000
0.000000
0.000022
0.000060
0.000000
0.000000
0.000027
0.000000
0.000000
0.000167
0.000002
0.000277
0.040147
0.000000
0.000000
0.000000
0.020672
0.000000
0.000864
0.000000
0.000000
0.000000
0.000369
0.000000
0.000000
0.053633
0.000000
0.000000
0.000823
0.000000
0.002420
0.000000
0.000000
0.024183
0.000000
0.000000
0.000000
0.000235
0.000070
0.000093
0.000000
0.000000
0.000000
0.000000
0.000000
0.030748
0.000000
0.000022
0.000000
0.000017
0.000000
0.000000
0.047926
0.000000
0.000000
0.000000
0.000019
0.000000
0.002216
0.382708
0.000000
0.000001
0.000000
0.000000
0.000000
0.000000
0.000000
0.000000
0.000000
0.000000
0.000000
0.000000
0.000000
0.000000
0.000000
0.001172
0.000043
0.261469
0.049665
0.000000
0.000000
0.000000
0.000000
0.003843
0.000000
0.000175
0.000000
0.000005
0.000000
0.016593
0.000165
0.000000
0.002379
0.000204
0.000000
0.000000
0.003814
0.000000
0.000000
0.000000
0.000000
0.002862
0.000000
0.083017
0.004814
0.000000
0.000000
0.000000
0.000004
0.000002
0.025527
0.000001
0.000000
0.000000
0.000000
0.000028
0.000000
0.000000
0.003908
0.000000
0.047500
0.000000
0.000047
0.000000
0.001093
0.000000
0.000155
0.000000
0.000000
0.004199
0.006088
0.000000
0.000000
0.000000
0.000000
0.009997
0.000000
0.000003
0.005654
0.000000
0.000010
0.000000
0.000000
0.000000
0.000000
0.004342
0.000609
0.000000
0.000000
0.000000
0.000000
0.000000
0.000000
0.000006
0.000000
0.000000
0.001049
0.000000
0.000000
0.000000
0.000000
0.000000
0.000000
0.001629
0.000791
0.000050
0.013341
0.000276
0.006608
0.000262
0.000000
0.000002
0.002484
0.000000
0.000273
0.000001
0.000812
0.000000
0.000023
0.000000
0.000133
0.000000
0.000000
0.000000
0.000000
0.001011
0.000000
0.000000
0.000518
0.000000
0.000000
0.000836
0.000154
0.000000
0.000000
0.000000
0.000074
0.000000
0.000255
0.006810
0.000000
0.000000
0.000009
0.000000
0.000000
0.104327
0.000000
0.000374
0.000000
0.000494
0.000000
0.000038
0.000000
0.000525
0.000000
0.000008
0.000000
0.000000
0.000000
0.000000
0.007520
0.000000
0.000000
0.000040
0.000000
0.000000
0.000107
0.000003
0.000000
0.000000
0.000000
0.000000
0.000000
0.000000
0.000000
0.005828
0.004675
0.001664
0.000000
0.000000
0.000000
0.000000
0.000000
0.000000
0.000000
0.000000
0.000000
0.000000
0.000000
0.009446
0.000000
0.000134
0.000000
0.000000
0.000000
0.000000
0.001090
0.000000
0.000000
0.000496
0.000000
0.033967
0.000000
0.000015
0.000017
0.000000
0.003221
0.000532
0.000000
0.000000
0.000000
0.000000
0.002379
0.000000
0.003474
0.000000
0.000000
0.000000
0.000000
0.000000
0.000000
0.000320
0.000037
0.000930
0.000000
0.000000
0.027033
0.000000
0.000000
0.000102
0.000000
0.000000
0.001076
0.000000
0.000000
0.000000
0.004765
0.000000
0.000000
0.000000
0.000000
0.000000
0.003563
0.001902
0.001297
0.000000
0.000000
0.000000
0.000000
0.000000
0.000314
0.000000
0.000000
0.035828
0.000000
0.000000
0.000000
0.000000
0.000078
0.000000
0.000000
0.000000
0.000000
0.000000
0.000000
0.000000
0.000000
0.000000
0.046867
0.000000
0.000000
0.000000
0.001233
0.000276
0.000004
0.000000
0.000002
0.000253
0.000000
0.000154
0.009361
0.019760
0.000000
0.000085
0.000000
0.000000
0.000566
0.000000
0.827529
0.000000
0.000000
0.000000
0.000000
0.000000
0.000000
0.000253
0.013232
0.000000
0.000000
0.000000
0.000340
0.000000
0.002445
0.000586
0.000136
0.000439
0.004754
0.000000
0.000000
0.000035
0.002128
0.000265
0.000000
0.004040
0.000000
0.004014
0.001482
0.000000
0.000000
0.000000
0.000005
0.000000
0.000000
0.000000
0.000000
0.000000
0.000000
0.010674
0.000000
0.008694
0.000000
0.000000
0.001698
0.000000
0.000000
0.000000
0.000032
0.000000
0.000000
0.000000
0.000621
0.000000
0.006642
0.000000
0.000006
0.004752
0.000000
0.127484
0.017488
0.000000
0.000000
0.000000
0.000000
0.001681
0.010821
0.000000
0.000000
0.002920
0.002584
0.002382
0.476591
0.000000
0.001632
0.000000
0.000053
0.000000
0.000000
0.000000
0.000140
0.000000
0.000000
0.000103
0.000107
0.000196
0.000000
0.000000
0.000000
0.000040
0.000000
0.000000
0.000000
0.000000
0.000018
0.000000
0.000000
0.000000
0.000000
0.000000
0.001317
0.000000
0.000000
0.000000
0.000000
0.000000
0.000303
0.000000
0.000000
0.000000
0.004875
0.000000
0.000000
0.000000
0.000000
0.000137
0.000000
0.000000
0.000000
0.057582
0.001583
0.000000
0.000000
0.000000
0.000000
0.000000
0.002332
0.000000
0.000000
0.000367
0.019191
0.000000
0.000000
0.000000
0.000041
0.061643
0.000000
0.000000
0.000000
0.001739
0.000235
0.000000
0.000000
0.000009
0.000115
0.000000
0.000534
0.000353
0.000059
0.000056
0.028320
0.000033
0.000000
0.000000
0.000586
0.000000
0.000003
0.000000
0.002340
0.000000
0.000000
0.016205
0.000090
0.000332
0.000001
0.004525
0.000138
0.000000
0.000000
0.003261
0.000000
0.006214
0.000544
0.000210
0.000000
0.000180
0.000000
0.008341
0.041865
0.000000
0.000000
0.000000
0.000000
0.000000
0.000036
0.000000
0.000000
0.000000
0.000000
0.000083
0.011404
0.002212
0.000000
0.000000
0.000029
0.000000
0.024150
0.000000
0.000000
0.000000
0.000000
0.000000
0.000000
0.000000
0.000000
0.000000
0.000021
0.000000
0.000000
0.000000
0.000000
0.000000
0.000000
0.000000
0.000002
0.000003
0.000000
0.000003
0.000000
0.000000
0.000000
0.000000
0.000000
0.000000
0.007724
0.004879
0.000000
0.000000
0.000000
0.000000
0.000000
0.000000
0.000581
0.000620
0.000000
0.000000
0.000519
0.000000
0.000000
0.000425
0.000000
0.000000
0.000000
0.000188
0.000000
0.000000
0.000258
0.000787
0.000042
0.000022
0.000000
0.000000
0.000000
0.000000
0.000000
0.001157
0.005051
0.000000
0.000000
0.000092
0.002155
0.325353
0.002542
0.000135
0.000000
0.000255
0.000000
0.000175
0.000000
0.000000
0.005346
0.000000
0.000000
0.000000
0.000000
0.000000
0.000000
0.000194
0.000000
0.002164
0.000000
0.000000
0.011998
0.000538
0.000487
0.000324
0.000985
0.000000
0.000000
0.000000
0.000033
0.000085
0.000000
0.000000
0.000000
0.000000
0.000000
0.003126
0.001468
0.000000
0.000000
0.120012
0.000058
0.000000
0.000000
0.000000
0.000000
0.000000
0.000000
0.000000
0.000682
0.000000
0.000000
0.000000
0.000000
0.000130
0.000000
0.000000
0.000000
0.000000
0.000002
0.555240
0.000000
0.005641
0.000000
0.000000
0.000000
0.004143
0.000000
0.001596
0.000000
0.000000
0.000000
0.001413
0.000000
0.000006
0.000000
0.000000
0.000545
0.000018
0.000000
0.000000
0.000000
0.000000
0.000000
0.000073
0.000980
0.000000
0.000254
0.000134
0.000000
0.000000
0.000000
0.000078
0.000000
0.000045
0.000172
0.000000
0.000000
0.000000
0.000000
0.000000
0.041385
0.000000
0.000000
0.000266
0.000000
0.000000
0.000000
0.001190
0.000000
0.000000
0.000000
0.000468
0.000000
0.000001
0.004054
0.000000
0.000000
0.000000
0.000000
0.000003
0.000000
0.000000
0.000000
0.000000
0.000927
0.000195
0.000000
0.000068
0.007172
0.000000
0.000000
0.000000
0.048729
0.000000
0.000000
0.000000
0.000000
0.000132
0.013698
0.000000
0.000000
0.000577
0.000000
0.000000
0.000000
0.000000
0.000000
0.000000
0.000000
0.000000
0.000000
0.000000
0.000000
0.000022
0.000039
0.000000
0.000000
0.000000
0.000000
0.000000
0.000326
0.000000
0.000000
0.000000
0.000106
0.000000
0.000000
0.000000
0.000000
0.000000
0.012769
0.000000
0.000000
0.005070
0.000000
0.000000
0.000091
0.000000
0.000000
0.000000
0.000000
0.000000
0.000000
0.000000
0.000000
0.000000
0.000000
0.000000
0.000000
0.000000
0.000000
0.000000
0.000000
0.000000
0.000478
0.000529
0.000092
0.000000
0.000000
0.000000
0.042606
0.000000
0.000000
0.000000
0.000140
0.000000
0.000000
0.000000
0.000079
0.000000
0.000235
0.000000
0.000000
0.000000
0.000000
0.000000
0.000000
0.000000
0.000000
0.000000
0.000018
0.000000
0.000000
0.000005
0.000000
0.000000
0.000000
0.000000
0.000000
0.040123
0.000010
0.000000
0.000000
0.000000
0.000150
0.000254
0.000003
0.000060
0.000000
0.000000
0.000000
0.000000
0.000098
0.000000
0.000000
0.000000
0.000000
0.003474
0.000000
0.000000
0.000000
0.000631
0.000000
0.000000
0.000000
0.000508
0.000000
0.000095
0.000038
0.000000
0.013163
0.000000
0.000000
0.000000
0.012969
0.000000
0.000000
0.015412
0.001130
0.000000
0.000000
0.000000
0.000000
0.001744
0.114158
0.000608
0.000000
0.000530
0.001680
0.000000
0.000000
0.007299
0.000000
0.000000
0.009395
0.002758
0.000262
0.000506
0.002567
0.000136
0.000000
0.000241
0.000000
0.000000
0.000100
0.008534
0.000000
0.595235
0.000000
0.000000
0.000391
0.000000
0.000000
0.000000
0.000000
0.000000
0.000841
0.001479
0.000047
0.000000
0.000000
0.026348
0.000000
0.000000
0.013329
0.000000
0.000118
0.043597
0.000000
0.000000
0.000000
0.000000
0.000000
0.000000
0.000000
0.000000
0.000000
0.000000
0.000003
0.000014
0.000000
0.000000
0.008993
0.000000
0.000527
0.000000
0.000000
0.000000
0.000000
0.002366
0.000000
0.000000
0.000000
0.000000
0.000269
0.000000
0.000000
0.001575
0.000000
0.000000
0.004830
0.005020
0.000000
0.000000
0.000000
0.009749
0.000000
0.000089
0.000000
0.000000
0.000000
0.000000
0.001303
0.000000
0.000459
0.002250
0.001564
0.000201
0.000035
0.001517
0.000015
0.001896
0.000299
0.000000
0.000000
0.000000
0.000000
0.000538
0.000004
0.002072
0.062548
0.000000
0.000000
0.004094
0.000056
0.000000
0.000000
0.000000
0.396024
0.000000
0.000000
0.000000
0.000000
0.001934
0.000000
0.000024
0.000000
0.000387
0.000000
0.000000
0.013431
0.000000
0.000000
0.000000
0.000139
0.000000
0.000548
0.003239
0.000009
0.000000
0.000026
0.000000
0.000000
0.013647
0.000000
0.000196
0.000316
0.000000
0.003349
0.000005
0.000022
0.000000
0.000284
0.000000
0.000000
0.072152
0.000000
0.000079
0.000000
0.000001
0.000000
0.000000
0.000000
0.000000
0.000000
0.000000
0.000000
0.000000
0.000000
0.000000
0.000000
0.000000
0.000000
0.000000
0.000000
0.000000
0.000000
0.000765
0.002949
0.000000
0.000000
0.000419
0.000000
0.000000
0.000000
0.003398
0.000111
0.000000
0.000000
0.000000
0.000390
0.000000
0.000000
0.000000
0.000000
0.000000
0.000000
0.000460
0.173679
0.000001
0.042074
0.000664
0.000000
0.000000
0.000694
0.004770
0.000000
0.000419
0.000000
0.000000
0.000000
0.000118
0.000000
0.000000
0.001919
0.000339
0.000181
0.012927
0.000000
0.000000
0.006996
0.000000
0.000000
0.000000
0.000000
0.006318
0.000071
0.000000
0.000000
0.023988
0.000032
0.000000
0.000000
0.000000
0.000000
0.000000
0.000000
0.012461
0.017466
0.036013
0.000531
0.000015
0.000000
0.000000
0.000000
0.000000
0.000314
0.000000
0.000000
0.000000
0.000036
0.497014
0.000000
0.003118
0.000000
0.000000
0.000000
0.000000
0.000000
0.000000
0.007279
0.003790
0.000000
0.000553
0.000000
0.000000
0.000000
0.000000
0.000000
0.000000
0.000000
0.000552
0.026836
0.000000
0.000819
0.012415
0.000000
0.000000
0.000000
0.001577
0.003653
0.000083
0.000035
0.000003
0.000882
0.000000
0.000000
0.000320
0.000000
0.034316
0.000000
0.000000
0.000000
0.000000
0.000000
0.000000
0.000000
0.000526
0.000000
0.000000
0.098593
0.000000
0.000000
0.000000
0.000000
0.000000
0.000000
0.015152
0.000230
0.002623
0.000028
0.000000
0.001904
0.000000
0.000000
0.000000
0.000000
0.000000
0.000008
0.001718
0.005771
0.000067
0.000000
0.000000
0.000000
0.000354
0.000000
0.000000
0.000110
0.000000
0.000669
0.000000
0.000000
0.000000
0.000000
0.000109
0.000000
0.005198
0.000004
0.000000
0.000000
0.000000
0.000000
0.000000
0.000002
0.000000
0.000000
0.062797
0.000000
0.000000
0.000000
0.000000
0.002589
0.000000
0.000000
0.000000
0.000000
0.003111
0.006388
0.000000
0.001151
0.000000
0.003690
0.000000
0.000000
0.000069
0.000000
0.004295
0.000000
0.000045
0.000000
0.000000
0.000041
0.000000
0.000000
0.000000
0.000000
0.000763
0.000651
0.000148
0.000000
0.000141
0.000000
0.000000
0.000000
0.000000
0.000338
0.000000
0.000000
0.000000
0.000000
0.003959
0.000000
0.000000
0.000000
0.008416
0.007726
0.000000
0.000000
0.000000
0.000000
0.007686
0.001478
0.000000
0.000000
0.000000
0.000000
0.000000
0.000000
0.010574
0.000000
0.000000
0.000000
0.002333
0.000000
0.000000
0.000000
0.000144
0.000000
0.000000
0.000000
0.000000
0.000000
0.002894
0.000000
0.000000
0.000000
0.000000
0.000000
0.000000
0.000000
0.000000
0.000000
0.000000
0.000000
0.000000
0.000063
0.000323
0.014790
0.000000
0.000000
0.000000
0.000000
0.407786
0.000000
0.000000
0.000000
0.003717
0.000000
0.000000
0.000002
0.000000
0.000090
0.000000
0.000000
0.000000
0.000844
0.000193
0.000000
0.000718
0.000066
0.000000
0.000004
0.000120
0.000000
0.000000
0.000000
0.000018
0.000000
0.000000
0.000000
0.000000
0.000062
0.436558
0.000000
0.004678
0.000000
0.000000
0.000393
0.000000
0.000000
0.000004
0.000000
0.000000
0.000000
0.000000
0.000050
0.001572
0.000608
0.000000
0.001006
0.000049
0.006687
0.000000
0.000008
0.000000
0.000000
0.000000
0.000000
0.000000
0.008044
0.000000
0.000000
0.004995
0.000000
0.006394
0.907404
0.000000
0.000000
0.000000
0.000463
0.000000
0.000062
0.000000
0.000000
0.000490
0.000000
0.000000
0.001105
0.000000
0.000000
0.000000
0.000000
0.000000
0.000000
0.000000
0.000000
0.000000
0.000013
0.000000
0.000000
0.000682
0.000463
0.000100
0.000000
0.000302
0.005685
0.000000
0.000042
0.000316
0.000000
0.000000
0.000287
0.000000
0.000000
0.000000
0.000000
0.000891
0.000101
0.337116
0.000000
0.004933
0.000000
0.001502
0.000000
0.000000
0.000000
0.000000
0.000072
0.000000
0.000000
