0.102788
0.000000
0.072269
0.057174
0.532498
0.033946
0.027804
0.033431
0.035932
0.005100
0.000722
0.024659
0.144844
0.026624
0.053132
0.026445
0.019868
0.032784
0.209720
0.163042
0.120324
0.711005
0.976415
0.027138
0.011107
0.373397
0.051007
0.979293
0.004497
0.109843
0.003516
0.015059
0.726119
0.092365
0.038510
0.023879
0.007740
0.025917
0.007369
0.001046
0.000000
0.056850
0.000000
0.005027
0.045778
0.059482
0.000000
0.012484
0.013034
0.027877
0.016790
0.005936
0.015362
0.269969
0.002879
0.007796
0.002592
0.888188
0.102658
0.081764
0.008230
0.021555
0.037062
0.999999
0.059095
0.074040
0.010543
0.001821
0.000000
0.174455
0.001202
0.022435
0.013025
0.176320
0.854872
0.005502
0.013932
0.618790
0.029223
0.011738
0.057895
0.019540
0.001945
0.193288
0.000000
0.003156
0.266560
0.052973
0.005585
0.222840
0.004203
0.017839
0.008271
0.073164
0.077315
0.031704
0.053167
0.002264
0.015639
0.019621
0.000000
0.776612
0.008990
0.000000
0.000000
0.002326
0.021684
0.277282
0.000517
0.176855
0.064537
0.025014
0.213557
0.016820
0.001336
0.367720
0.005899
0.065152
0.052993
0.040472
0.011542
0.000000
0.006099
0.092532
0.025300
0.034553
0.009388
0.011775
0.001002
0.059812
0.007861
0.016810
0.027657
0.023758
0.036275
0.011329
0.141083
0.063101
0.871331
0.031923
0.051977
0.008095
0.015933
0.039519
0.002471
0.005268
0.034938
0.002174
0.049793
0.202692
0.401561
0.001844
0.259237
0.306339
0.008735
0.001964
0.019759
0.924297
0.034952
0.066688
0.107143
0.193240
0.467174
0.061253
0.016765
0.096471
0.043602
0.073221
0.037205
0.035092
0.001465
0.065493
0.395843
0.036323
0.043958
0.022535
0.155841
0.005278
0.274732
0.497073
0.047897
0.000820
0.999671
0.000386
0.003721
0.596757
0.007993
0.173456
0.106019
0.016789
0.004169
0.100125
0.851600
0.015756
0.003760
0.007534
0.304703
0.030301
0.010783
0.012105
0.332126
0.019333
0.009450
0.293853
0.005833
0.000925
0.010834
0.029030
0.003638
0.011193
0.033627
0.012578
0.220057
0.006311
0.063386
0.065322
0.325951
0.415611
0.002681
0.135153
0.014649
1.000000
0.081599
0.014425
0.277948
0.011984
0.153846
0.017243
0.016472
0.032635
0.061674
0.778218
0.071204
0.012787
0.101990
0.843913
0.162188
0.801239
0.000000
0.024122
0.423143
0.039018
0.018274
0.007079
0.000657
0.016736
0.023961
0.006703
0.999951
0.003450
1.000000
0.010272
1.000000
0.999418
0.014202
0.036565
0.011895
0.011487
0.085625
0.056782
0.044624
0.012799
0.000375
0.022145
0.000767
0.976894
1.000000
0.018443
0.139148
0.089908
0.044128
0.005333
0.175117
0.239786
0.398684
0.320279
0.020249
0.084392
0.002619
0.439426
0.041822
0.060500
0.079977
0.715990
0.026483
0.067362
0.022994
0.024404
0.049132
0.023575
0.007072
0.038199
0.013587
0.030596
0.012929
0.183169
0.077963
0.037726
0.156484
0.092306
0.002873
0.002172
0.002641
0.005608
0.006231
0.054148
0.011254
0.022172
0.008813
0.389043
0.003599
0.020444
0.000509
0.007061
0.022506
0.018956
0.152513
0.000000
0.007628
0.004248
0.147954
0.015886
0.019670
0.230216
0.083638
0.209507
0.022284
0.005089
0.006527
0.013851
0.018400
0.010095
0.048722
0.019720
0.003598
0.009533
0.040546
0.329574
0.174826
0.023875
0.048514
0.015879
0.591170
0.206150
0.013706
0.526305
0.050820
0.050450
0.999908
0.069076
0.010605
0.011255
0.092771
0.012653
0.098052
0.057493
0.036026
0.003432
0.008190
0.051298
0.000000
0.054012
0.001914
0.000000
0.024713
0.106248
0.051223
0.120065
0.078771
0.000000
0.109749
0.000000
0.015328
0.000347
0.043441
0.027650
0.017228
0.552302
0.046011
0.032002
0.927324
0.009306
0.831048
0.002986
0.477436
0.194535
0.008295
0.834122
0.001460
0.019140
0.997410
0.004683
0.107986
0.015835
0.026971
0.151789
0.000000
0.001500
0.000000
0.008245
0.072796
0.007955
0.035766
0.035012
0.444741
0.005610
0.030874
0.086840
0.008269
0.028854
0.024944
0.003595
0.028350
0.234553
0.195422
0.017388
0.090584
0.009962
0.008670
0.593223
0.024141
0.009957
0.096326
0.327891
0.168616
0.020052
0.002088
0.011441
0.078788
0.021517
0.971686
0.007359
0.983522
0.036227
0.047968
0.090297
0.058915
0.013231
0.018720
0.147159
0.138485
0.243557
0.015097
0.045444
0.003369
0.017999
0.006613
0.790973
0.005751
0.057164
0.043593
0.163989
0.087409
0.161023
0.467906
0.047454
0.010333
0.008716
0.033647
0.116764
0.014163
0.994208
0.000000
0.008606
0.143657
0.050180
0.045586
0.100684
0.036588
0.168725
0.013349
0.006179
0.000000
0.045590
0.000000
0.007149
0.002908
0.000000
0.025888
0.009236
0.003947
0.677413
0.079086
0.024539
0.006369
0.017654
0.072897
0.114627
0.012079
0.000000
0.065161
0.007248
0.037766
0.157889
0.053912
0.014401
0.009698
0.023301
0.059435
0.004405
0.882446
0.000800
0.098466
0.608394
0.018742
0.000904
0.840151
0.009785
0.013464
0.002474
0.999943
0.611810
0.264924
0.121735
0.000477
0.001594
0.072068
0.290124
0.000537
0.005061
0.038759
0.520130
0.104224
0.024118
0.377770
0.169677
0.008168
0.000000
0.015872
0.088483
0.000000
0.816352
0.000180
0.006734
0.228563
0.106338
0.358369
0.032898
0.601380
0.023451
0.084296
1.000000
0.267662
0.051607
0.155101
0.062866
0.000724
0.015640
0.002099
0.021033
0.976887
0.373526
0.485460
0.862162
0.029945
0.009982
0.247805
0.048692
0.217513
0.060597
0.086849
0.047509
0.020752
0.007228
0.033308
0.050249
0.011203
0.002937
0.004198
0.044620
0.018054
0.007827
0.038313
0.015287
0.003524
0.747517
0.027746
0.247687
0.020019
0.008139
0.016276
0.020909
0.017937
0.006713
0.956153
0.016329
0.954342
0.913810
0.169212
0.901569
0.221821
0.000000
0.457242
0.385077
0.001366
0.119288
0.044252
0.030158
0.038513
0.000357
0.361493
0.061186
1.000000
0.002496
0.003275
0.017427
0.359879
0.074672
0.023547
0.011775
0.112894
0.056348
0.004160
0.109565
0.005781
0.428779
0.008899
0.045171
0.000000
0.102150
0.000000
0.117627
0.442936
0.192889
0.000000
0.016129
0.060813
0.293787
0.002872
0.069941
1.000000
0.008085
0.026951
0.116844
0.056142
0.002284
0.611184
0.083262
0.123894
0.021170
0.005060
0.046467
0.056205
0.111427
0.284209
0.017962
0.060742
0.007335
0.000000
0.063344
0.028913
0.003031
0.019382
0.006734
0.003421
0.009212
0.003068
0.067582
0.020949
0.034528
1.000000
0.133515
0.002418
0.111318
0.036612
0.065881
0.016615
0.084036
0.850727
0.178772
0.997770
0.009744
0.023159
0.098462
0.145021
0.086741
0.001770
0.014092
0.045837
0.006528
0.033576
0.011523
0.052445
0.998705
0.000000
0.046967
0.012846
0.318126
0.014620
0.002996
0.239186
0.009922
0.023746
0.046841
0.245140
0.105091
0.288399
0.036404
0.001911
0.982724
0.065194
0.000317
0.013785
0.007007
0.888827
0.362387
0.000000
0.006366
1.000000
0.121010
0.323760
0.871028
0.409676
0.094011
0.010653
0.002832
0.250671
0.915090
0.999994
0.999976
0.004706
0.004715
0.016872
0.066222
0.006023
0.041349
0.010318
0.110450
0.112822
0.013465
0.016381
0.002038
0.361520
0.046858
0.001997
0.021518
0.038303
0.670905
0.009157
0.059476
0.021155
0.057909
0.001959
0.101854
0.006462
0.004440
0.694388
0.037927
0.354080
0.082060
0.104010
0.000000
0.017934
0.043284
0.157707
0.120808
0.000000
0.000834
0.016196
0.013876
0.109902
0.999668
0.002209
0.996862
0.001210
0.000000
0.047934
0.014001
0.000697
0.000886
0.033746
0.004187
0.002335
0.084465
0.029849
0.039409
0.000895
0.010993
0.006706
0.728420
0.000000
0.061810
0.025725
0.823098
0.264920
0.036461
0.182392
0.024917
0.000745
0.012438
0.071913
0.224364
0.007087
0.012687
0.363169
0.021817
0.001900
0.010177
0.015677
0.040821
0.007773
0.088382
0.113677
0.972486
0.998483
0.005844
0.094347
0.001050
0.039818
0.001255
0.013022
0.007419
0.015917
0.006891
0.074130
0.044341
0.001847
0.740434
0.000000
0.504121
0.247110
0.201943
0.000000
0.086145
0.056572
0.261276
0.026262
0.014802
0.000000
0.007227
0.026149
0.000000
0.017990
0.015073
0.073513
0.120316
0.708555
0.369651
0.042239
0.004044
0.036122
0.031695
0.009335
0.258982
0.006339
0.056639
0.010518
0.002754
0.013478
0.004275
0.154999
0.024590
0.753725
0.082665
0.027072
0.003756
0.021785
0.005427
0.055760
0.003143
0.331973
0.018007
0.757586
0.000000
0.001556
0.188936
0.010739
0.000000
0.648148
0.000000
0.054331
0.112018
0.012661
0.022683
0.015829
0.399831
0.003753
0.054499
0.231156
0.042692
0.021676
0.010439
0.007136
0.997927
0.008657
0.008405
0.007158
0.001486
0.005982
0.656388
0.593496
0.067789
0.012956
0.120539
0.026768
0.011297
0.010447
0.050408
0.223304
0.014425
0.016083
0.003139
0.158505
0.936452
0.064608
0.999147
0.001690
0.141106
0.015126
0.000000
0.012934
0.079436
0.542811
0.146907
0.091103
0.016393
0.057865
0.288425
0.096551
0.194279
0.405514
0.025998
0.177247
0.003837
0.022414
0.107605
0.003789
0.928967
0.011171
0.030296
0.062373
0.247471
0.027751
0.017416
0.037962
0.000000
0.184804
0.015207
0.047120
0.127613
0.003797
0.100236
0.062168
0.123334
0.008839
0.350598
0.557317
0.030670
0.009222
0.067597
0.528248
0.031295
0.137925
0.056205
0.068736
0.047900
0.015439
0.079321
0.174327
0.011940
0.006520
0.037585
0.006403
0.110095
0.194595
0.090713
0.029874
0.078838
0.034930
0.028828
0.004018
0.013273
0.068332
0.004986
0.044502
0.060827
0.024414
0.019614
0.019449
0.496986
0.322703
0.001445
0.201642
0.053948
0.012322
0.194930
0.017706
0.996166
0.003440
0.998451
0.001201
0.009273
0.000612
0.089689
0.015587
0.045847
0.364269
0.414134
0.009768
0.016108
0.450622
0.067699
0.020055
0.353290
0.023985
0.141448
0.328983
0.999971
0.056882
0.024826
0.000000
0.005622
0.000000
0.027353
0.055066
0.195486
0.954610
0.156127
0.003533
0.080688
0.080881
0.000000
0.078500
0.022052
0.154153
0.013640
0.139684
0.123570
0.976709
0.216894
0.007441
0.027276
0.006989
0.034313
0.099022
0.009831
0.418447
0.000000
0.002665
0.245884
0.006051
0.901819
0.891565
0.003983
0.012346
0.010225
0.140497
0.067948
0.001504
0.000000
0.008611
0.024900
0.029111
0.080772
0.909062
0.005839
0.285098
0.053451
0.064380
0.011437
0.518198
0.143879
0.023636
0.127978
0.019450
0.348052
0.004539
0.339501
0.004529
0.003347
0.009677
0.000000
0.008423
0.045145
0.014731
0.097584
0.003802
0.560594
0.020035
0.047128
0.014173
0.305074
0.122919
0.006896
0.009092
0.022567
0.026523
0.161688
0.029992
0.003943
0.010791
0.006187
0.025290
0.039460
0.043404
0.007047
0.009928
0.148527
0.105986
0.005461
0.100839
0.703878
0.131585
0.050681
0.079402
0.200141
0.210401
0.000000
0.005389
0.043849
0.014932
0.000000
0.032579
0.026943
0.001112
0.009968
0.005495
0.002750
0.589493
0.017426
0.019602
0.048315
0.000000
0.036415
0.002792
0.040581
0.000000
0.015781
0.081597
0.000736
0.247537
0.002770
0.130862
0.026399
0.981529
0.000000
0.015395
0.106536
0.010145
0.026816
0.000000
0.027864
0.007587
0.027428
0.161840
0.033139
0.231776
1.000000
0.734338
0.044443
0.006011
0.011478
0.003216
0.017245
0.045578
0.602986
0.068050
0.013196
0.218974
0.097140
0.029401
0.015937
0.000000
0.032296
0.000000
0.021559
0.006112
0.993575
0.089335
0.009158
1.000000
0.029818
0.994690
0.003786
0.100712
0.025270
0.051721
0.270609
0.024121
0.119466
0.031030
0.009989
0.057876
0.138733
0.002526
0.042540
0.041739
0.051651
0.677860
0.032718
0.219238
0.119764
0.036231
0.964187
0.128978
0.016718
0.230367
0.998910
0.032385
0.002457
0.026262
0.948889
0.861347
0.710110
0.029184
0.001941
0.108736
0.008678
0.000854
0.021162
0.001295
0.024176
0.000000
0.044388
0.011055
0.926876
0.060351
0.179041
0.018589
0.005596
0.030960
0.013537
0.013115
0.228700
0.008608
0.003067
0.231829
0.004260
0.000000
0.106739
0.000000
0.464422
0.000000
0.051741
0.013748
0.000000
0.833509
0.000000
0.556014
0.127220
0.054348
0.016582
0.025583
0.053666
0.057503
0.013006
0.002607
0.941144
0.050970
0.339301
0.652367
0.485914
0.059305
0.004412
0.007496
0.025405
0.082659
0.036329
0.017003
0.032162
0.061942
0.040420
0.118453
0.421057
0.036861
0.050655
0.764145
0.269939
0.059186
0.046264
0.021603
0.129520
0.434108
0.763384
0.054490
0.007320
0.114113
0.013919
0.016502
0.033137
0.013767
0.001554
0.347894
0.023822
0.004665
0.066134
0.017225
0.006663
0.036624
0.131744
0.114901
0.037581
0.003203
0.538153
0.019238
0.032746
0.029907
0.024128
0.018716
0.242494
0.670261
0.024532
0.006847
0.037367
0.045167
0.163489
0.020197
0.058463
0.059140
0.751069
0.014436
0.000000
0.002934
0.085692
0.002752
0.138819
0.013926
0.015751
0.009188
0.535861
0.553251
0.007477
0.963694
0.003615
0.002101
0.024578
0.013211
1.000000
0.013637
0.035611
0.053008
0.339410
0.037168
0.967712
0.008755
0.018216
0.282706
0.382147
0.033729
0.098787
0.003793
0.542870
0.128963
0.017485
0.004339
0.999832
0.071754
0.461462
0.010265
0.051706
0.016360
0.014512
0.028708
0.517629
0.617834
0.039002
0.009935
0.068264
0.047197
0.969241
0.141910
0.022249
0.000000
0.010741
0.001844
0.001643
0.081063
0.028324
0.141032
0.002036
0.046820
0.002646
0.010787
0.011418
0.052407
0.000449
0.059491
0.003789
0.120308
0.084399
0.003519
0.952573
0.023998
0.754668
0.116477
0.039670
0.001663
0.024790
0.074725
0.002294
0.102013
1.000000
0.000000
0.002254
0.133425
0.011339
0.189021
0.002088
0.215012
0.070452
0.005741
0.016127
0.071250
0.010059
0.000496
0.012286
0.011543
0.013483
0.029246
0.094914
0.109568
0.003325
0.987912
0.001568
0.425302
0.504668
0.326528
0.998815
0.348809
0.037217
0.861302
0.030160
0.001097
0.003579
0.364295
0.009819
0.042957
0.054950
0.078930
0.022500
0.035131
0.025439
0.091270
0.026651
0.194605
0.000000
0.066979
0.806699
0.006960
0.230321
0.093204
0.009356
0.089554
0.213851
0.034853
0.085340
0.316071
0.000000
0.899450
0.013589
0.084309
0.024428
0.000000
0.045151
0.024513
0.040001
0.009169
0.001873
0.437554
0.022446
0.050702
0.743096
0.046833
0.009584
0.023297
0.010708
0.016100
0.020464
0.025877
0.604838
0.008189
0.001533
0.010591
0.014418
0.031082
0.999886
0.056109
0.020926
0.008606
0.026782
0.214318
0.094143
0.010229
0.004476
0.017643
0.019009
0.107436
0.941741
0.000000
0.009799
0.005517
0.091994
0.291347
0.144321
0.001893
0.024873
0.043198
0.003252
0.999993
0.144201
0.969258
0.010327
0.010139
0.195856
0.046234
0.028292
0.004148
0.003592
0.049627
0.049904
0.885793
0.005151
0.029413
0.061619
0.009011
0.002060
0.094235
0.018934
0.003377
0.010577
0.017291
0.005753
0.001967
0.071444
0.023778
0.657985
0.006549
0.001967
0.097631
0.144449
0.035596
0.056570
0.121920
0.068634
0.002788
0.091464
0.000000
0.201812
0.035791
0.005104
0.016294
0.020403
0.415611
0.014049
0.283964
0.001140
0.036626
0.041730
0.021111
0.013097
0.015881
0.002072
0.000000
0.539841
0.010602
0.002369
0.004227
0.086532
0.060842
0.005916
0.009903
0.320269
0.028646
0.008182
0.095290
0.071269
0.832577
0.094198
0.181052
0.174380
0.014352
0.252211
0.115959
0.005478
0.001803
0.010437
0.023602
0.000000
0.190883
0.004145
0.094532
0.004461
0.016131
0.047182
0.107609
0.185320
0.154545
0.065293
0.037784
0.025556
0.004181
1.000000
0.018247
0.111195
0.091702
0.293225
0.008896
0.005175
0.018267
0.037240
0.020219
0.446645
0.014215
0.237296
0.030508
0.073013
0.895071
0.000000
0.029056
0.000000
0.930556
0.740476
0.026252
0.003930
0.477799
0.002453
0.004691
0.000990
0.003801
0.179272
0.028434
0.141547
0.867628
0.176045
0.028123
0.025952
0.001951
0.107772
0.017528
0.000000
0.034040
0.315955
0.102155
0.010244
0.329836
0.468357
0.423909
0.972404
0.010692
0.025480
0.033889
0.010664
0.461703
0.029476
0.033827
0.014108
0.153767
0.004597
0.445857
0.002335
0.491069
0.001812
0.021182
0.000000
0.025898
0.054478
0.007872
0.000000
0.032145
0.911542
0.003158
0.010606
0.003724
0.775529
0.036546
0.062414
0.114159
0.099321
0.006090
0.019145
0.041697
0.010365
0.002431
0.021806
0.000000
0.192575
0.023874
0.009227
0.866836
0.020251
0.020450
0.001977
0.003164
0.005465
0.022869
0.531298
0.024755
0.091983
0.056817
0.004413
0.019553
0.039242
0.017442
0.805660
0.019999
0.010203
0.005791
0.007549
0.013687
0.229398
0.000000
0.000000
0.370421
0.924452
0.027518
0.136239
0.032983
0.389066
0.094797
0.968227
0.026637
0.006212
0.029738
0.228310
0.000000
0.013236
0.128601
0.108817
0.007617
0.006525
0.017251
0.033977
0.018882
0.082684
0.004588
0.019787
0.906290
0.534635
0.015176
0.000000
0.054756
0.016826
0.011194
0.331571
0.009934
0.017635
0.016097
0.005805
1.000000
0.020080
0.000695
0.005484
0.371274
0.011539
0.018180
0.025436
0.124003
0.000000
0.082888
0.012735
0.998197
0.065633
0.017540
0.005065
0.053944
0.000000
0.000000
0.024244
0.041448
0.015420
0.005240
0.010651
0.486643
0.010811
0.109486
0.068986
0.000853
0.535565
0.063358
0.858894
0.016721
0.007313
0.012089
0.002355
0.048386
0.049048
0.034938
0.163858
0.242326
0.083566
0.021765
0.000000
0.050474
0.998010
0.031961
0.020981
0.011134
0.167595
0.000000
0.002108
0.109560
0.005281
0.375878
0.019949
0.007351
0.026734
0.014265
0.019906
0.000000
0.000000
0.576734
0.005057
0.018126
0.003723
0.057834
0.069957
0.897742
0.030519
0.022871
0.082005
0.117680
0.781224
0.014650
0.094608
0.166624
0.003966
0.239058
0.086154
0.582924
0.025440
0.038839
0.172392
0.226250
0.000000
0.000000
0.116828
0.086032
0.000000
0.057857
0.002489
0.386763
0.017284
0.018267
0.008310
0.019937
0.533180
0.091411
0.002781
0.013072
0.003896
0.014730
0.014108
0.881408
0.005276
0.049291
0.243090
0.671640
0.631458
0.325045
0.575174
0.023850
0.111364
0.007006
0.092541
0.867874
0.060273
0.069844
0.029617
0.003242
0.007272
0.021257
0.077143
0.252922
0.374898
0.002109
0.022879
0.010686
0.557817
0.069946
0.004888
0.021744
0.057141
0.028345
0.009838
0.140313
0.043550
0.022427
0.010614
0.079600
0.141911
0.000000
0.001349
0.003532
0.171161
0.024354
0.053066
0.003048
0.021425
0.005400
0.035113
0.013366
0.217594
0.833659
0.024633
0.135214
0.022273
0.043901
0.033433
0.002249
0.000000
0.014845
0.086116
0.093284
0.317606
0.012408
0.448782
0.036311
0.976251
0.024598
0.257605
0.021791
0.081920
0.000000
0.034104
0.007000
0.000000
0.016625
0.026799
0.164281
0.178555
0.008219
0.001574
0.026763
0.663776
0.047100
0.026481
0.090057
0.334272
0.041144
0.378991
0.030120
0.018718
0.665425
0.041124
0.019689
0.271257
0.037982
0.004547
0.232601
0.000999
0.056532
0.004691
0.010945
0.012743
0.027563
0.058607
0.019799
0.014714
0.025018
0.003630
0.005497
0.009055
0.613402
0.010086
0.101704
0.019311
0.047470
0.086706
0.021629
0.032853
0.001057
0.216790
0.006671
0.779376
0.030028
0.000000
0.988267
0.715853
0.000195
0.205583
0.182413
0.025177
0.981973
0.004360
0.009202
0.354321
0.014268
0.250484
0.021195
0.006003
0.017082
0.010363
0.001974
0.442403
0.019920
0.003115
0.789428
0.135124
0.006407
0.006607
0.598658
0.000000
0.012813
0.276829
0.635801
0.999964
0.001957
0.006424
0.069057
0.010797
0.005556
0.056362
0.917200
0.011125
0.004924
0.017208
0.185305
0.009738
0.018503
0.006874
0.004123
0.007145
0.017599
0.860267
0.005564
0.475219
0.002459
0.032502
0.188075
0.024795
0.417975
0.013139
0.003422
1.000000
0.002743
0.084627
0.000559
0.178097
0.018956
0.638777
0.004329
0.014788
0.000521
0.408856
0.172500
0.202363
0.031803
0.035099
0.008162
0.077895
0.139478
0.000000
0.710575
0.035224
0.024061
0.091295
0.002020
0.999994
0.004920
0.004715
1.000000
0.002733
0.188648
0.007333
0.014389
0.004458
0.025285
0.583365
0.036439
0.008361
0.821750
0.014774
0.004358
0.085850
0.013209
0.027564
0.000000
0.019237
0.004350
0.146833
0.014491
0.049569
0.006408
0.011416
0.007602
0.175047
0.219856
0.009742
0.318794
0.003529
0.215059
0.023502
0.004641
0.066531
0.077458
0.026278
0.024724
0.033052
0.002686
0.057404
0.023281
0.001217
0.001687
0.004542
0.108034
0.043160
0.023769
0.047853
0.054987
0.992468
0.192304
0.001194
0.008396
0.021787
0.308150
0.020909
0.015063
0.001561
0.004094
0.119748
0.105053
0.001226
0.008118
0.046381
0.001046
0.337604
0.021309
0.004253
0.270571
0.152561
0.002061
0.000000
0.036929
0.846207
0.012875
0.008401
1.000000
0.001030
0.028509
0.009931
0.564104
0.102835
0.017606
0.011431
0.879583
0.038674
0.049616
0.004434
0.012559
0.999982
0.037560
0.020030
0.047138
0.001104
0.007520
0.010383
0.338029
0.005327
0.805988
0.001832
0.913460
0.000000
0.029620
0.010479
0.006382
0.092619
0.131042
0.000381
0.031804
0.006461
0.053380
0.816558
0.015281
0.168281
0.004023
0.416312
0.012831
0.002426
0.000707
0.010564
0.191807
0.079006
0.579912
0.009913
0.300895
0.260061
0.013785
0.704765
0.025840
0.049855
0.000964
0.052601
0.001219
0.027627
0.000627
0.002347
0.163371
0.030747
0.222125
0.685597
0.002885
0.051391
0.022588
0.147733
0.044222
0.013170
0.170078
0.013949
0.017882
0.066524
0.015249
0.202246
0.012564
0.026061
0.009358
0.005583
0.156662
0.004876
0.033356
0.004621
0.149956
0.262163
0.104517
0.223415
0.000000
0.020750
0.092883
0.141448
0.029722
0.009433
0.010062
0.118304
0.229648
0.010092
0.079157
0.027957
0.128147
0.093552
0.002494
0.005440
0.733585
0.002121
0.017075
0.000000
0.003201
0.010641
0.016957
0.037567
0.047289
0.081789
0.016074
0.109065
0.959143
0.416769
0.010900
0.003007
0.073210
0.330756
0.999952
0.025819
0.030692
0.018804
0.000000
0.203489
0.027679
0.026466
0.049246
0.002969
1.000000
0.064324
0.002972
0.005698
0.002024
0.027675
0.999981
1.000000
0.003356
0.155024
0.180873
0.000000
0.408499
0.003452
0.018161
0.052122
0.065495
0.012651
0.023942
0.004501
0.039021
0.186283
0.029403
0.154798
0.000729
0.273483
0.268722
0.998582
0.019730
0.021321
0.022869
0.006602
0.025558
0.031531
0.265097
0.010971
0.002866
0.290514
0.022101
0.089555
0.312923
0.059644
0.040762
0.004429
0.063461
0.016138
0.124126
0.000000
0.018191
0.026633
0.164596
0.012666
0.099727
0.000000
0.031527
0.648260
0.029170
0.020373
0.038004
0.031554
0.938306
0.004941
0.086881
0.042884
0.006978
0.003928
0.080753
0.094594
0.382884
0.027268
0.122442
0.042265
0.004102
0.006899
0.000000
0.004819
0.051277
0.023371
1.000000
0.008018
0.184763
0.195763
0.016787
0.184118
0.006826
0.006071
0.324420
0.537828
0.184534
0.053778
0.021254
0.005758
0.433457
0.021530
0.028057
0.026606
0.074211
0.000000
0.009621
0.000890
0.568769
0.013492
0.033257
0.022792
0.020425
0.073925
0.080391
0.003539
0.015631
0.017777
0.001682
0.051463
0.306530
0.328400
0.005499
0.001923
0.204400
0.006995
0.393921
0.800643
0.110262
0.024020
0.026537
0.088750
0.014149
0.010104
0.025323
0.018094
0.001661
0.014943
0.079334
0.264500
0.031059
0.063950
0.018263
0.037702
0.175938
0.007293
0.147858
0.059987
0.008142
0.007437
0.006037
0.003739
0.003150
0.008543
0.001812
0.028836
0.216014
0.023095
0.007531
0.003609
0.114420
0.159204
0.134276
0.075078
0.072061
0.003556
0.003682
0.129666
0.031439
0.000000
0.000107
0.106779
0.143130
0.011535
0.007393
0.008133
0.207819
0.002178
0.023079
0.035287
0.487875
0.008184
0.004498
0.608867
0.036276
0.013741
0.000000
0.012811
0.041215
0.002841
0.083188
0.390680
0.000000
0.024651
0.535736
0.075010
0.999982
0.066693
0.025382
0.000000
0.033103
0.069558
0.955894
0.293287
0.009702
0.003815
0.015436
0.292689
0.022575
0.016305
0.011543
0.983018
0.035110
0.001804
0.117792
0.017889
0.008983
0.006671
0.005097
0.007485
0.021665
0.039753
0.007752
0.078449
0.564365
0.004402
0.020964
0.029091
0.011094
0.002448
0.153082
0.064591
0.005002
0.003794
0.055919
0.282784
0.005695
0.298004
0.008263
0.000000
0.000000
0.790111
0.947704
0.005616
0.034727
0.002500
0.107403
0.002735
0.016275
0.010842
0.003078
0.016497
0.030176
0.000000
0.000000
0.036373
0.062542
0.004956
0.031035
0.205404
0.002848
0.040240
0.280043
0.002666
0.028627
0.015901
0.016314
0.027089
0.308660
0.018878
0.092510
0.043217
0.017785
0.014307
0.726799
0.004397
0.013381
0.058109
0.041219
0.126292
0.013911
0.008751
0.014060
0.014707
0.139057
0.000000
0.019164
0.013560
0.002697
0.648932
0.020475
0.043731
0.007386
0.000949
0.002665
0.007962
0.000000
0.011483
0.018240
0.006039
0.010407
0.381552
0.835448
0.005268
0.027874
0.999468
0.045705
0.974038
0.014422
0.975244
0.065662
0.066234
0.022257
0.145454
0.000923
0.002599
0.000000
0.024344
0.144637
0.063892
0.093486
0.023001
0.008852
0.005204
0.000000
0.040364
0.007131
0.044664
0.218639
0.995589
0.153205
0.254303
0.180263
0.025981
0.007532
0.399342
0.074973
0.008418
0.054468
0.190119
0.063920
0.010035
0.044940
0.002357
0.006164
0.006948
1.000000
0.941518
0.007549
0.000000
0.035975
0.020140
0.032282
0.165550
0.013058
0.029058
0.000000
0.128722
0.000590
0.039230
0.133726
0.052026
0.082159
0.008016
0.009104
0.039847
0.004598
0.030142
0.012987
0.895449
0.174703
0.081264
0.017206
0.029253
0.316119
0.105002
0.011433
0.807354
0.053670
0.000955
0.152992
0.357075
0.009325
0.003256
0.067050
0.011995
0.425485
0.016762
0.000423
0.000852
0.072172
0.005887
0.867077
0.040038
0.030477
0.016454
0.023255
0.084251
0.005621
0.021095
0.017789
0.009528
0.125755
0.005899
0.002037
0.621933
0.012007
0.000000
0.022677
0.652906
0.004381
0.002886
0.015064
0.841642
0.624923
0.007296
0.848811
0.013000
0.014385
0.145592
0.022525
0.000000
0.048030
0.006231
0.000000
0.007101
0.000000
0.015982
0.823454
0.006490
0.171472
0.000000
0.041895
0.008643
0.027460
0.045444
0.003136
0.710231
0.039427
0.047195
0.011192
0.008435
0.021822
0.041705
0.035810
0.002897
0.105896
0.001305
0.149097
0.003888
0.013106
0.847978
0.007922
0.993983
0.898403
0.007178
0.028586
0.026593
0.031005
0.261498
0.063653
0.004916
0.229245
0.945198
0.021944
0.009143
0.000251
0.011244
0.031706
0.104910
0.005118
0.000000
0.005973
0.045377
0.000679
0.067092
0.000000
0.000000
0.010299
0.005268
0.002972
0.616531
0.014703
0.000000
0.842935
0.085638
0.297274
0.003245
0.032257
0.085367
0.004293
0.000262
1.000000
0.037048
0.020538
0.049751
0.112052
0.036566
0.000000
0.049310
0.183521
0.642751
0.040593
0.000000
0.006623
0.083212
0.598304
0.000889
0.027679
0.103061
0.180999
0.275914
0.225909
0.005516
0.016758
0.018812
0.036292
0.006002
1.000000
0.040302
0.002228
0.003903
0.015149
0.025870
0.000802
0.010405
0.007123
0.012853
0.016664
0.028622
0.026425
0.001238
0.018303
0.012888
0.024507
0.004061
0.025681
0.194573
0.002701
0.036318
0.000000
0.003006
0.003148
0.237714
0.001943
0.007560
0.030786
0.007920
0.089465
0.003253
0.034795
0.083228
0.067634
0.003865
0.006464
0.222965
0.044091
0.015658
0.002258
0.018619
0.009528
0.009721
0.320585
0.016647
0.045082
0.009500
0.806356
0.126184
0.000000
0.004254
0.001830
0.020821
0.001697
0.002348
0.046036
0.041550
0.310882
0.002571
0.000000
0.019967
0.279281
0.003616
0.000000
0.000000
0.135040
0.005415
1.000000
0.091020
0.766993
0.013047
0.039567
0.010027
0.041509
0.999993
0.011070
0.015476
0.001769
0.350729
0.037576
0.010775
0.033362
0.017191
0.025060
0.017826
0.005647
0.029816
0.090551
0.044285
0.215372
0.081725
0.055893
0.012505
0.091408
0.019385
0.038619
0.012531
0.041428
0.002262
0.476696
0.000000
0.508374
0.098113
0.017068
0.001921
0.093584
0.000831
0.035260
0.015822
0.188727
0.348882
0.023920
0.007244
0.050364
0.015570
0.131346
0.008334
0.615126
0.032889
0.153778
0.017730
0.001554
0.013112
0.004325
0.016374
0.043330
0.007210
0.107948
0.034728
0.017827
0.026180
0.118959
0.016721
0.058017
0.009191
0.096436
0.004545
0.206116
0.008288
0.000515
0.001973
0.158737
0.016763
0.018973
0.086659
0.010833
0.025346
0.027076
0.016768
0.001249
0.186596
0.000437
0.002175
0.096928
0.003818
0.007990
0.020929
0.041487
0.024768
0.013485
0.070689
0.085139
0.014202
0.016742
0.046680
0.005090
0.013945
0.007253
0.012152
0.332237
0.008681
0.040557
0.014517
0.065429
0.025010
0.002952
0.382440
0.014622
0.034244
0.000876
0.574032
0.005153
0.043564
0.017122
0.036877
0.009715
0.002759
0.999999
0.005994
0.022325
0.008794
0.001945
0.012229
0.003045
0.017952
0.146443
0.024655
0.003553
0.065884
0.000719
0.027653
1.000000
0.805735
0.106898
0.010740
0.002907
0.016948
0.120622
0.005980
0.016673
0.005149
0.076252
0.013859
0.012362
0.001560
0.012953
0.005679
0.006501
0.000559
0.009541
0.310423
0.005558
0.339969
0.019349
0.000000
0.032567
0.949884
0.008828
0.078155
0.266083
0.000000
0.129765
0.278331
0.134181
0.003420
0.004311
0.013628
0.000000
0.092519
0.075973
0.015918
0.064188
0.015773
0.008761
0.005314
0.119235
0.200136
0.043763
0.053229
0.020298
0.010240
0.013294
0.015881
0.044568
0.383355
0.003658
0.002132
0.990722
0.996305
0.072431
0.019331
0.052070
0.110391
0.024115
0.002796
0.066857
0.053829
0.000000
0.922878
0.013925
0.064540
0.007018
0.096123
0.013983
0.000983
0.028501
0.087743
0.008176
0.050305
0.146459
0.024419
0.036501
0.000000
0.020054
0.003629
0.008107
0.077653
0.083899
0.084651
0.001092
0.004029
0.019417
0.178867
0.019628
0.024238
0.045726
0.001539
0.117781
0.015143
0.003612
0.050774
0.050601
0.078758
0.027475
0.052931
0.080667
0.038966
0.140863
0.006809
0.002335
0.033875
0.007917
0.008565
0.004180
0.036670
0.036321
0.004883
0.077848
0.004313
0.351412
0.017364
0.058661
0.000349
0.451277
0.002469
0.097453
0.426826
0.022527
0.017950
0.033955
0.889469
0.370941
0.025265
0.072848
0.070413
0.004746
0.011362
0.014961
0.058569
0.634140
0.079472
0.079445
0.001845
0.035092
0.019287
0.010020
0.230012
0.002436
0.010065
0.000000
0.000000
0.012436
0.000934
0.023270
0.118955
0.020035
0.018384
0.000000
0.230226
0.108014
0.097823
0.000000
0.017078
0.009466
0.001168
0.033168
0.035447
0.078407
0.004512
0.001668
0.965700
0.502476
0.419893
0.929662
0.561341
0.137778
0.044745
0.006621
0.058512
0.011248
0.013287
0.000000
0.006024
0.170829
0.183678
0.095981
0.159905
0.005006
0.004149
0.052302
0.028845
0.181337
0.602485
0.319067
0.622914
0.000000
0.085529
0.066965
0.526885
0.066718
0.008126
0.161950
0.004899
0.116404
0.094576
1.000000
0.025709
0.004523
0.002806
0.011902
0.004626
0.492252
0.024081
0.021675
0.937413
0.013083
1.000000
0.022755
0.002513
0.247024
0.700003
0.005567
0.149218
0.015976
0.983208
0.003771
0.118723
0.170781
0.027759
0.000000
0.009970
0.019148
0.018773
0.449628
0.048470
0.000000
0.004679
0.000000
0.007534
0.084298
0.010681
0.504239
0.613552
0.009692
0.098339
0.047640
0.007839
0.103495
0.394995
0.047069
0.000000
0.006686
0.079574
0.324211
0.070419
0.038841
0.018811
0.015943
0.045576
0.725736
0.007568
0.010740
0.095394
0.007405
0.155371
0.048721
0.109065
0.035304
0.262096
0.071995
0.018538
0.595485
0.004036
0.000000
0.007792
0.009692
0.014790
0.000000
0.089676
0.712143
0.126228
0.037949
0.014714
0.000000
0.023659
0.259071
0.040907
0.007242
0.331382
0.243328
0.001626
0.030294
0.129153
0.477462
0.039581
0.000000
0.049098
0.074842
0.070576
0.000000
0.006483
0.880924
0.080594
0.002117
0.037903
0.107069
0.003225
0.035149
0.060669
0.135922
0.001193
0.002463
0.059115
0.009803
0.673766
0.019929
0.003237
0.762145
0.030291
0.030239
0.043204
0.019046
0.108876
0.005429
0.002843
0.006186
0.029919
0.050050
0.004126
0.123078
0.184029
0.008717
0.008894
0.017649
0.723437
0.011292
0.013776
0.915075
0.016505
0.014082
0.000000
0.835389
0.009949
0.010144
0.124941
0.009343
0.008390
0.021734
0.009752
0.026920
0.080122
0.129902
0.016028
0.002906
0.046652
0.609120
0.695727
0.008968
0.805108
0.004719
0.000000
0.009919
0.974652
0.000812
0.051050
0.003658
0.011667
0.012704
0.051568
0.006847
0.074049
0.040933
0.727864
0.028554
0.016246
0.996317
0.001816
0.352472
0.060577
0.041727
0.033651
0.016338
0.033041
0.146533
0.087152
0.564837
0.569116
0.242295
0.021162
0.049571
0.042750
0.134286
0.995680
0.004132
0.091603
0.000494
0.618586
0.210875
0.340882
0.002036
0.006173
0.104574
0.020595
0.108597
0.003667
0.025308
0.004162
0.000552
0.004144
0.121155
0.025457
0.017545
0.008473
0.999676
0.004532
0.027040
0.019546
0.047208
0.042205
0.987821
0.974467
0.000000
0.008495
0.426303
0.021960
0.499778
0.174326
0.003515
0.741245
0.006368
0.005682
0.035690
0.266048
0.999396
0.002915
0.006371
0.019047
0.061114
0.054274
0.031566
0.004576
0.601532
0.016865
0.002123
0.004791
0.006666
0.014508
0.434730
0.062929
0.108670
0.062018
0.022969
0.000000
0.996658
0.000000
0.529319
0.020601
0.254980
0.002384
0.183166
0.054210
0.014256
0.007174
0.025674
0.783401
0.042813
0.044956
0.019149
0.009253
0.999932
0.016846
0.009227
0.300740
0.015184
0.100606
0.044661
0.085493
0.024739
0.016518
0.630694
0.564674
0.000000
0.027836
0.240663
0.158541
0.000000
0.015346
0.001914
0.006285
0.005257
0.050815
0.002206
0.002665
0.007251
0.000000
0.150998
0.009066
0.009795
0.008509
0.011651
0.007545
0.007761
0.001720
0.160276
0.326047
0.004205
0.130139
0.001422
0.005729
0.015828
0.010918
0.028957
0.011235
0.046170
0.033663
0.040645
0.022604
0.101844
0.043353
0.003388
0.089374
0.016621
0.000000
0.020949
0.022828
0.000000
0.036526
0.127479
0.011095
0.001634
0.072489
0.275098
0.003328
0.788749
0.016228
0.035204
0.002160
0.001551
0.027685
0.013770
0.073397
0.047262
0.071703
0.973087
0.002016
0.082780
0.008836
0.039373
0.015391
0.011098
0.260150
0.233479
0.069561
0.009775
0.510725
0.038183
0.337587
0.056470
0.020967
0.024478
0.080639
0.048179
0.004964
0.017854
0.007173
0.105095
0.070457
0.006753
0.028406
0.534816
0.069899
0.027177
0.835704
0.148338
0.000000
0.002896
0.097827
0.142566
0.279641
0.978415
0.156794
0.016854
0.407689
0.003321
0.007643
0.142030
0.001794
0.469241
0.073573
0.840308
0.001101
0.105606
0.002818
0.004047
0.010371
0.000000
0.018041
0.022083
0.018997
0.746968
0.004505
0.154139
1.000000
0.000803
0.044220
0.001954
0.435345
0.019153
0.078217
0.013116
0.010258
0.043033
1.000000
0.002476
0.035291
1.000000
0.002555
0.001913
0.012121
0.249357
0.008384
0.030454
0.001422
0.000000
0.016032
0.001373
0.014373
0.754529
0.169167
0.151645
0.173842
0.012068
0.859550
0.014294
0.008057
0.029457
0.001697
0.007973
0.999675
0.003873
0.003029
0.970810
0.002062
0.010828
0.004043
0.051535
0.613084
0.187478
0.009595
0.012863
0.502701
0.020218
0.041475
0.143043
0.016140
0.000000
0.082502
0.000000
0.204393
0.971725
0.017261
0.239906
0.015480
0.903521
0.355792
0.019928
0.342526
0.506221
0.009547
0.015501
0.017529
0.003564
0.000407
0.000000
0.062757
0.005687
0.517499
0.022416
0.060859
0.017711
0.688274
0.007297
0.045598
0.055066
0.004351
0.002219
0.018482
0.077383
0.104379
0.005737
0.013429
0.055837
0.007100
0.014031
0.041457
0.001472
0.010043
0.426987
0.003445
0.012630
0.008798
0.003557
0.001884
0.000000
0.010312
0.050091
0.000000
0.040381
0.387134
0.168968
0.026363
0.005657
0.003403
0.022232
0.074992
0.259016
0.004448
0.035184
0.000000
0.803341
0.038082
0.005283
0.035248
0.018409
0.001159
0.000000
0.941513
0.009238
0.153448
0.056647
0.893366
0.107534
0.000000
0.025366
0.009126
0.000684
0.819810
0.013597
0.038564
0.024938
0.013866
0.003008
0.003150
0.045038
0.294951
0.813692
0.382088
0.013406
0.006744
0.007608
0.058866
0.019840
0.359341
0.005628
0.000000
0.219616
0.019796
0.010566
0.044584
0.119890
0.825464
0.000000
0.014299
0.185629
0.002779
0.121981
0.004489
0.008005
0.014466
0.016098
0.056149
0.042706
0.045715
0.060724
0.067796
0.001008
0.012447
0.035085
0.106521
0.023669
0.007925
0.033263
0.002895
0.031594
0.017141
0.846361
0.006792
0.039478
0.303288
0.147293
0.745072
1.000000
0.458037
0.009453
0.011211
0.011858
0.012241
0.006055
0.000489
0.017985
0.002325
0.003728
0.223709
0.000000
0.027414
0.945915
0.617714
0.981069
0.879062
0.005488
0.437912
0.151881
0.038860
0.009714
0.052630
0.138762
0.000309
0.048318
0.033333
0.005569
0.000000
0.000000
0.001142
0.051067
0.016490
0.908301
0.000000
0.059741
0.016301
0.004754
0.078758
0.003860
0.014871
0.005421
0.033514
0.088154
0.027381
0.021148
0.003163
0.465940
0.008959
0.090548
0.011905
0.999841
0.010222
0.330115
0.080658
0.067127
0.066906
0.079161
0.004479
0.009083
0.064456
0.957994
0.196311
0.024118
0.000410
0.999875
0.169525
0.039680
0.000000
0.003273
0.008766
0.012264
0.005862
0.002775
0.095450
0.031909
0.482771
0.001482
0.052071
0.002822
0.010569
0.200589
0.222570
0.672021
0.001373
0.909161
0.026890
1.000000
0.103062
0.682166
0.021797
0.032019
0.216074
0.053550
0.046624
0.094003
0.000872
0.005057
0.019934
0.005084
0.013129
0.000000
0.006142
0.003282
0.069260
0.036292
0.404364
0.022169
0.029985
0.149270
0.008370
0.960727
0.982254
0.182628
0.028865
1.000000
0.461972
0.082341
0.188473
0.011025
0.243353
0.048466
0.130740
0.135902
0.000000
0.126228
0.300233
0.197537
0.007322
0.000197
0.040321
0.005663
0.008561
0.004536
0.002956
0.007760
0.032825
0.009875
0.009610
0.236666
0.026672
0.338034
1.000000
0.040037
0.021785
0.025109
0.013925
0.050474
0.049770
0.999992
0.433944
0.000000
0.277317
0.132221
0.200192
0.067114
0.060069
0.007236
0.009879
0.135513
0.012244
0.035873
0.092135
0.008284
0.011618
0.023703
0.023775
0.010859
0.009972
0.005451
0.017169
0.021368
0.060617
0.744468
0.093936
0.060952
0.009273
0.088557
0.045725
0.004028
0.002577
0.020467
0.000676
0.504712
0.002676
0.001477
0.997252
0.002396
0.004811
0.983089
0.000000
0.008466
0.022782
0.051030
0.123237
0.001788
0.002429
0.004067
0.001855
0.018515
0.069700
0.784693
0.906342
0.009916
0.017844
0.155615
0.039820
0.242804
0.035941
0.009215
0.274202
0.054622
0.329850
0.016616
0.024957
0.028178
0.018831
0.081567
0.399793
0.445774
0.590096
0.432395
0.001549
0.050942
0.014962
0.000403
0.001671
0.015223
0.131297
0.044689
0.018691
0.003099
0.008571
0.005087
0.001704
0.131003
0.081087
0.048605
0.007702
0.001118
0.018180
0.006333
0.008427
0.314019
0.001188
0.007244
0.004113
0.097644
0.116927
0.208569
0.019860
0.001818
0.009914
0.609310
0.050361
0.000617
0.012458
0.323075
0.027777
0.999993
0.021417
0.018673
0.000920
0.034936
0.005091
0.007217
0.122632
0.059200
0.009194
0.006978
0.057301
0.179165
0.094734
0.004772
0.009641
0.049357
0.336268
0.003057
0.029300
0.358979
0.015655
0.001526
0.098756
0.006706
0.002809
0.002401
0.043656
0.989848
0.000000
0.022690
0.263472
0.000000
0.024385
0.002475
0.009507
0.109107
0.001234
0.043754
0.020924
0.128622
0.115552
0.009391
0.133285
0.105083
0.009799
0.034117
0.857645
0.698468
0.006349
0.029026
0.001529
0.072611
0.040201
0.027900
0.045899
0.008699
0.003992
0.000000
0.063566
0.999913
0.001783
0.036914
0.082804
0.088503
0.042341
0.024261
0.012923
0.175055
0.011665
0.012333
0.002360
0.000000
0.000000
0.002630
0.032570
0.017240
0.002030
0.001060
0.014863
0.017632
0.001597
0.046826
0.132630
0.096339
0.980812
0.125695
0.004137
0.003166
0.866788
0.021023
0.383295
0.004527
0.025333
0.008513
0.140859
0.026514
0.001594
0.002316
0.015232
0.000000
0.009945
0.003995
0.009840
0.033210
0.005576
0.050597
0.010629
0.001446
0.018589
0.591549
0.012479
0.050563
0.037232
0.016740
0.540068
0.017096
0.009509
0.004388
0.519904
0.095189
0.005140
0.000000
0.009466
0.000000
0.005328
0.003636
0.005726
0.003759
0.011244
0.297142
0.044495
0.034644
0.029215
0.019472
0.694186
0.002231
0.000000
0.085123
0.271267
0.805835
0.003418
0.018842
0.003287
0.010953
0.431696
0.035484
0.029268
0.010222
0.553649
0.009839
0.000000
0.235012
0.997508
0.003905
0.043460
0.053843
0.031866
0.011123
0.000738
0.032996
0.039651
0.053398
0.304013
0.001701
0.274102
0.011187
0.002658
0.173667
0.195545
0.018958
0.013488
0.021675
0.004161
0.101679
0.013128
0.002111
0.111752
0.000000
0.089408
0.002772
0.034413
0.037399
0.037753
0.024032
0.945729
0.964658
0.014909
0.000351
0.004464
0.001674
0.011745
0.999995
0.020687
0.017708
0.380768
0.364302
0.001313
0.348424
0.168200
0.018389
0.016630
0.011404
0.012604
0.089529
0.019434
0.285557
0.380111
0.001125
0.086321
0.287808
0.999917
0.000800
0.000000
0.200912
0.041735
0.861317
0.011538
0.008501
0.001173
0.843084
0.016873
0.083972
0.025365
0.003862
0.457436
0.017287
0.003049
0.013732
0.101700
0.236205
0.035080
0.011655
0.035959
0.006123
0.299568
0.088693
0.112759
0.000000
0.087285
0.006049
0.000932
0.080025
0.067393
0.012398
0.005102
0.939965
0.232379
0.000000
0.010308
0.015557
0.127047
0.015729
0.018517
0.028402
0.730081
0.216316
0.126966
0.000754
0.036320
0.004150
0.079728
0.116845
0.034382
0.095895
0.066888
0.006866
0.062805
0.125164
0.015096
0.014568
0.000000
0.003356
0.014405
0.002413
0.941642
0.037954
0.015566
0.007051
0.004777
0.337626
0.101156
0.078604
0.014547
0.001055
1.000000
0.046295
0.917126
0.006610
0.012767
0.026269
0.004242
0.018178
0.010356
0.008347
0.014856
0.004029
0.000749
0.008975
1.000000
0.107701
0.007762
0.009230
0.004353
0.003173
0.082058
0.000000
0.650805
0.038943
0.148338
0.009400
0.027069
0.035590
0.008903
0.116666
0.185967
0.029847
0.059433
0.999998
0.064802
0.760538
0.189591
0.049460
0.033025
0.010813
0.461974
0.039605
0.065090
0.007849
0.008532
0.018348
0.040333
0.014739
0.009357
0.230115
0.074372
0.010692
0.019468
0.751374
0.057187
0.006862
0.001061
0.105916
0.000887
0.016679
0.017795
0.008376
0.375791
0.002806
0.012913
0.017202
0.252703
0.022241
0.007237
0.065050
0.017309
0.000000
0.011230
0.606560
0.081895
0.077155
0.040050
0.323754
0.014997
1.000000
0.006830
0.010553
0.011059
0.034054
0.016176
0.006778
0.001331
0.005440
0.024689
0.998763
0.027528
0.016144
0.255254
0.017317
0.000000
0.042918
0.005795
0.136819
0.008686
0.135513
0.366625
0.000000
0.038261
0.075317
0.128065
0.013743
0.287893
0.007266
0.008054
0.250342
0.021753
0.048700
0.021296
0.013823
0.000629
0.009120
0.081748
0.008881
0.463151
0.113349
0.007316
0.006939
0.372336
0.000708
0.099176
0.125780
0.034363
0.002637
0.018248
0.053135
0.193976
0.323030
0.008655
0.006273
0.017229
0.997936
0.000000
0.525700
0.019317
0.003732
0.994468
0.000000
0.005137
0.261715
0.004272
0.036296
0.043188
0.639721
0.005828
0.108555
0.107263
0.975023
0.116744
0.001921
0.033846
0.087395
0.773766
0.138222
0.980091
0.302059
0.090315
0.023822
0.001725
0.049289
0.105047
0.017278
0.002224
0.080888
0.000191
0.001948
0.051412
0.095057
0.013530
0.035663
0.038235
0.026306
0.008672
0.482338
0.014065
0.006048
0.000000
0.065064
0.002774
0.000000
0.046790
0.782556
0.000000
0.674297
0.000000
0.924501
0.004635
0.037842
0.190825
0.086997
0.999997
0.021350
0.749918
0.044399
0.552610
0.002264
0.000913
0.300944
0.004227
0.035991
0.027740
0.658711
0.092135
0.001065
0.007798
0.023939
0.013002
0.213348
0.001721
0.028705
0.008728
0.005527
0.011324
0.001968
0.012390
0.139765
0.015467
0.000000
0.007876
0.107466
0.685889
0.023341
0.031682
1.000000
0.007195
0.101571
0.092487
0.015752
0.008344
0.234690
0.084665
0.018276
0.000983
0.864403
0.020969
0.024013
0.001425
0.015209
0.022030
0.169316
0.062376
0.152423
0.902403
0.870204
0.035524
0.153962
0.355524
0.102838
0.046476
0.000000
0.950491
0.033991
0.025257
0.109774
0.985046
0.292411
0.809155
0.049051
0.087169
0.002207
0.351922
0.001435
0.002780
0.001873
0.996821
0.012218
0.092380
0.006195
0.059002
0.003571
0.008267
0.019720
0.152211
0.235012
0.006772
0.029498
0.121095
0.348414
0.013494
0.150157
0.264176
0.011537
0.029432
0.019426
0.968394
0.130525
0.028094
0.065122
0.051557
0.000000
0.009309
0.038957
0.019311
0.202897
0.047984
0.008699
0.974644
0.068024
0.003094
0.005225
0.400943
0.025964
0.012700
0.006758
0.108130
0.034792
0.022002
0.024808
0.006455
0.050569
0.003572
0.043996
0.006044
0.078393
0.096524
0.710828
0.002201
0.013652
0.190892
0.000000
0.931733
0.046585
0.017224
0.653435
0.026132
0.843759
0.002458
0.026427
0.007540
0.004612
0.149057
0.021011
0.328691
0.029641
0.003666
0.008879
0.037245
0.029043
0.003743
0.022450
0.011542
0.022787
0.000784
0.317133
0.026620
0.050467
0.025030
0.143229
0.367854
0.008360
0.029324
0.009254
0.012611
0.043876
0.000265
0.079378
0.000936
0.031894
0.368670
0.000956
0.059911
0.099318
0.054696
0.003401
0.007829
0.084543
0.001389
0.148638
0.002595
0.033563
0.973351
0.019312
0.020259
0.042730
0.000000
0.281646
0.101466
0.076755
0.013190
0.012463
0.181264
0.033931
0.005334
0.025646
0.034340
0.112231
0.441002
1.000000
0.005252
0.080181
0.999997
0.135213
0.099611
0.001068
0.153201
0.732160
0.009662
0.493081
0.004074
0.000000
0.052782
0.000000
0.013155
0.185596
0.000686
0.000559
0.024107
0.434614
0.085145
0.017570
0.066379
0.009698
0.085503
0.048370
0.885289
0.143762
0.697546
0.000000
0.010769
0.093081
0.001499
0.039231
0.020885
0.000000
0.007720
0.049600
0.033508
1.000000
0.350811
0.049447
0.003933
0.012735
0.004080
0.678705
0.022237
0.355665
0.008450
0.019043
0.054314
0.073654
0.000792
0.216264
0.002738
0.042987
0.170930
0.118531
0.169779
0.020259
0.000000
0.004418
0.002257
0.004541
0.010794
0.579645
0.009625
0.011275
0.079021
0.018320
0.022054
0.029424
0.011058
0.124312
0.021812
0.049507
0.539016
0.032829
0.006798
0.025113
0.000701
0.001792
0.009411
0.999206
0.041222
0.009464
0.601112
0.975932
0.038725
0.008695
0.081433
0.028638
0.019437
0.006467
0.002210
0.023015
0.584867
0.028030
0.029747
0.000000
0.002719
0.072108
0.129967
0.001399
0.055373
0.821717
0.003766
0.023594
0.005296
0.265599
0.937477
0.226281
0.010045
0.076382
0.067873
0.039871
0.047946
0.001350
0.045077
0.302477
0.000000
0.026595
0.002723
0.728996
0.041349
0.012054
0.944341
0.029052
0.051669
0.000330
0.038461
0.011591
0.020937
0.069117
0.004100
0.126640
0.007484
0.025756
0.002982
0.016026
0.685021
0.868717
0.086152
0.001129
0.008969
0.646018
0.004042
0.005271
0.004726
0.007022
0.080947
0.025766
0.221882
0.089233
0.000000
0.075312
0.000000
0.025139
0.028577
0.000000
0.008095
0.015025
0.962864
0.051574
0.304498
0.000000
0.007970
0.084637
0.433350
0.026403
0.015813
0.013620
0.009252
0.019985
0.745288
0.193159
0.000000
0.197831
0.006223
0.006183
0.765118
0.181652
0.000876
1.000000
0.084827
0.024335
0.007266
0.015700
0.000000
0.004884
0.281506
0.949640
0.002113
0.051690
0.524624
0.001885
0.059687
0.016232
0.041379
0.032208
0.219486
0.999417
0.000000
0.049516
0.020005
0.009862
0.573860
0.001344
0.004494
0.079648
0.509364
0.004282
0.003293
0.014172
0.001200
0.002983
0.039318
0.020206
0.018986
0.000096
0.270060
0.045208
0.062665
0.051448
0.233418
0.097289
0.003804
0.075991
0.025500
0.410518
0.003078
0.106094
0.010354
0.020011
0.058451
0.017183
0.156937
0.003671
0.084889
0.029778
0.857258
0.949553
0.005353
0.037694
0.057975
0.005725
0.048622
0.045460
0.004317
0.013184
0.031020
0.631552
0.000000
0.001500
0.017810
0.999991
0.015341
0.021198
0.005179
0.004544
0.008805
0.039043
1.000000
0.063103
0.009355
0.001246
0.001016
0.003204
0.129449
0.034454
0.592874
0.073055
0.050783
0.078566
0.135904
0.353213
0.006452
0.022487
0.004542
0.000000
0.024066
0.000000
0.068999
0.015451
0.011064
0.111966
0.177500
0.001043
0.462265
0.126597
0.003882
0.522774
0.014807
0.127795
0.004223
0.008636
0.007856
0.053339
0.968284
0.000000
0.042957
0.000000
0.027080
0.007386
0.235685
0.001660
0.004383
0.097233
0.070312
0.005688
0.151760
0.052838
0.047770
0.000000
0.008170
0.046114
0.009417
0.004047
0.002000
0.227582
0.007247
0.053049
0.070021
0.030449
0.000000
0.011884
0.002670
0.008476
0.220036
0.000000
0.012573
0.025330
0.062176
0.063641
0.006791
0.009695
0.002506
0.002625
0.069238
0.010484
0.002253
0.048846
0.016608
0.000000
0.845951
0.999946
0.004823
0.015637
0.040339
0.010757
0.704434
0.001799
0.025764
0.106398
0.020494
0.000000
0.002185
0.119237
0.040157
0.048103
0.030016
0.062548
0.014393
0.043409
0.609655
0.996082
0.000000
0.008868
0.016879
0.012027
0.001579
0.015463
0.121118
0.029498
0.052921
0.022802
0.045485
0.111674
0.012147
0.215282
0.008314
0.000352
0.421926
0.001204
0.003948
0.997673
0.228860
0.047984
0.006138
0.047175
0.181431
0.025475
0.020784
0.032914
0.001877
0.036522
0.030726
0.016812
0.008358
0.048752
0.063621
0.000000
0.048214
0.479498
0.256151
0.004909
0.374213
0.582735
0.042095
0.040467
0.058206
0.015491
0.002753
0.051864
0.035659
0.001049
0.043335
0.325058
0.001951
0.025191
0.000000
0.056882
0.999872
0.088204
0.004872
0.167790
0.086466
0.024797
0.002488
0.067847
0.017125
0.015260
0.028439
0.001122
0.000576
0.082592
0.001607
0.001569
0.019119
0.089869
0.074660
0.019253
0.031815
0.023442
0.076624
0.000000
0.037844
0.099658
0.044100
0.012976
0.000000
0.991844
0.013456
0.003190
0.923535
0.019372
0.000000
0.035263
0.075607
0.085280
0.024149
0.012832
0.009376
0.021447
0.033904
0.093092
0.013136
0.177728
0.002145
0.041378
0.826843
0.073003
0.001879
0.005000
0.037942
0.902128
0.095596
0.005481
0.084123
0.045121
0.073159
0.021186
0.010564
0.017517
0.022384
0.108752
0.026726
0.006910
0.066624
0.003330
0.009179
0.057713
0.121700
0.000000
0.000000
0.005698
0.104183
0.997943
0.003822
0.005260
0.007426
0.032288
0.002812
0.000657
0.005308
0.987717
0.834975
0.033127
1.000000
0.118054
0.001727
0.018360
0.025729
0.089665
0.044623
0.336663
0.000000
0.000577
0.090605
0.037171
0.009646
0.049255
0.000000
0.948351
0.035719
0.066324
0.099360
0.020453
0.010043
0.001295
0.023511
0.015931
0.018239
0.005507
0.041379
0.090431
0.029660
0.022698
0.051763
0.010607
0.000000
0.014187
0.004037
0.000756
0.008947
0.022443
0.011827
0.046314
0.049234
0.006194
0.000000
0.016899
0.018856
0.008825
0.047583
0.399206
0.062763
0.077366
0.050559
0.033953
0.001295
0.008782
1.000000
0.008986
0.999205
0.000000
0.019544
0.027483
0.215506
0.011374
0.012032
0.408233
0.001422
0.070644
0.000000
0.023000
0.098639
0.002683
0.047555
0.001368
0.018545
0.848599
0.042476
0.020006
0.037264
0.031314
0.001464
0.000000
0.069213
0.394317
0.014204
0.010008
0.114475
0.011006
0.003389
0.000000
0.000000
0.093023
0.016436
0.570369
0.026948
0.787931
0.004089
0.018365
0.002791
0.001977
0.081734
0.000000
0.076744
0.019329
0.988923
0.008309
0.012268
0.017881
0.018428
0.382302
0.101644
0.108946
0.167641
0.178459
0.029551
0.983602
0.038227
0.330396
0.039059
0.009282
0.006251
0.057705
0.999995
0.011085
0.060005
0.944951
0.009287
0.035371
0.057347
0.060095
0.000875
0.006233
1.000000
0.110450
0.612582
0.085314
0.082294
0.046637
0.997461
0.021214
0.014365
0.022990
0.003390
0.098661
0.955497
0.086977
0.011518
0.002972
0.109189
0.005609
0.121231
0.003642
0.259225
0.003506
0.040826
0.131936
0.008215
0.031177
0.000000
0.074209
0.020239
0.035202
0.071865
0.052514
0.365300
0.048580
0.012870
0.104992
0.019112
0.005989
0.019455
0.012746
0.004421
0.096098
0.017871
0.005419
0.009750
0.005481
0.045507
0.048917
0.008243
0.000000
0.010470
0.027507
0.036238
0.895495
0.006214
0.010586
0.016623
0.001883
0.006488
0.013952
0.048030
0.474287
0.751100
0.040476
0.085828
0.001372
0.005974
0.004250
0.044161
0.032212
0.045444
0.007936
0.000000
0.000000
0.054559
0.024828
0.002295
0.146635
0.002532
0.004109
0.143068
0.012284
0.007366
0.005190
0.026752
0.002423
0.068865
0.121395
0.003910
0.009955
0.056064
0.265472
0.111996
0.026039
0.001683
0.000554
0.161856
0.037259
0.007198
0.034298
0.193175
0.054121
0.008421
0.112980
0.037808
0.023680
0.060890
0.022494
0.118673
0.063299
0.004932
0.140679
0.037772
0.999996
0.003066
0.158147
0.000000
0.017930
1.000000
0.004531
0.001173
0.004310
0.021513
0.007874
0.007211
0.073279
0.008993
0.007658
0.044760
0.000000
0.004965
0.063660
0.010348
0.009569
0.999576
0.000000
0.000000
0.130404
0.130556
0.241382
0.054251
0.026709
0.018350
0.017564
0.000000
0.412080
0.000000
0.011158
0.049883
0.081971
0.105181
0.382799
0.000000
0.001888
0.600651
0.300981
0.003256
0.000000
0.014762
0.128224
0.277420
0.016148
0.015757
0.977711
0.007383
0.089544
0.018472
0.018912
0.003317
0.309549
0.039635
0.043361
0.331749
0.458067
0.321750
0.134909
0.007509
0.020492
0.147035
0.161265
0.108177
0.024002
0.529094
0.052583
0.003863
0.008600
0.016245
0.012091
0.011271
0.001674
0.057402
0.003721
0.034555
0.057427
0.007980
0.000000
0.002927
0.029136
0.033784
0.573399
0.025525
0.028365
0.000000
0.019461
0.120291
0.026662
0.077565
0.288933
1.000000
0.155825
0.651445
0.409182
0.009451
0.560734
0.077140
0.334273
0.025964
0.002678
0.040996
0.028193
0.015277
0.161026
0.003460
0.776365
0.029800
0.007204
0.010627
0.058972
0.001494
0.555157
0.014933
0.120797
0.025535
0.139613
0.034522
0.000367
0.998818
0.054033
0.001273
0.035570
0.608466
0.810009
0.036694
0.014226
0.176121
0.011535
0.999996
0.004049
0.032587
0.136625
0.733488
0.029092
0.000000
0.458081
0.003712
0.077609
0.027579
0.007987
0.030286
0.002741
0.025209
0.002003
0.019459
0.265930
0.848115
0.013392
0.000000
0.224313
0.537750
0.000000
0.538606
0.000000
0.007671
0.968080
0.484196
0.001862
0.665763
0.544344
0.396087
0.072275
0.334091
0.077605
0.904453
0.004015
0.145875
0.320415
0.125871
0.020809
0.020365
0.025109
0.003478
0.018569
0.016883
0.331080
0.016833
0.013895
0.005157
0.000867
0.360953
0.123340
0.236538
0.002652
0.843498
0.016990
0.010713
0.015434
0.763560
0.331601
0.120294
0.134696
0.130736
0.002135
0.018081
0.008630
0.922467
0.004831
0.922889
0.004861
0.014824
0.069957
0.009022
0.022799
0.013207
0.012319
0.169390
0.033653
0.027154
0.038889
0.005994
0.007229
0.034301
0.009358
0.058122
0.132391
0.084338
0.000000
0.005896
0.126985
0.004275
0.022622
0.037133
0.014305
0.103190
0.021464
0.000000
0.997856
0.462066
0.228542
0.046542
0.009236
0.779801
0.137116
0.006801
0.031969
0.039833
0.011378
0.000526
0.042709
0.011328
0.017255
0.014733
1.000000
0.210273
0.771264
0.027999
0.033337
0.077778
0.002897
0.004367
0.097213
0.064026
0.009903
1.000000
0.022241
0.250874
0.001100
0.101232
0.996956
0.109004
0.032202
0.000914
0.207583
0.010223
0.267665
0.375166
0.021292
0.039384
0.016016
0.100068
0.102703
0.160956
0.004005
0.431079
0.000972
0.016023
0.149487
0.545414
0.021063
0.173538
0.011537
0.974412
0.003794
0.000000
0.045104
0.002881
0.031116
0.000000
0.006231
0.009338
0.204100
0.005531
0.010801
0.008033
0.026753
0.052788
0.014214
0.001773
0.041971
0.205183
0.175241
0.032715
0.001581
0.076913
0.850493
1.000000
0.019642
0.031032
0.149191
0.432888
0.000000
0.946390
0.007574
0.029532
0.000000
0.240326
0.025596
0.002222
0.163135
0.045507
0.871925
0.022163
0.004307
0.000966
0.007252
0.006889
0.001856
0.005316
0.011400
0.013899
0.170661
0.612610
0.184061
0.044262
0.000000
0.014833
0.004464
0.006444
0.082331
0.073883
0.005243
0.000000
0.946520
0.016968
0.043535
0.072104
0.008527
0.004994
0.000000
0.000000
0.125335
0.042470
0.011527
0.013702
0.000796
0.032927
0.141720
1.000000
0.000633
0.009979
0.039338
0.669240
0.006810
0.153542
0.044064
0.002654
0.002220
0.544283
0.026131
0.021443
0.007533
0.004944
0.025949
0.000000
0.028066
0.074265
0.004675
0.021467
0.000487
0.102502
0.012930
0.000000
0.078051
0.000104
0.011879
0.000000
0.010598
0.010627
0.010758
0.010704
0.012666
0.074185
0.027508
0.001526
0.001091
0.006837
0.085013
0.055513
0.026063
0.032746
0.053047
0.006902
0.010053
0.003155
0.009321
0.873039
0.004723
0.002439
0.888484
0.319501
0.561070
0.000000
0.000974
0.015818
0.005998
0.005296
0.051744
1.000000
0.026300
0.006629
0.019104
0.000538
0.049270
0.042408
0.002443
0.012989
0.025205
0.142991
0.152574
0.457803
0.023529
0.002638
0.023767
0.260697
0.078739
1.000000
0.154036
0.055423
0.008581
0.041993
0.030712
0.031240
0.044493
0.201961
0.003353
0.151009
0.022338
0.016378
0.172512
0.034520
0.982524
0.001544
0.009224
0.171322
0.802338
0.031247
0.004970
0.000000
0.008205
0.022488
0.000916
0.729475
0.752513
0.023296
0.003467
0.047413
0.201960
0.642951
0.011611
0.026947
0.000000
0.007379
0.040431
0.177622
0.015800
0.004608
0.012717
0.024959
0.013625
0.002259
0.044607
0.194678
0.831543
0.010492
0.401426
0.910245
0.009027
0.007480
0.003356
0.999973
0.028612
0.012820
0.009565
0.011764
0.026971
0.004891
0.025547
0.000000
0.004929
0.145257
0.002806
0.041501
0.999999
0.005373
0.002404
0.042795
0.009173
0.092000
0.087279
0.053316
0.063880
0.016452
0.012263
0.056501
0.001808
0.037018
0.066358
0.017007
0.002906
0.008033
0.892245
0.003538
0.005052
0.045326
0.121873
0.000000
0.012397
0.480873
0.003951
0.054340
0.091568
0.122277
0.031931
0.030174
0.297336
0.023983
0.014052
0.007582
0.013406
0.017116
0.997355
0.237690
0.076520
0.069365
0.002412
0.058734
0.309381
0.087172
0.008256
1.000000
0.120532
0.117072
0.531354
0.148469
0.009911
0.156475
0.005710
0.055299
0.014625
0.098167
0.111375
0.014552
0.024591
0.030080
0.000000
0.135422
0.020834
0.075747
0.004906
0.005348
0.005686
0.062070
0.002951
0.068783
0.009735
0.181013
0.967132
0.006094
0.001404
0.016887
0.588782
0.001347
0.108435
0.985667
0.066545
0.115107
0.002174
0.960517
0.018808
0.027838
0.333764
0.002284
0.014126
0.018442
0.072444
0.039597
0.010505
0.027583
0.020033
0.042366
0.018558
0.041697
0.018870
0.288582
0.001148
0.000943
0.023988
0.002760
0.028787
0.000776
0.008690
0.011677
0.213497
0.000000
0.004368
0.001836
0.777645
0.000000
0.035646
0.079437
0.942289
0.007179
0.070116
0.001089
0.027746
0.155218
0.499807
0.001136
0.442282
0.020673
0.025638
0.003635
0.998964
0.007673
0.039286
0.067515
0.159975
0.067017
0.015643
0.031599
0.008736
0.002774
0.006023
0.014199
0.014744
0.003544
0.600379
0.000552
0.004073
0.612213
0.628562
0.589306
0.051503
0.003307
0.043610
0.999174
0.008745
0.004790
0.019876
0.040568
0.117105
0.015874
0.185568
0.015355
0.006889
0.005157
0.262929
0.002306
0.017693
0.021118
0.010705
0.021624
1.000000
0.041872
0.001544
0.000000
0.016075
0.206933
0.086218
0.108726
0.616956
0.517566
0.021801
0.000000
0.289088
0.005073
0.021409
0.089025
0.326207
0.019754
0.136132
0.011814
0.008917
0.129314
0.108648
0.004855
0.131562
0.182727
0.011814
0.001400
0.120660
0.032736
0.008809
0.105383
0.015351
0.017773
0.058034
0.075183
0.302576
0.002442
0.037226
0.005653
0.009942
0.002720
0.028579
0.006000
0.059840
0.061269
0.031858
0.020114
0.006236
0.334519
0.010694
0.033809
0.027360
0.005390
0.017849
0.001765
0.137214
0.002443
0.003038
0.249651
0.948358
0.217147
0.013438
0.226869
0.460202
0.000000
0.007964
0.126933
0.000000
0.006658
1.000000
0.002099
0.000724
0.000268
0.032817
0.473083
0.141731
0.035744
0.017979
0.053957
0.000000
0.055125
0.149372
0.011053
0.277199
0.453141
0.004776
0.030448
0.087380
0.001155
0.042790
0.268418
0.150581
0.047471
0.196976
0.856409
0.081703
0.008157
0.289419
0.009888
0.004177
0.358544
0.004598
0.024094
0.009026
0.200951
0.000000
0.027667
0.052991
0.027825
0.036472
0.009187
0.020508
0.001490
0.001106
0.041827
0.000000
0.894155
0.112327
0.107761
0.002229
0.111874
0.048155
0.023387
0.026340
0.044422
0.030726
0.057510
0.113250
0.041789
0.047633
0.022550
0.003332
0.003828
0.115049
0.407524
0.008947
0.111023
0.006977
0.007723
0.020298
0.000000
0.022635
0.046386
0.000000
0.403176
0.001774
0.012224
0.040791
0.006337
0.009250
0.053691
0.188751
0.080584
0.006182
0.006572
0.026915
0.125997
0.000751
0.030974
0.009248
0.001077
0.041598
0.523136
0.008113
0.018672
0.415920
0.002708
0.988195
0.004427
0.000000
0.078492
0.063273
0.026479
0.022624
0.069745
0.030622
0.130007
0.058992
0.008074
0.000600
0.680262
0.115836
0.045050
0.000000
0.040119
0.004897
0.097926
0.000000
0.305882
0.005933
0.005959
0.088248
0.000000
0.738477
0.440881
0.008016
0.000000
0.006166
0.000000
0.000592
0.027504
0.066717
0.241465
0.284538
0.075139
0.096507
0.022785
0.025112
0.012466
0.270979
0.002887
0.202944
0.007734
0.000554
0.040858
0.010050
0.014301
0.392492
0.019700
0.150367
0.201695
0.899842
0.000000
0.159065
0.999855
0.341869
0.000000
0.000000
0.032968
0.002526
0.004694
0.020736
0.003175
0.006642
0.020448
0.002079
0.016289
0.004670
0.050589
0.000000
0.011582
0.018925
0.016036
0.000000
0.177387
0.086346
0.007172
0.066897
0.013341
0.007073
0.002202
0.075164
0.001068
0.008935
0.109697
0.263571
0.012761
0.019090
0.005450
0.364239
0.038150
0.495481
0.054354
0.024850
0.008655
0.033212
0.070347
0.055914
0.849055
0.371395
0.004761
0.003220
0.001521
0.018572
0.001622
0.078923
0.044713
0.026884
0.002055
0.000000
0.935012
0.168305
0.019560
0.022979
0.703897
0.018153
0.037410
0.000000
0.010693
0.004907
0.026036
0.002274
0.115782
0.017405
0.002307
0.021181
0.131766
0.019835
0.254143
0.005259
0.138053
0.011104
0.023007
0.968131
0.008190
0.053514
0.000000
0.992934
0.428089
0.128886
0.022534
0.030122
0.002893
1.000000
0.006186
0.003639
0.004516
0.367923
0.190560
0.359362
0.000000
0.239488
0.002836
0.063269
0.014759
0.026027
0.034599
0.022587
0.016144
0.117669
0.006395
0.011264
0.000000
0.071616
0.035475
0.004992
0.045484
0.428722
0.002820
0.005963
0.076155
0.161112
0.027153
0.999735
0.007624
0.000000
0.003674
0.998141
0.106228
0.026519
0.221744
0.086709
0.003202
0.002883
0.000000
0.422339
0.051463
0.006028
0.045174
0.019235
0.024917
0.020431
0.150442
0.066841
0.012242
0.032670
0.882073
0.002463
0.026631
0.016112
0.177085
0.032535
0.335739
0.000000
0.008290
0.143657
0.037710
0.018794
0.015098
0.006971
0.299953
0.025383
0.000617
0.011214
0.001771
0.131386
0.023143
0.073100
0.002161
0.006185
0.000000
0.030411
0.000000
0.014745
0.001633
0.246150
0.036162
0.000000
0.003766
0.015684
0.029592
0.101969
0.022507
0.028027
0.015203
0.008248
0.956691
0.059919
0.744310
0.049705
0.012093
0.055707
0.090736
0.012592
0.007513
0.087347
0.525183
0.005651
0.000000
0.023601
0.040539
0.002044
0.011371
0.000990
0.015329
0.000000
0.276624
0.002130
0.001101
0.064118
0.004043
0.322904
0.818620
0.032673
0.019372
0.013095
0.063181
0.018514
0.306707
0.018548
0.021073
0.116122
0.002219
0.000000
0.000000
0.027489
0.025809
0.295744
0.086359
0.004171
1.000000
0.067478
0.128651
0.003853
0.085516
1.000000
0.075012
0.056301
0.797715
0.000000
0.252249
0.040286
0.001721
0.046926
0.272469
0.956457
0.004381
0.030177
0.019194
0.377889
0.496958
0.048945
0.057018
0.147881
0.000000
0.003117
0.996454
0.011979
0.012766
0.000000
0.018736
0.031849
0.006178
0.094054
0.999998
0.000905
0.012328
0.000000
0.012316
0.080510
0.021528
0.012782
0.035830
0.001488
0.004992
0.299148
0.006596
0.043810
0.013046
0.090149
0.000000
0.038027
0.175796
0.000864
0.026879
0.029552
0.446251
0.101507
0.031088
0.170783
0.021531
0.011215
0.078816
0.507713
0.000659
0.071982
0.003873
0.000771
0.049562
0.024326
0.116345
0.252449
0.005699
0.004483
0.139192
0.368159
0.000470
0.039605
0.789731
0.007845
0.000573
0.000000
0.044719
0.289278
0.049038
0.708633
0.911926
0.022991
0.026704
0.025684
0.000000
0.127606
0.017262
0.003151
0.009553
0.039135
0.004808
0.220683
0.000000
0.985271
0.027602
0.035465
0.022108
0.000000
0.115968
0.017271
0.027237
0.026666
0.006673
0.248051
0.018191
0.318064
0.198551
0.000000
0.014159
0.053607
0.018664
0.005414
0.068651
0.416333
0.043185
0.015288
0.091006
0.963841
0.255451
0.014850
0.002901
0.101609
0.999881
0.082691
0.062774
0.004726
0.008135
0.058005
0.057588
0.001116
0.478849
0.234343
0.024000
0.001642
0.348900
0.013399
0.000000
0.053977
0.011877
0.127331
0.100387
0.126888
0.028493
0.008708
0.244131
0.098284
0.002034
0.057413
0.013350
0.020168
0.043841
0.037629
0.006132
0.008923
0.016659
0.285029
0.552009
0.003465
0.007371
0.054716
0.050602
0.000000
0.009742
0.000425
0.003936
0.007417
0.014699
0.547976
0.010439
0.021889
0.009598
0.903639
0.092027
0.007855
0.005987
0.030537
0.136320
0.004821
0.012996
0.341053
0.001803
0.000000
0.005881
0.001562
0.001104
0.086510
0.012985
0.007528
0.157602
0.013402
0.201292
0.006066
0.049806
0.154981
0.797411
0.054214
0.415256
0.000000
0.016841
0.120800
0.001849
0.011509
0.021953
1.000000
0.045114
0.006149
0.041714
0.056011
0.036209
0.093201
0.251259
0.296713
1.000000
0.924883
0.006892
0.001170
0.046625
0.044352
0.097307
0.059625
0.004517
0.003010
0.012029
0.000000
0.015488
0.381845
0.230196
0.012524
0.010690
0.131841
0.197347
0.072501
0.008827
0.004153
0.000883
0.303562
1.000000
0.009621
0.424931
0.008404
0.700846
0.013588
0.555929
0.029526
0.016427
0.000000
0.024926
0.174005
0.023640
0.029610
0.022485
0.259040
0.000000
0.009009
0.225385
0.011501
0.003269
0.002410
0.004593
0.999992
0.046479
0.081101
0.029742
0.004638
0.007640
0.017232
0.000000
0.082382
0.294732
0.052704
0.008369
0.625697
0.251762
0.008254
0.001282
0.002537
0.000000
0.007138
0.001703
0.099551
0.000995
0.004803
0.000000
0.028134
0.011251
0.053875
0.002199
0.011770
0.024867
0.006243
0.000000
0.010136
0.626724
0.010229
0.000000
0.005572
0.003353
0.023993
0.001752
0.201771
0.649331
0.004402
0.003555
0.204738
0.023677
0.007729
0.000000
0.000680
0.102080
0.010682
0.048757
0.006077
0.852673
0.016640
0.119229
0.006996
0.014558
0.000000
0.000000
0.011898
0.014331
0.015968
0.000000
0.446466
0.023900
0.007815
0.184614
0.004165
0.021613
0.101177
0.035911
0.372532
0.015301
0.001537
0.014430
0.004008
0.000000
0.010686
0.025147
0.002381
0.175862
0.011151
0.968207
0.003618
0.002024
0.001017
0.015879
0.999965
0.003035
0.003106
0.002464
0.017745
0.009794
0.001416
0.033021
0.073012
0.037638
0.029680
0.084035
0.178422
0.030356
0.003060
0.011253
0.146126
0.086896
0.024725
0.163099
0.132650
0.034909
0.062004
0.575077
0.006156
0.015422
0.487000
0.001719
0.058721
0.047975
0.035162
0.019896
0.013468
0.012723
0.000000
0.012867
0.096891
0.035359
1.000000
0.569899
0.438895
0.004279
0.001009
0.240903
0.995553
0.454312
0.982358
0.084284
0.011104
0.026616
0.191647
0.082348
0.013226
0.003163
0.005958
0.002854
0.961095
0.057125
0.659786
0.003162
0.751589
0.010125
0.009198
0.025521
0.000000
0.050353
0.040030
0.003120
0.035770
0.577664
0.948856
0.002045
0.396539
0.001682
0.352489
0.022757
0.012110
0.114309
0.084964
0.055733
0.632042
0.997109
0.097952
0.017650
0.067235
0.344737
0.012002
0.025422
0.304582
0.039996
0.043711
0.055740
0.062356
0.004789
0.419983
0.020786
0.010499
0.999385
0.034082
0.380344
0.216921
0.213008
0.002749
0.545581
0.044374
0.748231
0.329114
0.332737
0.081086
0.008851
0.000687
0.016392
0.145164
0.000000
0.000000
0.007463
0.002222
0.177345
0.002464
0.295358
0.041605
0.056524
0.033000
0.003887
0.035383
0.009319
0.013469
0.000000
0.057772
0.005365
0.011198
0.910241
0.028387
0.040273
0.359683
0.064460
0.750112
0.199880
0.021247
0.765310
0.852743
0.924087
0.999933
0.044492
0.002345
0.021153
0.100179
0.000000
0.026292
0.008015
0.338214
0.004800
0.009177
0.154491
0.075253
0.002908
0.017927
0.999999
0.018969
0.157995
0.001081
0.068471
0.087289
0.009956
0.014579
0.113140
0.008202
0.000861
0.003606
0.429474
0.078654
0.021715
0.029484
0.013055
0.075756
0.007855
0.006313
0.004736
0.014247
0.009036
0.001435
0.007635
0.019919
0.032893
0.000000
0.415364
0.002392
0.000031
0.984329
0.011335
0.083961
0.020140
0.146154
0.524558
0.011367
0.067818
0.001801
0.006597
0.021266
0.030970
0.015008
0.321253
0.114317
0.884609
0.103593
0.027030
0.141351
0.013317
0.220393
0.003871
0.001056
0.094387
0.313214
0.022324
0.010492
0.007523
0.245206
0.999540
0.358166
0.012606
0.272503
0.449296
0.146549
0.038837
0.000000
0.000000
0.048377
0.001408
0.000000
0.002432
0.008236
0.010406
0.468564
0.017123
0.034617
0.413310
0.012755
0.020152
0.021557
0.026614
0.113280
0.227011
0.031830
0.000292
0.290935
0.420335
0.005965
0.328908
0.158654
0.013064
0.010941
0.017362
0.017205
0.656633
0.621182
0.070116
0.325279
0.004711
0.839392
0.267793
0.009226
1.000000
0.014079
0.015755
0.004720
0.134220
0.912451
0.393183
0.006210
0.015559
0.005679
0.023219
0.003066
0.004464
0.090896
0.631817
0.008239
0.014977
0.211333
0.027652
0.017099
0.053175
0.002541
0.000000
0.000000
0.863240
0.026214
0.035040
0.014416
0.009703
0.012101
0.038791
0.002882
0.000000
0.944599
0.000000
0.010795
0.340301
0.018145
1.000000
0.038914
0.010481
0.028601
0.019426
0.194735
0.028548
0.021855
0.202524
0.065943
0.242103
0.001684
0.007949
0.002695
0.011484
0.033833
0.017184
0.002658
0.269523
0.023322
0.029822
0.007848
0.007080
0.000000
0.024571
0.000000
0.335908
0.688003
0.090782
0.001993
0.018898
0.003584
0.537044
0.610549
1.000000
0.000893
0.250068
0.002740
0.002191
0.071377
0.015414
0.113565
0.016364
0.106764
0.022717
0.251568
0.005719
0.074307
0.354591
0.005616
0.995299
0.000000
0.044526
0.122897
0.369248
0.106609
0.063847
0.394379
0.006924
0.005638
0.102457
0.066459
0.909603
0.013994
0.015691
0.143218
0.834322
0.008238
0.078245
0.000000
0.037642
0.044370
0.081737
0.015936
0.013805
0.008439
0.015380
0.003139
0.084608
0.318789
0.009323
0.017516
0.037754
0.011064
0.124707
0.081564
0.025316
0.999982
0.038516
0.468541
0.007007
0.005740
0.005613
0.000000
0.020846
0.019086
0.154227
0.139294
0.055786
0.631914
0.881700
0.071969
0.099391
0.005276
0.097173
0.002194
0.009373
0.976077
0.002961
0.016079
0.024131
0.050208
0.000773
0.773772
0.001093
0.003859
0.001108
0.003381
0.798766
0.049943
0.445615
0.000000
0.000653
0.071788
0.004307
0.021805
0.953897
0.027247
0.042997
0.001991
0.373008
0.075064
0.010324
0.016593
0.165604
0.094534
0.226296
0.626986
0.023009
0.031418
0.130175
0.674305
0.076503
0.577018
0.002624
0.002526
0.375602
1.000000
0.035343
0.606688
0.044827
0.003413
0.002470
0.046662
0.143479
0.043947
0.005485
0.005141
0.017975
0.054583
0.082958
0.000000
0.001855
0.002396
0.138201
0.003114
0.002532
0.006421
0.009266
0.558080
0.242226
0.071891
0.046518
0.016989
0.128562
0.499521
0.016546
0.983001
0.039036
0.104797
0.021639
0.048716
0.021580
0.047929
0.429323
0.007465
0.025678
0.137435
0.017560
0.063698
0.423340
0.000569
0.025147
0.008195
0.020602
0.046721
0.175800
0.038582
0.011681
0.065316
0.892242
0.006336
0.015351
0.006275
0.063880
0.898268
0.009540
0.083145
0.971592
0.047058
0.008365
0.007611
1.000000
0.009789
0.056449
0.735067
0.020799
0.021693
0.110876
0.044840
0.003793
0.069585
0.033134
1.000000
0.004351
0.000000
0.140186
0.000000
0.009459
0.308574
0.122149
0.362983
0.022969
0.012510
0.084617
0.194986
0.002740
0.024528
0.025193
0.002780
0.149546
0.584463
0.002070
0.078513
0.025124
0.004134
0.495113
0.023502
0.003883
0.006638
0.905119
0.086055
0.038634
0.998416
0.018488
0.018180
0.648105
0.011816
0.031705
0.004899
0.011403
0.014104
0.021087
0.545960
0.001740
0.000757
0.027000
1.000000
0.110645
0.011910
0.006123
0.103744
0.004650
0.053269
0.419176
0.061962
0.372152
0.147463
0.012888
0.056992
0.049989
0.008375
0.035181
0.000000
0.037819
0.017803
0.000000
0.010617
0.004628
0.001786
0.084147
0.040452
0.859547
0.000000
0.019768
0.041960
0.023213
0.050506
0.397337
0.024580
0.133883
0.008192
0.025810
0.000000
0.999987
0.000000
0.043504
0.055269
0.727549
0.002963
0.038605
0.024911
0.043936
0.000000
0.003524
0.046302
0.007409
0.006872
0.095727
0.209663
0.005528
0.021544
0.107216
0.001490
0.205949
0.002446
0.001808
0.685168
0.025605
0.015114
0.028221
0.002267
0.000000
0.017104
0.022414
0.002880
0.025637
0.026979
0.208389
0.028719
0.036708
0.578842
0.083175
0.034430
0.044567
0.006565
0.415492
0.053344
0.176913
0.450918
0.137406
0.024790
0.014999
0.036764
0.598601
0.000000
0.001306
0.108825
0.030274
0.000000
0.044851
0.000000
0.057232
0.018895
0.011498
0.650263
0.000828
0.063830
0.252737
0.013995
0.008556
0.026804
0.002273
0.050975
0.033046
0.004622
0.011342
0.941252
0.004877
0.020141
0.089188
0.002178
0.010293
0.000745
0.042373
0.265984
0.146433
0.004041
0.003852
0.999986
0.313892
0.030479
0.002295
0.001992
0.009531
0.409450
0.000000
0.036410
0.001873
0.072485
0.000000
0.022252
0.074779
0.003936
0.000000
0.127545
0.496487
0.000962
1.000000
0.023505
0.012870
0.008963
0.014466
0.009749
0.081317
0.000981
0.055498
0.001701
0.845363
0.035437
0.009355
0.047065
0.061695
0.226558
0.231061
0.098084
0.063052
0.179604
0.004102
0.021111
0.028008
0.016164
0.003268
0.019556
0.770770
0.103239
0.023990
0.835678
0.025561
0.049090
0.031049
0.154822
0.028528
0.249247
0.016392
0.038399
0.034563
0.005122
0.001950
0.069759
0.383309
0.043568
0.200172
0.019526
0.024526
0.445572
0.179609
0.175654
0.065848
0.439175
0.002184
0.141647
0.341837
0.074862
0.008635
0.021923
0.048106
0.004206
0.444226
0.301068
0.003972
0.040987
0.067495
0.005755
0.012227
0.019528
0.011077
0.008430
0.028167
0.067029
0.012663
0.011306
0.054221
0.026899
0.023825
0.010128
0.032627
0.126811
0.029166
0.071983
0.060066
0.001690
0.021256
0.024834
0.158525
0.076681
1.000000
0.002156
0.000184
0.112910
0.002113
0.036734
0.078704
0.633693
0.075328
0.581795
0.014498
0.028746
0.009715
0.007083
0.031387
0.078987
0.016554
0.222274
0.025245
0.031536
0.050925
0.801393
0.007292
0.020252
0.051913
0.000000
0.042642
0.052583
0.158054
0.033584
0.000000
0.002313
0.010893
0.069302
0.009827
0.013073
0.017160
0.015427
0.085789
0.016176
0.405374
0.018867
0.007071
0.027104
0.018190
0.053007
0.020537
0.000000
0.097503
0.044450
0.025297
0.573100
0.086927
0.028931
0.043844
0.182198
0.001803
0.351624
0.518755
0.007005
0.028839
0.002097
0.001665
0.001205
0.046833
0.057747
0.070528
0.829669
0.022748
0.545459
0.046725
0.116936
0.020815
0.011399
0.049186
0.000000
0.502284
0.023476
0.028353
0.037847
0.000000
0.006147
0.012793
0.001144
0.069242
0.143964
0.005097
0.000396
0.025144
0.014331
0.013083
0.149528
0.003974
0.013350
0.136557
0.010924
0.010162
0.079390
0.560269
0.092199
0.105239
0.009026
0.000000
0.023190
1.000000
0.000475
0.125854
0.006059
0.016828
0.002416
0.015156
0.086585
0.003378
0.205440
0.799879
0.102446
0.021072
0.142778
0.031615
0.120948
0.070602
0.241561
0.114475
0.730411
0.007681
0.014216
0.181811
0.283062
0.041576
0.039204
0.026859
0.903031
0.009599
0.014598
0.099280
0.008307
0.806553
0.426944
0.002998
0.021505
0.029296
0.060985
0.024197
0.312756
0.063220
0.002909
0.132485
0.640208
0.003151
0.112451
0.995834
0.001257
0.372990
0.999997
0.223767
0.090323
0.040475
0.035457
0.553948
0.000000
0.668684
0.043034
0.039330
0.023843
0.022184
0.124262
0.003106
0.822272
0.171988
0.000000
0.070383
0.005165
0.031543
0.000000
0.000000
0.004988
0.000000
0.001218
0.022085
0.005494
0.034781
0.085784
0.030206
0.103234
0.000000
0.478786
0.209514
0.002788
0.147896
0.029129
0.043326
0.251621
0.013273
0.111293
0.003111
0.769476
0.222792
0.003665
0.001993
0.061095
0.121854
0.043919
0.035268
0.010650
0.005190
0.007364
0.824900
0.063861
0.004285
0.668220
0.000000
0.054897
0.000000
0.963113
0.007705
0.418136
0.000000
0.003270
0.077699
0.055277
0.011406
0.002409
0.060761
0.039252
0.022263
0.004716
0.017796
0.053944
0.040745
0.029062
0.024440
0.023704
0.354389
0.006316
0.000000
0.007756
0.009259
0.082385
0.005431
0.016674
0.070709
0.023492
0.047920
0.006691
0.003680
0.286475
0.001041
0.755620
0.001552
0.000000
0.156865
0.098154
0.000862
0.337773
0.072692
0.085306
0.012210
0.000000
0.126964
0.255329
0.059460
1.000000
0.823828
0.018870
0.007088
0.041572
0.023160
0.022740
0.000000
0.140760
0.011878
0.000000
0.007310
0.105962
0.099872
0.006388
0.033160
0.104073
0.004049
0.017871
0.000000
0.002730
0.013694
0.401596
0.001194
0.017826
0.006674
0.068398
0.227191
0.399884
0.014911
0.014927
0.111021
0.016713
0.992083
0.019010
0.013719
0.908856
0.015258
0.119780
0.001489
0.013556
0.184354
0.965746
0.127205
0.006662
0.007041
0.006630
0.014343
0.027673
0.226445
0.234974
0.024046
0.331505
0.038597
0.105638
0.382198
0.250334
0.623455
0.013733
0.022214
0.004198
0.343890
0.000000
0.945812
0.093565
0.092465
0.017731
0.078523
0.044268
0.896822
0.006982
0.029778
0.016218
0.015635
0.000339
0.000844
0.008252
0.132073
0.029770
0.050455
0.007835
0.008465
0.157916
0.801156
0.843577
1.000000
0.005219
0.036820
0.002721
0.359305
0.005150
0.056394
0.004907
0.296944
0.004226
0.006518
0.037495
0.014510
0.110695
0.018984
0.541027
0.010127
0.006198
0.113748
0.014668
0.033250
0.055849
0.013352
0.090754
0.010950
0.117899
0.045602
0.157878
0.000000
0.725510
0.059232
0.415976
0.004427
0.085313
0.388878
0.306484
0.284203
0.015255
0.007943
0.028511
0.701234
0.086588
0.116750
0.032539
0.923636
0.037475
0.009080
0.188802
0.019170
0.307250
0.005570
0.943173
0.146431
0.162901
0.017034
0.215313
0.017748
0.144591
0.510040
0.044723
0.041014
0.013310
0.071405
0.029449
0.048300
0.349469
0.085640
0.020822
0.108665
0.011433
0.027039
0.022065
0.982786
0.069118
0.089587
0.028501
0.029377
0.046628
0.018149
0.354336
0.008897
0.960184
0.008078
0.003158
0.910362
0.918419
0.013862
0.030829
0.738730
0.018032
0.095147
0.151224
0.109880
0.003352
0.048210
0.073769
0.068408
0.000809
0.036988
0.000000
0.029395
0.027780
0.005802
0.875939
0.523363
0.008092
0.002727
0.228962
0.007865
0.740283
0.001838
0.917805
0.028614
0.108189
0.006593
0.702898
0.067088
0.410720
0.004755
0.002059
0.046915
0.169583
0.002419
0.016855
0.001266
0.000805
0.048931
0.007417
0.022481
0.088005
0.010255
0.143057
1.000000
0.019594
0.199111
0.039914
0.161390
0.114305
0.001758
0.011573
0.029675
0.089546
0.008173
0.095168
0.026988
0.028972
0.017189
0.039685
0.001707
0.007933
0.022474
0.000000
0.062666
0.002592
0.071797
0.017638
0.027490
0.215096
0.428095
0.005519
0.026297
0.040709
0.097101
0.006744
0.003015
0.995175
0.033001
0.110151
0.017035
0.023634
0.011986
0.000000
0.026525
0.103802
0.004503
0.008348
0.021140
0.459114
0.041424
0.005841
0.004762
0.011089
0.002864
0.000000
0.010756
0.207223
0.011066
0.008985
0.295612
0.000000
0.469191
0.028124
0.066575
0.000324
0.108385
0.005752
0.704421
0.028925
0.523130
0.034498
0.127725
0.222408
0.017621
1.000000
0.028072
0.021375
0.064443
0.009449
0.006372
0.064998
0.023250
0.019034
0.012771
0.010713
0.026513
0.031284
0.015444
0.185866
0.166062
0.024652
0.073913
0.001145
0.000000
0.999213
0.051934
0.041805
0.082748
0.009159
0.016788
0.002505
0.015254
0.063459
0.012313
0.054859
0.104704
0.018475
0.057360
0.001893
0.049559
1.000000
0.807697
0.304498
0.003664
0.306848
0.030256
0.138567
0.000593
0.014942
0.000610
0.999899
0.047216
0.007794
0.000000
0.001234
0.902918
0.005978
0.013684
0.051991
0.000000
0.011134
0.128217
0.560869
0.001444
0.017223
0.000000
0.803329
0.190944
0.007861
0.082256
0.068592
1.000000
0.150190
0.999994
0.021252
0.027458
0.160408
0.138086
0.031260
0.049044
0.057423
0.042062
0.038710
0.016141
0.004740
0.001158
0.967615
0.030690
0.003030
0.337397
0.149369
0.042839
0.676867
0.020173
0.012516
0.000000
0.102146
0.267555
0.059715
0.013182
0.001721
0.009330
0.000000
0.009636
0.020474
0.026584
0.002948
0.230462
0.036536
0.010584
0.891684
0.008145
0.016703
0.047817
0.116228
0.050431
0.042563
1.000000
0.087964
0.791301
0.010868
0.001683
0.000000
0.999955
0.000000
0.133994
0.314019
0.913877
0.030196
0.047205
0.139155
0.071525
0.008935
0.010212
0.348191
0.004676
0.000000
0.062850
0.017958
0.036015
0.025993
0.075800
0.241080
0.025351
0.006724
0.013644
0.036141
0.004780
0.019633
0.025490
0.017002
0.007335
0.039994
0.584007
0.037719
0.206947
0.053740
0.007567
0.002280
0.001440
0.079715
0.054383
0.160475
0.033765
0.824308
0.035045
0.347355
0.002863
0.064793
0.028668
0.000613
0.086505
0.044375
0.016195
0.009220
0.088046
0.004180
0.051375
0.006597
0.024380
0.017896
0.039821
0.009760
0.008333
0.003975
0.277234
0.079630
0.005671
0.674124
0.000000
0.058915
0.003480
0.000000
0.038755
0.012531
0.349043
0.040352
0.001167
0.000957
0.011720
0.230593
0.439303
0.000986
0.059960
0.113471
0.077494
0.009842
0.035857
0.000853
0.006847
0.012783
0.004084
0.229648
0.117150
0.097855
0.009695
0.137654
0.409986
0.023900
0.075171
0.000000
0.049939
0.024230
0.067956
0.007369
0.358908
0.020156
0.029016
0.053311
0.026556
0.000000
0.024311
0.131154
0.140979
0.058211
0.217840
0.002240
0.030672
0.011806
0.027970
0.055486
0.016075
0.535757
0.004378
0.004660
0.000000
0.097450
0.007086
0.024077
0.063962
0.023896
0.042712
0.001674
0.126727
0.187702
0.069035
0.070668
0.704083
0.027245
0.651563
0.001479
0.426477
0.433769
0.000981
0.024251
0.739835
0.000000
0.016384
0.017163
0.024959
0.013750
0.029511
0.004253
0.013232
0.039526
0.014826
0.113285
0.401380
0.000000
0.003384
0.016569
0.156566
0.281886
0.055416
0.031190
0.020316
0.113599
0.067476
0.006154
0.005874
0.674562
0.272561
0.034214
0.022051
0.007485
0.002724
0.031515
0.025111
0.042047
0.034731
0.012830
0.034104
0.000000
0.722792
0.003802
0.012481
0.006036
0.056703
0.067470
0.019062
0.741622
0.005805
0.002140
0.017096
0.014937
0.023636
0.145297
0.064456
0.067309
0.001626
0.080334
0.086206
0.007104
0.000000
0.017662
0.005205
0.019737
0.075096
0.007168
0.001612
0.994378
0.021016
0.015882
0.000000
0.030937
0.080144
0.040991
0.001135
0.055586
0.038193
1.000000
0.222634
0.012562
0.001045
0.407061
0.048931
0.076487
0.124825
0.022926
0.000000
0.015390
0.002099
0.006631
0.010476
0.011830
0.064385
0.043367
0.020235
0.697985
0.020993
0.467500
0.122868
0.041161
0.028619
0.011644
0.807435
0.003102
0.085580
0.002923
0.829603
0.025503
0.021070
0.724463
0.002526
0.010954
0.004065
0.075436
0.267715
0.000000
0.020286
0.006253
0.009129
0.980241
0.009483
0.032979
0.025342
0.014003
0.361386
0.022746
0.020101
0.032638
0.034181
0.002243
0.003329
0.001691
0.041333
0.016381
0.002501
0.000373
0.995690
0.006365
0.001756
0.005067
0.001055
0.001742
0.014589
0.025002
0.010413
0.061507
1.000000
0.008134
0.037521
0.000000
0.000000
0.129029
0.028529
0.005551
0.007825
0.454666
0.627362
0.082674
0.662861
0.065204
0.068528
0.562529
1.000000
0.999996
0.002074
0.043854
0.390639
0.015201
0.428228
0.003499
0.008378
0.022736
0.028348
0.041969
0.043360
0.052070
0.016482
0.034993
0.000862
1.000000
0.015936
0.111493
0.119399
0.000000
0.009445
1.000000
0.055988
0.257677
0.031891
0.020461
0.024022
0.525179
0.020424
0.000000
0.029730
0.031043
0.253550
0.088896
0.954036
0.013720
0.086309
0.000000
0.003271
0.000000
0.050644
0.015964
0.004735
0.007067
0.093365
0.791287
0.004780
0.058380
0.029868
0.093907
0.004135
0.028822
0.999567
0.012160
0.004137
0.001073
0.095314
0.004282
0.011328
0.029461
0.001105
0.033405
0.147670
0.031113
0.000449
0.808567
0.009453
0.002402
0.240024
0.000000
0.915842
0.044022
0.000000
0.005121
0.189666
0.195257
0.040370
0.425221
0.094125
0.000518
0.005402
0.396243
0.004303
0.067008
0.096185
0.008254
0.033360
0.009162
0.025089
0.066882
0.009882
0.183476
0.013221
0.023833
0.011905
0.029655
0.000000
0.000000
0.199509
0.004903
0.001720
0.000000
0.000000
0.000000
0.000000
0.451875
0.001397
0.010337
0.017499
0.077427
0.024518
0.049560
0.008766
0.015748
0.027622
0.012903
1.000000
0.976655
0.023610
0.007548
0.033408
0.030030
0.061106
0.004618
0.898922
0.006917
0.005135
0.305359
0.006667
0.182694
0.040251
0.000000
0.518058
0.246320
0.373065
0.012285
0.999833
0.068422
0.014438
0.007390
0.003639
0.004947
0.222782
0.014623
0.000000
0.031895
0.015300
0.107797
0.005574
0.003730
0.507935
0.015070
0.003749
0.002195
0.022311
0.006060
0.049683
0.011981
0.051603
0.028002
0.146879
0.020385
0.061334
0.071838
0.000674
0.002174
0.039851
0.011397
0.010453
0.081698
0.042259
0.027379
0.013529
0.001956
0.013383
