1.000000
0.980081
0.388994
0.000000
0.486924
0.999998
0.947708
0.015069
0.000000
0.000506
0.000000
0.941841
0.548311
0.242704
0.936845
1.000000
0.732279
0.986533
0.000000
0.135414
0.999785
1.000000
1.000000
0.000000
0.992784
0.001678
0.000000
1.000000
0.000000
0.612529
0.000000
0.000000
0.999671
0.997526
1.000000
0.000000
1.000000
0.462547
0.000000
1.000000
0.999901
1.000000
0.835699
0.506331
0.021639
0.965159
0.999930
1.000000
0.999999
1.000000
0.160060
1.000000
0.999610
0.988685
0.227998
1.000000
0.999911
0.999870
0.222796
1.000000
0.999995
1.000000
0.966171
0.699994
0.010551
0.000000
1.000000
1.000000
0.007307
0.693614
0.753434
0.994522
0.123987
0.967934
0.999999
1.000000
1.000000
1.000000
0.419783
0.936363
1.000000
0.192327
1.000000
1.000000
1.000000
1.000000
0.000000
0.983259
1.000000
0.000000
0.000000
0.983541
0.994597
0.000969
0.993630
0.688863
0.035941
0.000000
0.000000
0.998360
1.000000
0.000000
0.000000
0.513774
0.787145
0.325068
1.000000
0.999808
0.997469
0.000000
0.004779
1.000000
0.993701
1.000000
0.946493
1.000000
0.000000
0.000000
0.996959
0.737520
0.000000
0.652519
0.998450
0.022537
0.000000
1.000000
0.999999
0.913890
0.000000
1.000000
0.904013
0.000000
0.000000
0.808846
0.384534
0.000000
0.000401
0.999994
1.000000
1.000000
0.995299
0.245294
0.000000
0.513564
0.773552
0.191708
0.000000
0.997176
0.890743
0.000000
0.081272
0.920459
0.569508
1.000000
0.000000
1.000000
0.916809
0.979416
0.039029
0.022159
0.876264
1.000000
0.000000
0.782299
0.004670
0.101806
0.002781
1.000000
1.000000
1.000000
0.978862
1.000000
0.013682
0.000000
0.897070
0.999999
0.000000
0.000000
1.000000
1.000000
0.999326
0.999072
0.997455
0.000000
0.000000
0.837198
1.000000
1.000000
0.031651
0.005305
0.997080
0.238040
0.000000
0.000000
1.000000
0.982750
1.000000
1.000000
0.000000
0.997083
0.976512
0.999923
0.978260
1.000000
0.862094
0.000000
0.620714
1.000000
0.000000
1.000000
0.000150
0.578094
0.964365
0.000000
1.000000
0.000000
1.000000
1.000000
1.000000
0.240230
0.000000
1.000000
0.000000
0.999990
1.000000
0.904709
1.000000
0.997842
1.000000
1.000000
0.159619
0.728514
0.030739
1.000000
0.000000
0.999789
1.000000
0.999880
0.986945
0.105548
1.000000
1.000000
0.255352
1.000000
1.000000
0.068333
1.000000
0.000004
1.000000
1.000000
1.000000
0.996182
0.995426
1.000000
0.000000
1.000000
0.000000
0.164057
0.964311
0.749892
0.000000
0.999949
0.967385
0.000000
0.000000
0.953264
1.000000
0.000000
0.635035
0.003259
0.973406
0.000000
0.999999
0.000000
1.000000
0.575525
1.000000
0.988275
0.906952
0.985343
1.000000
0.760299
1.000000
1.000000
0.000000
0.000000
0.000000
1.000000
0.999972
0.351497
0.002084
1.000000
1.000000
0.018455
0.999999
0.000000
1.000000
0.426660
0.942971
0.879171
1.000000
0.000000
0.762170
0.657662
0.995438
0.468100
0.999994
1.000000
0.000000
0.985854
0.816894
1.000000
0.916316
0.999997
0.013511
0.000000
1.000000
0.999967
0.999792
0.105732
0.000000
1.000000
0.385301
0.233890
0.999999
0.000030
0.567789
0.000000
1.000000
1.000000
1.000000
0.000000
0.962466
0.000000
0.004584
0.989243
0.704695
0.958911
0.999761
0.994867
0.524769
0.000000
0.927002
1.000000
0.971320
0.225257
0.205190
0.970624
0.999645
1.000000
1.000000
0.593228
0.999998
0.876089
1.000000
0.000000
1.000000
0.673249
0.000000
0.999216
1.000000
0.985714
0.310033
1.000000
0.952194
0.999999
0.999989
0.944107
0.179316
0.996857
0.999613
0.721062
1.000000
0.357832
1.000000
1.000000
1.000000
0.656416
0.261054
0.819093
0.999563
0.000864
0.967735
0.529409
1.000000
0.885301
0.999999
0.251065
0.994755
0.157027
0.023915
0.999824
1.000000
1.000000
0.999895
0.956071
1.000000
1.000000
1.000000
0.000000
0.915919
0.004438
0.999553
0.983186
1.000000
0.999922
0.007954
0.992867
0.959663
0.000000
0.984900
0.999944
0.605464
0.042101
0.895370
0.027669
0.013390
1.000000
0.986421
0.000000
1.000000
0.000000
0.899281
0.399755
0.810226
1.000000
1.000000
0.317400
0.996980
0.022585
0.000000
0.000000
1.000000
0.999367
1.000000
0.887038
0.999927
1.000000
0.999859
0.993201
1.000000
0.999974
0.819545
0.000000
0.037404
0.998766
0.000000
0.994426
0.954414
1.000000
0.901030
0.999974
1.000000
0.999040
0.361095
0.000286
1.000000
0.325929
1.000000
0.000000
0.016367
0.794430
1.000000
0.997932
1.000000
0.999939
0.000000
0.884537
0.999999
1.000000
0.000000
1.000000
0.953999
0.995487
0.000000
0.990278
0.467829
1.000000
1.000000
0.994197
0.000000
1.000000
0.000000
0.821539
0.999913
0.999296
1.000000
0.975652
0.000000
0.000000
0.000000
0.999990
0.092858
0.577404
1.000000
0.143101
0.201614
1.000000
0.989141
0.999830
0.390789
0.878803
0.020446
0.099860
0.999949
0.042914
0.944310
0.999981
0.999491
0.760312
0.998619
0.483601
0.820968
0.822363
1.000000
1.000000
1.000000
1.000000
0.000000
0.133307
1.000000
0.484909
0.000000
0.504098
1.000000
0.125977
0.655425
0.984810
0.885551
0.985078
0.000000
1.000000
0.007294
0.367341
0.967531
0.999958
0.000000
1.000000
0.999984
0.283860
0.996977
0.999479
0.000000
0.000000
0.000000
0.999767
0.996898
1.000000
0.284019
0.997293
0.947107
0.999795
1.000000
1.000000
0.999483
1.000000
0.151413
1.000000
0.997493
1.000000
0.889435
0.000000
0.000000
0.820004
0.000000
0.000000
0.167241
0.999999
0.000000
0.069115
0.000000
0.928690
0.000000
0.949100
0.003377
0.853861
0.753641
1.000000
0.363167
0.999237
0.919814
0.825091
0.983548
1.000000
1.000000
0.929546
0.970185
0.590427
0.376842
0.999986
0.988444
0.998868
0.034228
0.999794
1.000000
0.069094
0.000000
1.000000
0.999291
1.000000
1.000000
0.000000
0.992654
0.000000
0.341852
0.507072
1.000000
0.641186
0.203141
0.999999
0.999884
0.544407
1.000000
0.926576
0.478414
0.819769
0.884245
1.000000
0.995993
0.837463
1.000000
0.999639
1.000000
0.836761
0.994912
0.079102
0.999959
0.029982
0.000000
0.999910
0.983789
0.996421
1.000000
0.000000
0.912627
0.957922
0.999578
0.634097
0.999998
0.909017
1.000000
0.999671
0.000000
0.894762
0.508901
1.000000
0.998197
0.000000
1.000000
1.000000
0.000000
0.000880
0.184564
0.015940
0.586875
1.000000
1.000000
0.999489
1.000000
0.945888
0.985815
0.000000
0.307000
0.978223
0.000000
0.000000
1.000000
0.102719
0.000000
0.000000
0.695551
1.000000
1.000000
0.000000
0.956142
1.000000
0.231508
0.999993
0.000000
0.999578
0.354342
0.960020
1.000000
0.000000
0.124043
0.498413
0.000000
0.089861
0.514638
0.000000
1.000000
1.000000
0.000000
1.000000
0.000000
1.000000
0.999957
0.503262
0.777046
0.255614
0.605700
0.945659
0.967610
0.000000
0.324968
0.999991
1.000000
1.000000
0.000000
0.608256
0.748554
0.577588
1.000000
0.000000
0.987469
0.202265
0.000000
0.999571
0.000217
0.172752
1.000000
1.000000
0.000000
0.959064
0.999990
1.000000
0.177799
0.987899
0.091450
0.511540
0.000000
0.999605
0.999919
0.893614
0.939614
0.088043
0.002832
0.000000
0.999980
1.000000
0.999483
0.000000
0.212539
0.000000
0.995585
0.923168
0.999455
0.000000
0.000000
1.000000
0.242662
0.077335
0.999992
0.813828
0.452798
0.999996
0.975413
1.000000
1.000000
0.999971
1.000000
0.791477
0.000000
0.430656
0.055095
0.000000
0.000000
0.871909
1.000000
1.000000
0.000010
1.000000
1.000000
1.000000
1.000000
1.000000
0.999977
0.893163
0.898863
0.000000
0.987171
1.000000
0.984566
1.000000
0.843155
1.000000
0.999971
1.000000
0.027023
1.000000
1.000000
0.781257
0.000062
0.354966
0.000000
0.000000
0.000000
0.404170
1.000000
0.802889
0.999999
0.736289
1.000000
0.020664
0.788457
1.000000
0.007576
1.000000
0.011916
0.723732
1.000000
0.817132
0.993411
1.000000
1.000000
0.998671
0.000000
0.227852
0.974584
0.998859
1.000000
1.000000
0.000000
0.440289
0.765557
0.999999
0.977961
0.961464
0.999945
1.000000
0.000142
0.450475
0.986215
0.000000
1.000000
0.000000
1.000000
0.958323
1.000000
0.000000
0.998220
0.915009
0.385968
0.000000
0.999658
0.952864
1.000000
0.000000
0.131856
0.000000
0.000000
1.000000
1.000000
0.000000
1.000000
0.435228
0.621100
0.000000
0.129276
0.000000
0.000000
1.000000
1.000000
0.998230
0.517604
0.000000
0.999338
1.000000
0.959495
0.000000
0.000000
1.000000
1.000000
0.998794
1.000000
1.000000
0.295297
1.000000
0.111872
0.000000
0.465438
0.621368
0.887193
0.999694
0.000000
1.000000
0.011883
0.996451
1.000000
0.000000
0.000000
0.993496
0.000000
1.000000
0.264167
1.000000
0.844988
1.000000
0.668593
0.999810
0.253181
0.805601
0.000000
0.982518
0.077957
0.864651
0.011747
0.999975
0.000000
1.000000
1.000000
0.642302
1.000000
0.954674
0.273820
0.677842
1.000000
1.000000
0.000000
0.992453
0.117717
0.632115
0.211904
0.263446
0.546557
1.000000
1.000000
0.000000
1.000000
0.662549
0.999999
0.441537
0.165873
0.999958
0.118273
1.000000
0.999739
0.891398
0.857126
0.119782
0.196948
0.992959
0.889356
0.989010
0.845350
0.971858
0.000315
0.999846
1.000000
1.000000
1.000000
0.999999
0.998808
1.000000
0.999749
0.000000
0.995274
0.677842
1.000000
1.000000
0.327122
0.054105
0.060806
1.000000
1.000000
1.000000
0.861774
0.000000
0.000000
0.000000
0.809932
0.000101
0.536536
1.000000
0.000000
0.994023
0.000000
0.974791
0.721195
0.065877
1.000000
0.204112
0.187661
0.389066
0.997789
0.995569
0.529772
1.000000
0.000000
0.933957
0.000000
1.000000
0.000000
0.997761
0.000000
0.737405
0.000000
0.999987
0.999996
0.000000
0.999960
0.994334
0.000000
0.064191
0.888971
0.366023
0.166477
1.000000
0.999213
0.000000
0.999985
1.000000
0.350022
0.101033
0.137581
0.964661
0.999368
0.661627
0.992381
0.785207
0.017291
1.000000
0.807897
1.000000
0.110079
0.019559
1.000000
0.598062
0.999258
0.999598
1.000000
0.000000
0.913735
0.000000
0.000000
0.812331
0.720048
0.808306
1.000000
0.999505
0.072702
0.999999
0.000000
0.000000
0.869818
0.000000
0.999993
0.796896
0.631374
0.668933
0.994582
0.000000
0.996853
0.917635
1.000000
0.664051
1.000000
1.000000
0.995456
0.999615
0.999488
0.915055
1.000000
0.759599
0.029322
0.000000
0.918449
0.998857
1.000000
0.998914
1.000000
0.825376
0.514120
0.102102
0.824154
0.999057
0.000000
1.000000
1.000000
1.000000
0.997377
0.118569
0.000000
1.000000
0.000000
1.000000
1.000000
0.000000
0.045969
0.000000
1.000000
0.000000
1.000000
0.999983
0.080218
0.000268
0.000000
0.925034
1.000000
1.000000
0.837711
0.000000
0.967144
1.000000
1.000000
0.077366
0.655129
0.356083
0.518602
0.170197
0.999233
0.847090
1.000000
0.488201
0.999999
0.999748
0.000000
0.492223
0.988923
1.000000
1.000000
0.901120
0.307205
0.998339
1.000000
1.000000
0.480447
0.997066
0.567918
0.000000
0.035723
0.000000
0.852248
0.999989
1.000000
0.203102
0.990521
0.482771
0.000000
0.000000
0.590743
1.000000
0.634679
0.000000
0.394573
0.357343
0.386725
1.000000
1.000000
0.503020
0.741780
0.394948
0.570228
1.000000
0.986234
1.000000
0.000000
0.223399
0.242054
0.999960
0.000000
0.000000
0.000000
0.037710
1.000000
1.000000
0.575438
0.927734
0.000000
1.000000
1.000000
0.001797
0.009450
1.000000
0.959391
0.999569
0.945306
0.999927
0.599567
0.000000
1.000000
1.000000
0.000000
0.980664
0.999885
0.329335
0.981778
0.000000
1.000000
0.992865
0.959266
1.000000
1.000000
0.145544
0.338135
0.999010
0.999706
0.304606
0.985704
0.000000
0.052960
0.999999
0.899184
1.000000
0.721371
0.052409
1.000000
1.000000
1.000000
1.000000
0.000000
1.000000
0.000000
1.000000
0.332259
1.000000
0.880991
1.000000
0.000000
1.000000
1.000000
0.722604
0.695479
0.984864
0.289242
0.293352
0.399390
0.999469
0.996285
0.000000
0.911309
0.000000
0.458103
0.186736
0.935355
0.505344
0.861785
0.997069
1.000000
0.000000
0.287503
0.961972
1.000000
0.716391
0.997007
0.678554
0.000000
0.997890
0.999813
0.000000
0.619008
1.000000
0.980670
0.000000
0.000000
0.999996
0.376367
1.000000
0.710954
0.156034
0.000000
1.000000
1.000000
1.000000
0.975186
1.000000
0.000000
0.145566
0.000000
0.752732
1.000000
0.000000
1.000000
0.643323
0.896495
0.999311
0.705361
0.961894
0.000000
0.995469
1.000000
0.002333
0.882919
0.986026
1.000000
1.000000
0.000000
0.000000
0.999999
1.000000
0.026264
0.476252
1.000000
0.000000
1.000000
1.000000
0.001302
0.295302
0.002189
0.000000
0.999986
0.000000
1.000000
1.000000
0.731400
0.897301
1.000000
0.997907
0.000000
0.989218
0.548405
1.000000
0.652931
0.999853
0.652257
1.000000
0.999901
0.520833
0.995435
0.983716
0.000000
0.573421
1.000000
0.999990
0.000000
0.994288
0.998490
1.000000
0.788900
0.997269
1.000000
0.086502
0.000000
0.000000
0.985009
1.000000
0.999150
0.689602
0.000000
0.000000
1.000000
0.999996
0.126405
0.000000
0.182035
1.000000
0.999692
0.066013
0.956770
1.000000
0.280108
0.401902
0.232526
1.000000
1.000000
0.998336
0.000000
1.000000
0.248408
1.000000
0.985309
0.068362
0.782356
0.990482
0.999880
0.999065
1.000000
0.000000
1.000000
0.529193
0.999701
0.775039
0.987531
1.000000
0.998924
0.445785
0.998527
0.937504
0.979771
0.181779
0.000000
0.000000
0.987074
0.000000
0.999967
1.000000
1.000000
0.685619
0.999997
1.000000
0.999358
0.954678
0.996610
0.999998
0.935042
0.753074
0.300112
0.000000
1.000000
0.999936
0.999989
1.000000
0.822183
0.940758
0.912052
0.580003
0.999584
0.917559
1.000000
0.347498
0.000000
0.823214
0.989904
0.000000
1.000000
0.997069
0.033215
0.000000
1.000000
1.000000
0.801283
0.995366
1.000000
0.989355
0.955961
1.000000
0.000597
0.749752
0.745008
0.970049
0.206615
0.992023
0.991206
1.000000
0.936942
1.000000
1.000000
1.000000
0.493718
1.000000
0.000000
0.845187
0.777339
0.982433
0.913880
0.000000
0.948385
0.965410
0.002239
0.999761
0.988062
1.000000
0.416069
0.211915
0.570339
0.997955
0.999490
0.999997
0.839788
1.000000
1.000000
0.119443
0.734207
0.192484
1.000000
0.032011
0.999987
0.846682
0.999992
0.099690
0.870271
0.999992
0.942778
0.000000
0.116978
0.984703
1.000000
0.000000
0.834588
1.000000
1.000000
1.000000
0.000000
0.941930
0.000000
0.939766
0.126901
0.980760
0.504427
0.989601
0.000000
1.000000
0.885482
0.643433
1.000000
0.967758
0.916619
0.301342
0.985017
1.000000
1.000000
0.216738
0.892961
0.000000
0.592276
0.653344
0.997733
0.163240
0.841354
1.000000
0.000000
0.000000
1.000000
1.000000
0.999361
0.252838
0.086034
1.000000
0.126559
1.000000
1.000000
0.976866
1.000000
0.000000
0.999956
0.000000
0.985894
0.919633
0.978371
0.739465
0.328768
0.373618
0.481739
0.922621
0.999290
0.528479
0.999305
1.000000
1.000000
0.262069
0.987449
0.943426
0.598578
0.076856
1.000000
0.111560
0.000157
1.000000
0.999991
0.107036
0.997180
1.000000
0.194918
0.986177
0.000000
0.959679
0.946227
1.000000
0.379545
0.999997
1.000000
0.204668
0.963573
0.000000
0.980989
0.906365
0.000000
0.823346
1.000000
0.999972
1.000000
1.000000
0.000000
1.000000
0.347701
1.000000
0.000000
0.986401
0.026301
0.999929
1.000000
1.000000
0.991034
0.000000
0.998150
0.000000
0.909979
0.764653
0.960076
1.000000
0.000000
0.007136
0.279545
1.000000
1.000000
0.000000
0.993877
0.358001
0.994968
0.059406
0.998265
0.999837
0.084794
0.000000
0.000000
0.535314
0.040720
0.999714
0.997802
0.999616
0.519939
0.054267
0.997443
0.949820
0.851892
1.000000
0.000000
0.441330
0.896526
1.000000
0.636692
1.000000
0.000000
0.406898
0.246421
0.588989
0.837026
0.000000
0.985835
0.000000
0.999880
1.000000
1.000000
1.000000
0.936851
0.996027
0.999986
0.821130
1.000000
1.000000
0.807981
1.000000
1.000000
0.959732
0.961851
1.000000
0.000000
0.999975
1.000000
0.626773
1.000000
0.743519
0.779829
0.000000
0.465076
0.221142
0.916503
1.000000
0.000000
1.000000
0.222936
0.977146
1.000000
1.000000
0.956685
1.000000
0.000000
0.915658
0.000000
0.978866
0.999377
0.999125
1.000000
0.000000
0.629568
0.000000
0.992402
0.999963
0.996971
0.000000
0.884305
0.954022
0.595402
0.950011
0.816834
1.000000
0.754520
0.000000
0.998879
1.000000
0.150719
1.000000
0.005267
0.034524
0.337289
0.000000
0.997602
1.000000
1.000000
0.942185
0.000000
0.928762
0.359683
1.000000
0.017159
0.981652
0.999996
0.000000
0.999999
0.000000
0.000000
1.000000
1.000000
0.983227
0.000000
0.000000
0.000000
1.000000
0.326985
0.826037
0.966944
0.996343
0.000000
1.000000
0.999998
0.280156
1.000000
1.000000
1.000000
0.999981
0.999999
0.000000
0.998727
1.000000
0.999994
1.000000
0.972384
0.991622
1.000000
0.976995
0.978253
0.858568
1.000000
0.000000
1.000000
0.000000
0.118169
0.799034
1.000000
0.520993
0.000000
0.000000
0.934877
1.000000
0.790436
0.000000
0.062503
0.977191
1.000000
0.069836
0.534926
0.000000
0.995172
0.597191
0.000000
0.999999
0.442919
1.000000
1.000000
1.000000
0.424440
1.000000
1.000000
0.000000
0.999975
0.981880
1.000000
1.000000
1.000000
0.831176
0.971137
0.232101
0.999907
0.991504
1.000000
1.000000
1.000000
0.999483
0.839576
1.000000
0.844978
1.000000
0.818096
0.999859
0.656046
0.000000
0.000000
0.000000
0.368106
0.646001
0.998135
1.000000
0.999998
0.000000
1.000000
1.000000
0.952371
1.000000
0.539250
0.999443
0.947087
1.000000
0.998863
0.593401
0.585018
1.000000
0.283989
1.000000
0.578229
0.703734
0.710420
0.020155
1.000000
1.000000
1.000000
0.281614
0.999999
0.948519
0.285732
1.000000
1.000000
0.999970
0.982070
1.000000
0.999491
0.336408
1.000000
0.014830
0.835564
0.998867
0.000000
0.999854
0.999920
0.718351
0.546995
0.998779
0.000000
0.912719
0.089603
1.000000
0.000000
0.992919
1.000000
1.000000
1.000000
1.000000
0.982354
0.995696
0.980431
0.998218
1.000000
0.919886
0.306190
0.000000
0.462299
1.000000
1.000000
0.297498
0.999952
0.000466
0.999891
1.000000
0.849465
1.000000
0.602858
0.018596
1.000000
0.000156
1.000000
0.039047
0.999991
0.000000
0.021548
0.535004
0.011852
0.559721
0.062607
0.000000
0.000000
1.000000
0.987402
1.000000
1.000000
0.000000
0.715717
1.000000
1.000000
0.092735
1.000000
0.998955
0.000000
0.801433
0.996777
0.647420
0.000000
0.920015
0.000000
0.000000
0.281766
0.062086
1.000000
0.952937
0.997856
1.000000
0.023036
0.084645
0.046650
0.000000
0.000000
0.983206
1.000000
0.998362
0.445682
1.000000
0.999691
0.782995
0.986596
0.950467
0.207937
1.000000
0.827088
0.989289
0.908205
0.971917
1.000000
0.922720
0.080511
0.000000
0.998106
0.185228
0.000000
1.000000
1.000000
0.995030
0.985930
1.000000
0.000000
1.000000
0.172365
0.683915
0.999401
0.937781
0.000000
0.294303
0.999533
1.000000
0.000000
0.990116
0.495546
0.999791
0.523168
0.420614
1.000000
0.000000
0.000000
0.545122
0.000000
0.000000
0.791950
0.000000
0.849621
0.995213
1.000000
1.000000
1.000000
0.946288
0.998068
0.916320
0.985562
1.000000
1.000000
0.000000
0.456552
0.997802
1.000000
0.953279
0.997813
0.061216
1.000000
1.000000
1.000000
0.999480
0.651227
0.999999
0.950615
0.000000
1.000000
1.000000
1.000000
0.000000
0.000000
0.493341
0.408540
0.999995
0.998685
0.367648
0.999999
0.000000
0.311451
0.999815
0.283566
0.003569
0.330320
0.045661
0.000000
0.000000
0.999964
0.889999
1.000000
0.999988
0.795162
0.999049
0.927438
0.000000
0.977688
0.384704
0.000000
0.000000
1.000000
0.870475
0.148194
0.998256
1.000000
0.258643
0.990836
0.000000
0.257863
0.000000
0.995559
0.539178
0.996600
0.934098
1.000000
0.349890
1.000000
0.999786
0.896790
0.224556
1.000000
1.000000
1.000000
0.000000
0.961906
1.000000
0.996702
0.000000
1.000000
0.228079
0.994321
0.998579
0.340633
0.932353
0.000000
0.999248
1.000000
0.999473
0.999903
0.000000
0.082166
0.749805
0.408884
1.000000
0.220346
0.999997
0.000000
0.988104
0.999770
0.690325
0.000000
0.855941
1.000000
0.000000
1.000000
0.000000
0.701928
0.987838
0.294201
0.978655
0.821912
1.000000
0.998353
1.000000
0.591308
0.000000
0.720676
0.000000
0.000000
0.374521
1.000000
0.982850
1.000000
0.000000
0.996268
0.218638
0.393299
1.000000
1.000000
0.365044
0.995501
0.868381
1.000000
0.999999
1.000000
0.995874
1.000000
0.313437
0.999999
0.762530
0.997199
0.000000
0.182733
0.840151
0.323251
1.000000
0.000000
1.000000
0.976043
0.042093
0.000000
0.836914
0.000000
1.000000
0.000000
0.524205
0.000000
0.186688
0.850812
0.975517
0.000000
0.999137
0.624843
0.018915
0.000000
0.001781
0.999993
0.995439
0.971088
0.997104
0.000000
0.947942
0.000000
1.000000
0.985614
1.000000
0.103715
0.951597
1.000000
0.000000
0.948771
0.776933
0.999960
0.000000
0.872040
1.000000
0.000000
0.107254
0.393788
0.000000
0.678955
0.999994
0.863508
0.183643
0.893017
0.076881
0.625147
0.991242
0.645874
0.952984
0.980390
0.096518
0.783719
0.850939
0.767676
0.968777
0.951953
0.852123
0.104657
1.000000
0.216277
1.000000
0.073331
0.984780
0.002480
1.000000
1.000000
0.817369
1.000000
1.000000
0.801686
0.974027
0.000000
0.999998
0.995417
1.000000
0.000000
0.994258
0.000000
0.000000
0.999988
0.999929
0.362760
0.000000
0.998620
1.000000
0.503487
0.660581
1.000000
0.999324
0.227465
0.130307
0.000000
0.917197
0.000000
0.349812
0.999998
0.880873
0.543218
0.754821
0.992699
0.000000
0.999832
0.999780
1.000000
1.000000
1.000000
0.056083
1.000000
0.263607
0.763216
1.000000
0.977348
0.999892
0.998800
0.000000
0.525713
0.908101
0.000000
1.000000
0.693897
0.381583
0.999879
1.000000
1.000000
0.999977
0.000000
0.769062
0.999252
0.916992
0.992245
0.222771
0.000000
1.000000
0.991689
0.111105
0.998764
0.985561
0.999954
0.000000
0.984814
0.999976
0.000000
0.998792
1.000000
0.999999
0.018134
0.949415
1.000000
0.029777
0.784275
0.342508
0.014799
0.999186
1.000000
0.998566
1.000000
0.000000
0.730069
0.977836
0.542637
1.000000
0.823557
1.000000
0.796500
0.999957
0.154841
0.104422
0.390166
0.999980
0.999997
0.714228
1.000000
0.999984
0.691600
0.589474
0.697759
0.001812
0.999995
0.000000
0.074656
0.000000
0.000000
0.000000
0.782022
1.000000
0.000000
0.820965
0.826054
1.000000
0.766439
0.998934
0.999920
0.000000
0.018919
0.105823
0.980890
0.000000
0.989995
1.000000
0.989183
0.698033
0.229216
1.000000
0.000000
1.000000
0.001714
0.000000
0.979172
0.993111
1.000000
1.000000
0.748198
0.018480
1.000000
0.999817
0.153363
0.000000
1.000000
0.000000
0.784685
1.000000
0.999234
0.903997
0.090833
0.786263
0.995257
0.000000
0.999989
0.999996
0.990313
1.000000
0.999918
0.970225
0.991397
1.000000
0.878706
0.999998
0.998258
1.000000
1.000000
1.000000
1.000000
1.000000
0.740030
0.996285
0.252677
1.000000
0.000000
0.828373
0.649476
1.000000
1.000000
0.981282
0.998006
0.698670
0.387413
0.711206
1.000000
0.890730
1.000000
0.000000
0.731306
0.000000
1.000000
0.999993
1.000000
0.999999
1.000000
0.901458
0.251457
0.998621
0.999894
0.999980
0.962544
0.853827
1.000000
0.967993
1.000000
0.018637
0.017254
0.000000
0.998196
1.000000
0.946919
0.246762
0.785316
1.000000
0.000000
0.000000
1.000000
0.849160
0.000000
1.000000
0.884395
0.473120
0.212935
1.000000
0.000000
0.666228
0.765871
0.182131
0.322821
0.684501
0.754411
0.962113
0.840626
1.000000
1.000000
1.000000
1.000000
0.000000
1.000000
0.000000
0.358527
0.992624
0.000000
0.147791
0.414173
1.000000
1.000000
1.000000
0.834833
1.000000
0.000000
0.145061
0.000000
0.000000
0.637508
0.999961
0.384341
0.015413
0.000000
0.045946
0.724944
0.981580
0.545734
0.626147
0.984652
0.000000
0.000000
0.000000
0.997039
1.000000
1.000000
1.000000
0.977573
0.144045
0.598188
0.966604
0.999999
0.000000
0.999704
1.000000
1.000000
0.000000
1.000000
0.367101
0.097087
0.999944
0.950155
0.172230
1.000000
0.005616
0.568978
0.427002
0.098255
0.854645
0.000187
1.000000
1.000000
0.534565
0.000000
0.998356
0.872165
0.997828
0.999966
0.000000
1.000000
0.000000
0.439236
0.997502
0.697741
0.012877
0.050226
1.000000
0.000000
0.998764
0.999640
0.366503
0.000000
1.000000
0.947779
1.000000
0.005729
0.004548
0.000000
0.864251
0.999695
0.864701
0.075370
0.691364
0.513967
0.133365
0.007035
0.999985
0.889011
0.185617
0.608532
1.000000
0.000000
0.999901
0.008673
1.000000
0.999983
1.000000
1.000000
1.000000
0.999978
0.999831
0.000000
0.992026
1.000000
1.000000
1.000000
0.998564
0.779457
1.000000
0.455106
0.966810
1.000000
1.000000
0.000000
0.000000
1.000000
0.000000
0.996847
0.999872
0.984526
0.999296
0.000000
0.909158
1.000000
0.706636
0.523812
0.999921
0.998652
1.000000
0.004125
0.454357
0.999354
1.000000
1.000000
1.000000
0.893538
0.162729
1.000000
1.000000
0.089981
0.782575
0.999889
0.010455
1.000000
0.000000
0.256758
0.745476
1.000000
1.000000
0.000000
0.019623
0.991200
0.998220
1.000000
0.619998
0.000000
1.000000
0.036353
0.312340
1.000000
1.000000
0.000000
1.000000
0.931758
1.000000
0.999964
0.000003
1.000000
0.994126
0.999984
1.000000
1.000000
1.000000
0.778319
0.999917
0.898538
0.918272
0.000000
1.000000
1.000000
1.000000
1.000000
0.843613
0.916362
1.000000
0.000000
0.998153
0.000000
0.999029
1.000000
0.000775
0.000000
0.000000
1.000000
1.000000
1.000000
0.000000
1.000000
0.691404
0.028542
0.000000
0.979506
1.000000
0.963711
0.604828
0.994462
0.000000
1.000000
0.839756
0.552278
0.999822
0.863882
0.999438
0.592966
1.000000
0.000000
0.489147
0.935037
0.624763
0.041161
0.000000
0.973828
0.000000
0.839702
0.000000
0.787625
0.999966
0.000000
1.000000
0.936028
0.991818
0.047092
0.999998
0.994432
1.000000
0.781679
0.220614
0.524957
0.999442
1.000000
1.000000
0.188062
1.000000
1.000000
0.120155
1.000000
1.000000
0.530970
0.999198
1.000000
0.184279
0.957459
1.000000
0.999980
0.999483
1.000000
0.000000
1.000000
0.815948
1.000000
0.971125
0.361956
0.999987
0.127844
0.432279
0.035967
0.990437
0.042928
1.000000
1.000000
0.637056
0.099163
1.000000
0.661178
0.987859
0.866110
0.000000
0.999951
0.023364
1.000000
1.000000
0.996959
0.000000
1.000000
0.000000
0.999613
0.003961
0.780913
0.968030
1.000000
0.232910
0.082058
0.000000
0.281399
0.000000
0.504127
0.914728
1.000000
0.000000
1.000000
1.000000
0.116221
0.438614
0.000000
1.000000
0.976191
0.000000
1.000000
0.867981
1.000000
0.905634
0.880617
1.000000
0.000000
1.000000
0.000000
1.000000
1.000000
0.775362
0.621024
0.655031
0.968279
1.000000
0.997517
0.154125
1.000000
0.994525
0.898196
0.461285
1.000000
0.640269
0.975376
0.936029
0.556600
0.996503
1.000000
0.000000
1.000000
0.000000
0.914347
0.000000
0.016926
0.000000
0.999122
0.206929
0.770661
0.046702
0.000000
0.000000
1.000000
1.000000
1.000000
0.935536
1.000000
1.000000
0.000000
0.000000
0.000000
1.000000
0.541698
0.999793
0.568753
0.000000
0.995471
0.000000
0.000000
0.995842
0.476332
0.926725
1.000000
1.000000
1.000000
0.072450
0.000000
1.000000
0.000000
0.006474
0.000000
0.999908
0.993806
1.000000
0.213604
0.992845
1.000000
0.783253
1.000000
0.000000
1.000000
0.010849
0.990134
0.071896
0.999975
1.000000
0.812892
0.000721
0.976778
0.974513
0.663608
0.999945
0.202369
0.371275
0.000000
1.000000
0.896385
1.000000
0.999997
0.936668
0.637058
0.000054
0.999438
0.902158
0.003185
0.483206
0.006838
0.682652
0.485650
0.104891
0.910827
0.970426
0.999997
1.000000
0.999276
0.968012
0.999278
0.000000
1.000000
0.544707
1.000000
0.000000
0.000000
0.979012
1.000000
1.000000
0.871220
1.000000
0.999919
0.012136
0.999999
1.000000
1.000000
0.930772
0.705192
1.000000
0.984675
0.903799
1.000000
0.000000
0.000000
1.000000
0.998882
0.398020
0.091366
0.999902
0.999890
0.000000
0.000000
0.999427
0.000000
0.990382
0.999965
0.000000
0.995762
0.999602
0.000000
0.000000
0.714228
0.805617
0.950132
0.999660
0.000000
0.000000
0.000000
0.999572
1.000000
1.000000
0.000000
0.024790
0.693705
0.670855
1.000000
0.143951
1.000000
1.000000
0.999999
0.241806
0.981524
0.000000
1.000000
0.996665
0.709942
0.000000
0.000000
0.000000
0.000000
1.000000
0.999989
0.988152
0.996379
1.000000
0.999833
0.000000
1.000000
0.999902
1.000000
0.619461
0.036454
1.000000
1.000000
0.991940
0.999994
1.000000
0.816009
1.000000
1.000000
0.805444
0.006923
0.001973
0.925728
0.997744
0.837757
0.493436
1.000000
0.972483
0.000000
0.949918
0.000000
1.000000
0.997681
0.464998
0.638299
0.838584
0.000000
0.445351
1.000000
0.012938
0.941115
0.992688
0.212224
0.011896
0.999595
0.991002
0.869513
0.993188
0.987997
0.991661
1.000000
0.795317
0.001321
0.005382
0.566983
1.000000
0.000000
1.000000
1.000000
0.999991
0.766808
1.000000
0.999994
1.000000
1.000000
0.576911
0.386035
1.000000
0.947548
0.000000
1.000000
0.998543
0.984622
1.000000
0.000000
0.000130
0.398526
0.000000
0.000000
0.735601
0.000000
0.731979
1.000000
0.035768
0.947264
0.743392
0.696405
0.123633
1.000000
1.000000
0.676840
0.000000
0.806618
0.641241
0.298935
0.999999
0.957102
0.000000
0.000297
0.999998
0.642595
1.000000
0.009552
0.205632
1.000000
0.817450
0.848653
0.991664
0.415703
0.970498
0.000000
1.000000
0.000000
0.126931
1.000000
0.938492
0.003203
0.179716
0.770669
1.000000
0.800014
1.000000
0.946706
0.996344
0.315539
0.992022
0.000000
0.993675
0.843064
0.998410
1.000000
0.999932
0.861826
0.720226
0.999964
1.000000
0.070962
0.737719
1.000000
0.967744
0.000000
0.985363
0.000000
0.747723
1.000000
0.999985
1.000000
1.000000
1.000000
1.000000
1.000000
1.000000
0.042195
0.070490
0.998957
0.000000
0.000000
0.775459
0.999965
0.748449
1.000000
0.000000
1.000000
0.785220
0.999218
1.000000
1.000000
0.694404
0.955003
0.841110
1.000000
0.972624
0.000000
0.609085
1.000000
1.000000
0.320276
1.000000
1.000000
0.000000
0.932767
0.000000
0.725160
1.000000
0.997722
1.000000
0.000000
1.000000
0.967371
0.999508
0.995619
0.000000
0.314008
1.000000
0.999914
1.000000
0.684130
0.000000
1.000000
0.378019
0.000000
0.999041
1.000000
0.085450
0.701004
0.288692
0.678091
1.000000
0.994985
0.896805
0.937519
0.429280
1.000000
0.208302
0.975698
0.403687
0.087141
0.000000
0.994066
0.000000
0.818284
1.000000
1.000000
1.000000
0.366272
0.000000
0.157627
1.000000
1.000000
0.610553
0.999677
0.935581
0.012814
0.000000
0.000000
0.133320
0.431156
1.000000
0.507992
0.434183
0.952813
1.000000
0.000000
0.531194
1.000000
0.766831
0.892387
0.772559
0.231993
0.996943
0.000000
0.481970
1.000000
0.911207
1.000000
1.000000
0.000000
0.992267
1.000000
0.303087
0.000000
0.000000
0.999062
0.991017
0.498580
0.469836
0.999911
0.546745
0.772819
0.557572
0.711624
1.000000
0.023790
1.000000
1.000000
1.000000
1.000000
0.085745
0.869768
1.000000
0.998176
1.000000
0.292275
1.000000
0.556278
1.000000
1.000000
0.159158
0.996247
0.580257
1.000000
0.000000
0.992352
0.000000
1.000000
0.000000
0.998981
0.999999
0.000000
0.997454
0.177093
0.998053
1.000000
0.982586
0.955499
1.000000
0.273417
0.999509
0.999854
0.000000
0.951520
0.680561
0.000000
0.009616
1.000000
0.999996
0.651270
0.997612
0.003008
1.000000
0.013081
0.000000
0.999803
0.999927
0.031469
0.967409
0.436520
0.013065
1.000000
0.998291
0.418778
0.998332
1.000000
0.990512
0.655015
0.999641
0.708117
0.801233
1.000000
0.443651
0.841863
0.549068
1.000000
0.982999
1.000000
1.000000
0.999989
0.867271
0.000000
0.906319
0.999965
1.000000
0.009651
0.327507
0.999999
1.000000
0.999973
0.515501
1.000000
0.999999
0.467935
0.000000
0.000000
0.451061
1.000000
1.000000
0.510662
0.457495
0.897222
0.936536
0.997920
0.755794
0.516463
0.000000
0.000000
0.816577
1.000000
0.691830
1.000000
0.000000
1.000000
1.000000
0.021106
0.982242
0.690606
0.999960
0.772478
0.978335
0.957823
0.999935
0.000000
0.832600
0.000000
0.771085
0.925573
0.978898
1.000000
1.000000
0.727590
1.000000
1.000000
0.000000
1.000000
0.906409
0.897199
0.287084
0.340692
0.997710
0.981268
0.322743
0.997983
0.960805
1.000000
0.624332
0.034591
1.000000
0.089820
0.521143
0.000000
0.441973
0.578630
1.000000
0.587721
0.007907
0.579207
1.000000
1.000000
0.615640
0.432998
0.770808
0.000000
0.898375
0.000000
1.000000
0.791027
1.000000
0.000000
1.000000
1.000000
0.000000
0.999990
0.000000
0.942277
0.944056
0.999991
0.999999
0.122983
0.611492
1.000000
0.999326
0.501478
0.811349
0.181742
0.999976
0.000000
1.000000
0.022860
0.995505
0.733301
0.999530
0.978227
0.999790
0.000000
1.000000
0.988229
1.000000
0.013567
0.370249
1.000000
0.000000
0.999247
0.375739
1.000000
0.881712
0.983945
0.687180
1.000000
0.929141
1.000000
0.000000
0.166857
0.790985
0.387224
1.000000
0.800221
0.600896
0.000000
0.999846
0.000000
0.767975
1.000000
0.000000
0.719199
0.996650
0.986913
0.145552
0.000000
0.261917
0.399893
0.534045
1.000000
0.898802
0.999745
0.999998
0.206911
1.000000
0.999999
0.000000
0.997386
0.000000
0.105641
0.999613
0.295638
0.981212
1.000000
0.000000
0.000000
1.000000
1.000000
0.986487
1.000000
0.997234
0.996056
0.033864
0.501838
0.980702
0.190257
1.000000
1.000000
0.999847
0.000000
0.953987
1.000000
0.927633
0.999762
0.028029
0.914553
0.959668
0.999905
0.059346
0.999961
1.000000
0.996566
0.999992
0.999378
0.998643
0.999956
0.906224
0.397942
0.000000
0.843796
0.999923
0.000000
1.000000
0.188052
0.953664
0.000000
0.000000
1.000000
0.994667
0.254791
1.000000
0.999543
1.000000
0.697810
0.999987
0.000000
0.000000
0.000000
0.000000
1.000000
0.752930
1.000000
1.000000
0.165467
0.372935
1.000000
0.000000
0.000000
0.000000
0.000000
0.000000
0.782191
0.329507
0.234948
0.773200
0.991110
0.000001
1.000000
0.297691
1.000000
1.000000
0.000002
0.264643
1.000000
0.999225
0.000000
0.999737
0.999818
0.000000
1.000000
0.512721
1.000000
0.255316
0.000000
0.109609
0.011914
0.999643
1.000000
1.000000
0.000000
0.993833
0.120229
1.000000
1.000000
0.188454
1.000000
1.000000
0.041377
0.959283
1.000000
0.999999
1.000000
0.046051
0.977000
0.000000
0.065150
0.000000
0.224757
0.778317
0.016251
0.000000
1.000000
0.996317
0.989391
0.000000
0.999310
1.000000
0.993174
1.000000
0.773134
0.981677
1.000000
0.999343
1.000000
0.010547
0.000000
0.000000
0.223757
0.978148
1.000000
1.000000
0.659692
0.142049
0.000000
0.931312
0.720479
0.416946
0.465688
1.000000
0.802645
0.999560
0.000000
0.445090
0.192587
0.334060
0.999811
0.004355
0.000000
1.000000
0.615782
0.973804
0.998978
0.000000
0.321440
0.202156
0.999999
0.456791
0.057007
0.000000
0.556757
0.000000
0.000000
1.000000
1.000000
1.000000
1.000000
0.998957
0.999997
0.999829
0.128031
1.000000
0.271624
0.999900
0.985865
0.753596
0.850703
1.000000
0.120279
0.818826
0.873228
0.987872
0.999946
0.610245
0.853300
1.000000
1.000000
0.000000
0.089536
0.822135
1.000000
0.000000
0.999996
0.000000
0.000000
0.999885
0.860947
0.218966
0.999722
0.159004
0.894958
1.000000
0.999917
0.650189
0.568382
0.224169
0.831616
1.000000
1.000000
0.000000
0.298522
0.903166
0.999830
1.000000
0.815716
0.000000
1.000000
0.000000
0.304458
0.999647
0.810415
1.000000
1.000000
0.999183
0.001798
1.000000
1.000000
1.000000
0.548790
1.000000
0.000000
0.961470
0.016368
1.000000
0.255538
0.999998
0.999994
0.088102
0.000000
1.000000
0.999602
0.994167
1.000000
0.756975
0.999998
0.001201
0.000000
0.017560
1.000000
0.998151
0.996789
0.000000
0.347815
0.346772
0.000000
1.000000
0.912685
1.000000
0.996080
1.000000
0.998679
0.109442
1.000000
1.000000
1.000000
0.943717
0.492348
0.941306
0.000000
0.941159
0.999849
0.000000
0.936393
0.374548
1.000000
0.002754
0.525164
1.000000
1.000000
0.999993
0.898057
0.978213
0.990940
0.192513
0.999997
1.000000
0.000000
0.998590
1.000000
0.049765
0.731421
0.000000
1.000000
1.000000
0.410859
0.000000
1.000000
0.134185
0.990617
0.438391
0.999879
0.462055
0.230255
0.956953
0.209572
0.895802
0.895671
0.874260
0.922789
1.000000
0.999956
0.999970
1.000000
0.000000
0.915951
0.999804
0.939788
0.000002
0.757087
0.000000
0.391565
0.000000
0.329477
0.162466
0.000000
0.455095
0.365385
0.808375
0.984625
0.144998
0.559733
0.891580
1.000000
1.000000
0.642913
1.000000
0.676879
0.999162
0.567260
0.943213
0.146141
0.979704
1.000000
0.869072
0.000000
0.000000
0.591384
1.000000
0.983764
0.000000
0.834401
0.999999
0.998444
0.966574
1.000000
0.966328
0.087920
0.000000
0.783920
1.000000
0.298350
0.578275
0.013461
1.000000
0.385603
0.209746
0.000000
0.000000
0.016652
0.442820
0.113679
0.000000
0.925253
0.000000
0.782649
1.000000
0.000000
1.000000
1.000000
0.000000
0.925193
1.000000
0.973411
0.914362
0.000000
1.000000
0.000000
0.271761
0.999946
0.138102
1.000000
0.991659
0.000000
1.000000
0.841911
0.891463
0.884134
0.005518
0.438207
0.864940
1.000000
0.000000
0.275738
0.975620
0.840202
0.727957
0.000000
1.000000
0.999991
0.999999
0.981749
0.986643
0.000000
0.000000
0.987808
0.958507
0.150212
1.000000
0.967948
0.193402
1.000000
0.998507
0.949845
0.202022
1.000000
0.000000
0.609150
0.676915
0.000000
0.979146
0.997084
0.947172
1.000000
0.998087
0.835642
1.000000
0.336580
1.000000
1.000000
0.999999
0.959688
0.999996
0.998020
0.999977
0.975287
0.917397
0.779927
0.999999
1.000000
1.000000
0.657827
1.000000
1.000000
0.000000
0.817529
0.000000
0.892586
0.000906
1.000000
0.985516
0.708823
0.999999
0.423407
0.000000
0.954365
0.000000
1.000000
0.999994
0.992696
0.999716
0.000000
0.999064
1.000000
1.000000
0.000000
1.000000
1.000000
0.166408
0.941913
0.000000
0.832760
0.999511
0.544271
0.000000
0.883797
1.000000
1.000000
1.000000
0.999999
0.998424
0.000000
0.890707
1.000000
0.000000
1.000000
0.000000
0.254547
0.208626
0.000000
0.000000
1.000000
0.995254
0.816808
1.000000
0.000000
0.999347
0.397416
0.722991
0.953527
0.094227
0.996614
1.000000
0.999998
0.501303
0.000000
0.656206
0.997552
0.116758
0.848262
0.903381
0.000000
1.000000
0.000000
1.000000
1.000000
0.000553
0.813949
0.371883
1.000000
0.250400
0.000000
0.173601
0.901221
0.221238
0.000000
1.000000
0.458909
0.951880
0.999688
0.947692
0.101738
0.996685
0.451165
0.000000
0.977351
0.652090
0.702047
1.000000
0.917871
1.000000
0.998814
1.000000
0.224641
0.937271
0.000000
0.387985
0.999999
0.030703
0.942070
0.378194
0.000000
0.351387
0.264703
0.825749
0.005714
0.663369
1.000000
0.142254
0.028972
1.000000
1.000000
0.000000
1.000000
0.999999
0.999022
0.140825
0.010262
0.000000
0.025267
0.999660
1.000000
0.000000
0.811090
1.000000
1.000000
1.000000
1.000000
1.000000
0.000000
0.229315
0.668934
0.905983
0.000000
0.649584
0.945789
0.000000
0.000000
0.000144
0.000000
0.999693
0.999995
0.622115
0.000000
0.562099
0.021763
1.000000
1.000000
1.000000
0.740265
0.020479
0.999560
0.000000
1.000000
0.000000
0.591920
1.000000
0.000000
0.000000
0.828812
0.505662
1.000000
0.933935
0.000000
0.000000
0.000000
0.000000
0.381283
1.000000
0.077716
0.000000
1.000000
0.994979
0.999999
0.891573
0.920872
0.526658
0.999295
0.867446
0.000000
0.993786
0.000000
0.982819
0.937496
0.999998
0.982058
1.000000
0.912934
0.999994
0.000000
1.000000
0.979809
0.999976
1.000000
1.000000
0.000000
0.999700
0.999989
0.029735
0.000000
1.000000
0.988127
0.030355
0.943044
0.668202
0.999866
0.833178
0.404756
0.594902
0.000000
0.999996
1.000000
0.014223
0.994839
0.897901
0.000000
0.533874
1.000000
0.000000
0.469157
1.000000
0.973928
0.842201
0.999992
0.242910
0.994370
0.056211
0.274851
0.000804
1.000000
0.627282
0.997288
0.970169
0.000000
0.940245
1.000000
0.000003
0.976798
1.000000
0.006555
0.999959
0.170857
0.905052
0.212068
1.000000
0.727320
0.616466
1.000000
0.943542
0.999751
0.000000
0.000000
0.997588
0.999993
1.000000
0.000000
0.999925
1.000000
0.723900
0.999937
0.609657
0.000000
0.998858
0.054662
0.967996
0.998896
0.609729
0.999017
0.708941
0.033308
0.659497
0.372057
0.299737
0.352410
0.367597
1.000000
1.000000
0.000000
0.663118
0.511434
0.998612
0.000000
0.137228
0.000000
0.581668
1.000000
0.000000
0.021771
0.093662
0.000007
1.000000
0.143734
0.741672
1.000000
1.000000
0.003977
0.151757
0.985187
0.998736
0.992827
1.000000
1.000000
0.379910
1.000000
0.384042
0.979832
0.904622
1.000000
0.791434
0.823105
0.695842
0.924082
0.000000
0.000000
0.958844
0.800555
0.000000
0.992901
1.000000
0.998826
0.993324
1.000000
0.000000
0.000000
1.000000
0.999999
0.459157
1.000000
0.000000
0.672112
0.000000
0.870182
1.000000
0.996909
0.000000
1.000000
0.973259
1.000000
0.912720
0.000000
0.418139
0.019077
1.000000
0.000000
0.999728
0.000000
0.187964
0.000000
0.000000
0.000000
0.090307
1.000000
0.272376
0.000000
1.000000
0.000000
0.999995
0.999430
1.000000
0.999985
0.000000
0.813960
0.533785
0.000000
0.898219
0.504524
1.000000
0.999738
1.000000
0.000000
0.828355
0.994121
0.999999
0.000000
0.031833
0.000000
0.999963
0.788126
0.999999
0.000000
0.000000
0.106998
0.999998
0.999997
0.929127
0.802519
0.000000
0.426991
0.843859
0.972633
0.247300
0.999989
0.000000
1.000000
0.126622
0.699977
1.000000
0.936148
0.998637
0.963896
0.915664
0.975477
1.000000
1.000000
0.954438
0.997702
1.000000
0.000000
0.000000
0.000000
1.000000
1.000000
0.999996
0.000000
0.000000
0.982967
0.002588
1.000000
0.999984
0.007213
1.000000
0.995671
0.360969
0.999991
0.648986
0.999890
0.609242
0.999999
0.131627
0.050758
0.714228
0.292028
1.000000
1.000000
0.999964
0.959127
0.000000
