0.929439
0.996955
0.952234
0.160142
0.875450
0.988374
0.175970
0.928951
0.099036
0.302621
0.036183
0.492734
0.997132
0.102419
0.994508
0.813672
0.972103
0.909843
0.214302
0.833926
0.907031
0.183819
0.056626
0.598679
0.532399
0.498548
0.000000
0.057128
0.592535
0.550087
0.967731
0.093224
0.563537
0.462665
0.721749
0.460880
0.888263
1.000000
0.907642
0.967935
0.903668
0.000000
0.558684
0.999254
0.064268
0.146965
0.120388
0.883339
0.535131
0.799162
0.677322
0.078239
0.703154
0.203134
0.782806
0.885465
0.930314
0.999167
0.767580
0.624521
0.000000
1.000000
0.000000
0.000000
0.407119
0.989471
0.377142
1.000000
0.824615
0.758916
0.707173
0.327468
0.724250
0.719791
0.968971
0.392648
0.987860
0.980292
0.000000
0.999375
0.994684
0.059760
0.999939
0.999708
0.073516
0.000000
0.712362
0.667837
0.000000
0.644692
0.143287
0.500073
0.301666
0.955336
0.116754
0.121114
0.522033
0.979752
0.827271
0.491018
0.779227
0.960182
0.512855
0.907863
0.699095
0.626776
0.919233
0.354058
0.213462
0.576654
0.411455
0.986679
0.660976
0.388237
0.140282
0.643476
0.304023
0.940481
0.787076
0.319693
0.000000
0.443751
0.561893
0.999986
0.999988
0.999153
0.318704
0.865042
0.999952
0.960474
0.521825
0.860219
0.977389
0.747332
0.946700
0.000000
0.000000
1.000000
0.551044
0.860656
0.934887
0.710668
0.986634
0.130640
0.964246
0.999950
0.901775
0.999960
0.943603
0.000000
0.000000
0.000000
0.998625
0.795060
0.655431
0.872772
0.596014
0.824930
0.949682
0.000000
0.978341
0.784198
0.927707
0.000000
0.000000
0.391620
0.556103
0.058317
0.879324
0.471250
0.942936
0.999965
0.102635
0.687613
0.000000
0.173848
0.990477
0.999867
0.636890
0.717319
0.957157
0.184568
0.944323
0.988999
0.837445
0.998122
0.209961
0.354612
0.394626
0.773415
1.000000
0.837093
0.988602
0.854423
0.981631
0.294303
0.372542
0.999971
0.963344
0.980302
0.665169
0.860101
0.736147
0.746452
0.000000
0.241208
0.606773
0.972289
0.834731
0.421368
0.997280
0.281386
0.999999
0.169336
0.735382
0.897671
0.967021
0.995878
0.894491
0.879833
0.343025
0.000000
0.386022
0.617129
0.998125
0.392349
0.999999
0.000000
0.713346
0.252686
0.755882
0.794759
1.000000
0.000000
1.000000
0.055523
0.142124
0.963276
0.825520
0.815511
0.027362
0.330786
0.986841
0.084945
0.730645
0.611896
0.318554
0.854620
0.999982
0.570635
0.967338
0.937424
0.322622
0.789938
0.000000
0.714845
1.000000
0.000000
0.115308
0.999123
0.982129
0.377307
0.116319
0.996300
0.987210
0.939137
0.471636
0.232921
0.982995
0.061227
0.985456
0.875741
0.821605
0.795001
0.141318
0.840811
0.861323
0.656793
0.996777
0.997501
0.953097
0.888318
0.998588
0.999997
0.597005
0.999824
0.000000
0.984856
0.335167
0.999950
0.999316
0.370547
0.991449
0.116049
0.889709
0.431299
0.284792
0.698168
0.981407
0.761508
0.517287
0.974470
0.470408
0.950068
0.000000
0.997478
0.907380
0.976311
0.979996
0.999981
0.000000
0.518300
0.872246
0.000000
0.631568
0.999650
0.177221
0.999971
0.981334
0.556861
0.973261
0.982886
0.962427
1.000000
0.925442
0.823731
0.176422
0.999937
0.653501
0.000000
0.220516
0.998243
0.433027
0.893680
0.428787
0.516646
0.935408
0.330128
0.000000
0.370052
0.076526
0.989723
0.140515
0.000000
0.112141
0.742996
0.271223
0.000000
0.993827
0.999870
0.536325
0.472191
0.584743
0.668703
0.999980
0.000000
0.271279
0.578401
0.438642
0.914091
0.944852
0.547301
0.967287
0.781910
0.980944
0.000000
0.485646
0.965117
0.999369
0.089795
0.000000
0.561166
0.857498
0.999936
1.000000
0.000000
0.976035
0.876831
0.851928
0.972699
0.992316
0.745065
0.487645
0.985466
0.942232
0.640592
0.934698
1.000000
0.911491
0.983941
1.000000
0.303414
0.931871
0.860753
0.567552
0.201988
0.782426
0.774286
0.854590
0.277936
0.324730
0.173970
0.839317
0.865181
0.963620
0.702099
0.995520
0.651143
0.886150
0.045080
0.532450
0.103868
0.871342
0.083152
0.999995
0.597935
0.396604
0.969778
0.326535
0.337086
0.307849
0.162979
0.346248
0.685998
0.999999
0.999959
0.973894
0.542920
0.508437
0.747646
0.942817
0.968252
0.177517
0.796759
0.998003
0.275747
0.256374
1.000000
0.000000
0.000000
0.021689
0.969928
0.970544
0.000000
0.909070
0.166287
0.999998
0.387474
0.681053
0.987844
0.999999
0.899257
0.982390
0.735732
0.659139
0.811475
0.999853
0.965295
0.570126
0.999993
1.000000
0.712396
0.555879
0.791360
0.094173
0.977120
0.561728
0.735030
0.526155
0.631235
0.239624
0.732243
0.977000
0.961467
0.954393
0.053288
0.625735
0.858294
0.000000
0.999286
0.974538
0.201005
0.040752
0.523035
0.923247
0.601777
0.136745
0.374572
0.455201
0.991982
0.970574
0.974623
0.643427
0.886298
0.439203
0.551154
0.970568
0.966916
0.955839
0.740979
0.988928
0.908094
0.999345
0.442847
0.544592
0.000000
0.816863
0.131744
0.981688
0.318319
0.859763
0.998485
0.608390
0.277570
0.844804
0.989761
0.435928
0.668010
0.280363
0.724086
0.978310
0.924506
0.470608
0.979096
0.572312
0.000000
0.000000
0.998991
0.971834
0.983053
0.430654
0.880307
0.999999
0.436175
0.594918
0.604585
0.334452
0.841687
0.901423
0.000000
0.671533
0.147085
0.654201
0.916970
0.970703
0.979962
0.166355
0.998848
0.998778
0.177864
0.849954
0.746197
0.400791
0.609727
0.954332
0.927965
0.758281
0.000000
0.000000
0.000000
0.782056
0.181065
0.659984
0.999318
0.562639
0.474324
0.836358
0.877947
0.000000
0.056795
0.116867
0.453488
0.263490
0.989797
0.826430
0.264565
0.877204
0.977951
0.772796
0.997754
0.995241
0.000000
0.399654
0.950165
0.815206
0.968772
0.736887
0.997834
0.935270
0.985638
0.065662
0.600181
0.835760
0.755025
0.559223
0.969131
0.960482
0.571474
0.965913
0.191063
0.947066
0.970925
0.743432
0.000000
0.748859
0.539736
0.573166
0.962210
0.576104
0.990119
0.000000
0.000000
0.000000
0.952879
0.957111
0.999999
0.562284
0.522076
0.999966
0.215863
0.000000
0.116832
0.743111
0.000000
0.919711
0.449595
0.973994
1.000000
0.756676
0.995657
0.999991
0.614189
0.994882
0.576141
0.943669
0.945188
0.310064
0.198095
0.646501
0.946271
0.983107
0.125941
0.998070
0.986804
0.405524
0.776418
0.358948
0.979390
0.381513
0.166643
0.077223
0.179713
0.405677
0.999715
0.929027
0.999965
0.950304
0.971168
0.542741
0.226707
0.989294
0.000000
0.905168
0.000000
0.203304
0.987005
0.998946
0.228342
0.710380
0.952936
0.917525
0.905269
0.829934
0.291666
0.977926
0.991353
0.999981
0.999176
1.000000
0.834799
0.304217
0.792332
0.609320
0.608932
0.933351
0.911247
0.998613
0.571444
0.346509
0.890693
0.999999
0.037723
0.913300
0.999777
0.401540
0.996504
0.826873
0.865038
0.113073
0.000000
0.126900
0.125395
0.182381
0.988629
0.753711
0.236684
0.565979
0.688587
0.955596
0.999946
0.435721
0.652126
0.990996
0.918295
0.459189
0.259030
0.897128
0.586098
0.151226
0.996910
0.047808
0.750592
0.987407
0.999995
0.969378
0.999338
0.058050
0.410467
0.764624
0.000000
0.925849
0.060238
0.538632
0.950291
0.423724
0.993553
0.759742
0.118575
0.088900
0.000000
0.101378
0.984315
0.000000
0.832978
0.807205
0.958440
0.565929
0.765347
0.657830
0.927345
0.689444
0.898902
0.906896
0.941395
0.627287
0.975509
0.921818
0.730312
0.999879
0.146059
0.706470
0.657174
0.980979
0.000000
0.999998
0.845736
0.986030
0.405746
0.141165
0.354567
0.788354
0.711079
0.482842
0.992500
0.705189
0.476508
0.372458
0.728760
0.980650
0.999825
0.766810
0.638783
0.995962
0.690121
0.549024
0.965277
0.972593
0.989560
0.160781
0.998112
0.518655
0.333887
0.180116
0.249785
0.751692
0.997453
0.884724
0.187753
0.057634
0.000000
0.845280
0.288245
0.055015
0.965804
0.807345
0.298810
0.140748
0.131435
0.258894
0.824903
0.972009
0.000000
0.214950
0.988796
0.381543
0.000000
0.038682
0.903904
0.273981
0.785996
0.003845
0.242369
0.978062
0.000000
0.988429
0.899602
0.804802
0.999942
0.998683
0.899959
0.598437
0.000000
0.982816
0.637315
0.309388
0.652145
0.921574
0.834529
0.155619
0.000000
0.000000
0.785710
0.951941
0.680432
0.283119
0.740813
0.971912
0.991633
0.950672
0.310287
0.978823
0.883726
0.898526
0.601424
0.853729
0.833006
0.351785
0.054661
0.421307
0.064678
0.984788
0.649917
0.953552
0.414177
0.890165
0.948132
0.980220
0.682502
0.999975
1.000000
0.588333
0.731475
0.973652
0.778289
0.988075
0.858389
0.981611
0.997790
0.106013
0.995947
0.579393
0.999936
0.999898
0.784788
0.777112
0.990593
0.911525
0.529655
0.884732
0.000000
0.883136
0.997773
0.999779
0.934693
1.000000
0.590263
0.950955
0.158706
0.540190
0.999770
1.000000
0.667384
0.999969
0.981729
0.999191
1.000000
0.896958
0.999971
0.232090
0.150908
0.338876
0.778552
0.775645
0.319081
0.223849
0.880969
0.765728
0.999979
0.877173
0.995479
0.881581
0.412288
0.840256
0.000000
0.000000
0.213618
0.999996
0.436230
0.999999
0.999002
0.976979
0.200083
0.439435
0.038742
0.495816
0.376805
0.709717
0.992331
0.000000
0.999711
0.915241
0.999756
0.321723
0.343203
0.193243
0.960340
1.000000
0.771781
0.455838
0.510853
0.541711
0.918809
0.597139
0.995030
0.621380
0.983678
0.991620
0.986951
0.559486
0.564106
0.000000
0.000000
0.469395
0.926643
0.000000
0.000000
0.119229
0.517664
0.463971
0.979175
0.737130
0.999919
0.947108
0.000000
0.999916
0.982607
1.000000
0.878595
0.694168
0.623678
0.000000
0.169306
0.530436
0.924070
1.000000
0.192066
0.947021
0.729941
0.009604
0.693716
0.999094
0.456636
0.732433
0.234050
0.984137
0.375102
0.734048
0.528613
0.470205
0.875313
0.726462
0.868659
0.498550
0.899254
0.014564
0.402390
0.000000
0.809444
0.495374
0.946691
0.797832
0.721385
0.998147
0.355616
0.982225
0.134465
0.857678
0.468923
0.000000
0.847861
0.980619
0.608440
0.719433
0.668144
0.211555
0.850470
0.234248
0.194136
0.293004
0.163659
0.299980
0.832793
0.999999
0.050890
0.782674
0.140056
0.849743
0.000000
0.869427
0.597722
0.999998
0.906033
0.798615
0.904289
0.988728
0.683139
0.737154
0.645839
0.849414
0.071609
0.282955
0.052091
0.200273
0.620900
0.779984
0.643026
0.912340
0.999994
0.960813
0.920545
0.737157
0.746023
0.129423
0.999091
0.063139
0.379630
0.934414
0.493706
0.664324
0.082424
0.362821
0.526048
0.422556
0.076723
0.999977
0.807109
0.506693
0.269331
0.000000
0.991534
0.805076
0.999822
0.997873
0.984642
0.000000
0.951565
0.197076
0.892230
0.891058
0.608562
0.101044
0.623677
0.420336
0.868929
0.999998
0.980498
0.590742
0.000000
0.965298
0.000000
0.548354
0.386763
0.925610
0.995974
0.677188
0.336812
0.007090
1.000000
0.232142
1.000000
0.139062
0.898919
0.668582
0.831803
0.498377
0.946194
0.484908
0.851984
0.000000
0.938491
0.999384
0.979842
0.978483
0.649735
0.000000
0.714978
0.917299
0.865380
0.233445
0.742097
0.775741
0.830631
0.006794
0.848769
0.748635
0.000000
0.896804
0.969738
0.870145
0.563317
0.557144
0.478164
0.719027
0.755952
0.141272
0.186495
0.935671
0.995272
0.928139
0.994850
0.348906
1.000000
0.508830
0.492390
0.821923
0.497148
0.999930
0.991358
0.997672
0.998926
0.151809
0.361906
0.999848
0.003439
0.086078
0.990599
0.475134
0.982946
0.597468
0.702000
0.995125
0.757605
0.000000
0.549475
0.234874
0.836639
0.483988
0.358494
0.799019
0.769098
0.000000
0.928357
0.071905
1.000000
0.000000
0.887398
0.006368
0.395790
0.000000
0.176532
0.279246
0.000000
0.991634
0.466452
0.908374
0.834140
0.645535
0.766879
0.397135
0.979324
0.207200
0.863657
0.982743
0.000000
0.568287
0.000000
0.998302
0.271173
0.507777
0.000000
0.957473
0.172342
0.309534
0.919833
0.999982
0.929006
0.989304
0.999995
0.090142
0.944294
0.999239
0.796532
0.999969
0.998875
0.989221
0.000000
0.127245
0.999709
0.086711
0.338982
0.436525
0.000000
0.918692
0.904363
0.465340
0.103173
0.832697
0.000000
0.984866
0.118989
0.195775
0.504050
0.665651
0.963170
0.949794
0.792293
0.338758
0.805162
0.092686
0.640249
0.454348
0.863377
0.757930
0.857413
0.160575
0.580980
0.964028
0.236369
0.000000
0.998890
0.955868
0.422130
0.991754
0.872989
0.993728
0.937171
0.406377
0.626055
0.000000
0.000000
0.448342
0.717153
0.988248
0.359542
0.182488
0.542923
0.923192
0.911167
0.332373
0.678651
0.000000
0.539006
0.000000
0.999654
0.996984
0.238816
0.000000
0.999896
0.988998
0.811289
0.611607
0.993188
0.362815
0.524721
0.772430
0.892760
0.514479
0.999993
0.571675
0.100858
0.898026
0.999923
0.297076
0.171776
0.998140
0.808162
0.198999
0.622455
0.466139
0.000000
0.977374
0.708429
0.195778
0.998847
0.950817
0.907894
0.303291
0.986379
0.843163
0.838880
0.674997
0.999962
0.718209
0.996651
0.664892
0.998538
0.224087
0.985075
0.000000
0.997023
0.995757
0.988687
0.927817
0.000000
0.954817
0.716641
0.938863
0.000000
0.808994
0.853568
0.970129
0.999888
0.598133
0.000000
0.533998
0.332930
0.000000
0.129153
0.879059
0.760213
0.099158
0.587104
0.628474
0.724754
0.498240
0.155384
0.139367
0.000000
0.999886
1.000000
0.999954
0.972726
0.000000
0.964621
0.895250
0.153530
0.932207
0.829442
0.882955
0.956443
0.439814
0.460784
0.994323
0.954990
0.682652
0.426536
0.880647
0.681220
0.954035
0.941367
0.734872
0.389494
0.000000
0.907388
0.949869
0.231646
0.589035
0.824238
0.477219
0.000000
0.388762
0.716568
0.159715
0.482349
0.064774
0.997359
0.913478
0.999947
0.871832
0.382505
0.116543
0.992058
0.519009
0.020982
0.245045
0.946571
0.968826
0.000000
0.357105
0.537027
0.832642
0.000000
0.525442
0.880224
0.381871
0.775567
0.141076
0.781736
0.330166
0.999953
0.160610
0.492031
0.999831
0.000000
0.000000
0.975780
0.059816
0.957894
0.974615
0.403966
0.115194
0.831299
0.962615
0.924501
0.709791
0.394589
0.901612
0.999925
0.000000
0.000000
0.999529
0.970229
0.613406
0.395175
0.957130
0.627031
0.706394
0.996619
0.000000
0.484696
0.948992
0.999999
0.766971
0.607509
0.526496
0.146681
0.982128
0.880985
1.000000
0.908306
0.969564
0.000000
0.999997
0.736278
0.000000
0.974315
0.640336
0.982010
0.999610
0.319067
0.113145
0.052121
0.809131
0.513397
0.134282
0.896756
0.890985
0.671001
0.993210
0.810185
0.944896
0.057493
0.997615
0.992706
0.999734
0.658507
0.585618
0.814214
0.000000
0.439428
0.671899
0.717036
0.000000
0.986994
0.572690
0.353324
0.981724
0.992377
0.924046
0.990995
0.942563
0.889723
0.987501
0.490903
0.068241
1.000000
0.998787
0.000000
0.879908
0.979829
0.999803
0.000000
0.293245
0.979800
0.891377
0.930717
0.996954
0.989034
0.471682
0.843126
0.964928
0.963176
0.969484
0.582715
0.966903
0.940863
0.117829
0.320243
0.145500
0.841768
0.249436
0.000000
0.976456
0.746640
0.999988
0.622228
0.893039
0.948299
0.937532
0.609328
0.323431
0.758313
0.980228
0.954759
0.415349
0.346069
0.574379
0.616282
0.162358
0.967867
0.639586
0.548899
0.680858
0.627503
0.981597
1.000000
0.931554
0.794248
0.145321
0.999995
0.041420
0.970480
0.406546
0.917452
0.000000
0.359459
0.667900
0.004641
0.836526
0.961070
0.999891
0.995367
0.608362
0.000000
0.734522
0.993995
0.957221
1.000000
0.998255
0.863727
0.997247
0.847862
0.999923
0.811999
0.224676
0.898767
0.217721
0.985740
0.688433
0.999776
0.696113
0.447562
0.943639
0.789313
0.991974
0.913545
0.694693
0.918507
0.694053
0.000000
0.310809
0.997183
0.857106
0.999966
0.929474
0.978954
0.944691
0.000000
0.990359
0.159318
0.377852
0.373692
0.488274
0.070061
0.940388
0.999360
0.337100
0.999417
0.997792
0.000000
0.230350
0.922663
0.074184
0.999908
0.365391
0.183944
0.857315
0.000000
0.487489
0.000000
0.000000
0.947096
0.680191
0.814139
0.000000
0.678960
0.171267
0.913020
0.998913
0.518283
0.680699
0.000000
0.000000
0.000000
0.648434
0.976315
0.861493
0.942928
0.750761
0.823212
0.000000
0.970149
0.627334
0.435903
0.997496
0.487899
0.346213
0.792098
0.652950
0.996810
0.890876
0.356877
0.362901
0.679761
0.999830
0.927924
0.979352
0.351983
0.000000
0.825122
0.128100
0.999999
0.292038
0.999997
0.518933
0.445999
0.558337
0.920436
0.986396
0.194118
0.000000
0.998814
0.884912
0.742338
0.787071
0.998646
0.296078
0.488794
0.652063
0.996891
0.199312
0.304093
0.979570
0.684670
0.110849
0.976169
0.631883
0.266051
0.687456
0.123503
0.432051
0.994744
0.999850
0.343024
0.966454
0.929208
0.546605
0.672962
0.329797
0.868658
0.557834
0.929491
0.960828
0.922118
0.689430
0.980168
1.000000
0.753966
0.956143
0.967047
0.949941
0.170273
0.981307
0.618232
0.999516
0.269264
1.000000
0.890819
0.156754
0.999893
0.991354
0.347686
0.499942
0.839519
0.749284
0.000000
0.422222
0.999994
0.971312
0.518325
0.660439
0.707671
0.986511
0.000000
0.965402
0.923703
0.581449
0.974376
0.166090
0.629668
0.987710
0.995745
0.915600
0.711350
0.991081
0.286500
0.381705
0.635653
0.266154
0.000000
0.598459
0.708883
0.959005
0.978594
0.000000
0.828574
0.134830
0.274294
0.891660
0.293912
0.891243
0.793991
0.748802
0.695235
0.783738
0.930384
0.270428
0.975017
0.340428
0.000000
0.999983
0.992368
0.309979
0.988675
1.000000
0.815142
0.405909
0.223199
0.996309
0.760271
0.999998
0.728365
0.872734
0.137541
0.773883
0.000000
0.420002
0.999998
0.987276
0.000000
0.633607
0.000000
0.413687
0.405580
1.000000
0.771040
0.292399
0.235508
0.863346
0.952195
0.992085
0.000000
0.833344
0.405892
0.999236
0.567495
0.909788
0.913028
0.717547
0.558091
0.905712
0.471320
0.000000
0.689855
0.891251
0.732665
0.552615
0.000000
0.973095
0.756992
0.942261
0.576119
0.959345
0.989523
0.000000
0.840641
0.999787
1.000000
0.819605
0.080369
0.981412
0.792199
0.000000
0.000000
0.879689
0.908158
0.000000
0.962068
0.983697
0.789151
0.824247
0.767026
0.300977
0.962777
0.208361
0.162256
0.976514
0.000000
0.999721
0.251579
0.988237
0.657780
0.206167
0.631868
0.929572
0.419181
0.300424
1.000000
0.812974
0.840487
0.965246
0.398129
0.999920
0.993295
0.995355
0.241806
0.054999
0.994906
0.959257
0.995239
0.535640
0.531490
0.486826
0.055526
0.718598
1.000000
0.357675
0.923958
0.355084
0.990523
0.000000
0.142498
0.167806
0.562114
0.964483
0.235733
0.473047
0.999985
0.708084
0.734830
0.999927
0.441335
0.805660
0.816962
0.181053
0.998969
0.969757
0.244654
0.318643
0.982966
0.999988
0.971322
0.350441
0.973104
0.250662
0.999986
0.632173
0.437512
0.576144
0.983381
0.000000
0.101677
0.169589
0.362268
0.663925
1.000000
0.000000
0.834117
0.000000
0.538077
0.074413
0.716817
0.454522
0.958826
0.992958
0.224984
0.999522
0.993785
0.901932
0.632860
0.954518
0.285756
0.980346
0.999657
0.950502
0.998112
0.744590
0.606424
0.657151
0.090716
0.392110
0.999648
0.917389
0.985457
0.937188
0.000000
0.789919
0.994115
0.998006
0.923429
0.988860
0.232759
0.509499
0.000000
0.625246
0.536591
0.989978
0.187643
0.000000
0.904451
0.999161
0.254099
0.312963
0.483279
0.707723
0.985243
0.613879
0.000000
0.000000
0.986737
0.068024
0.293513
0.017635
0.609378
0.997246
0.997288
0.850921
0.000000
0.996724
0.919315
0.000000
0.796695
0.860225
0.312045
0.787855
0.635954
0.589132
0.566612
0.908085
0.795688
0.286160
0.777701
0.273760
0.197866
0.581490
0.997786
0.731104
0.189268
0.785925
0.788767
0.193283
0.000000
0.600956
0.032695
0.612559
0.053594
0.023103
0.859055
0.857401
0.726596
0.408956
0.991018
0.000000
0.101310
0.347164
0.000000
0.893600
0.096113
0.275557
0.676958
0.915376
0.000000
0.000000
0.892271
0.356702
0.000000
0.981043
0.900184
0.268515
0.310345
0.969132
0.998575
0.573248
0.519656
0.408880
0.524587
0.485403
0.889492
0.961618
0.250200
0.983817
0.162127
0.285022
0.999113
0.937831
0.000000
0.940884
0.000000
0.341771
0.412728
0.202013
0.690147
0.999296
0.699346
0.999990
0.000000
0.626880
0.550627
0.526620
0.908822
0.608917
1.000000
0.437278
0.553658
0.437772
0.623835
0.251982
1.000000
0.946118
0.290571
1.000000
0.579312
0.890453
0.157575
0.570894
0.269536
0.390462
0.964143
0.346399
0.999975
0.247329
0.999828
0.948439
0.594505
0.184925
0.985707
0.206593
0.978572
0.999063
0.881343
0.845705
0.908573
0.758811
0.506119
0.415542
0.564987
0.399775
0.661785
0.976646
0.244831
0.357553
0.627082
0.996938
0.483687
0.222148
0.069030
0.992832
0.980012
0.999988
0.087192
0.999225
0.999996
0.119708
0.641522
0.000000
0.000000
0.930303
0.225047
0.064442
0.922478
0.883581
0.466706
0.997596
0.334304
0.889667
0.098277
0.980788
0.980918
0.000000
0.973809
0.023234
0.956527
0.573455
0.000000
0.000000
0.845800
0.538983
0.053428
0.994886
0.390722
0.000000
0.399158
0.984306
0.000000
0.270117
0.988787
0.894106
0.587231
0.000000
0.000000
0.999965
0.063671
0.131700
0.640374
0.987971
0.505659
0.000000
0.661382
0.866147
0.579032
0.450395
1.000000
0.089664
0.700026
0.594330
0.973770
0.311583
0.996463
0.000000
0.000000
0.146276
0.381780
0.996046
0.220291
0.031587
0.232147
0.192194
0.130250
0.000000
0.400907
0.045510
0.985115
0.650159
0.353920
0.099351
0.496682
0.976418
0.212757
0.773867
0.663845
0.812326
0.000000
0.742982
0.988639
0.517956
0.999381
0.738679
0.555105
0.969811
0.797924
0.957224
0.997717
0.859171
0.959821
0.000000
0.489330
0.945120
0.880215
0.906814
0.916517
0.439383
0.725350
0.860934
0.999905
0.405326
0.440942
0.897662
0.614356
0.987752
0.997369
0.687283
0.000000
0.405904
0.022119
0.777125
0.101664
0.995489
0.970942
0.999944
0.940272
0.789017
0.978310
0.113236
0.814065
0.000000
0.719373
0.175147
0.877292
0.075158
0.695347
0.000000
0.984087
0.885525
0.833012
0.029990
0.579206
0.971320
0.098604
0.531462
0.000000
0.798124
0.277276
0.447043
0.358812
0.134375
0.616670
0.993979
0.933771
0.205555
0.979859
0.054068
0.743534
0.488361
0.988713
0.999932
0.666809
1.000000
0.975748
0.166661
0.566128
0.297984
0.255636
0.351526
0.000000
0.686980
1.000000
0.912352
0.806625
0.999792
0.420801
0.000000
0.103461
0.939856
0.936134
0.760653
1.000000
0.486300
0.869427
0.593813
0.334254
0.000000
0.699561
0.545575
0.437316
0.000000
0.235972
0.916110
1.000000
0.999416
0.783463
0.810158
0.998153
0.540063
0.999540
0.091338
0.939567
0.813759
0.090516
0.675396
0.999930
0.957485
0.919660
0.682603
0.999265
0.996033
0.706203
1.000000
0.914848
0.997639
0.000000
0.950432
0.582765
0.408394
0.000000
0.000000
0.086356
0.249150
0.619969
0.934199
0.858871
0.430139
0.059069
0.819798
1.000000
0.918401
0.999955
0.720262
0.062564
0.017646
0.994284
0.225485
0.343610
0.423978
0.404463
0.853085
0.381969
0.660285
0.776845
0.881297
0.995793
0.974156
0.989190
0.994999
0.624394
0.999812
0.101046
0.657598
0.991605
1.000000
0.450494
0.884052
0.773952
0.993781
0.849415
0.458468
0.999210
0.999843
0.999753
0.376252
0.945082
0.345868
0.518602
0.076974
0.954757
0.913415
0.423942
0.963168
0.750525
0.877551
0.215868
0.869344
0.767069
0.153143
0.999108
0.814543
0.238761
0.994778
0.218010
0.682936
0.000000
0.812105
0.000000
0.978905
0.000000
0.998057
0.973410
1.000000
0.653559
0.576142
0.999208
0.899468
0.845359
0.999911
0.931443
0.789585
0.000000
0.919387
0.583455
0.317943
0.859142
0.999991
0.935157
0.996589
0.999940
0.926200
0.163311
0.764940
0.385631
0.999982
0.592254
0.970904
0.372626
0.881917
0.997012
0.009458
0.999937
0.849334
1.000000
0.993732
0.964851
0.344394
0.925275
0.252476
0.000000
0.455960
0.725617
0.828930
0.000000
0.341722
0.687460
0.275490
0.928732
0.905673
0.991971
0.899933
0.980782
0.966463
0.122228
0.459440
0.919650
0.821972
0.886823
0.000000
0.823733
0.492629
0.999075
0.971006
0.673294
0.000000
0.289893
0.849383
0.781037
0.998753
0.993300
0.872695
0.412995
0.484291
1.000000
1.000000
1.000000
0.996366
0.823371
0.998160
0.994175
0.981614
0.050062
0.999460
0.834567
0.999992
0.835237
0.261031
0.023827
0.968507
0.550207
0.257318
1.000000
0.622113
0.956549
0.806850
0.738568
0.687312
0.952997
0.951261
0.848174
0.962625
0.178195
0.999439
0.290737
1.000000
0.142714
0.991323
0.949481
0.109106
0.186024
0.999941
0.296386
0.000000
0.971211
0.205344
0.000000
0.230305
0.113935
0.330183
0.724345
0.938444
0.981545
0.481725
0.453388
0.981818
0.168024
0.995057
0.546094
0.712861
0.934304
0.115533
0.830391
0.677853
0.000000
0.806730
0.613428
0.049960
0.999098
1.000000
0.946795
0.368406
0.155495
0.999939
0.714226
0.990457
0.647153
1.000000
0.984318
0.000000
0.754925
0.979934
0.993927
0.983100
0.405605
0.000000
0.089987
0.918652
0.942420
0.949840
0.254084
0.093543
1.000000
0.476085
0.629850
0.529512
0.268936
0.804325
0.000000
0.351315
0.283679
0.978271
0.932181
0.565068
0.000000
0.763963
0.958953
0.828925
0.933262
0.999529
0.000000
0.434573
0.704102
0.677697
0.989438
0.000000
0.999538
0.996033
0.065286
0.999998
0.070066
0.931386
0.866315
0.985772
0.901851
0.144729
0.908611
0.648496
0.093692
0.870857
0.000000
0.558572
0.625097
0.802178
0.692117
0.697355
0.713305
0.987226
0.981374
0.694797
0.904105
0.739019
0.768089
0.328348
0.120523
0.917181
0.791838
0.117668
0.312953
0.818546
0.374140
0.792160
0.997922
0.000000
0.000000
0.892912
0.999471
0.845577
0.786209
0.777795
0.997446
0.906975
0.852403
0.683560
0.868104
0.878212
0.433404
0.538980
0.985741
0.817376
0.682074
0.000000
0.673088
0.814039
0.091801
0.999719
0.978361
0.995481
0.740519
0.467282
0.862622
0.315143
0.588801
1.000000
0.541799
0.428817
0.898472
0.524888
0.924340
0.703293
0.077027
0.405324
0.975673
0.000000
0.998835
0.244902
0.768149
0.349289
0.993247
0.949885
0.982966
0.745566
0.000000
0.999847
0.608136
0.585527
0.000000
0.690587
0.611595
0.371283
0.219427
0.671034
0.998723
1.000000
0.000000
0.777348
0.370238
0.628390
0.670041
0.200568
0.263157
0.981003
0.926763
0.819225
0.957670
0.000000
0.381451
0.238361
0.825739
0.973384
0.706707
0.958234
0.525020
0.338964
0.000000
0.000000
0.772183
0.403012
0.913462
0.991786
0.651823
0.225886
0.125328
0.271564
0.972851
0.542789
0.345166
0.733215
0.673829
0.390464
0.985306
0.998972
0.785605
0.086127
0.999997
0.991410
0.870286
0.994557
0.911783
0.480601
0.556424
0.401881
0.000000
0.561178
0.663271
0.179895
0.123298
0.994108
0.353138
0.509093
0.231128
0.958931
0.935836
0.992258
0.885982
0.923267
0.862436
0.289522
0.833937
0.678462
0.758009
0.610598
0.078814
0.094031
0.974035
0.899258
0.143073
0.255180
0.954313
0.443040
0.313713
0.957880
0.999940
0.999985
0.000000
0.000000
0.403717
0.000000
0.096985
0.592745
0.972238
1.000000
0.445253
0.066788
0.746738
0.698245
0.405530
0.924363
0.080503
0.993125
0.416917
0.378072
0.342769
0.235961
0.980198
0.811691
1.000000
0.667583
0.586562
0.116727
0.486613
1.000000
0.624419
0.959218
0.187216
0.983905
0.083438
0.708770
0.762795
0.273992
0.000000
1.000000
0.951696
1.000000
0.028746
0.758251
0.993511
0.573460
0.968592
0.139200
0.852332
0.851886
0.999986
0.065555
0.248579
0.924067
0.863976
0.999877
0.989756
0.996895
0.463727
0.985783
0.956010
0.954207
0.559150
0.320442
0.446251
0.949752
0.971029
0.981116
0.661253
0.087127
0.587641
0.986903
0.991861
1.000000
0.964652
0.000000
0.600798
0.252385
0.981964
0.964294
0.720229
0.737574
0.848747
0.679277
0.697613
0.830453
0.999959
0.894647
0.353861
0.372045
0.995896
0.866669
0.941221
0.540384
0.978999
0.741739
0.000000
0.683536
0.997016
0.698961
0.311155
0.999799
1.000000
0.083781
0.000000
0.129388
0.158810
0.991079
0.172636
0.190566
0.497156
0.291210
0.377979
0.374081
0.461386
0.772327
0.992420
0.000000
0.077563
0.986267
0.900771
0.578653
0.960733
0.646434
0.988753
0.948506
0.549565
0.939052
0.999630
0.840428
0.172391
0.000000
0.826904
0.000000
0.448356
0.000000
0.971411
0.480023
0.619331
0.907632
0.187848
0.999145
0.714341
0.972007
0.997278
0.999845
0.000000
0.439577
0.200217
0.116235
0.171327
0.177723
0.999958
0.254592
0.988107
0.661438
0.612519
0.998358
0.768085
0.994114
0.999424
0.927235
0.990309
0.419448
0.192433
0.063316
0.768691
0.947206
0.289781
0.842681
0.999914
0.999863
0.993372
0.014428
0.999999
0.801813
0.867948
0.941501
0.521035
0.426431
0.998121
0.974703
0.679925
0.166577
0.821617
0.981690
0.999940
0.994083
0.995699
0.642809
0.979020
0.048863
0.961693
0.000000
0.945114
0.305918
0.974949
0.863626
0.982801
0.971740
0.702634
0.229964
0.085146
0.470115
0.999088
0.726231
0.533424
0.981627
0.787952
0.978864
0.449953
0.141544
0.000000
0.995847
1.000000
0.802571
0.996160
0.351276
0.558293
0.305785
0.061094
0.847696
0.457506
0.753011
0.859938
0.995487
0.961466
0.154646
0.946572
0.065381
0.055141
0.989118
0.446244
0.919251
0.999040
0.999999
0.000000
0.913210
0.175888
0.321825
0.740977
0.935121
0.694581
0.712701
0.971244
0.494059
0.785876
0.756973
0.000000
0.568281
0.145734
0.999996
0.999502
0.098062
0.606766
0.681194
0.941083
0.733731
0.999688
0.158678
0.570619
0.808019
0.984584
0.999995
0.859282
0.955602
0.368222
0.840777
0.876676
1.000000
0.601478
0.999766
0.999460
0.957191
0.289059
0.933253
0.869654
0.943930
0.898768
0.908889
1.000000
0.811895
0.999854
0.798823
0.848551
0.206289
0.968706
0.125172
0.000000
0.582645
0.981435
0.091252
0.190855
0.962152
0.965883
0.935209
0.870819
0.111785
0.993993
0.000000
0.741295
0.167541
0.828679
0.946256
0.111606
0.162153
0.216106
0.740550
0.965984
0.000000
0.932985
0.999190
0.248632
0.994550
0.463678
0.258343
1.000000
0.790673
0.456670
0.311986
0.535888
0.335350
0.459034
0.999945
0.421101
0.988176
0.923753
0.947760
0.908919
0.973432
0.565034
0.550068
0.626333
0.550141
0.271423
0.999754
0.909511
0.231582
0.432821
0.175632
0.687501
0.963627
0.600140
0.754402
0.341730
0.136430
0.961598
0.304161
0.970805
0.293578
0.992802
0.222439
0.100568
0.745497
0.338888
0.376896
0.000000
0.846560
0.000000
0.999686
0.770056
0.000000
0.000000
0.801506
0.999861
0.162153
0.556916
0.134533
0.786124
0.933815
0.984378
0.946168
0.990297
0.007283
0.623154
0.842812
0.875561
0.999706
0.501558
0.988657
0.734306
0.027929
0.672711
0.139570
0.935042
0.999982
0.976553
0.994573
0.936887
0.999999
0.000000
0.137316
0.379922
0.470454
0.976204
0.966788
0.956986
0.000000
0.956748
0.980241
0.997524
0.515224
0.852946
0.144111
0.458133
0.400521
0.613642
0.319453
0.982319
0.883962
1.000000
0.041969
0.987869
0.767487
0.311518
0.683979
0.997699
0.710207
0.080443
0.999955
0.970988
0.650435
0.000000
0.597881
0.402241
0.250714
0.961059
0.088683
0.956778
0.285983
0.187591
0.257397
0.998188
0.810881
0.000000
0.127479
0.315300
0.371849
0.315690
0.343599
0.960851
0.609132
0.978287
0.971046
0.126697
0.000000
0.999188
1.000000
0.000000
0.000000
0.751467
0.987353
0.069359
0.583779
0.948977
0.924006
0.980582
0.999754
0.992498
0.859346
0.881487
0.971326
0.994148
0.732094
0.975537
0.000000
0.524042
0.260151
0.753611
0.793456
0.983434
0.782840
0.941318
0.744777
0.955572
0.697358
0.640621
0.977231
0.942792
0.939446
0.071631
0.944542
0.695674
0.485534
0.710130
0.332540
0.939518
0.997994
0.999988
0.172615
0.738130
0.289270
0.052815
0.647789
0.249289
0.000000
0.110047
0.546721
0.657263
0.421712
0.000000
0.719777
0.498907
0.257577
0.999315
0.173481
0.957270
0.646267
0.996393
0.667153
0.839143
0.000000
0.089357
0.972747
0.161505
0.467236
0.949874
1.000000
0.000000
1.000000
0.028187
0.636688
0.998183
0.944469
0.827895
0.743335
0.693368
0.237623
0.930609
0.999993
0.485462
0.351045
0.570157
0.999716
0.999675
0.510514
0.978439
0.724267
0.945556
0.941456
0.039463
0.991522
0.999815
0.429399
0.414036
0.811091
0.740818
0.981240
0.831453
0.627795
0.981438
0.997273
0.502220
0.999677
0.981521
0.921569
0.802884
0.000000
0.203978
0.969970
0.103364
0.965838
0.760908
0.240322
0.891959
0.770627
0.684015
0.677567
0.803123
0.800339
0.336885
0.853376
0.000000
0.999584
0.977922
0.000000
0.836858
0.961607
0.987977
0.315252
0.547367
0.844556
0.937467
0.526155
0.807065
0.212199
0.891316
0.994245
0.330110
0.910045
0.204526
0.293724
0.978134
0.981658
0.488711
0.825145
0.407347
0.954718
0.957188
0.981176
0.999996
0.330849
0.381157
0.889954
0.980654
0.947614
0.615394
0.989609
0.986101
0.000000
0.477036
0.305636
0.672323
0.000000
0.946376
0.204729
0.561858
0.549503
0.938818
0.690628
0.087652
0.000000
0.461832
0.276538
0.986443
0.999456
0.999999
0.548241
0.523589
0.954796
0.343755
0.446303
0.947503
0.158008
0.699299
0.000000
0.999995
0.659028
0.413667
0.999524
0.000000
0.013746
0.582633
0.958477
0.342733
0.425654
0.986122
0.488544
0.875736
0.999996
0.610559
0.761580
0.778450
0.951833
0.866397
0.219616
0.999583
0.000000
0.000000
0.980528
0.858433
0.826956
0.663628
0.211374
0.890600
0.999989
0.950252
0.194571
0.912878
1.000000
0.194718
0.000000
0.776676
0.683470
0.336103
0.083945
0.727717
0.011504
0.695831
1.000000
0.000000
0.974169
0.956342
0.956782
0.995674
0.000000
0.185195
0.799636
0.280638
0.833851
0.834342
0.000000
0.980179
0.580959
0.837394
0.997535
0.249554
0.739144
0.736965
0.335310
0.255265
0.839358
0.785918
0.995982
0.566850
0.000000
0.983585
0.292338
0.846130
0.611888
0.987285
1.000000
0.437091
0.635729
0.998484
0.999703
0.076947
0.445593
0.974655
0.839265
0.479104
0.296563
0.681616
0.889368
0.912003
0.000000
0.186014
0.877364
0.947282
0.800476
0.898726
0.359030
0.991632
0.981561
0.996418
0.109709
0.490011
0.632062
0.541008
0.281329
0.861698
0.076546
0.067596
0.978629
1.000000
0.999774
0.971669
0.734116
0.492789
0.177346
0.442297
0.999988
0.834982
0.262221
0.506714
0.716610
0.117206
0.859594
0.512165
0.873897
0.974143
0.905225
0.999994
0.372029
0.492922
0.996068
0.423969
0.000000
0.223522
0.805301
0.194643
0.997506
0.690943
0.331525
0.983526
0.000000
0.183969
0.403176
0.000000
0.568137
0.866852
0.235366
0.016594
0.173304
0.000000
0.325240
0.901102
0.313736
0.518271
0.648829
0.591621
0.936974
1.000000
0.483541
0.924065
0.999951
0.373699
0.000000
0.062635
0.837802
0.777162
0.995929
0.000000
0.647856
0.987344
0.756137
0.696846
0.915870
0.918489
0.392172
0.467056
0.925581
0.061084
0.981863
0.255364
0.872057
0.999829
0.938780
0.535076
0.929420
0.378918
0.997397
0.477807
0.566050
0.898358
0.998263
0.239198
0.266432
0.810105
0.229901
0.267433
0.470015
0.783775
0.277441
0.521217
0.064224
0.999999
0.212456
0.187657
0.954874
0.997607
0.974874
0.957097
0.146433
0.420092
0.999965
0.979760
0.997947
0.392710
0.742836
0.754214
0.174851
0.919114
0.978242
0.000000
0.448187
0.868134
0.966267
0.101835
0.983824
0.101063
0.136892
0.724253
0.114152
0.891838
0.668934
0.987821
0.341964
0.073465
0.527559
0.774096
0.768432
0.616002
0.351983
0.361397
0.988077
0.999570
0.998927
0.000000
0.991038
0.976275
0.827993
0.999994
0.000000
0.055711
0.404012
0.964958
0.958290
0.543855
0.159993
0.981560
0.940227
0.999863
0.965553
0.300553
0.414941
0.910791
0.926471
0.811388
0.973518
0.364199
0.878742
0.995970
0.000000
0.972626
0.852403
0.985926
0.999837
0.360432
0.999872
0.085530
0.919967
0.773737
0.878386
0.415791
0.968859
0.000000
0.896679
0.984204
0.636471
0.944668
0.999978
0.796608
0.999838
0.236427
0.999817
0.863361
0.681987
0.812319
0.257501
0.422261
0.864656
0.406699
0.997740
0.062555
0.721950
0.999966
0.924565
0.678201
0.965209
0.983786
0.952973
0.441089
0.761478
0.951264
0.965304
0.868404
0.147146
0.911041
0.000000
0.749609
0.987423
0.347669
0.704053
0.581170
0.813419
0.986749
1.000000
0.579257
0.244141
0.091420
0.990448
0.515203
0.981660
0.000000
0.990921
0.981117
0.999980
0.930674
0.417576
0.000000
0.828152
1.000000
0.999854
0.520186
0.552898
0.627478
0.581526
0.028584
0.126621
0.490213
0.107275
0.280780
0.824356
0.268281
0.635187
0.998255
0.155184
0.747260
0.383231
0.994333
0.185716
0.825613
0.033169
0.000000
0.733077
0.337650
0.000000
0.989248
0.902196
0.120108
0.868681
0.959824
0.000000
0.547797
0.940242
0.072670
0.188824
0.634680
1.000000
0.942971
0.540195
0.173003
0.500185
0.299537
0.391898
0.969688
0.865023
0.220251
0.535946
0.000000
0.999837
0.747409
0.000000
0.995847
0.991995
0.787163
0.366499
0.133722
0.887862
0.826719
0.825678
0.753205
0.905198
0.528776
0.000000
0.840735
0.999154
0.999977
0.000000
0.924000
0.999985
0.499516
0.441144
0.857494
0.856600
0.542770
0.909929
0.986231
0.700802
0.835976
0.744048
0.479755
0.349516
0.463797
0.603471
0.990210
0.195050
0.327373
0.486488
0.304767
0.999342
0.613101
0.999031
0.983209
0.291896
0.154489
0.000000
0.973382
0.000000
0.999998
0.620839
0.999671
0.992708
0.095874
0.811055
0.590648
0.898977
0.642765
1.000000
0.118757
0.869594
0.999932
0.656331
0.066873
0.774899
0.000000
0.209953
0.576428
0.348394
0.999241
0.929622
0.994154
0.854533
0.954373
0.000000
0.944865
0.094693
0.998262
0.000000
0.998348
0.117878
0.999942
1.000000
0.844860
0.516754
0.962650
0.039813
0.251372
0.561026
0.614234
0.994519
0.797185
0.903642
0.407541
0.118757
0.469125
0.945957
0.217733
1.000000
0.012500
0.743850
0.000000
0.561244
0.331492
0.983857
0.316002
0.421440
0.999985
0.999979
1.000000
0.999897
0.215522
0.999999
0.264279
0.310037
0.960396
0.892980
0.931026
0.605394
0.942453
0.644683
0.113458
0.661973
0.000000
0.983144
0.998374
0.156185
0.089779
0.133187
0.992176
0.000000
0.000000
0.760901
0.822142
0.337727
0.820535
0.998187
0.263633
0.371115
0.867972
0.182346
0.840492
0.614999
0.999075
0.198103
0.911583
0.000000
0.175140
0.442849
0.617775
0.000000
0.558375
0.995929
0.823561
0.989679
0.382085
0.991235
0.521052
0.551296
0.834727
0.973373
0.108528
0.999239
1.000000
0.373402
0.994616
0.000000
0.045873
0.498217
0.999993
0.559049
0.124664
0.855409
0.997406
0.447451
0.999997
0.419776
0.989929
0.677006
0.719977
0.486485
0.943143
0.941629
1.000000
0.889172
0.984346
0.836028
0.000000
0.912114
0.999994
0.278998
0.511856
0.991895
0.719058
0.996220
0.595271
0.336511
0.182228
0.873599
0.122049
0.988436
0.999993
0.797180
0.999907
0.026903
0.277032
0.129214
0.314844
0.220088
0.051767
0.993805
0.953828
0.593711
0.000000
0.282209
0.998416
0.306238
0.964317
0.000000
0.997145
0.520570
0.972575
0.189645
0.997035
0.964805
0.925883
0.998551
0.938262
0.067601
0.648980
0.820528
0.977375
0.960368
0.000000
0.933240
0.243303
0.212814
0.981634
0.507120
0.160622
0.832951
0.637234
0.526693
0.253580
0.220394
0.000000
0.900264
1.000000
0.995915
0.933276
0.348335
0.933524
0.466417
0.997055
0.457051
1.000000
0.852581
0.996629
0.638804
0.829017
0.479880
0.875846
0.000000
0.871919
0.661045
0.000000
0.561883
0.999704
0.694179
0.679321
0.884522
0.076621
0.000000
1.000000
0.637608
0.999994
0.879068
0.793113
0.949617
0.826131
0.999959
0.950281
0.951333
0.089156
0.995190
0.235670
0.752384
0.949014
0.608271
0.780176
0.000000
0.406603
0.741592
0.999997
0.000000
0.992384
0.192307
0.764321
0.978789
0.344836
0.381688
0.998610
0.182795
0.998157
0.945325
0.375507
0.940342
0.994220
0.999985
0.931317
0.000000
0.997024
0.292934
0.999996
0.336781
0.992022
0.999849
0.999076
0.938468
0.550894
0.478312
0.966422
0.512262
0.805093
0.285859
0.998769
0.771631
0.481016
0.997061
0.046205
0.979750
0.969623
0.808149
0.943363
0.320284
0.999991
0.541296
0.954796
0.447674
0.973450
0.277686
0.877248
0.314740
0.926558
0.535051
0.843573
0.864895
0.999972
0.883105
0.467640
0.999686
0.975415
0.000000
0.000000
0.434558
0.752089
0.217253
0.756418
0.064883
0.917850
0.995411
0.999956
0.134073
0.991203
0.000000
0.306374
0.173839
1.000000
0.884853
0.970334
0.721536
0.395268
0.499766
0.616076
0.000000
0.987651
0.000000
0.999998
0.000000
0.000000
0.898797
0.999726
0.747788
0.495148
0.150969
0.999508
0.972708
0.599710
0.573694
0.607283
0.918836
0.000000
0.916199
0.615410
0.075184
0.386332
0.502688
0.999794
0.700294
0.910260
0.906581
0.917956
1.000000
1.000000
0.322135
0.000000
0.999702
0.916265
0.997484
0.466667
0.734423
0.590866
0.565836
0.123179
0.147413
0.154676
0.977990
0.859188
0.999813
0.937241
0.962581
0.325027
0.966823
0.741771
0.431050
0.997718
0.721975
0.577356
0.329086
0.930778
0.480246
1.000000
0.991548
0.293007
0.591036
0.842254
0.261575
0.535293
0.888587
0.108848
0.999954
0.624468
0.983610
0.947525
0.993514
0.999030
0.168660
0.691142
0.857641
0.182100
0.895143
0.128351
0.990279
0.281971
0.999512
0.694741
0.946812
0.954066
0.796841
1.000000
0.392851
0.219241
0.395954
0.914456
0.999959
0.997958
0.249408
0.514351
1.000000
0.968183
0.961443
0.955892
0.921802
0.735322
0.932055
0.072791
0.498359
0.788500
0.040335
0.351157
0.981277
0.999996
0.998683
0.404275
0.921529
0.914796
0.276745
0.847675
0.391645
0.725239
0.854858
0.754860
0.291409
0.803517
0.285738
0.291187
0.958618
0.589810
0.000000
0.252381
0.857415
0.975178
0.950169
0.000000
0.599995
0.875317
0.053690
0.999655
0.513713
0.644674
0.124734
0.151069
0.000000
0.989698
0.631812
0.985398
0.713711
0.706598
0.999995
0.948673
0.522581
0.970213
0.440144
0.240587
0.247873
0.679455
0.867931
0.658966
0.813894
0.939421
0.999467
1.000000
0.000000
0.893885
0.000000
0.999689
0.811682
0.076704
0.769248
0.043956
0.209990
0.737502
0.552095
0.968376
0.911123
0.994899
0.166469
0.798589
0.098694
0.917931
0.602774
1.000000
0.999985
0.591434
0.921104
0.276883
0.994038
0.916541
0.218772
0.852928
0.975621
0.864669
0.677782
0.321391
0.540559
0.226402
0.999138
0.539249
0.880579
0.996767
0.929286
0.515247
0.000000
0.851175
0.988528
0.760613
1.000000
0.917762
0.657298
0.510916
0.889406
0.596495
0.981730
0.639147
0.921102
0.972265
0.879354
0.384147
0.000000
0.413046
0.677171
0.484024
0.999993
0.468211
0.988831
0.998587
0.773541
0.029896
0.976214
0.405766
0.272498
0.000000
0.111070
0.492884
0.862564
0.906334
0.431563
0.238825
0.624137
0.729295
0.968953
0.000000
0.901335
0.252064
0.612595
0.999998
0.730900
0.409410
0.932544
0.321429
0.000000
0.541009
0.136421
0.000000
0.061679
0.422116
0.469334
1.000000
0.997287
0.425548
0.000000
0.901686
0.703719
0.476325
0.062500
0.967949
0.256103
0.980004
0.958279
0.994895
0.987968
0.929313
0.985850
0.911294
0.000000
0.966814
0.179052
0.579133
0.528449
0.128564
0.964008
0.933056
0.000000
1.000000
0.000000
0.125386
0.864879
0.867363
0.364687
0.829927
0.080681
0.978114
0.629684
0.369894
0.329137
0.933027
0.270204
0.675199
0.927084
0.664973
0.995423
0.977219
0.105594
0.989347
0.943429
0.998920
0.103208
0.632453
0.088815
0.503827
0.168019
0.949275
0.130299
0.995670
0.000000
0.714542
0.113840
0.944771
0.155788
0.649458
0.000000
0.093818
0.260229
0.676799
0.778341
0.000000
0.843569
0.843766
0.035805
0.946012
0.828308
0.553367
0.534087
0.603421
0.000000
0.590652
0.472928
0.951801
0.000000
0.959656
0.605348
0.999989
0.992204
0.981356
1.000000
0.263641
0.000000
0.999566
0.924066
0.977530
0.098860
0.000000
0.352961
0.019546
0.000000
0.981477
0.138958
0.140488
0.985473
0.338043
0.904526
0.731306
0.801330
0.897430
0.223087
0.437870
0.924214
0.885251
0.062866
0.348742
0.312360
0.443568
0.000000
0.779691
0.904527
0.999990
0.960144
0.999998
0.831905
0.999357
0.996583
0.999002
0.824247
0.387657
0.999842
0.789329
0.389030
0.922538
1.000000
0.995135
0.963634
0.000000
0.694820
0.098076
0.976866
0.069228
0.707606
0.988940
0.767838
0.999996
0.205323
0.000000
0.000000
0.620882
0.986969
0.067434
0.999925
0.999109
0.282429
0.362494
0.834409
0.307782
0.167815
0.553173
0.840515
0.289485
0.000000
0.987405
0.692161
0.416938
0.643916
0.995897
0.101921
0.979574
0.994101
0.151995
0.996672
0.209341
0.612292
0.108861
0.716233
0.999865
0.437871
0.822711
0.182378
0.000000
0.974970
0.260905
0.989686
0.717491
0.287640
0.999957
0.981881
0.997529
0.730365
0.065046
0.143928
0.393501
0.052736
0.942572
0.000000
0.631822
0.381277
0.000000
1.000000
0.089504
0.530105
0.000000
0.999832
0.948720
0.838525
0.030369
0.855523
0.860603
0.911484
0.876747
0.552137
0.986322
0.998073
0.413203
0.000000
0.193073
0.659790
0.925037
0.000000
1.000000
0.234846
0.354670
0.895669
0.679922
0.283419
0.205362
0.753448
0.810705
0.755508
0.999552
0.494289
0.978213
0.193110
0.992392
0.113699
0.770844
0.993618
0.991739
0.973473
0.349317
0.553779
0.950994
0.399887
0.000000
0.886810
0.980590
0.999997
0.537906
0.963097
0.000000
0.911623
0.383466
0.027503
0.000000
0.753280
0.695819
0.694454
0.699193
0.990734
0.991304
0.953024
0.999040
0.091159
0.997711
0.160734
0.971810
0.322629
0.960236
0.980164
0.949715
0.972407
0.894570
0.707850
0.999963
0.872513
0.320634
0.284411
0.999998
0.715382
0.996249
0.996672
0.396599
0.523290
0.992255
0.999999
0.000000
0.680675
0.659325
0.398786
0.764623
0.943482
0.942675
0.942010
0.380035
0.346448
0.986056
0.000000
0.970383
1.000000
0.961747
0.887057
0.868450
0.829348
0.309544
0.000000
0.911100
0.873088
0.278082
0.295448
0.000000
0.980393
0.660754
0.161851
1.000000
0.204443
0.531798
0.295609
0.663469
0.421553
0.766344
0.647935
0.946258
0.027978
0.789913
0.999845
0.585654
0.000000
0.978674
0.868186
0.341152
0.367825
0.540310
0.859185
0.472028
0.616652
0.994271
0.994484
0.743408
0.082305
0.998786
0.973119
0.879511
0.739581
0.945598
0.541103
0.963624
0.000000
0.948254
0.645619
0.024073
0.988280
0.953640
1.000000
0.987198
0.000000
0.872467
0.145432
0.095993
0.726263
0.328670
0.000000
1.000000
0.230236
0.133304
1.000000
0.568447
0.999931
0.324378
0.137511
0.485892
0.047755
0.999950
0.940755
0.999933
0.054452
0.392395
0.943891
0.380492
0.062589
0.554846
0.000000
0.365061
0.504012
0.253166
0.823695
0.958946
0.136804
0.974111
0.970718
0.548748
0.591098
0.649615
0.031886
1.000000
0.606824
0.313628
0.999888
0.992495
0.312604
0.475901
0.605159
0.298071
0.661811
0.318766
0.282475
0.336463
0.999997
0.000000
0.989040
0.993555
0.994091
0.414155
0.961107
0.466183
0.999954
0.469745
0.348046
0.895941
0.995149
0.977015
0.874550
0.777032
0.999945
0.000000
0.628390
0.994935
0.112669
0.994899
0.721510
0.975124
0.165951
0.937178
0.491304
0.990483
0.171313
0.642979
0.790256
0.999343
0.655094
0.131995
0.797578
0.944432
0.572129
1.000000
0.512654
0.975581
0.212986
0.000000
0.373735
0.927155
0.876649
0.549952
0.057495
0.131547
0.940561
0.000000
0.923105
0.686632
0.000000
0.000000
0.797271
0.315222
0.797989
0.849758
0.456618
0.265749
0.425345
0.933913
0.343385
0.958044
0.222129
0.000000
0.842436
0.240573
0.978948
0.842406
0.560038
0.000000
0.979500
0.179478
0.210688
0.983366
0.084265
0.793043
0.839173
0.994574
0.457379
0.993973
0.147477
0.652331
0.449944
0.989782
0.993539
0.615827
0.253409
0.985106
0.953581
0.999981
0.107030
0.686940
0.203494
0.147738
0.000000
0.714540
0.928255
0.991760
0.761107
0.327897
0.999999
0.994335
0.641543
0.961497
0.000000
0.574711
0.700197
0.998082
0.941974
0.377816
0.835915
0.059880
0.000000
0.907615
0.440103
0.986396
0.267324
0.000000
0.999983
0.972462
0.999761
0.000000
0.784817
0.819702
0.981083
0.206046
0.874506
0.000000
0.869900
0.636900
0.699339
0.241614
0.924442
0.947735
0.035296
0.810139
0.878572
0.999973
0.651631
0.955884
0.963720
0.413798
0.998369
0.789068
0.249934
0.619523
0.000000
0.958158
0.552136
0.968290
0.583696
0.512481
0.947013
0.939298
0.998087
0.855444
0.718089
0.985824
0.410591
0.728264
0.479880
0.079261
0.213407
0.000000
0.999907
0.373413
0.569940
0.894921
0.328934
0.907979
0.000000
0.566520
0.999639
0.975148
0.086873
0.895032
0.434026
0.828290
0.000000
0.000000
0.662778
0.322097
0.703890
0.986160
0.990662
0.772350
0.731964
0.000000
0.960145
0.765629
0.965483
0.527057
0.437546
0.308110
0.810818
0.281885
0.994738
0.699292
0.782629
0.304308
0.948437
0.380267
0.589384
0.999548
0.605249
0.806700
1.000000
0.925235
0.997662
1.000000
0.998836
0.970652
0.988504
0.000000
0.511502
0.973815
0.189775
0.999804
0.348952
0.000000
0.297937
0.914953
0.000000
0.055605
0.023896
0.943431
0.997874
0.892851
0.222187
0.865908
0.068626
0.993165
0.047679
0.999689
0.430097
0.520645
0.638352
0.868494
0.999892
0.998408
0.121910
0.137810
0.958520
0.976451
0.953149
0.966896
0.997902
0.999885
0.327431
0.935721
0.959478
0.716279
0.220463
0.985591
0.737505
0.188451
0.599038
0.952650
0.182662
0.999561
0.446127
0.917574
0.999941
0.982231
0.661689
0.700889
0.968496
0.508682
0.715036
0.264424
0.258561
0.783949
0.249685
0.587410
0.582703
0.646891
0.623998
0.427408
0.912056
0.000000
0.774765
0.998305
0.340555
0.733563
0.999868
0.925821
0.098915
0.823929
0.331497
0.871381
0.998784
0.999944
0.999998
0.939653
0.999910
0.313292
0.212895
0.424386
1.000000
0.917430
0.335208
0.279961
0.999987
0.961463
0.209362
0.000000
0.337812
0.478652
0.691620
0.439476
0.440175
0.419481
0.891186
0.183198
0.913453
0.806362
0.905709
0.919705
0.983678
0.996335
0.000000
0.973896
0.940845
0.994702
0.609916
0.991275
0.903307
0.797776
0.335683
0.284169
1.000000
0.000000
0.718325
0.601536
0.540334
0.841413
0.574217
0.951156
0.979112
0.226042
0.138757
0.112200
0.567400
0.889197
0.865944
0.624442
0.692451
0.541304
0.927396
0.394473
0.785833
0.000000
0.682506
0.992792
0.848521
0.937194
0.689099
0.116085
0.991171
0.446387
0.179038
0.279392
0.622115
0.757536
0.271703
0.999207
0.000000
0.819185
0.747177
1.000000
0.992810
0.502357
0.623839
0.216770
0.986860
0.866473
0.663769
0.151688
0.641111
0.159479
0.937902
0.879546
0.916093
0.762779
0.666269
0.061469
0.666062
0.960098
0.401509
0.988623
0.820434
0.317983
0.926545
0.041914
0.974305
0.618535
0.597075
0.569438
0.005455
0.622196
0.979558
0.369873
0.969478
0.999515
0.518804
0.110429
0.592497
0.672179
0.176854
0.924744
0.000000
0.892737
0.999997
0.808513
0.000000
0.161997
0.953689
0.914085
0.185402
0.939235
0.048542
0.873044
0.560058
0.923240
0.999731
0.283202
0.998396
0.998648
0.999999
0.297937
0.489849
0.567528
0.979377
0.478767
0.755725
0.093068
0.557189
0.823172
0.930906
0.680549
0.000000
0.987067
0.932535
0.735951
0.000000
0.737725
0.997990
0.986572
0.235402
0.631713
0.987029
0.682986
0.634942
0.613348
0.000000
0.980372
0.000000
0.917374
0.162342
0.386228
1.000000
0.958600
0.760467
0.956701
0.000000
0.000000
0.811991
0.312815
0.162705
0.530391
0.344214
0.583007
0.924503
0.734372
0.992763
0.859568
0.999992
0.223936
0.516506
0.533480
0.605136
0.997299
0.363931
0.510475
0.466664
0.999996
0.840639
0.477508
0.954705
0.992978
0.646100
0.874222
0.897377
0.972565
0.286058
0.993817
0.505819
0.624645
0.267121
0.999357
0.989587
0.993587
0.947154
0.325508
0.169338
0.413479
0.000000
0.227073
0.590872
0.000000
0.975641
0.952970
0.736700
0.948491
0.238794
0.593727
0.673385
0.956672
0.997872
0.314344
0.913420
0.963603
0.999651
0.259004
0.999993
0.184392
0.731352
0.138900
0.636666
0.987272
0.998759
0.086409
0.210830
0.000000
0.947764
0.964475
0.994051
0.154789
0.990518
1.000000
0.888264
0.995781
0.279511
0.000000
0.350707
0.997077
0.928326
0.438035
0.000000
0.960967
0.106406
0.918643
1.000000
0.959801
0.970709
0.687668
0.979530
0.997364
0.240012
0.000000
0.423479
0.034989
0.371603
0.000000
0.802218
0.958266
0.083885
0.703952
1.000000
0.934827
0.631519
0.191541
0.718628
0.976036
0.480513
0.997745
0.999985
0.962960
0.988013
0.603822
0.994146
0.985442
0.326581
0.000000
0.498116
0.972684
0.119789
0.968186
0.768839
0.613635
0.016264
0.180746
0.000000
0.788325
0.075222
0.892702
0.793105
0.000000
0.000000
0.363497
0.282242
0.572927
0.999987
0.999858
0.418166
0.024205
0.471859
0.989687
0.969923
0.999449
0.495591
0.099051
0.000000
0.672991
0.041325
0.895298
0.744282
0.560340
0.999860
0.132601
0.291164
0.990506
0.979959
0.982101
0.236995
0.052686
0.000000
0.073491
1.000000
0.999793
0.998096
0.353364
0.941459
1.000000
0.786228
0.659511
0.980480
0.940600
0.247993
0.000000
0.455720
0.118922
0.613955
0.905700
0.983832
0.941568
0.205605
0.994720
0.999260
0.843345
0.621288
0.999922
0.767013
1.000000
0.399552
0.423471
0.000000
0.999984
0.000000
0.934038
0.998485
0.622722
0.999665
0.979599
0.599021
0.999928
0.953331
0.706161
0.501914
0.680825
0.947915
0.000000
0.901947
0.886108
0.998590
0.912625
0.987047
0.236822
0.400756
0.876685
0.999775
0.379568
0.953000
0.944751
0.999986
0.230714
0.963994
0.960854
0.999397
0.999968
0.054554
0.328952
0.999941
0.534741
0.918975
0.703087
0.066071
0.078845
0.363011
0.430146
0.998803
0.256160
0.979959
0.432602
0.696064
0.893998
0.976513
0.000000
0.331910
0.000000
0.999815
0.955355
0.753511
0.920707
0.655124
0.213628
0.108903
0.160011
0.899159
0.999975
0.506285
0.999580
0.991604
0.280719
0.906389
0.345712
0.938761
0.000000
0.448392
0.756705
0.186788
0.988890
0.852010
0.995473
1.000000
0.000000
0.972165
0.766212
1.000000
0.764924
0.489509
0.972795
0.631105
0.999839
0.932932
0.000000
0.965149
0.999630
0.420329
0.457204
0.228279
0.999528
0.992714
0.919382
0.531762
0.521233
0.000000
0.999765
0.121772
0.972994
0.923014
0.370309
0.451635
0.204214
0.000000
0.964226
0.798818
0.985904
0.803124
0.773692
0.040467
0.097348
0.000000
0.989773
0.000000
0.000000
0.929884
0.000000
0.999140
0.892600
0.962421
0.083839
0.502330
0.986105
0.179512
0.000000
0.868136
0.972611
0.549203
0.996255
0.838635
0.911427
0.998691
0.000000
0.117411
0.162661
0.986670
0.259649
0.285787
0.580345
0.865942
0.999751
0.998027
0.999986
0.904722
0.770085
0.435590
0.934165
0.971107
0.821253
0.828351
0.753792
0.152030
0.999736
1.000000
0.579377
0.274371
0.937707
0.960412
0.999489
0.999912
0.269784
0.666998
0.987962
0.000000
0.484637
0.562137
0.110889
0.715615
0.259580
0.796020
0.999992
0.999756
0.999361
0.999698
0.959811
1.000000
0.608028
0.292690
0.780007
0.999988
0.983683
0.980779
1.000000
0.642807
0.993830
0.231073
0.994719
0.388674
0.684197
0.996913
0.000000
0.782867
0.842636
0.888763
0.744703
0.977256
0.000000
0.986287
0.000000
0.971334
0.998158
0.645692
1.000000
0.832199
0.348904
0.933415
0.101420
0.989312
0.995043
0.982251
0.999910
0.876078
0.948464
0.535961
0.989611
0.999966
0.993281
0.972798
0.999987
0.198394
0.157738
0.744700
0.912170
0.991543
0.962535
0.741774
0.824337
0.176611
0.909942
0.000000
0.724449
0.930944
0.695694
0.269048
0.999953
0.000000
0.931701
0.428763
0.323226
0.146642
0.999999
0.524250
0.990545
0.316269
0.200892
0.769926
0.265667
0.632731
0.090091
0.531079
0.467935
0.529815
0.921703
0.743499
0.999788
0.685737
0.764917
0.954716
0.898549
0.992128
0.919581
0.852811
0.961796
0.989900
0.847492
0.430555
0.444154
0.838573
0.806033
0.905887
0.646960
0.853635
1.000000
0.968991
0.998345
0.892047
0.999811
0.941593
0.574913
0.329474
0.245395
0.722305
0.993979
0.617641
0.260348
0.978010
1.000000
0.277928
0.761021
0.999568
0.999256
0.999967
0.919603
0.860119
0.968838
0.776763
0.996484
0.948648
0.698810
0.038205
0.329858
0.000000
0.947547
0.000000
0.962097
0.659077
0.659699
0.956097
0.368874
0.695672
0.997659
0.994002
0.947620
0.999917
0.000000
0.147922
0.712498
0.696918
0.120069
0.995482
0.988605
0.891054
0.666249
0.150553
0.960040
0.999305
0.128116
0.000000
0.990885
0.381322
0.477691
0.266747
0.995542
0.999569
0.996868
0.912139
0.865784
0.995441
0.993948
0.249819
0.843300
0.993697
0.945344
0.392879
0.999221
0.958652
0.148141
0.988737
0.891565
1.000000
0.196799
0.999237
0.390654
0.141621
0.998071
0.881067
0.980909
0.999971
0.412942
0.978142
0.999668
0.989858
1.000000
0.792907
0.851908
0.994873
0.264018
0.083352
0.000000
0.335213
0.542458
0.670179
0.612127
0.989843
0.968036
0.000000
0.540334
0.223380
0.343479
0.997582
0.621843
0.911361
0.975031
0.000000
0.989823
0.037751
0.712767
0.771293
0.539098
0.000000
0.567170
0.667089
0.227653
0.973362
0.424621
1.000000
0.664060
0.998064
0.105827
0.849017
0.919704
0.491423
0.992705
1.000000
0.999998
0.349545
0.936040
0.972817
1.000000
0.671395
0.045910
0.982169
0.971766
0.360525
0.821245
0.638630
0.000000
0.875966
0.236848
0.188390
0.673787
0.777129
0.117982
0.717255
0.078075
0.768177
0.916167
0.999950
0.982471
0.445294
0.996927
0.999834
0.000000
0.801474
0.931509
0.617257
0.924833
0.999729
0.833424
0.108924
0.934049
0.877804
0.342760
0.427496
0.996991
0.711229
0.000000
0.843031
0.130619
0.980593
0.360266
0.984514
0.000000
0.927429
0.725812
0.243939
0.732409
0.999842
0.977192
0.000000
0.014942
0.735008
0.972463
0.999973
0.999967
0.999986
0.252141
0.035452
0.433875
0.268167
0.160964
0.046006
0.999986
0.928972
0.218446
0.585620
0.870445
0.400457
0.959718
0.510783
0.925826
0.999796
0.118439
0.764134
0.692595
0.947534
0.703903
0.999087
0.763314
0.592492
0.999726
0.997211
0.998540
0.026050
0.998430
0.306822
0.889084
0.917016
0.724047
0.291901
0.960430
0.400694
0.880225
0.734924
0.223296
0.872810
0.699484
0.977499
0.966973
0.120076
0.917486
0.767033
0.575779
0.830458
0.697703
0.945808
0.585996
1.000000
0.982717
0.976939
0.000000
0.229059
0.293754
0.971813
0.999563
0.387989
0.712174
1.000000
0.994493
0.976244
0.999397
0.339639
0.991371
0.216578
0.434112
0.467412
0.834776
0.085998
0.527168
0.107971
0.999363
0.955845
0.763510
0.948513
0.325146
0.496565
0.126766
0.394075
0.000000
0.995907
0.997040
0.988467
0.119545
0.326909
0.350610
0.919834
0.235169
0.301918
0.966301
0.999005
0.496834
0.706112
0.135161
0.232714
0.516660
0.995367
0.983035
0.998891
0.000000
0.650438
0.822456
0.530101
0.910269
0.998238
0.725975
0.650534
0.299270
0.999997
0.997864
0.394833
0.000000
0.898705
0.065008
0.852367
0.997784
0.844169
0.841176
0.782474
0.998656
0.999914
0.218846
0.122886
0.973833
0.117620
0.982349
0.879520
0.972288
0.507835
0.361930
1.000000
0.273540
0.836909
0.942975
0.520901
0.172665
0.000000
0.000000
0.724188
0.995263
0.894939
1.000000
0.262627
0.157501
0.988889
0.065067
0.676616
0.780793
0.307090
0.999878
0.994724
0.999999
0.831856
0.582112
0.891361
0.306223
0.002141
0.978255
0.550626
0.718999
0.036541
0.721389
0.094354
0.644386
0.882155
0.959136
0.077749
0.897296
0.317951
0.236173
0.921682
0.311740
0.249290
0.369515
0.756797
0.892924
1.000000
1.000000
0.603530
0.433992
0.933370
0.316040
0.999007
0.852135
0.998104
0.933071
0.353545
0.800958
0.025185
1.000000
0.271502
0.342058
0.304998
0.851637
0.904154
0.982239
0.711102
0.348996
0.999660
0.562926
0.058177
0.053847
0.228764
0.964146
0.724507
0.885491
0.302023
0.664763
0.521989
0.575526
0.281666
0.286172
0.958105
0.513961
0.122393
0.681960
0.542391
0.951237
0.989208
0.422243
0.981654
0.044738
0.447569
0.996468
0.000000
0.917304
0.311769
0.475203
0.674952
0.909006
0.999123
0.871774
0.998402
0.579800
0.999896
0.686009
0.460250
0.023940
0.792652
0.983131
0.438060
0.997163
0.999491
0.488008
0.278960
0.987314
0.838410
0.958736
0.362691
0.229302
0.277738
0.000000
0.196985
0.996886
0.044192
0.635154
0.982157
0.122149
0.946172
0.500412
0.649422
0.643290
0.207702
0.206855
0.932965
0.976662
0.956885
0.981051
0.192646
0.469863
0.344791
0.999998
0.981402
0.000000
0.947811
0.952671
0.067997
0.872920
0.157739
0.996837
0.464586
0.679084
0.489691
0.803146
0.911184
0.119158
0.557837
0.368578
0.806778
0.685829
0.000000
0.908832
0.995266
0.583965
0.838085
0.111977
0.956155
0.996175
0.467022
0.308037
0.646063
0.647041
0.976117
0.403238
0.359581
0.999912
0.993327
0.999996
0.255085
0.804972
0.742565
0.946745
0.713199
0.000000
0.897939
0.968356
0.975750
0.999235
0.277666
0.309581
0.369276
0.073901
0.190479
0.311080
0.955998
0.137416
0.698911
0.444517
0.999986
0.312461
0.998639
0.303375
0.000000
0.815133
0.538153
0.695019
0.188624
0.091391
0.610677
0.274185
0.153534
0.773121
0.328177
0.527910
0.208159
0.766802
0.963920
0.734596
0.402013
0.033368
0.746770
0.308497
0.461208
0.301438
0.997077
0.501862
0.878377
0.983982
0.981825
0.567799
0.157612
0.997147
0.642572
0.557288
0.104381
0.813133
0.181943
0.938425
0.988998
0.446539
0.739628
0.999999
0.126091
0.060341
0.978135
0.824952
0.604639
0.760875
0.992787
0.455103
0.922755
0.453695
0.941424
0.596612
0.999715
0.668966
0.944984
0.910875
0.298315
0.736041
0.000000
0.978471
0.796956
0.764328
0.994850
0.982384
0.979090
0.131143
0.477086
0.549209
0.355779
0.058262
0.964512
0.999964
0.262227
0.994183
0.846600
0.127027
0.607067
0.692316
0.590784
0.991219
0.062432
0.682681
0.999582
0.999900
0.718955
0.999960
0.565908
0.494327
0.399624
0.998590
0.000000
0.879608
0.961995
0.657241
0.665369
0.881966
0.914869
0.000000
0.834159
0.999055
0.215887
0.999998
0.836307
0.980228
0.999940
1.000000
0.572652
0.989496
0.306574
0.994738
0.000000
0.971050
0.862032
0.051579
0.393272
0.629985
0.698613
0.822383
0.374834
0.941512
0.000000
0.303685
0.637144
0.973316
0.069368
0.640931
0.999490
0.843046
0.201735
0.542764
0.205438
1.000000
0.189398
0.683773
0.000000
0.980099
0.638382
0.772972
0.530782
0.182612
0.406726
0.281105
0.234558
0.996759
0.000000
0.465681
0.520446
0.991331
0.343841
0.000000
0.859369
0.868511
0.245656
0.321809
0.999987
0.999961
0.190808
0.112942
0.905391
0.847949
0.941324
0.000000
0.000000
0.167555
0.646935
0.910507
1.000000
0.981515
0.328719
0.947138
0.995692
0.707053
0.639603
0.975023
0.706875
0.999999
1.000000
0.518211
0.973948
0.946026
0.725128
0.679891
0.999326
0.954990
0.937733
0.583669
0.423031
0.971506
0.986260
0.067291
0.696863
0.129681
0.982198
0.607936
0.990671
0.487037
0.893969
0.996967
0.359734
0.967282
0.975435
0.000000
0.431664
0.999904
0.975097
0.228125
0.867411
0.390058
0.981058
0.582044
0.070573
0.376213
0.579539
0.415565
0.678245
0.974289
0.889144
0.983734
0.741253
0.947684
0.764766
0.357438
0.934528
0.655368
0.239423
0.132149
0.168689
0.313550
0.977938
0.651293
0.180098
0.866527
0.995670
0.234881
0.993483
0.938651
0.822792
0.189753
0.941734
0.926848
0.957787
0.062659
0.638916
0.463117
0.999159
0.224655
0.124831
0.930463
0.996610
0.999998
0.177455
0.033422
0.997500
0.233108
0.503233
0.767976
1.000000
0.682574
0.586519
0.309902
0.921710
0.939169
0.549081
0.576183
0.683489
0.000000
0.519811
0.664631
0.971216
1.000000
0.685956
0.974883
0.030812
0.662673
0.324155
0.969845
0.728024
0.999596
0.984870
0.999837
0.943860
0.999888
0.000000
0.732079
0.811263
0.314992
0.945993
0.192216
0.631089
0.999998
0.272882
0.508408
0.054519
0.724552
0.999999
0.747998
0.609136
0.594511
0.132784
0.238931
0.999999
0.004907
0.197160
0.329793
0.000000
0.999992
0.092789
0.901932
0.656123
0.598859
0.974092
0.228933
0.755218
0.664712
0.380234
0.000000
0.845200
0.555467
0.449146
0.684034
0.563332
0.788516
0.942925
0.149898
0.962139
0.985282
0.976105
0.964529
0.814693
0.993358
1.000000
0.988648
0.999417
0.372964
1.000000
0.996496
0.731135
0.234046
0.999811
0.972491
0.363142
0.975907
0.000000
0.543807
0.208106
0.529414
0.815905
0.336212
0.993109
0.877691
0.028007
0.999881
0.995462
0.224414
0.000000
0.356902
0.997775
0.923801
0.212651
0.082330
0.992160
0.983686
0.942834
0.877622
0.997093
0.944859
0.250726
0.992733
0.999985
0.869741
0.697172
0.950520
0.034145
0.668043
0.308521
0.831837
0.892563
0.447781
0.994927
0.409761
0.151018
0.999779
0.028713
0.109385
0.687760
0.961717
0.478966
0.880626
0.124138
0.375680
0.815686
0.879443
0.000000
0.227238
0.984843
0.995957
0.677448
0.347195
0.999968
0.999685
0.271577
0.022011
0.999766
0.417440
0.834718
0.732531
0.424752
0.000000
0.999477
0.980129
0.558645
0.482919
0.884767
0.384959
0.000000
0.000000
0.977882
0.226742
0.528998
0.915946
0.348871
0.473288
0.973204
0.000000
0.084594
0.859239
0.887154
0.492571
0.107763
0.533057
0.976615
0.000000
0.932885
0.000000
0.998334
0.999998
0.474797
0.288873
0.876849
0.981399
0.969440
0.927312
0.605479
0.917127
0.979862
0.676074
0.706066
0.922020
0.000000
0.221936
0.781290
1.000000
0.084250
0.838356
0.956016
0.138454
0.431149
0.672665
0.932385
0.557326
0.993446
0.987995
0.716834
0.368888
0.000000
0.822042
0.000000
0.999404
0.247041
0.614758
0.299057
0.922747
0.417290
0.973783
0.438058
0.814838
0.999949
0.824948
0.933070
0.285650
0.786355
0.959554
0.202291
0.277689
0.000000
0.359267
0.517273
0.846461
0.955452
0.361076
0.520436
0.686116
0.281012
0.954857
0.969341
0.539038
0.934448
0.698748
0.999897
0.015337
0.818656
0.990149
0.000000
0.860033
0.995639
0.230422
0.241073
0.632476
0.998673
0.484009
0.924090
0.800498
0.989436
1.000000
0.943460
0.216785
0.980749
0.889938
0.733829
0.449491
0.349964
0.988240
0.914499
0.601609
0.566281
0.999579
0.871347
0.925961
0.321914
0.015603
0.000000
0.610372
0.544013
0.983255
0.007010
0.872294
0.230296
0.878518
0.978841
0.000000
1.000000
0.912437
0.988859
0.038756
0.904230
0.977237
0.433727
0.144351
0.634439
0.101275
0.177529
0.999686
0.760247
0.328687
0.994695
0.385560
0.798303
0.798757
0.394978
0.927493
0.161121
0.746145
0.931306
0.845122
0.859130
0.420538
0.225906
0.999995
0.922956
0.840248
0.872946
0.985733
0.198315
0.727558
0.393609
0.997218
0.990509
1.000000
0.945374
0.032109
0.974594
0.975357
0.123838
0.121643
0.999878
0.999938
0.127941
0.112341
0.000000
0.866279
0.992137
0.967064
0.467530
0.000000
0.659428
0.734987
0.000000
0.169512
0.221828
0.999993
0.000000
0.685236
0.741434
0.322196
0.097641
0.917605
0.576407
0.998963
0.848252
0.999937
0.924926
0.924395
0.037448
0.763861
0.148005
0.998091
0.229251
0.999878
0.282157
0.794930
0.635801
0.345233
0.947684
0.041153
0.887040
0.393775
0.986206
0.000000
0.003716
0.798628
0.000000
0.238882
0.251827
0.945058
0.527640
0.943417
0.000000
0.791837
0.721796
0.957515
0.138524
0.331478
0.999149
0.286761
0.968306
0.751075
0.979665
0.994567
0.521183
0.999959
0.246792
0.670154
0.874056
0.844694
0.000000
0.990053
0.794302
0.866231
0.999712
0.810949
0.477865
0.989641
0.998396
0.316330
0.577561
0.777863
0.957879
0.984474
0.954845
0.564522
0.000000
0.997682
0.495976
0.887091
0.335126
0.931314
0.976302
0.775888
0.000000
0.162166
0.988746
0.134255
0.847418
0.999670
0.999991
0.999995
0.000000
0.855773
0.999991
0.734258
0.997346
0.244845
0.953628
0.801465
0.145434
0.999996
0.977298
0.988695
0.999957
0.297722
0.970526
0.629492
0.000000
0.251052
0.994695
0.513738
0.583356
0.852185
0.965559
0.303548
0.925308
0.123758
0.925123
0.999381
0.999840
0.700147
0.320938
0.592253
0.822786
0.226221
0.179608
0.643156
0.745313
0.991541
0.924562
0.435550
0.134064
0.995808
0.979695
0.072678
0.412151
0.910288
0.132497
0.069182
0.372362
0.921269
0.999432
0.362982
0.600502
0.660795
0.999125
0.276123
0.692566
0.999823
0.050590
0.140563
0.234195
0.000000
0.616217
0.979228
0.533452
0.894700
0.547659
0.840990
0.931211
0.000000
0.757062
0.172088
0.980422
0.998944
0.968086
0.596205
0.694812
0.000000
0.840456
0.248234
0.679634
0.849861
1.000000
0.820652
0.809837
0.999940
0.000000
0.984130
0.984158
0.928484
0.154040
0.999991
0.982303
0.997203
0.983476
0.720620
0.311123
0.324703
0.819608
0.162254
0.559083
0.322058
0.914896
0.386215
0.606506
0.353032
0.999947
0.285897
0.960937
0.999993
0.478485
0.547891
0.186807
1.000000
0.925860
0.623060
0.981730
0.000000
0.244968
0.661843
0.223390
0.165160
0.246623
0.229264
0.989715
0.053148
0.582455
0.999335
0.942928
0.662164
0.999146
0.353769
0.746304
0.970725
0.888218
0.000000
0.999773
0.276351
0.688600
0.884385
0.473393
0.974550
0.733549
0.105880
0.384887
0.997384
0.185363
0.844805
0.955471
0.000000
0.650502
0.999737
0.994759
0.989658
0.999732
0.955209
1.000000
0.266028
0.981561
0.977697
0.999926
0.796196
0.644411
0.997899
0.187802
0.857610
0.926988
0.854633
0.974965
0.146735
0.909772
0.196832
0.309979
0.662921
0.999822
0.925480
0.645108
0.635969
0.978457
0.419663
0.000000
0.986318
0.999531
0.665047
0.986381
0.833182
0.000000
0.750902
0.850765
0.540156
0.999731
0.994793
0.902152
0.680391
0.010978
0.176090
0.079563
0.250926
0.304848
0.188579
0.410417
0.988005
0.904609
0.992978
0.096795
0.955469
0.998920
0.771229
0.429003
0.606407
0.994207
0.999482
0.611588
0.920889
0.641324
0.999408
0.999994
0.999602
0.488960
0.917926
0.717686
0.445515
0.493484
0.944145
0.905088
0.622708
0.471462
0.472848
0.948496
0.962212
0.213093
0.956795
0.111164
0.989637
0.463973
0.537676
0.395234
0.818363
0.990577
0.979450
0.998114
0.984473
0.778618
0.264485
0.539583
0.413156
0.119656
0.175078
0.000000
0.196959
0.987116
0.986820
0.090334
0.307162
0.689832
0.611343
0.431752
0.986670
0.177126
0.990036
0.039993
0.960382
0.270450
0.173719
0.779971
0.223492
0.432186
0.114020
0.572291
0.930914
0.817271
0.977552
0.443739
0.972574
0.724997
0.908747
0.978390
0.272098
0.531081
0.909602
0.926332
0.199084
0.484881
0.793243
0.083938
0.638699
0.566218
0.725435
0.999949
0.917928
0.263525
0.805401
0.875508
1.000000
0.334422
1.000000
0.712515
0.976961
0.935030
0.000000
0.966846
0.771676
0.099986
0.935249
0.850191
0.361606
0.999971
0.054677
0.999999
0.325504
0.662875
0.127307
0.918451
0.277495
1.000000
0.992921
0.466951
0.000000
0.494665
0.163252
0.939313
0.987757
0.000000
0.334066
0.415223
0.995155
0.016825
0.995314
0.740170
0.970520
0.986400
0.824144
0.537040
0.131231
0.398282
0.984926
0.138513
0.950658
0.000000
0.981332
0.993716
0.003923
0.984625
0.845437
0.846910
0.999940
0.969431
0.022787
0.786088
0.989639
0.138358
0.999997
0.276230
0.067143
0.952788
0.192412
0.460869
0.992670
0.974841
0.164371
0.997691
0.979439
0.927930
0.082371
0.327508
0.381467
0.021751
0.221004
0.048872
0.694237
0.810295
0.997568
0.952027
0.503829
0.984364
0.000000
0.000000
0.252692
0.073424
1.000000
0.954638
0.325210
0.219342
0.000000
0.033849
0.058367
0.994750
0.837026
0.081543
0.528100
0.079302
0.994279
0.265474
0.954950
0.336768
0.151158
0.823263
0.859791
0.441090
0.750791
0.157407
0.902509
0.999952
0.996386
0.027582
0.999999
0.578197
0.983290
0.993617
0.402447
0.000000
0.997474
0.365821
0.999539
0.907319
0.159623
0.640109
0.023443
1.000000
0.218686
0.999999
0.857363
0.997729
0.433130
0.234214
0.999991
0.815826
0.947967
0.284330
0.868320
0.000000
0.000000
0.144117
0.239494
0.967958
0.982262
0.901096
0.000000
0.149119
0.999973
1.000000
0.658747
0.000000
0.978335
0.269028
0.417095
0.418975
0.768621
0.752976
0.000000
0.305101
1.000000
0.922730
0.603273
0.995344
0.913976
0.999893
0.974021
0.115139
0.991028
0.253858
0.328618
0.926050
0.200668
0.988310
0.476848
0.517308
0.679728
0.915229
0.965379
0.785192
0.857785
0.776368
0.996836
0.969588
0.996320
0.977179
0.932578
0.296079
0.278894
0.000000
0.000000
0.595987
0.967422
0.571940
0.423908
0.167114
0.468602
0.655529
0.486507
0.906667
0.901622
0.992051
0.344800
0.999974
0.999797
0.999787
0.623376
0.732020
0.790511
0.529472
0.999999
0.063455
0.958160
0.946821
0.729050
0.000000
0.832987
0.414700
0.493090
0.000000
0.459073
0.998142
0.991220
0.763427
0.797953
0.000000
0.265961
0.583392
0.954749
0.820533
0.000000
0.239521
0.148908
0.000000
0.315913
0.100314
0.999924
0.876765
0.820554
0.000000
0.000000
0.872226
0.793761
0.000000
0.999905
0.291456
0.846375
0.924915
0.617697
0.293700
0.999993
0.864539
0.965065
0.986338
0.124046
0.244841
0.468342
0.188864
0.186546
0.999998
0.529216
0.219457
0.436387
0.052299
0.720967
0.000000
0.830410
0.968350
0.994384
0.836902
0.000000
0.983662
0.509784
0.981892
0.000000
0.000000
0.490382
0.066837
0.237438
0.999986
0.998438
0.981757
0.121116
0.976676
0.809449
0.999836
0.956146
0.000000
0.205908
0.836152
0.749992
0.133458
0.773776
0.750676
0.612242
0.647939
0.157409
0.888182
0.217550
0.000000
0.997012
0.987608
0.046349
0.775763
0.994453
0.537807
0.000000
0.166942
0.990974
0.589181
0.515233
0.780211
0.802347
0.975056
0.876901
0.975497
0.905084
0.999998
0.831907
0.000000
0.986941
0.999998
0.999825
0.968961
0.727331
0.546378
0.259941
0.802443
0.984853
0.965100
0.451963
0.999998
0.999907
0.719577
1.000000
0.954646
0.913313
0.909656
0.623550
0.999711
0.336507
0.446536
0.261218
0.998187
0.657160
0.853182
0.831475
0.352808
0.979014
0.999999
0.450097
0.984724
0.000000
0.459391
0.986316
0.982121
0.985931
0.965495
0.983486
0.996110
0.501876
0.436439
0.167696
0.511497
0.976835
0.999986
0.843925
0.999983
0.000000
0.996586
0.922228
0.807208
0.921059
0.980958
0.903491
0.093998
0.730733
0.000000
0.786697
0.252184
0.892441
0.999995
0.177240
0.957080
0.937903
0.569200
0.177378
0.986777
0.914263
0.615175
0.000000
0.655926
0.636771
0.072785
0.996731
0.896103
0.395958
0.859074
0.995959
0.105460
0.239412
1.000000
0.496299
0.172232
0.963180
0.963388
0.998553
0.999964
0.394272
0.946537
0.867617
0.947129
0.794814
0.899091
0.982329
0.931882
0.431702
0.551762
0.931776
0.954985
0.350449
0.578223
0.902401
0.913098
0.000000
1.000000
0.545440
0.976993
0.008937
0.434684
0.000000
0.000000
0.988382
0.979003
0.987268
0.882066
0.922101
0.284698
0.255597
0.999858
0.864528
0.928097
0.577997
0.973610
0.577280
1.000000
0.539710
0.000000
0.039441
0.320946
0.959844
0.816630
0.993418
0.000000
0.695020
0.000000
1.000000
0.327472
0.619341
0.951064
0.407448
0.944128
0.999744
0.147158
0.976839
0.389308
0.173020
0.980189
0.186174
0.000000
0.325445
0.533576
0.658577
0.000000
0.112590
0.435721
0.025366
0.595335
0.999990
0.999996
0.982300
0.997652
0.812243
0.999580
0.861134
0.051383
0.999150
1.000000
0.920606
0.149665
0.999317
0.000000
0.093890
0.000000
0.886669
0.593624
0.379801
0.996002
0.000000
0.439521
0.300937
0.990169
0.962026
0.920809
1.000000
0.991016
0.300244
0.000000
0.913202
0.521788
0.228390
0.788007
0.117992
0.854639
0.602823
0.991519
0.996624
0.911135
0.956747
1.000000
0.970473
0.783050
0.909022
0.587174
0.000000
0.429978
0.281565
0.514539
0.337822
0.978854
0.955496
0.999192
1.000000
0.815255
0.326273
0.308498
0.323078
0.714733
0.656698
0.999090
0.991383
0.783842
0.978196
0.855195
0.991318
0.842073
0.316358
0.050492
0.604816
0.910058
0.992948
0.755305
0.572758
0.995335
0.617451
0.705043
0.702115
0.994851
0.329443
0.351356
1.000000
0.511786
0.435126
0.960155
0.900527
0.841433
0.000000
0.803544
0.925631
0.039282
0.531795
0.000000
0.151001
0.852273
0.009707
0.775866
0.176392
0.985096
0.643817
0.999997
0.085315
0.872474
0.728827
0.998235
0.337486
0.996138
0.852863
0.209171
0.625152
0.970226
0.347926
0.445299
0.803246
0.999701
0.637085
0.649112
0.601816
0.148676
0.679087
0.389073
0.633955
0.333421
0.402056
0.345187
0.989108
0.787348
0.882958
0.398727
0.990805
0.117359
0.846083
0.954279
0.990947
0.940546
0.943488
0.329385
0.457782
0.190549
0.974315
0.727044
0.975169
0.000000
0.682432
0.636453
0.377150
0.919222
0.636331
0.747715
0.557172
0.999844
0.867444
0.198215
0.243975
0.131039
0.461019
0.999990
0.441111
0.990138
0.398183
0.231442
0.999932
0.072774
0.800010
0.316220
0.959745
0.984081
0.954418
0.487905
0.395695
0.150235
0.947537
0.251462
0.989067
0.291538
0.058333
0.042233
0.000000
0.084318
0.987915
0.829606
0.490220
0.999867
0.290721
0.876451
0.423840
0.974369
0.376005
0.942466
0.270979
0.424124
0.999928
0.989531
0.988235
0.000000
0.965445
0.816208
0.112579
0.426602
0.996529
0.902251
0.999999
0.782124
0.000000
0.910795
0.984925
0.999994
0.992337
0.987133
0.533328
0.988319
0.644155
0.080676
0.997399
0.317431
0.976365
0.948314
0.470368
0.977839
0.068962
0.973363
0.000000
0.779176
0.812836
0.094026
0.109630
0.109178
0.604538
0.996803
0.211653
0.434557
0.938311
0.293690
0.000000
0.990977
0.922208
0.498797
0.880804
0.087129
0.000000
0.799004
0.487881
0.920784
0.922138
0.903219
0.400523
0.440037
0.999867
0.284962
0.000000
0.450405
0.501508
0.499961
0.234111
0.924306
0.895009
0.976288
0.084924
0.296665
1.000000
0.615223
0.324085
0.000000
0.916417
0.141926
0.670788
0.908195
0.000000
0.999397
0.669389
0.246693
0.255992
0.976860
0.922142
0.000000
0.063665
0.849225
0.802484
0.803456
0.864188
0.997325
0.202381
0.000000
0.456802
0.028324
0.964219
0.745369
0.000000
0.993130
1.000000
0.000000
0.142372
0.814050
0.586050
0.326280
0.743963
0.083784
0.647728
0.670172
0.963073
0.083351
0.331172
0.039393
0.192775
0.973552
0.000000
0.120287
0.131196
0.712832
0.641067
0.996790
0.724051
0.948419
0.606209
0.672817
0.997271
0.392869
0.999949
0.688297
0.531581
0.427958
0.940137
0.000000
0.989334
0.228605
0.484462
0.992883
0.920842
0.269524
0.000000
0.926850
0.424891
0.957771
0.999824
0.065925
0.927928
0.200030
0.112749
0.836601
0.690896
0.876165
0.655798
0.126765
0.747642
0.388987
0.999998
0.644592
0.687417
0.152101
0.315164
0.868881
0.834240
0.856537
0.990556
0.954264
0.998783
0.994230
0.922057
0.946302
0.705730
0.000000
0.963503
0.998387
0.160738
0.432287
0.628336
0.975311
0.147480
0.298754
0.873685
0.702159
0.999351
0.374196
0.779528
0.675834
0.980714
0.999115
0.000000
0.000000
0.299158
0.997886
0.654343
0.964932
0.346470
0.680042
0.753183
0.464855
0.881842
0.874726
0.835471
0.984408
0.806431
0.918681
0.999997
0.947818
0.303562
0.576971
0.682654
0.179151
0.857878
0.865342
0.999991
0.584988
0.000000
0.520574
0.981375
0.726990
0.511376
0.959319
0.115287
0.136108
0.996911
0.833353
0.087432
0.738855
0.862203
0.367918
0.373490
0.000000
0.351718
0.494615
0.568820
0.609834
0.347893
0.683496
0.221645
0.039330
0.938600
0.978903
0.999939
0.121515
0.000000
0.060917
0.968839
0.000000
0.000000
1.000000
0.948236
0.000000
0.999756
0.000000
0.999198
0.000000
0.325039
0.871695
0.877324
0.206338
0.251665
0.886926
0.901466
0.983916
0.332652
0.069111
0.953731
0.277139
0.999999
0.936272
0.211185
0.989362
0.038748
0.519349
0.399175
0.923336
1.000000
0.127771
0.720159
0.166844
0.161007
0.202208
0.177890
0.999255
0.999996
0.993843
0.815676
0.304067
0.447651
0.999654
0.932201
0.745369
0.221606
0.590456
0.229344
0.945311
0.074563
0.000000
0.645881
0.886257
0.052692
0.940456
0.279011
1.000000
0.181711
0.922496
0.000000
0.208446
0.569875
0.188051
0.976900
0.598295
0.612530
0.988720
0.981937
0.446392
0.101934
0.716926
0.492032
0.724827
0.476999
0.976967
0.889334
0.928762
0.443343
0.924626
0.000000
0.993213
0.998231
0.383836
0.998156
0.000000
0.986168
0.235324
0.000000
0.936673
0.702390
0.735605
0.999995
0.014734
0.942680
0.483517
0.377793
0.728380
0.819464
0.980263
0.550806
0.862572
0.999948
0.491362
0.216671
0.514023
0.993385
0.084450
0.507038
0.610735
0.108691
0.752147
0.397763
0.999589
0.209954
0.923919
0.448838
0.967278
0.795108
0.876657
0.668611
0.691587
1.000000
0.999975
0.981401
0.999878
0.000000
0.580655
0.993783
0.999998
0.828845
0.923741
0.712013
0.220278
0.279251
0.850100
0.180942
0.585406
0.941985
0.999996
0.956076
0.906308
0.999994
0.000000
0.938240
0.891603
0.983536
0.927211
0.000000
0.816945
0.448669
0.972232
0.979707
0.089965
0.998830
0.998003
0.078997
0.332994
0.999597
0.091549
0.862450
0.920711
0.839497
0.000000
0.123747
0.310950
0.999987
0.140832
0.951933
0.764247
0.811107
0.865078
0.995655
0.183317
0.914578
0.138425
0.068553
0.691516
0.976441
0.591666
0.118411
0.815101
0.583784
0.963456
0.200633
0.134172
0.205275
0.831934
0.807374
0.352853
0.961147
0.453090
0.812927
0.898804
0.470842
0.071597
0.199606
0.977989
0.732519
0.139293
0.000000
0.999999
0.000000
0.840888
0.715131
0.199786
1.000000
0.895498
0.991906
1.000000
0.903120
0.997690
0.966618
0.982252
0.999998
0.981427
0.999991
0.220985
0.712418
0.000000
0.727479
0.000000
0.472744
0.188429
0.329083
0.310543
1.000000
0.768494
0.977253
0.225353
0.562748
0.972048
0.286977
0.921513
0.248757
0.253691
0.000000
0.290324
0.999343
0.999999
0.897416
0.560323
0.039205
0.433276
0.733045
0.891935
0.283090
0.992185
0.585364
0.911994
0.521143
0.277982
0.000000
0.960506
0.978818
0.000000
0.773426
0.484684
0.497350
0.746253
0.999927
0.283110
0.345558
0.984369
0.984904
0.929309
0.967655
0.439865
0.337930
0.522380
0.882814
0.130870
0.599967
0.202339
0.905862
0.711720
0.778762
0.998380
0.524388
0.973425
0.491450
0.000000
0.994125
0.691320
0.076463
0.709749
0.805693
0.997360
0.372361
0.947281
0.075118
0.367904
0.998064
0.701987
0.637666
0.985357
0.999915
0.993278
0.161080
0.792832
0.000000
0.319893
0.258764
0.444462
0.999596
0.944304
0.403112
0.569969
0.483053
0.824234
0.936431
0.305880
0.999682
0.976866
0.402160
0.138176
0.332658
0.452276
0.614676
1.000000
0.294260
1.000000
0.647393
0.762621
0.559424
0.418080
0.809621
0.699746
0.765364
0.938768
0.944096
0.248795
0.000000
0.214907
0.998215
0.997533
0.858457
0.720585
0.935055
0.789024
0.940621
0.990691
0.999528
0.146457
0.093816
0.392625
1.000000
0.126690
0.991986
0.593393
0.411546
