0.000000
0.000000
0.000000
0.000000
0.702473
0.000000
0.009585
0.000000
0.000000
0.000000
0.000000
0.000000
0.000000
0.112573
0.136120
0.000000
0.000000
0.013387
0.000000
0.000000
0.000000
0.000000
0.000000
0.000000
0.040360
0.000000
0.000000
0.000000
0.000000
0.000000
0.022422
0.000000
0.000000
0.000000
0.000000
0.000000
0.000000
0.000000
0.000000
0.140159
0.000000
0.000000
0.000000
0.000000
0.000000
0.069202
0.000000
0.000000
0.000000
0.000000
0.000000
0.368953
0.000000
0.000000
0.000000
0.000000
0.000000
0.000000
0.060519
0.051842
0.000000
0.109298
0.066873
0.000000
0.000000
0.000000
0.000000
0.000000
0.000000
0.000000
0.000000
0.000000
0.000000
0.000000
0.004139
0.000000
0.000000
0.075301
0.000164
0.000000
0.000000
0.000000
0.805691
0.000000
0.000000
0.000000
0.000000
0.000000
0.000000
0.000414
0.000832
0.000000
0.000000
0.000000
0.106626
0.000000
0.000000
0.000000
0.000000
0.013748
0.000000
0.000000
0.000000
0.009884
0.000000
0.000000
0.152382
0.000000
0.007022
0.000000
0.649177
0.000000
0.000000
0.000000
0.005880
0.000000
0.000000
0.000167
0.000000
0.000000
0.001114
0.090197
0.000000
0.000000
0.000000
0.000000
0.000000
0.000000
0.000000
0.000000
0.000000
0.000000
0.016969
0.000000
0.001125
0.086814
0.004167
0.028835
0.000000
0.000000
0.000000
0.000523
0.000000
0.183102
0.000000
0.009951
0.000000
0.000000
0.000000
0.000000
0.000000
0.000000
0.000000
0.000000
0.000000
0.000000
0.046785
0.000000
0.000000
0.000000
0.000000
0.000000
0.000000
0.000000
0.000000
0.000000
0.000000
0.000000
0.000000
0.000000
0.084541
0.000000
0.000000
0.000000
0.220622
0.000000
0.194225
0.000000
0.205033
0.070167
0.000000
0.918408
0.000000
0.000000
0.000000
0.000000
0.000000
0.000000
0.000000
0.000000
0.000000
0.023579
0.005415
0.115795
0.000000
0.000000
0.707304
0.415927
0.000000
0.000394
0.000000
0.000000
0.000000
0.000000
0.000000
0.000000
0.000000
0.001544
0.000000
0.000000
0.000711
0.000000
0.000000
0.020272
0.000000
0.000000
0.000000
0.000000
0.000000
0.000000
0.000000
0.000000
0.000000
0.000000
0.000000
0.001248
0.044307
0.000000
0.000000
0.000135
0.000000
0.000000
0.000000
0.000000
0.003910
0.000000
0.000000
0.000000
0.869159
0.000000
0.000000
0.058497
0.000000
0.000000
0.000000
0.000000
0.000000
0.000000
0.000000
0.007440
0.000000
0.000000
0.000000
0.000000
0.122170
0.000000
0.000000
0.000000
0.000000
0.000000
0.142697
0.000000
0.000000
0.000000
0.000000
0.218828
0.000000
0.000000
0.000916
0.000000
0.000051
0.000000
0.000000
0.000000
0.000000
0.000000
0.024701
0.000000
0.000000
0.000000
0.000001
0.000000
0.089380
0.000000
0.000000
0.000000
0.007190
0.000000
0.000000
0.062722
0.000000
0.000000
0.000000
0.000000
0.000000
0.012522
0.000000
0.013592
0.011389
0.000000
0.019226
0.000000
0.000000
0.000000
0.000000
0.000000
0.000000
0.002062
0.020964
0.102554
0.001530
0.000000
0.000000
0.000000
0.000000
0.000000
0.003509
0.000000
0.000000
0.000000
0.000000
0.000000
0.000000
0.000000
0.000000
0.000000
0.000000
0.000425
0.000000
0.083657
0.000000
0.095773
0.000000
0.000000
0.000000
0.000003
0.000000
0.000000
0.000000
0.000000
0.000022
0.000000
0.000000
0.000000
0.000000
0.000000
0.000000
0.000000
0.000000
0.000000
0.000000
0.000000
0.000000
0.000000
0.000000
0.000571
0.000000
0.000000
0.000000
0.000000
0.001156
0.000000
0.000000
0.060138
0.000000
0.000000
0.000000
0.000000
0.000000
0.213410
0.200105
0.000000
0.000000
0.018610
0.000000
0.000000
0.000000
0.023506
0.078116
0.000028
0.008110
0.000000
0.000000
0.000000
0.000000
0.000000
0.000000
0.000000
0.000000
0.000000
0.000000
0.000000
0.000000
0.000000
0.003603
0.000000
0.000211
0.000000
0.000000
0.383710
0.000000
0.000000
0.000000
0.000000
0.000000
0.000000
0.000000
0.000000
0.000000
0.019990
0.000000
0.166020
0.000000
0.044059
0.000000
0.000000
0.000000
0.117830
0.612644
0.000000
0.000000
0.000155
0.000000
0.037010
0.000000
0.000000
0.000000
0.000017
0.000000
0.000000
0.000000
0.129255
0.000000
0.000000
0.000000
0.000000
0.000000
0.000000
0.000000
0.000000
0.000000
0.000000
0.000000
0.121322
0.000000
0.000000
0.000000
0.128755
0.000000
0.000000
0.000000
0.000000
0.000000
0.000000
0.090402
0.000042
0.000000
0.117708
0.000000
0.000727
0.000000
0.000000
0.000000
0.000000
0.057523
0.000000
0.000000
0.000000
0.000000
0.000000
0.000000
0.086361
0.000000
0.000007
0.033855
0.000121
0.323179
0.005300
0.000000
0.000000
0.000000
0.000000
0.000000
0.000000
0.003031
0.000000
0.000000
0.228821
0.579593
0.000000
0.000000
0.000000
0.335218
0.000000
0.000000
0.000000
0.000000
0.000000
0.000000
0.010864
0.000000
0.000000
0.000000
0.000000
0.000000
0.051494
0.000475
0.028148
0.000000
0.000000
0.000000
0.000000
0.001808
0.000000
0.000000
0.000000
0.000000
0.025624
0.000000
0.000000
0.000000
0.000000
0.000000
0.474107
0.162023
0.000000
0.000000
0.000000
0.000000
0.000000
0.000000
0.000159
0.000000
0.000000
0.020748
0.000000
0.000000
0.000000
0.000000
0.000000
0.000000
0.000000
0.000000
0.000000
0.000000
0.000000
0.000000
0.000000
0.000000
0.000000
0.000000
0.001310
0.000019
0.000000
0.000000
0.000000
0.000000
0.000000
0.090759
0.000034
0.022114
0.000000
0.000000
0.005729
0.000000
0.000000
0.153893
0.000000
0.000000
0.000000
0.000000
0.036026
0.000000
0.000000
0.013583
0.000000
0.000000
0.000000
0.002211
0.000000
0.000000
0.000000
0.000000
0.000000
0.000000
0.000000
0.000000
0.022349
0.000000
0.000000
0.000000
0.000000
0.000000
0.000000
0.000000
0.000505
0.000000
0.000000
0.000000
0.000000
0.003320
0.033120
0.000000
0.000000
0.000000
0.000000
0.000000
0.000000
0.011662
0.000000
0.000000
0.000000
0.000000
0.000000
0.034552
0.000000
0.000000
0.000085
0.023448
0.017414
0.000000
0.000000
0.003288
0.000000
0.000000
0.229062
0.000000
0.000000
0.000000
0.000000
0.000000
0.000017
0.000000
0.068815
0.000000
0.000000
0.000000
0.021159
0.000000
0.000000
0.000000
0.000000
0.000000
0.047466
0.000000
0.000000
0.000000
0.000000
0.080634
0.000000
0.010857
0.003788
0.000000
0.000000
0.000000
0.000000
0.000000
0.000000
0.000000
0.000000
0.000000
0.000000
0.000000
0.000000
0.000000
0.000000
0.000000
0.000000
0.029615
0.000223
0.000000
0.000000
0.000000
0.000000
0.000201
0.000000
0.000000
0.000000
0.000000
0.000000
0.000000
0.000000
0.000376
0.000000
0.000000
0.000000
0.000000
0.000000
0.000000
0.000000
0.000000
0.000000
0.024115
0.000000
0.000940
0.000000
0.000000
0.000000
0.000000
0.000000
0.001121
0.000000
0.126782
0.000000
0.000000
0.000000
0.000000
0.000000
0.068717
0.000000
0.000000
0.023934
0.000000
0.000000
0.005079
0.000000
0.000709
0.000000
0.000000
0.000000
0.000000
0.000000
0.000000
0.000000
0.000000
0.000000
0.000000
0.000000
0.000000
0.000000
0.000000
0.696910
0.000000
0.000000
0.037884
0.015392
0.000000
0.000000
0.000000
0.000000
0.000000
0.000000
0.000000
0.000000
0.000000
0.000000
0.000000
0.000000
0.000000
0.000000
0.000000
0.000000
0.000000
0.000000
0.000000
0.000000
0.000000
0.000000
0.000000
0.000000
0.000000
0.000000
0.000000
0.000057
0.359164
0.000430
0.021177
0.000000
0.000000
0.000000
0.000000
0.849467
0.000000
0.000157
0.000000
0.013635
0.000000
0.000000
0.000000
0.000284
0.053590
0.000000
0.000000
0.000000
0.000000
0.000000
0.000000
0.097369
0.194856
0.154951
0.000000
0.031396
0.000000
0.000000
0.000000
0.000000
0.000000
0.000254
0.000000
0.000000
0.000000
0.000000
0.000000
0.000000
0.000000
0.000000
0.000000
0.000000
0.000000
0.000000
0.000000
0.024131
0.000000
0.000000
0.000000
0.000000
0.075835
0.000000
0.000000
0.000000
0.000000
0.010035
0.000000
0.323372
0.424606
0.000000
0.008859
0.000258
0.000000
0.000000
0.000182
0.004181
0.252497
0.018030
0.000000
0.000000
0.017134
0.000000
0.000000
0.000000
0.000000
0.000000
0.000000
0.015286
0.000000
0.000000
0.000000
0.097914
0.000000
0.000000
0.000000
0.000000
0.000000
0.002206
0.000000
0.000000
0.000000
0.001471
0.000088
0.000000
0.000000
0.000000
0.000000
0.000000
0.000000
0.000007
0.000000
0.000000
0.000000
0.004349
0.000000
0.000000
0.052890
0.000000
0.000000
0.010715
0.012737
0.003562
0.110281
0.005909
0.000000
0.000000
0.000354
0.004751
0.007022
0.000000
0.000000
0.000000
0.000000
0.000000
0.000000
0.069065
0.333644
0.000000
0.076495
0.000000
0.000000
0.000000
0.000000
0.000000
0.000419
0.000000
0.098377
0.000000
0.002280
0.000000
0.000000
0.183113
0.000000
0.000000
0.000000
0.311171
0.000000
0.001555
0.000000
0.000950
0.044455
0.000000
0.000000
0.000000
0.000000
0.000000
0.000000
0.000000
0.000000
0.047897
0.000000
0.000000
0.000000
0.000000
0.000028
0.000000
0.006325
0.000000
0.035521
0.201132
0.000000
0.000000
0.000000
0.044131
0.000000
0.000000
0.000000
0.000000
0.534161
0.055118
0.000000
0.000000
0.000000
0.000000
0.000000
0.000000
0.000000
0.000000
0.000000
0.000000
0.000000
0.000000
0.000000
0.000780
0.000000
0.002824
0.000000
0.000000
0.000000
0.000000
0.014597
0.000000
0.000000
0.000000
0.000000
0.000000
0.000000
0.000000
0.000000
0.000000
0.000258
0.000000
0.000000
0.000000
0.000000
0.000000
0.000019
0.000000
0.000000
0.005356
0.000000
0.004219
0.000000
0.002014
0.000000
0.000000
0.000000
0.000000
0.000000
0.073302
0.020695
0.000000
0.000000
0.070537
0.000000
0.000000
0.045850
0.000000
0.000060
0.000000
0.016519
0.000000
0.000000
0.000000
0.000000
0.000000
0.000000
0.000000
0.042913
0.000000
0.000000
0.000000
0.000000
0.000000
0.000000
0.000000
0.000000
0.000000
0.009419
0.000000
0.000000
0.000000
0.000000
0.072165
0.000000
0.000000
0.000000
0.000000
0.000000
0.000000
0.000000
0.000000
0.000000
0.000000
0.000000
0.000000
0.000000
0.000000
0.000000
0.000000
0.000000
0.000062
0.000000
0.003716
0.000000
0.022980
0.000000
0.000000
0.000000
0.000000
0.139510
0.000004
0.000000
0.000779
0.000000
0.628820
0.000000
0.000000
0.000000
0.000000
0.000000
0.000000
0.310193
0.000000
0.000090
0.000000
0.000000
0.000000
0.247197
0.000000
0.000000
0.005367
0.000000
0.000000
0.000000
0.000000
0.000000
0.000000
0.001739
0.000000
0.000000
0.000129
0.000000
0.000000
0.000000
0.000000
0.000000
0.000000
0.000000
0.000000
0.000000
0.000000
0.000000
0.000000
0.000000
0.000000
0.000000
0.090478
0.000000
0.000000
0.000000
0.000000
0.000000
0.000000
0.000000
0.000000
0.000000
0.000000
0.000000
0.000000
0.000000
0.000000
0.015976
0.000000
0.178674
0.000000
0.000000
0.000000
0.000000
0.003484
0.000000
0.000000
0.000000
0.000000
0.020941
0.000000
0.000000
0.000000
0.000000
0.000000
0.000000
0.000000
0.000000
0.031170
0.000000
0.032550
0.001338
0.000000
0.000000
0.000000
0.000000
0.000000
0.000985
0.000000
0.000000
0.000000
0.000000
0.076050
0.001706
0.000000
0.000000
0.000000
0.000000
0.000001
0.000000
0.000000
0.000000
0.000000
0.000000
0.000000
0.391301
0.000000
0.000000
0.000000
0.000000
0.000000
0.000000
0.000000
0.000000
0.000000
0.000000
0.000000
0.000000
0.076869
0.000000
0.001566
0.000000
0.000000
0.000000
0.043498
0.000000
0.000000
0.000000
0.000000
0.000452
0.000000
0.000000
0.000000
0.000000
0.000000
0.000000
0.000623
0.000000
0.258479
0.000000
0.005334
0.000610
0.047992
0.000000
0.000000
0.000000
0.000000
0.000000
0.000000
0.000000
0.000000
0.000000
0.000000
0.000000
0.000995
0.034978
0.233576
0.000000
0.000205
0.000000
0.000000
0.000000
0.000000
0.000000
0.000000
0.000000
0.000000
0.000000
0.000000
0.000000
0.000819
0.000000
0.001405
0.000000
0.000000
0.270689
0.000000
0.000005
0.000000
0.000000
0.000000
0.000000
0.000000
0.000000
0.000948
0.000000
0.000000
0.153158
0.013272
0.000000
0.000000
0.000000
0.336714
0.000000
0.000000
0.000000
0.000000
0.000000
0.000435
0.000000
0.000000
0.000000
0.000000
0.000000
0.000000
0.000000
0.000000
0.000000
0.000000
0.000000
0.000000
0.005481
0.000000
0.000000
0.000000
0.000000
0.000000
0.000000
0.000000
0.000000
0.038679
0.121358
0.000000
0.000000
0.000000
0.000000
0.000000
0.019192
0.000000
0.000000
0.002899
0.005181
0.000000
0.000000
0.000000
0.237676
0.025026
0.000000
0.000000
0.000000
0.000000
0.000000
0.000000
0.000000
0.000000
0.000000
0.000000
0.000000
0.001574
0.002851
0.000000
0.000000
0.009976
0.000000
0.000000
0.000000
0.000000
0.000000
0.004620
0.013307
0.016544
0.000000
0.017271
0.007863
0.000000
0.000000
0.000000
0.021610
0.032466
0.026161
0.000000
0.000000
0.000000
0.000000
0.015605
0.000000
0.061763
0.000000
0.000000
0.000000
0.000000
0.000000
0.000000
0.000000
0.000000
0.000000
0.000000
0.000000
0.000000
0.052385
0.000000
0.000000
0.000000
0.000016
0.000000
0.000000
0.005135
0.000000
0.000000
0.000000
0.000000
0.000000
0.000000
0.000000
0.000000
0.000000
0.000000
0.000000
0.000000
0.014647
0.000000
0.000000
0.000000
0.000000
0.132258
0.000000
0.000000
0.000000
0.000000
0.000000
0.016952
0.017391
0.000000
0.262709
0.000827
0.000000
0.000000
0.000000
0.000000
0.000000
0.000000
0.000000
0.485119
0.000000
0.000000
0.000000
0.000000
0.000000
0.000000
0.000000
0.000000
0.264057
0.232667
0.000465
0.000000
0.000024
0.017814
0.000000
0.000000
0.176352
0.000000
0.000000
0.000000
0.000000
0.000000
0.000000
0.000000
0.000000
0.000000
0.000000
0.000000
0.000000
0.000000
0.000000
0.000000
0.000000
0.000000
0.000000
0.000000
0.999298
0.000000
0.464655
0.000000
0.006493
0.007296
0.000000
0.000000
0.000000
0.000000
0.000000
0.000000
0.011097
0.000000
0.000000
0.004154
0.000000
0.037416
0.000000
0.000000
0.000000
0.000000
0.000000
0.000000
0.000000
0.000000
0.000198
0.130951
0.000000
0.000000
0.000000
0.024323
0.000000
0.000000
0.179604
0.000000
0.000000
0.000000
0.000000
0.006081
0.000050
0.000000
0.000000
0.001256
0.000000
0.008347
0.000000
0.000000
0.000000
0.000000
0.000000
0.000000
0.000000
0.000000
0.010537
0.332645
0.036043
0.000000
0.000000
0.000000
0.000000
0.000000
0.000000
0.000000
0.000000
0.000000
0.000000
0.000379
0.000000
0.000088
0.000000
0.000000
0.000696
0.000000
0.000000
0.000000
0.000000
0.000000
0.000826
0.000000
0.000000
0.000000
0.000000
0.000000
0.000000
0.000000
0.000000
0.051065
0.008159
0.000000
0.000000
0.000000
0.000000
0.000196
0.000197
0.000000
0.000000
0.000000
0.057453
0.000000
0.000000
0.000000
0.000000
0.000000
0.000000
0.067183
0.000000
0.000000
0.000000
0.002129
0.000000
0.000000
0.000000
0.000000
0.000000
0.000000
0.000000
0.000000
0.000000
0.003535
0.000084
0.000000
0.022218
0.000000
0.000000
0.000000
0.000282
0.000000
0.000000
0.000000
0.000000
0.023237
0.000000
0.000000
0.000000
0.000000
0.000000
0.050138
0.000000
0.221150
0.127109
0.096307
0.000000
0.000000
0.009854
0.000000
0.000000
0.000000
0.000000
0.000000
0.000000
0.000000
0.000000
0.053979
0.000231
0.000000
0.000000
0.000319
0.000000
0.000000
0.000000
0.000000
0.000000
0.000080
0.000000
0.000000
0.000000
0.000000
0.000000
0.000000
0.491861
0.000000
0.000000
0.027466
0.000000
0.000000
0.000000
0.000000
0.034525
0.033665
0.000225
0.000000
0.000000
0.000000
0.000000
0.278013
0.000000
0.000000
0.000000
0.000000
0.000000
0.000000
0.132764
0.596203
0.000000
0.000000
0.000000
0.000000
0.000000
0.000000
0.000000
0.000000
0.000000
0.000000
0.000000
0.000000
0.000000
0.028917
0.000000
0.000000
0.000000
0.000000
0.000000
0.000000
0.000000
0.043489
0.000000
0.000000
0.439927
0.000000
0.000000
0.012067
0.000000
0.000000
0.000000
0.000000
0.000000
0.001305
0.000000
0.000000
0.000000
0.045576
0.000000
0.005487
0.000000
0.000000
0.000000
0.000000
0.000000
0.000000
0.000000
0.000000
0.000077
0.000000
0.000000
0.000000
0.000000
0.000000
0.238647
0.000000
0.000000
0.000000
0.000000
0.000000
0.000000
0.442096
0.000000
0.000000
0.000000
0.000000
0.000000
0.000000
0.000000
0.000000
0.024189
0.000000
0.000000
0.004144
0.000000
0.000000
0.000000
0.000000
0.000380
0.000000
0.000000
0.000000
0.000000
0.000000
0.000000
0.000000
0.000000
0.000000
0.000000
0.000000
0.001115
0.000002
0.000000
0.000000
0.000000
0.003032
0.000000
0.000000
0.000000
0.000000
0.059042
0.000000
0.000000
0.000000
0.000000
0.000000
0.062519
0.000000
0.000000
0.000000
0.000000
0.000000
0.000288
0.000000
0.000000
0.000828
0.000000
0.000000
0.000000
0.000000
0.000000
0.013160
0.000000
0.000000
0.000000
0.272725
0.000000
0.000006
0.000000
0.000000
0.000000
0.000000
0.000000
0.091401
0.333497
0.000000
0.000000
0.000000
0.066794
0.063034
0.005794
0.000000
0.000000
0.000000
0.000000
0.015398
0.000000
0.000000
0.000000
0.000000
0.000000
0.000000
0.001186
0.000000
0.000000
0.000000
0.093551
0.300403
0.019057
0.000000
0.000000
0.000000
0.000000
0.000000
0.000000
0.000000
0.000000
0.000000
0.000000
0.000000
0.020634
0.000000
0.000000
0.000000
0.000000
0.000000
0.000000
0.000000
0.000000
0.156220
0.223517
0.000000
0.000000
0.000000
0.000000
0.000000
0.000000
0.000013
0.000000
0.000001
0.000000
0.000000
0.000000
0.000000
0.000000
0.000000
0.160395
0.000000
0.000000
0.173921
0.000000
0.000128
0.000000
0.000000
0.000000
0.000000
0.000000
0.000000
0.000000
0.000000
0.000000
0.000000
0.000000
0.000000
0.000000
0.000000
0.000000
0.000000
0.236031
0.000000
0.002586
0.000000
0.000000
0.000000
0.000000
0.000000
0.000000
0.147592
0.000000
0.025845
0.000000
0.000000
0.061908
0.000000
0.000000
0.001331
0.000000
0.000000
0.000000
0.000000
0.000000
0.000000
0.000000
0.000000
0.000000
0.000000
0.000000
0.000000
0.002870
0.000000
0.000000
0.000000
0.000000
0.000000
0.000000
0.148243
0.000000
0.000000
0.000000
0.560616
0.000000
0.000000
0.000000
0.000000
0.000000
0.000000
0.000000
0.000000
0.000000
0.000000
0.016919
0.000000
0.000000
0.045999
0.000000
0.000000
0.000000
0.440335
0.000000
0.000000
0.000000
0.000000
0.000000
0.000000
0.000000
0.622072
0.000000
0.000000
0.000000
0.000000
0.000000
0.000000
0.000000
0.000000
0.000000
0.000000
0.088127
0.000000
0.000000
0.034511
0.000000
0.000000
0.000000
0.000000
0.000000
0.000000
0.000000
0.000000
0.000000
0.027152
0.080792
0.000000
0.000000
0.071191
0.000165
0.000000
0.000000
0.000000
0.000000
0.000000
0.037806
0.000000
0.044552
0.022018
0.001694
0.000000
0.000000
0.000000
0.000000
0.000000
0.000000
0.000000
0.000000
0.000000
0.000256
0.000000
0.000000
0.000000
0.001378
0.000176
0.006278
0.000000
0.000000
0.000000
0.000000
0.000719
0.000000
0.000000
0.000000
0.000000
0.000000
0.000000
0.000000
0.011498
0.011349
0.000000
0.000000
0.128030
0.000000
0.000000
0.000000
0.000000
0.000000
0.000000
0.000000
0.000000
0.000000
0.000000
0.413079
0.000000
0.000000
0.000000
0.000000
0.000000
0.000000
0.001940
0.000000
0.000000
0.000000
0.000000
0.089166
0.000000
0.000000
0.000000
0.000259
0.001799
0.000000
0.000000
0.000000
0.000000
0.000000
0.006304
0.003754
0.000000
0.000000
0.000000
0.000000
0.000000
0.000000
0.000000
0.000000
0.020474
0.003089
0.000000
0.000000
0.000000
0.000000
0.000000
0.000000
0.000000
0.000000
0.000000
0.000000
0.000000
0.000000
0.016206
0.000000
0.000000
0.000000
0.000000
0.000000
0.016784
0.000000
0.000000
0.000000
0.109256
0.000000
0.000000
0.122136
0.000000
0.000000
0.000000
0.000000
0.000000
0.000000
0.000024
0.000000
0.000000
0.000000
0.000000
0.000000
0.000000
0.000000
0.000000
0.000000
0.000000
0.000000
0.000000
0.000148
0.000000
0.000000
0.000000
0.000000
0.000000
0.000000
0.002226
0.000000
0.002248
0.000003
0.000000
0.000000
0.056979
0.000000
0.000000
0.000000
0.000000
0.000000
0.000000
0.000000
0.000000
0.000000
0.000000
0.000000
0.000000
0.000085
0.000000
0.071481
0.000000
0.000000
0.000000
0.000000
0.000000
0.000000
0.000000
0.000000
0.445762
0.000000
0.000000
0.000000
0.000000
0.000000
0.014981
0.000000
0.000000
0.021373
0.000000
0.000000
0.000000
0.000001
0.000000
0.000001
0.000000
0.000000
0.000000
0.000000
0.005850
0.000000
0.000000
0.000000
0.000000
0.000000
0.000000
0.051978
0.000000
0.000000
0.000000
0.000000
0.000000
0.000000
0.026033
0.000019
0.000000
0.000000
0.000000
0.000000
0.000000
0.000000
0.000000
0.000490
0.000000
0.000000
0.078284
0.000000
0.000000
0.000000
0.000000
0.104597
0.000000
0.020190
0.000000
0.000000
0.000000
0.000000
0.000000
0.000000
0.000461
0.000000
0.000000
0.001175
0.001036
0.005512
0.013018
0.000000
0.000000
0.000000
0.000000
0.000000
0.000000
0.000000
0.000000
0.000000
0.000000
0.000000
0.000132
0.045532
0.000000
0.019242
0.000000
0.000000
0.000000
0.000000
0.000391
0.000000
0.000000
0.000000
0.000000
0.000000
0.000000
0.797802
0.000000
0.000000
0.000000
0.000000
0.000043
0.000000
0.022094
0.000000
0.000000
0.000000
0.000000
0.000000
0.000000
0.000000
0.000000
0.000000
0.000000
0.000000
0.000000
0.000000
0.000000
0.000000
0.000000
0.795926
0.000000
0.028274
0.000000
0.000000
0.000269
0.000000
0.000000
0.000000
0.000000
0.000000
0.000483
0.000000
0.000000
0.002415
0.000000
0.000000
0.000000
0.000000
0.069534
0.000000
0.000000
0.000000
0.000000
0.017176
0.000000
0.000000
0.000000
0.004833
0.000000
0.000142
0.093833
0.000000
0.062035
0.000000
0.000000
0.000000
0.000000
0.050048
0.000000
0.000000
0.000000
0.000000
0.000000
0.000000
0.000000
0.005392
0.000000
0.000160
0.000000
0.009471
0.000000
0.004691
0.000000
0.000000
0.000126
0.000000
0.000000
0.000000
0.000000
0.000000
0.000000
0.371609
0.000000
0.000000
0.000000
0.000000
0.017603
0.000000
0.000011
0.000000
0.001236
0.000557
0.000000
0.003640
0.000000
0.000000
0.016806
0.000000
0.000000
0.005962
0.000000
0.000045
0.000009
0.000000
0.000000
0.022582
0.000000
0.000000
0.000000
0.000000
0.259964
0.000000
0.621106
0.022658
0.000000
0.000000
0.000000
0.000000
0.000308
0.028351
0.000000
0.000000
0.000000
0.000000
0.000000
0.000000
0.000545
0.000000
0.000004
0.000000
0.000000
0.000000
0.000000
0.000000
0.000000
0.000000
0.000000
0.000000
0.000000
0.000000
0.000636
0.000962
0.000000
0.000874
0.312144
0.000000
0.001267
0.000000
0.000000
0.000000
0.033199
0.000000
0.000000
0.003747
0.000000
0.185682
0.003849
0.000000
0.000000
0.000000
0.000000
0.000000
0.000000
0.000016
0.000000
0.000000
0.000000
0.000000
0.039750
0.000000
0.000000
0.000000
0.000000
0.000000
0.000000
0.000000
0.029487
0.000000
0.000000
0.717576
0.000000
0.000714
0.000000
0.000000
0.000000
0.000000
0.000000
0.000843
0.000000
0.000000
0.000000
0.000000
0.000320
0.000379
0.000000
0.000000
0.000000
0.000000
0.000000
0.000000
0.000000
0.224721
0.000000
0.000000
0.000000
0.000000
0.053255
0.000000
0.000000
0.281675
0.000000
0.000000
0.000000
0.000000
0.011231
0.000000
0.000000
0.000000
0.000000
0.000000
0.077750
0.000000
0.000000
0.000000
0.000000
0.000000
0.015825
0.000000
0.000000
0.000000
0.146851
0.000000
0.000000
0.000000
0.148710
0.000000
0.000000
0.000000
0.000000
0.000000
0.141017
0.000000
0.000000
0.000000
0.000000
0.042323
0.000000
0.000000
0.000000
0.000000
0.120535
0.000000
0.000000
0.000000
0.000000
0.018650
0.000000
0.000000
0.000000
0.000000
0.000000
0.000000
0.000000
0.000000
0.000000
0.000069
0.000000
0.003647
0.000750
0.073447
0.000000
0.000000
0.000380
0.000000
0.000000
0.000000
0.000000
0.000000
0.309216
0.005360
0.000000
0.000000
0.000000
0.000000
0.000000
0.000000
0.000000
0.000000
0.000000
0.000000
0.000000
0.000000
0.000000
0.000000
0.000000
0.117348
0.000000
0.000000
0.000000
0.000000
0.000000
0.000000
0.000000
0.017694
0.000000
0.015570
0.000000
0.000000
0.000000
0.000000
0.000000
0.000000
0.000000
0.000000
0.113323
0.000000
0.000000
0.026437
0.000000
0.000000
0.000000
0.000000
0.000000
0.000000
0.000000
0.003233
0.000000
0.178159
0.000000
0.000000
0.000000
0.000000
0.015381
0.000000
0.000000
0.000000
0.000000
0.212378
0.000000
0.000000
0.002740
0.000000
0.000000
0.000000
0.000000
0.000000
0.000000
0.000000
0.000000
0.000000
0.000000
0.078814
0.000001
0.000000
0.000000
0.000000
0.000000
0.000460
0.000000
0.000000
0.050863
0.115567
0.000000
0.000000
0.000000
0.008559
0.000000
0.000000
0.000000
0.000000
0.000000
0.326140
0.000000
0.000000
0.000000
0.000000
0.000000
0.000000
0.015865
0.000000
0.000000
0.000000
0.000012
0.000000
0.000000
0.000000
0.079547
0.000000
0.000000
0.019247
0.000000
0.106199
0.002847
0.000000
0.000000
0.000000
0.000000
0.000000
0.000000
0.006945
0.000377
0.001006
0.000000
0.000000
0.000000
0.000000
0.000000
0.000000
0.000000
0.000000
0.000000
0.000000
0.000000
0.020406
0.120589
0.013354
0.000000
0.000000
0.000439
0.000000
0.141091
0.000000
0.000000
0.000000
0.000000
0.000000
0.000000
0.000000
0.000000
0.000000
0.000000
0.000000
0.000000
0.004305
0.000000
0.000000
0.000000
0.000000
0.019163
0.000000
0.000000
0.000000
0.000000
0.111451
0.000000
0.000000
0.000000
0.030633
0.041325
0.000000
0.382289
0.000000
0.000000
0.000000
0.000000
0.005630
0.000000
0.000000
0.000000
0.000000
0.000000
0.000000
0.000000
0.245380
0.000000
0.101258
0.003556
0.000000
0.000000
0.000000
0.000000
0.000000
0.000000
0.000000
0.076689
0.009374
0.000000
0.000000
0.000000
0.000000
0.000000
0.000778
0.000000
0.000000
0.000000
0.000000
0.000000
0.000000
0.000000
0.000000
0.000000
0.039955
0.000151
0.187099
0.000000
0.000000
0.000000
0.002099
0.000000
0.000000
0.000000
0.296420
0.000000
0.197524
0.000000
0.000269
0.000000
0.000000
0.000000
0.000000
0.000000
0.000892
0.313329
0.105430
0.000000
0.000000
0.000000
0.062425
0.000000
0.000000
0.000000
0.059815
0.000018
0.000000
0.008482
0.000000
0.001419
0.001171
0.008205
0.000000
0.000000
0.014807
0.167310
0.000000
0.000000
0.000000
0.000000
0.000000
0.000000
0.000000
0.000000
0.000000
0.000000
0.000000
0.108698
0.000000
0.000000
0.096992
0.000000
0.000000
0.153505
0.018120
0.000000
0.000000
0.000000
0.042948
0.000000
0.000000
0.000000
0.252170
0.000000
0.000000
0.001643
0.000000
0.000000
0.000388
0.000000
0.000000
0.013119
0.000000
0.182245
0.000000
0.000000
0.000000
0.024025
0.000000
0.137173
0.000000
0.000000
0.000000
0.000000
0.000000
0.000000
0.000000
0.000000
0.000000
0.000000
0.024508
0.001114
0.000000
0.000000
0.000000
0.000000
0.000000
0.000000
0.000000
0.103664
0.000000
0.000000
0.067998
0.000000
0.000000
0.039294
0.000000
0.063318
0.001416
0.000000
0.211848
0.000000
0.000040
0.000000
0.000000
0.000000
0.000000
0.000000
0.000000
0.050975
0.000000
0.000000
0.186328
0.000000
0.000000
0.030327
0.000000
0.000000
0.008851
0.022320
0.000000
0.038033
0.000000
0.622471
0.000000
0.000000
0.000000
0.000000
0.019939
0.000000
0.000000
0.000565
0.000000
0.000000
0.000000
0.000000
0.000000
0.262303
0.000000
0.002216
0.000000
0.000000
0.056612
0.000000
0.000000
0.280694
0.000000
0.000000
0.000000
0.003533
0.070997
0.000000
0.000000
0.000000
0.017214
0.000000
0.259472
0.000000
0.000000
0.000000
0.000000
0.000000
0.000000
0.021835
0.000000
0.000000
0.015893
0.001320
0.000000
0.000000
0.000000
0.000000
0.228797
0.000072
0.201805
0.000000
0.000000
0.000000
0.000000
0.000000
0.000000
0.000000
0.000000
0.000000
0.000000
0.000000
0.000000
0.000000
0.000117
0.000000
0.000000
0.000000
0.000000
0.000000
0.000000
0.000000
0.000000
0.000000
0.000000
0.000000
0.000060
0.000000
0.017182
0.000000
0.042679
0.000000
0.000000
0.000000
0.000000
0.039860
0.000000
0.000000
0.021902
0.000000
0.000000
0.000000
0.000000
0.000000
0.364284
0.000000
0.260846
0.369854
0.000000
0.000000
0.000000
0.000000
0.000000
0.005209
0.005622
0.000000
0.000000
0.000000
0.000000
0.000000
0.000000
0.000000
0.000000
0.000000
0.005067
0.000000
0.000000
0.000000
0.000100
0.000000
0.000000
0.000000
0.000000
0.000000
0.000000
0.000000
0.000000
0.000000
0.000000
0.013316
0.000000
0.000000
0.000000
0.000000
0.000055
0.000000
0.000000
0.000000
0.029046
0.000000
0.000016
0.000000
0.002923
0.000000
0.000000
0.000000
0.229376
0.000646
0.000000
0.034425
0.000000
0.000000
0.000000
0.052092
0.980054
0.000000
0.000000
0.000000
0.000000
0.028483
0.000000
0.000000
0.142294
0.141167
0.000000
0.000000
0.000000
0.000000
0.000000
0.000049
0.000000
0.033584
0.000000
0.000332
0.000000
0.000000
0.000000
0.034103
0.000000
0.000000
0.000000
0.000000
0.000098
0.000010
0.000000
0.000000
0.000000
0.000000
0.000000
0.000000
0.090862
0.000000
0.000000
0.000000
0.000000
0.000000
0.000000
0.000000
0.000000
0.000000
0.000000
0.009043
0.000000
0.021380
0.000000
0.000000
0.000000
0.000000
0.023073
0.000000
0.000000
0.000000
0.000000
0.000000
0.000000
0.000000
0.000000
0.000244
0.000000
0.000000
0.000000
0.000000
0.012957
0.000000
0.000000
0.032222
0.000000
0.000000
0.000000
0.000000
0.000000
0.000000
0.000000
0.000000
0.000000
0.000000
0.000000
0.000000
0.000000
0.102559
0.000000
0.007074
0.000000
0.000000
0.000000
0.018414
0.000000
0.000000
0.000000
0.000000
0.028996
0.000000
0.000000
0.000000
0.575991
0.000000
0.000000
0.000000
0.000000
0.000000
0.035129
0.146413
0.000000
0.179471
0.000000
0.000000
0.002053
0.000000
0.017055
0.000000
0.302430
0.000000
0.300678
0.000000
0.000000
0.000000
0.000000
0.000009
0.000000
0.000000
0.002482
0.000107
0.000000
0.000000
0.000000
0.000000
0.000000
0.000000
0.000000
0.000000
0.000000
0.000000
0.000000
0.000000
0.000000
0.086128
0.000000
0.000000
0.000005
0.582656
0.000000
0.000000
0.000000
0.008356
0.024083
0.000000
0.007857
0.000000
0.000000
0.000000
0.011808
0.000000
0.090855
0.000000
0.000000
0.000000
0.000028
0.000000
0.000000
0.000000
0.000000
0.000000
0.000000
0.000000
0.000000
0.000000
0.000000
0.000000
0.000000
0.000000
0.000000
0.000000
0.000000
0.000000
0.001925
0.000000
0.000000
0.000000
0.000000
0.000000
0.000000
0.000000
0.000000
0.000000
0.000000
0.000000
0.000000
0.000000
0.000000
0.000000
0.000000
0.000000
0.000000
0.132127
0.000000
0.000000
0.000000
0.000000
0.000000
0.000000
0.000000
0.000000
0.000000
0.000000
0.000000
0.000567
0.000000
0.000000
0.000220
0.000000
0.074712
0.000000
0.000000
0.025840
0.000000
0.000000
0.000000
0.000000
0.000000
0.000000
0.000000
0.000000
0.000000
0.000000
0.000000
0.000000
0.000000
0.143711
0.000000
0.000000
0.000000
0.000000
0.000000
0.000000
0.003914
0.000000
0.000000
0.000000
0.000000
0.000000
0.210125
0.040560
0.000000
0.000000
0.000000
0.000000
0.120297
0.000000
0.000000
0.070521
0.000000
0.000005
0.000000
0.000000
0.000769
0.000000
0.047473
0.000000
0.000000
0.000000
0.000000
0.000000
0.000000
0.061302
0.000000
0.000000
0.000000
0.006420
0.000000
0.000000
0.000000
0.000000
0.000000
0.000000
0.001216
0.000000
0.000000
0.000000
0.000000
0.000000
0.000000
0.001126
0.000000
0.250864
0.000000
0.000000
0.002952
0.000000
0.000000
0.000003
0.000123
0.069827
0.000032
0.000000
0.002763
0.000000
0.000532
0.629262
0.000000
0.000000
0.000000
0.026404
0.000007
0.000000
0.000000
0.000000
0.000000
0.000000
0.000045
0.000000
0.000000
0.000000
0.009087
0.000000
0.000000
0.004321
0.000000
0.000000
0.000110
0.000000
0.000000
0.000000
0.000000
0.000000
0.000000
0.000000
0.000000
0.000000
0.043390
0.000000
0.000000
0.000000
0.000000
0.000000
0.029574
0.000000
0.000000
0.000000
0.000000
0.074489
0.000000
0.000000
0.000000
0.000311
0.000000
0.000000
0.000000
0.000000
0.000000
0.000000
0.000000
0.000000
0.000000
0.000000
0.000000
0.077724
0.000000
0.000000
0.000000
0.000000
0.000000
0.000914
0.000000
0.000000
0.000000
0.000000
0.000000
0.000000
0.000000
0.150978
0.000000
0.000000
0.000000
0.000000
0.000000
0.000000
0.000000
0.000000
0.000000
0.040772
0.000000
0.000000
0.085150
0.041553
0.000000
0.000000
0.001565
0.001678
0.000000
0.000000
0.016951
0.000000
0.002500
0.000000
0.000000
0.000000
0.000000
0.000000
0.019447
0.000000
0.000000
0.000000
0.000000
0.000000
0.000000
0.000000
0.000000
0.220457
0.000000
0.000000
0.000000
0.026423
0.624151
0.011508
0.000000
0.012834
0.000047
0.000000
0.000000
0.000000
0.000000
0.000000
0.000000
0.000000
0.002847
0.001656
0.000000
0.000000
0.000000
0.000000
0.000000
0.002137
0.000237
0.000000
0.846672
0.000000
0.000000
0.002060
0.000000
0.000000
0.000000
0.000923
0.008608
0.216850
0.000000
0.000000
0.000000
0.000000
0.000000
0.029362
0.000000
0.009279
0.000000
0.064605
0.000000
0.000000
0.040771
0.000000
0.000000
0.000000
0.000001
0.057112
0.000000
0.000006
0.000000
0.000000
0.000305
0.017829
0.000000
0.000000
0.000000
0.000000
0.115589
0.000000
0.000000
0.000008
0.000000
0.000000
0.000151
0.219864
0.000000
0.000000
0.000000
0.000000
0.015502
0.000015
0.004846
0.000000
0.000000
0.137140
0.075310
0.000000
0.000000
0.000000
0.100382
0.000000
0.000000
0.000000
0.000000
0.000000
0.000000
0.000000
0.004294
0.000000
0.000886
0.081770
0.000000
0.000000
0.872750
0.027156
0.023905
0.000000
0.000000
0.000000
0.074576
0.000000
0.013147
0.000000
0.000000
0.000000
0.000000
0.000000
0.000000
0.000000
0.000000
0.000000
0.000592
0.000000
0.000000
0.000000
0.005567
0.000000
0.000000
0.000029
0.000000
0.000000
0.000001
0.000000
0.000000
0.000000
0.000000
0.000000
0.000409
0.000000
0.000000
0.000000
0.002634
0.000000
0.096799
0.000000
0.001893
0.000000
0.027051
0.000000
0.000000
0.000000
0.000000
0.000000
0.000000
0.040297
0.000000
0.000000
0.000000
0.000000
0.000000
0.027143
0.000000
0.000000
0.000000
0.000000
0.000000
0.000000
0.000000
0.000000
0.000000
0.000330
0.161044
0.034086
0.766598
0.000000
0.010068
0.000000
0.000000
0.000000
0.000000
0.000000
0.000000
0.000000
0.000000
0.000000
0.000000
0.043037
0.015375
0.000000
0.551218
0.089820
0.000000
0.000000
0.012190
0.000000
0.000000
0.000000
0.000000
0.000000
0.000000
0.000000
0.000000
0.000000
0.000000
0.000000
0.000000
0.000199
0.000000
0.023928
0.000000
0.000000
0.000000
0.000000
0.000000
0.459109
0.000000
0.001974
0.000000
0.000000
0.000000
0.000001
0.000000
0.000000
0.000000
0.000000
0.012308
0.002184
0.000000
0.000000
0.000000
0.000000
0.001361
0.000000
0.059648
0.000000
0.000000
0.000000
0.000001
0.255953
0.000000
0.000000
0.000000
0.000000
0.000000
0.221537
0.000000
0.000000
0.000000
0.000000
0.000000
0.000000
0.000000
0.000000
0.000000
0.000000
0.000000
0.000000
0.000000
0.000000
0.000000
0.000000
0.135321
0.000000
0.309165
0.000000
0.000000
0.008364
0.018418
0.000000
0.000000
0.000000
0.000009
0.117475
0.000000
0.005476
0.000000
0.000000
0.000000
0.000000
0.000000
0.000000
0.000609
0.000000
0.071626
0.000000
0.000000
0.000000
0.000000
0.000000
0.000000
0.037747
0.999998
0.000000
0.000000
0.000039
0.000000
0.000000
0.000000
0.000000
0.000000
0.000000
0.000000
0.000000
0.000000
0.000000
0.059307
0.000000
0.000000
0.000000
0.000000
0.036410
0.000000
0.000000
0.000009
0.000000
0.000000
0.000000
0.020151
0.000000
0.000000
0.000000
0.000000
0.000000
0.000000
0.000000
0.000000
0.000000
0.002631
0.029682
0.015953
0.000000
0.081408
0.000000
0.000000
0.000000
0.000000
0.261878
0.000023
0.000000
0.000035
0.000000
0.000000
0.000000
0.000000
0.000000
0.000000
0.000000
0.000000
0.000000
0.000550
0.000000
0.000000
0.000000
0.239830
0.000000
0.000000
0.000000
0.000000
0.000000
0.000025
0.000000
0.378156
0.000000
0.000000
0.000000
0.000000
0.000000
0.000000
0.000000
0.000000
0.000000
0.000000
0.000000
0.000000
0.246746
0.000000
0.000000
0.000000
0.000000
0.000000
0.000000
0.000000
0.000000
0.024906
0.000000
0.000000
0.000000
0.012978
0.000000
0.000000
0.011136
0.005881
0.000000
0.000000
0.000000
0.000000
0.000000
0.000000
0.000000
0.000000
0.000000
0.000000
0.096834
0.105595
0.039316
0.000000
0.000000
0.000000
0.000000
0.000000
0.054249
0.000000
0.000092
0.000000
0.000000
0.000000
0.000000
0.000000
0.000000
0.000000
0.000000
0.000000
0.000000
0.000000
0.000000
0.000000
0.000000
0.000000
0.000000
0.000314
0.000000
0.009473
0.000000
0.000000
0.027169
0.000000
0.000000
0.000000
0.000000
0.000000
0.000000
0.000000
0.000000
0.084959
0.000000
0.000000
0.000000
0.000000
0.000000
0.000000
0.000000
0.000000
0.000000
0.087683
0.074719
0.000000
0.000000
0.002645
0.000000
0.177779
0.000000
0.000000
0.000000
0.000000
0.000000
0.000000
0.000000
0.000000
0.000000
0.000000
0.000000
0.000000
0.000000
0.000000
0.463388
0.000000
0.000000
0.000000
0.002533
0.000000
0.000000
0.000503
0.000000
0.000000
0.000000
0.000000
0.000002
0.000000
0.000000
0.000000
0.005303
0.000000
0.000000
0.000000
0.000000
0.212248
0.000000
0.056087
0.000000
0.006987
0.000000
0.000000
0.000000
0.000631
0.000000
0.001073
0.009593
0.000000
0.000000
0.000000
0.000000
0.000000
0.000000
0.000000
0.003687
0.058278
0.000490
0.000000
0.000000
0.000000
0.000000
0.056295
0.001791
0.000000
0.000000
0.000000
0.031424
0.000922
0.000000
0.000000
0.000000
0.000000
0.000000
0.000000
0.000000
0.000000
0.000000
0.000000
0.000000
0.000000
0.000000
0.000000
0.000000
0.025159
0.000000
0.000000
0.000000
0.000000
0.000000
0.007621
0.000000
0.000000
0.000000
0.000000
0.000000
0.000000
0.000000
0.000000
0.000000
0.000000
0.000000
0.000000
0.000032
0.000000
0.000000
0.000000
0.000000
0.000000
0.000000
0.017303
0.000000
0.000000
0.200089
0.000000
0.000000
0.000000
0.000000
0.000000
0.000000
0.000000
0.000000
0.000000
0.000000
0.000000
0.000000
0.000000
0.000000
0.000000
0.000195
0.000000
0.000000
0.000000
0.000000
0.000000
0.000000
0.002607
0.000000
0.000000
0.228302
0.000000
0.000000
0.005100
0.000000
0.000000
0.000000
0.000000
0.000000
0.027922
0.000326
0.000000
0.000000
0.000000
0.000000
0.000000
0.045387
0.000000
0.000000
0.122950
0.826798
0.000000
0.000000
0.029085
0.008494
0.000021
0.000000
0.008991
0.000000
0.000283
0.005388
0.000000
0.000000
0.000000
0.009063
0.000000
0.000000
0.000000
0.000000
0.000000
0.002469
0.026238
0.000000
0.000822
0.000000
0.000000
0.000000
0.015663
0.000000
0.000000
0.000000
0.000000
0.000000
0.006370
0.000000
0.000000
0.000000
0.000000
0.000000
0.000000
0.000000
0.000279
0.002823
0.000000
0.000000
0.000000
0.000000
0.000000
0.339044
0.000000
0.000000
0.000003
0.000000
0.000000
0.000000
0.024272
0.000000
0.000000
0.080568
0.095738
0.000000
0.000000
0.000002
0.000000
0.000000
0.000000
0.000000
0.000000
0.000000
0.010433
0.019045
0.000000
0.000000
0.003983
0.000000
0.371089
0.062868
0.060041
0.000000
0.003074
0.000000
0.000000
0.000000
0.000000
0.000000
0.000000
0.000000
0.124384
0.000000
0.000000
0.000000
0.000000
0.000000
0.000000
0.000000
0.000000
0.000112
0.000000
0.000000
0.000000
0.000000
0.000000
0.000000
0.000000
0.000189
0.000000
0.000000
0.000000
0.000000
0.000000
0.065777
0.055243
0.841009
0.043599
0.000000
0.000000
0.000000
0.695206
0.000000
0.411427
0.000000
0.000000
0.000000
0.000000
0.000000
0.000000
0.000000
0.000000
0.000000
0.254874
0.000000
0.000000
0.000000
0.069763
0.000000
0.000000
0.000000
0.000000
0.169816
0.037903
0.000000
0.000000
0.000000
0.000000
0.000000
0.088826
0.000000
0.000000
0.000000
0.000000
0.000000
0.000000
0.000000
0.170128
0.000000
0.143012
0.001514
0.000000
0.000000
0.000000
0.072317
0.000000
0.179977
0.000000
0.029289
0.000000
0.000000
0.000922
0.004192
0.000000
0.000000
0.000000
0.000000
0.000000
0.000155
0.000000
0.000000
0.020275
0.000000
0.069310
0.000000
0.000000
0.000000
0.000000
0.000000
0.000000
0.061252
0.021720
0.000000
0.000000
0.000000
0.000000
0.000000
0.000000
0.198582
0.010337
0.000000
0.000000
0.000000
0.000000
0.000000
0.074777
0.000000
0.000000
0.000000
0.000000
0.000000
0.000000
0.000000
0.000000
0.000000
0.000000
0.000000
0.000000
0.000000
0.000000
0.000000
0.000000
0.000574
0.000000
0.001027
0.000000
0.000000
0.000000
0.145587
0.051359
0.000000
0.000000
0.000000
0.000000
0.003527
0.000000
0.000000
0.000549
0.000000
0.000961
0.000000
0.000000
0.000000
0.023451
0.000000
0.012846
0.021436
0.007201
0.000000
0.000000
0.000000
0.000000
0.000000
0.000000
0.007593
0.000000
0.048547
0.001042
0.000000
0.000000
0.000000
0.206758
0.042108
0.359633
0.000455
0.002011
0.000000
0.000000
0.000000
0.000000
0.000000
0.000000
0.057229
0.000000
0.000000
0.000000
0.000000
0.000000
0.000000
0.000000
0.000000
0.000000
0.000000
0.000000
0.105945
0.000000
0.000275
0.000000
0.000000
0.000000
0.000000
0.000000
0.000000
0.003982
0.000000
0.000000
0.000000
0.000000
0.000000
0.000000
0.000031
0.000000
0.000229
0.000011
0.000000
0.000000
0.158024
0.000000
0.000000
0.000000
0.000000
0.000000
0.000000
0.188970
0.242359
0.001023
0.000000
0.000000
0.000000
0.039493
0.000000
0.000000
0.000000
0.102096
0.000050
0.015746
0.000000
0.000000
0.000000
0.000373
0.000694
0.000000
0.000000
0.000000
0.003632
0.000000
0.829122
0.000522
0.000000
0.063595
0.004323
0.045580
0.000000
0.000000
0.000000
0.000000
0.208284
0.002643
0.000000
0.008158
0.000000
0.000000
0.000000
0.000000
0.000000
0.000000
0.000000
0.002855
0.000000
0.000000
0.000000
0.000000
0.000148
0.000000
0.000000
0.000000
0.000000
0.000000
0.000000
0.000000
0.000000
0.000000
0.885682
0.000000
0.000000
0.000000
0.000000
0.000000
0.083238
0.031166
0.000000
0.000000
0.054476
0.000000
0.011469
0.003134
0.000000
0.000000
0.000000
0.000000
0.000000
0.021889
0.000000
0.000000
0.000000
0.000000
0.000000
0.000000
0.000000
0.000000
0.000000
0.000000
0.000484
0.003449
0.000000
0.000002
0.000000
0.000000
0.000000
0.000000
0.000000
0.000000
0.000000
0.000000
0.000000
0.000281
0.000000
0.000000
0.000000
0.000000
0.006245
0.002517
0.003733
0.000000
0.000000
0.000000
0.000000
0.027946
0.100839
0.000000
0.000000
0.096039
0.000000
0.000000
0.000000
0.000000
0.000000
0.000000
0.000000
0.000000
0.000000
0.000000
0.004667
0.174612
0.000000
0.000285
0.013942
0.000000
0.008670
0.000000
0.000000
0.000000
0.445215
0.000000
0.000000
0.000000
0.000000
0.000000
0.000000
0.000000
0.000000
0.110918
0.153218
0.000000
0.000000
0.000000
0.000000
0.073428
0.000000
0.000000
0.000000
0.000000
0.000000
0.000000
0.000000
0.000000
0.000000
0.000000
0.000000
0.000000
0.000000
0.000000
0.042119
0.041048
0.000000
0.016083
0.420578
0.000000
0.000000
0.100635
0.570650
0.014184
0.000000
0.000000
0.000000
0.005934
0.000000
0.000000
0.000000
0.035722
0.000000
0.000000
0.000000
0.000000
0.000000
0.015216
0.000000
0.000000
0.000000
0.000000
0.198003
0.000000
0.000000
0.000000
0.000000
0.000000
0.000000
0.000000
0.167142
0.000000
0.000000
0.000000
0.000000
0.000000
0.000000
0.000000
0.000000
0.000000
0.000000
0.184570
0.006120
0.000000
0.000000
0.000000
0.006692
0.000000
0.000000
0.249916
0.000000
0.000000
0.000000
0.006481
0.017093
0.000000
0.023743
0.000000
0.014184
0.000000
0.000000
0.000000
0.000000
0.000000
0.000000
0.000000
0.000000
0.000000
0.000000
0.000000
0.000000
0.000000
0.000000
0.648639
0.000000
0.001122
0.000000
0.000000
0.000000
0.000000
0.000000
0.000000
0.000000
0.000000
0.039741
0.000000
0.000000
0.302618
0.000000
0.000000
0.000000
0.003927
0.000000
0.320138
0.000000
0.000077
0.000000
0.000000
0.405269
0.000000
0.000000
0.995540
0.000000
0.000000
0.000020
0.000238
0.000000
0.000000
0.000000
0.001703
0.000000
0.000000
0.000000
0.028355
0.007013
0.000000
0.000000
0.000000
0.260828
0.000000
0.000000
0.000000
0.000000
0.000000
0.000000
0.000000
0.000000
0.000000
0.000000
0.000000
0.000141
0.322375
0.000000
0.000000
0.033077
0.000000
0.000102
0.000000
0.110749
0.000000
0.000000
0.000000
0.000000
0.000000
0.000000
0.000000
0.000000
0.000000
0.000000
0.000052
0.087767
0.000000
0.000000
0.000000
0.000000
0.022965
0.005841
0.000000
0.000000
0.000000
0.000000
0.000000
0.000000
0.000000
0.000000
0.000000
0.000000
0.000000
0.000000
0.486324
0.080649
0.000000
0.000000
0.000000
0.076959
0.000000
0.000000
0.001801
0.000000
0.203799
0.000000
0.000001
0.000000
0.000000
0.000000
0.001354
0.023267
0.442967
0.000000
0.003970
0.000001
0.000000
0.298408
0.000132
0.000000
0.003380
0.000000
0.000000
0.000000
0.000000
0.003122
0.000000
0.000000
0.149491
0.001261
0.122060
0.000000
0.005656
0.000000
0.000000
0.537705
0.000000
0.000000
0.000000
0.000000
0.000000
0.000000
0.000000
0.000000
0.000000
0.000000
0.003910
0.000000
0.000000
0.000450
0.000000
0.000000
0.000000
0.000000
0.000000
0.000000
0.000000
0.000000
0.000000
0.000000
0.000000
0.006831
0.000000
0.002478
0.012471
0.000000
0.006780
0.000000
0.001954
0.000000
0.000000
0.000000
0.000000
0.000000
0.000000
0.000000
0.000000
0.000000
0.000000
0.000000
0.000000
0.000000
0.000000
0.000000
0.005512
0.000000
0.000000
0.004382
0.061742
0.000000
0.000000
0.000000
0.000000
0.056142
0.018178
0.000000
0.000000
0.000000
0.000000
0.000000
0.000000
0.000000
0.000000
0.000000
0.000000
0.005342
0.000000
0.000000
0.024148
0.000000
0.100282
0.000000
0.011203
0.000000
0.010265
0.755638
0.162923
0.000000
0.117995
0.000000
0.001910
0.000000
0.000000
0.000935
0.000000
0.090489
0.000000
0.284434
0.000000
0.000000
0.004727
0.000000
0.000000
0.088599
0.017724
0.000000
0.000000
0.000000
0.000000
0.000000
0.000000
0.000000
0.000000
0.033248
0.086345
0.561748
0.134780
0.000000
0.000000
0.000000
0.000000
0.000000
0.000000
0.144905
0.000000
0.000000
0.032964
0.000000
0.044433
0.000000
0.000000
0.000000
0.007499
0.040899
0.006102
0.000000
0.000345
0.000000
0.000000
0.000000
0.013098
0.000000
0.000000
0.000000
0.000000
0.000000
0.000000
0.000000
0.189730
0.000000
0.000000
0.000000
0.000000
0.000000
0.000000
0.000000
0.000000
0.000000
0.000085
0.000000
0.000000
0.046944
0.000000
0.000000
0.000000
0.000000
0.000000
0.000000
0.000000
0.000000
0.000000
0.000000
0.002522
0.000000
0.000000
0.000000
0.000000
0.000000
0.000000
0.000000
0.000000
0.000000
0.000000
0.110820
0.346993
0.000000
0.000000
0.000000
0.000000
0.003095
0.000000
0.000000
0.000000
0.002175
0.000000
0.000000
0.000000
0.000737
0.000000
0.000000
0.000000
0.000000
0.000000
0.000000
0.000000
0.016198
0.000000
0.370966
0.000309
0.086647
0.000000
0.000000
0.098131
0.000000
0.000000
0.000000
0.413954
0.000000
0.000000
0.000000
0.000000
0.000000
0.000000
0.000000
0.000000
0.000000
0.000000
0.000668
0.000000
0.000000
0.000000
0.000000
0.000000
0.000000
0.000000
0.000000
0.000000
0.000000
0.000000
0.000000
0.000000
0.000000
0.126474
0.000000
0.013443
0.000000
0.000000
0.000000
0.000000
0.000042
0.131577
0.000000
0.000000
0.000000
0.000000
0.000000
0.000000
0.955220
0.000000
0.000000
0.000000
0.000000
0.000000
0.000000
0.000000
0.000000
0.081321
0.001449
0.000000
0.000000
0.000000
0.000000
0.149485
0.000000
0.000000
0.000000
0.000000
0.000000
0.000000
0.000000
0.002685
0.000000
0.000049
0.000164
0.000000
0.000000
0.085415
0.000000
0.000000
0.000000
0.000000
0.000000
0.000000
0.000000
0.000000
0.000000
0.000000
0.000000
0.000000
0.000000
0.468889
0.000000
0.000000
0.028164
0.000000
0.002743
0.011261
0.000000
0.000000
0.000000
0.000000
0.000000
0.000000
0.000000
0.000000
0.773031
0.000000
0.000000
0.000000
0.000000
0.000000
0.000000
0.000000
0.000000
0.000000
0.000000
0.120709
0.002801
0.000000
0.005293
0.000000
0.009318
0.000000
0.000000
0.000000
0.000000
0.000000
0.023443
0.299387
0.000000
0.000000
0.031797
0.000000
0.000146
0.000000
0.000000
0.000000
0.000000
0.000000
0.000000
0.000000
0.001527
0.002125
0.000000
0.000985
0.003067
0.000000
0.094001
0.010584
0.097811
0.000000
0.000000
0.000000
0.000000
0.000000
0.001829
0.000000
0.000000
0.015183
0.000000
0.000000
0.005185
0.000000
0.000000
0.000000
0.005175
0.000000
0.017417
0.000000
0.000130
0.000000
0.010572
0.000000
0.046255
0.039666
0.000000
0.000097
0.000000
0.000000
0.000646
0.000000
0.000000
0.000000
0.000000
0.006540
0.000000
0.000000
0.000000
0.000000
0.000000
0.000000
0.000000
0.246420
0.000000
0.075014
0.000000
0.000000
0.000000
0.076894
0.000000
0.009561
0.000000
0.000000
0.000000
0.101229
0.000000
0.000000
0.001046
0.000000
0.000000
0.000000
0.001300
0.000000
0.005595
0.017452
0.000031
0.000000
0.000000
0.002911
0.000000
0.000000
0.000000
0.000000
0.000000
0.000000
0.000000
0.000000
0.000000
0.000000
0.000000
0.000147
0.061969
0.352325
0.001845
0.049452
0.000000
0.000000
0.100360
0.000052
0.000000
0.003829
0.000000
0.060011
0.022332
0.000000
0.000000
0.000000
0.011064
0.000000
0.000000
0.226336
0.000000
0.000000
0.000000
0.000000
0.904723
0.001198
0.000000
0.000000
0.000000
0.000000
0.000000
0.000000
0.162279
0.000000
0.003100
0.002016
0.000000
0.000000
0.000000
0.000000
0.000000
0.052407
0.057286
0.000000
0.000000
0.000000
0.000000
0.000000
0.000000
0.038874
0.000434
0.000000
0.000780
0.001641
0.000000
0.000000
0.000575
0.000000
0.000000
0.000000
0.002176
0.000000
0.000000
0.036464
0.000460
0.000000
0.075486
0.144223
0.000000
0.000000
0.000000
0.011631
0.000088
0.000000
0.025525
0.000000
0.000000
0.000000
0.000000
0.000000
0.000000
0.000000
0.000000
0.000000
0.053292
0.000000
0.000000
0.000000
0.000000
0.000000
0.000000
0.065606
0.000000
0.040415
0.000000
0.000000
0.000000
0.006402
0.000000
0.000000
0.090841
0.000000
0.000060
0.000000
0.000000
0.000000
0.000000
0.000003
0.000000
0.225517
0.000000
0.000000
0.000000
0.000314
0.000037
0.000000
0.000000
0.156492
0.000000
0.008146
0.000000
0.000176
0.000000
0.000000
0.066603
0.000000
0.000000
0.000000
0.000000
0.000000
0.000000
0.000000
0.000520
0.000000
0.000000
0.000000
0.488625
0.131792
0.000000
0.000000
0.000000
0.000000
0.000000
0.000000
0.000000
0.000000
0.000000
0.000000
0.642451
0.000000
0.000000
0.000000
0.000000
0.000000
0.000000
0.000000
0.000000
0.000000
0.000000
0.000000
0.000000
0.000000
0.000000
0.000000
0.000000
0.000000
0.000000
0.000000
0.000000
0.000000
0.000000
0.000000
0.000000
0.000000
0.000000
0.000000
0.000000
0.000000
0.000000
0.000000
0.000000
0.000000
0.000000
0.000000
0.015255
0.000000
0.000000
0.002650
0.000000
0.002754
0.000061
0.000000
0.000109
0.000000
0.000000
0.009372
0.117663
0.010737
0.000000
0.000000
0.000004
0.000000
0.000000
0.000000
0.000000
0.000000
0.000000
0.000000
0.020614
0.000000
0.000000
0.000000
0.000000
0.000000
0.000000
0.000000
0.077886
0.004549
0.002476
0.070484
0.142815
0.000000
0.017271
0.000000
0.000000
0.000000
0.000000
0.000000
0.000000
0.001348
0.000000
0.000000
0.000000
0.000000
0.000000
0.000000
0.000000
0.000000
0.000000
0.000267
0.000000
0.000000
0.000000
0.000000
0.000000
0.014780
0.000000
0.000000
0.321452
0.000000
0.015330
0.024217
0.000000
0.002552
0.000000
0.050349
0.000000
0.000000
0.000000
0.000000
0.096718
0.000000
0.001734
0.000000
0.000000
0.000000
0.002283
0.000000
0.000000
0.000000
0.000000
0.000000
0.000000
0.000000
0.018306
0.000000
0.000000
0.000000
0.000000
0.099306
0.000000
0.000000
0.000000
0.000000
0.000000
0.000000
0.000000
0.000000
0.000000
0.000000
0.000000
0.000000
0.000000
0.000000
0.000000
0.000000
0.000000
0.014334
0.000000
0.000000
0.000000
0.000000
0.000000
0.000000
0.000085
0.033015
0.000000
0.000000
0.000000
0.000000
0.000460
0.030903
0.000000
0.000000
0.000000
0.000000
0.000000
0.000013
0.000000
0.000000
0.210882
0.013630
0.016950
0.000000
0.108077
0.000000
0.158920
0.000000
0.000000
0.001966
0.000000
0.000000
0.000000
0.000000
0.000000
0.000000
0.000000
0.000000
0.000000
0.000000
0.000030
0.000000
0.000000
0.000000
0.000000
0.000000
0.000000
0.000000
0.000000
0.000000
0.021373
0.000000
0.005311
0.000000
0.000000
0.000000
0.000000
0.000000
0.066383
0.000000
0.000000
0.000000
0.000000
0.238701
0.000612
0.000024
0.000000
0.000000
0.000000
0.000000
0.072638
0.000000
0.000000
0.000000
0.036284
0.000737
0.000000
0.000000
0.000000
0.001664
0.000000
0.000555
0.000000
0.000000
0.000000
0.462609
0.000000
0.000000
0.000000
0.000000
0.000000
0.198668
0.000000
0.042807
0.000000
0.000000
0.000000
0.000000
0.029116
0.000000
0.000000
0.342294
0.000000
0.007045
0.000000
0.000000
0.028293
0.000000
0.000000
0.000000
0.419588
0.000000
0.000000
0.000000
0.001539
0.498483
0.000000
0.000000
0.000000
0.000000
0.014436
0.000000
0.000000
0.019279
0.000000
0.000000
0.000000
0.000000
0.000000
0.000000
0.000000
0.001359
0.086447
0.000000
0.000008
0.000000
0.000000
0.000000
0.000000
0.060369
0.000000
0.000000
0.000000
0.000000
0.000000
0.011509
0.000000
0.000000
0.000000
0.003472
0.009880
0.000000
0.000000
0.000000
0.000000
0.000000
0.024597
0.002285
0.003143
0.000000
0.000000
0.000000
0.000000
0.000000
0.000000
0.023410
0.000000
0.000000
0.000000
0.000000
0.000000
0.000000
0.000000
0.000000
0.000000
0.036205
0.000151
0.000000
0.000000
0.049453
0.000000
0.000000
0.000000
0.121984
0.104115
0.000000
0.000000
0.000000
0.000000
0.109961
0.087169
0.000000
0.000000
0.006369
0.003279
0.000000
0.000000
0.508849
0.000000
0.000000
0.013054
0.000000
0.000000
0.000000
0.000000
0.000000
0.000000
0.000000
0.000000
0.000000
0.000000
0.000000
0.000000
0.000000
0.000000
0.279909
0.004346
0.000000
0.000000
0.000000
0.000000
0.000000
0.000000
0.000000
0.000000
0.006580
0.000000
0.000000
0.000000
0.000000
0.000000
0.000000
0.000000
0.000000
0.000000
0.000000
0.000000
0.000000
0.004223
0.000000
0.062170
0.265670
0.000000
0.000000
0.001442
0.000000
0.000000
0.000000
0.000000
0.000000
0.000000
0.000000
0.459414
0.000000
0.000000
0.080864
0.002192
0.000000
0.000000
0.000000
0.000000
0.000000
0.000000
0.018240
0.020989
0.014987
0.000000
0.000000
0.000000
0.094833
0.000000
0.000000
0.000000
0.000000
0.000000
0.026444
0.000000
0.000000
0.000000
0.000000
0.000000
0.000000
0.000000
0.000000
0.005072
0.000000
0.010766
0.000000
0.000000
0.000000
0.000000
0.000000
0.000000
0.000000
0.000000
0.000000
0.000000
0.006174
0.122793
0.000000
0.000000
0.000000
0.000000
0.065634
0.000000
0.016514
0.000000
0.000000
0.004283
0.000000
0.027945
0.000000
0.000000
0.000000
0.000000
0.000000
0.000000
0.002524
0.000000
0.067728
0.000000
0.000000
0.000000
0.193115
0.000000
0.000000
0.530504
0.009002
0.000000
0.000000
0.000000
0.000000
0.000000
0.000000
0.000000
0.000000
0.000000
0.000905
0.000000
0.000000
0.000042
0.045379
0.000000
0.000000
0.000000
0.001620
0.000000
0.079641
0.000000
0.000000
0.000000
0.000000
0.000000
0.045376
0.000000
0.000000
0.008715
0.000000
0.000000
0.000000
0.000000
0.000000
0.055906
0.062395
0.000008
0.041114
0.000000
0.000000
0.000000
0.000000
0.000123
0.000000
0.000000
0.000000
0.000000
0.006929
0.004475
0.000000
0.000000
0.000000
0.000000
0.000000
0.159234
0.000000
0.065388
0.000000
0.000000
0.000144
0.000000
0.004663
0.000000
0.000001
0.000000
0.000094
0.000000
0.000000
0.001034
0.000000
0.000511
0.061146
0.000000
0.000000
0.049734
0.000000
0.068095
0.000000
0.000000
0.000000
0.019871
0.000000
0.000000
0.000000
0.814857
0.008640
0.000000
0.000000
0.049954
0.000141
0.000000
0.000000
0.000000
0.000000
0.000000
0.003209
0.000000
0.100356
0.000000
0.000000
0.000000
0.000000
0.000000
0.000000
0.000000
0.022676
0.000000
0.000000
0.000000
0.010644
0.000000
0.000000
0.000000
0.000000
0.012987
0.000000
0.000000
0.000000
0.000000
0.003045
0.000000
0.009134
0.000000
0.000023
0.000000
0.000000
0.000000
0.000000
0.000000
0.371596
0.000608
0.000000
0.000017
0.000000
0.028071
0.000000
0.002186
0.000000
0.000000
0.000000
0.000000
0.000000
0.000000
0.000000
0.000000
0.017528
0.000000
0.000000
0.075673
0.000000
0.000000
0.037277
0.042896
0.000000
0.000000
0.000000
0.000000
0.000000
0.000000
0.000000
0.000000
0.000000
0.223713
0.000000
0.000000
0.031327
0.000000
0.000104
0.000000
0.000000
0.000000
0.000000
0.115686
0.000000
0.000000
0.131487
0.165963
0.000000
0.000000
0.001922
0.000000
0.000000
0.003587
0.000000
0.059518
0.256949
0.000000
0.000000
0.000000
0.028520
0.000000
0.000773
0.000000
0.002078
0.000000
0.000000
0.000000
0.000000
0.000000
0.000000
0.000000
0.000000
0.000000
0.000000
0.000000
0.000000
0.000000
0.001708
0.000000
0.000000
0.000000
0.052555
0.000000
0.000000
0.000000
0.000000
0.000000
0.000000
0.000000
0.000000
0.153470
0.000000
0.000000
0.008700
0.508895
0.000000
0.000000
0.000000
0.001453
0.000000
0.000000
0.000000
0.000000
0.000455
0.000000
0.143759
0.000000
0.000000
0.000000
0.000000
0.000000
0.000000
0.000000
0.000000
0.001522
0.000000
0.003591
0.001614
0.000000
0.000000
0.010538
0.000000
0.000000
0.012811
0.000000
0.000000
0.000000
0.000000
0.000000
0.000000
0.000000
0.000000
0.000000
0.000000
0.000000
0.000000
0.000000
0.000000
0.000000
0.000000
0.005369
0.000096
0.000000
0.000000
0.000000
0.000000
0.000000
0.000000
0.000000
0.000000
0.000000
0.000000
0.000000
0.000153
0.000000
0.000000
0.000000
0.000000
0.000000
0.000000
0.000000
0.000000
0.005871
0.000000
0.000000
0.000000
0.004476
0.000000
0.020093
0.000000
0.002028
0.000000
0.000000
0.000000
0.000000
0.000694
0.000000
0.000000
0.000000
0.000000
0.000000
0.000000
0.000000
0.000000
0.109358
0.000000
0.000000
0.009640
0.000000
0.000000
0.133515
0.000000
0.000000
0.033346
0.000000
0.000000
0.000000
0.116014
0.006595
0.003841
0.000000
0.000000
0.000000
0.000000
0.015959
0.000000
0.000000
0.000000
0.000000
0.000000
0.000000
0.000000
0.000000
0.000000
0.000000
0.009179
0.013358
0.000000
0.000000
0.000000
0.000000
0.000000
0.000000
0.000000
0.000001
0.000000
0.000677
0.003479
0.000000
0.000000
0.000000
0.000000
0.000000
0.000000
0.000950
0.000000
0.037687
0.000000
0.000000
0.000000
0.077214
0.000000
0.000010
0.000000
0.176680
0.000000
0.000000
0.005324
0.000000
0.000000
0.000000
0.380646
0.000000
0.000481
0.000000
0.000053
0.000000
0.000000
0.000000
0.000000
0.000000
0.000000
0.000000
0.000000
0.000000
0.000000
0.000000
0.000000
0.000000
0.000000
0.010304
0.000000
0.000000
0.000000
0.000000
0.000745
0.000000
0.000000
0.032753
0.013962
0.000000
0.000000
0.000000
0.000000
0.045884
0.000000
0.000127
0.000000
0.093561
0.000000
0.000000
0.000000
0.000841
0.000000
0.000000
0.000000
0.000000
0.000000
0.000000
0.000000
0.029088
0.000000
0.000000
0.000000
0.000000
0.000000
0.000043
0.010011
0.000000
0.000000
0.000000
0.005156
0.000137
0.000000
0.017570
0.000000
0.000000
0.000000
0.000000
0.726652
0.000000
0.000000
0.000000
0.000005
0.006337
0.000000
0.000000
0.035081
0.000000
0.000000
0.024449
0.000000
0.000000
0.000000
0.000041
0.000000
0.000000
0.001723
0.000000
0.000000
0.000224
0.000000
0.000000
0.000893
0.000000
0.000000
0.000000
0.003190
0.000000
0.000000
0.000000
0.000000
0.000000
0.000000
0.051119
0.000000
0.176725
0.000000
0.000000
0.000000
0.000000
0.000000
0.000001
0.000000
0.000000
0.000000
0.000000
0.000000
0.000000
0.000000
0.000000
0.073990
0.000000
0.035153
0.000000
0.000000
0.353700
0.000000
0.000000
0.000000
0.115035
0.000000
0.000000
0.000000
0.000000
0.181477
0.000000
0.000000
0.043063
0.016352
0.012984
0.000000
0.000000
0.173928
0.000000
0.000000
0.000000
0.000000
0.000060
0.000000
0.000000
0.000000
0.000000
0.000000
0.000000
0.000000
0.000000
0.005284
0.177625
0.000000
0.000000
0.405037
0.000000
0.000000
0.000000
0.000000
0.000000
0.000000
0.000000
0.000535
0.000000
0.000047
0.000000
0.196197
0.000000
0.000000
0.000000
0.000000
0.000000
0.000000
0.000000
0.000000
0.037461
0.065847
0.000000
0.000000
0.023830
0.010546
0.000000
0.000000
0.000000
0.000000
0.000000
0.000000
0.001336
0.000000
0.000000
0.001159
0.182384
0.000000
0.000000
0.000000
0.000000
0.000000
0.000000
0.000000
0.000000
0.000000
0.000000
0.001349
0.000000
0.000000
0.020681
0.073392
0.000000
0.000000
0.000000
0.000564
0.000000
0.022990
0.000000
0.186658
0.000000
0.000000
0.000000
0.000000
0.000000
0.000000
0.000000
0.000000
0.030828
0.083989
0.000000
0.000000
0.000000
0.012788
0.184795
0.000000
0.009918
0.000000
0.000000
0.000000
0.000000
0.000000
0.000000
0.000000
0.000000
0.000000
0.000000
0.011296
0.000000
0.000000
0.000000
0.000000
0.000000
0.000000
0.002677
0.000000
0.000000
0.000000
0.035300
0.000000
0.004167
0.000000
0.000000
0.112901
0.012677
0.001454
0.000000
0.019162
0.001504
0.000000
0.000000
0.000000
0.000000
0.002050
0.000000
0.000000
0.000000
0.000043
0.000000
0.019531
0.009274
0.000000
0.002531
0.000000
0.000409
0.000000
0.000000
0.000000
0.000000
0.000000
0.000000
0.000000
0.000000
0.280644
0.000000
0.000000
0.000000
0.000000
0.000000
0.000000
0.000000
0.284700
0.000000
0.000000
0.000000
0.000000
0.000000
0.000000
0.032975
0.000000
0.000000
0.000000
0.000003
0.000000
0.000000
0.000000
0.741306
0.000000
0.000778
0.000235
0.000000
0.000000
0.000000
0.000079
0.000000
0.000000
0.000000
0.000000
0.000000
0.000000
0.000000
0.000000
0.000000
0.000000
0.000313
0.000000
0.029946
0.000000
0.000000
0.000000
0.004022
0.000000
0.000000
0.000000
0.000000
0.000000
0.000000
0.000000
0.001836
0.000000
0.000000
0.000000
0.002087
0.000000
0.000000
0.058024
0.000000
0.000000
0.000000
0.000000
0.000000
0.000000
0.000000
0.000000
0.000000
0.000000
0.000000
0.000000
0.000000
0.001843
0.277468
0.001444
0.000000
0.000168
0.000322
0.000000
0.000000
0.234652
0.000000
0.000000
0.000000
0.000000
0.000000
0.000000
0.000000
0.000000
0.000000
0.000000
0.000000
0.000000
0.000000
0.000000
0.000000
0.000000
0.000240
0.000000
0.000000
0.000000
0.000000
0.000000
0.000000
0.055024
0.000000
0.003255
0.000000
0.280825
0.000000
0.000000
0.000000
0.016168
0.002225
0.000000
0.047607
0.000198
0.000000
0.000000
0.000000
0.000000
0.000000
0.000000
0.000000
0.000000
0.000000
0.000000
0.000000
0.000000
0.000004
0.000000
0.000000
0.000000
0.000000
0.000000
0.005998
0.004161
0.000000
0.000000
0.000000
0.000000
0.000000
0.000000
0.000000
0.107831
0.053877
0.000000
0.000000
0.562807
0.000000
0.000000
0.000000
0.000136
0.012751
0.000000
0.000000
0.000051
0.000000
0.000732
0.000000
0.000000
0.000000
0.000000
0.000000
0.000000
0.000000
0.000000
0.000000
0.037452
0.000000
0.000000
0.000000
0.000000
0.000000
0.001003
0.000000
0.000000
0.000000
0.000000
0.000000
0.000000
0.000000
0.149590
0.000000
0.000000
0.000000
0.000000
0.000000
0.083909
0.140395
0.000000
0.000000
0.002894
0.000000
0.000000
0.009935
0.004320
0.000000
0.000000
0.000000
0.000000
0.000000
0.001086
0.002069
0.038147
0.202574
0.001520
0.000000
0.000000
0.000000
0.000000
0.000000
0.521361
0.000000
0.000000
0.000000
0.042804
0.159917
0.000000
0.000000
0.000000
0.000000
0.133536
0.000000
0.034871
0.151141
0.000000
0.001036
0.000000
0.000000
0.000000
0.000000
0.000000
0.000000
0.000000
0.000000
0.000000
0.000000
0.000000
0.000000
0.000000
0.000000
0.000000
0.000006
0.000000
0.000000
0.000000
0.000000
0.000000
0.000116
0.000041
0.000000
0.000000
0.000000
0.011901
0.000000
0.054773
0.000000
0.000000
0.000000
0.000162
0.000000
0.000000
0.055699
0.465792
0.000000
0.000000
0.000000
0.000000
0.000000
0.000000
0.000000
0.001910
0.000000
0.000000
0.000157
0.000000
0.000000
0.000000
0.013758
0.000000
0.001266
0.000000
0.000000
0.000000
0.130921
0.000086
0.004834
0.000000
0.000000
0.000000
0.000000
0.000000
0.000000
0.000000
0.000000
0.000000
0.000000
0.001833
0.000000
0.000000
0.000000
0.000120
0.016229
0.861803
0.088124
0.095179
0.000000
0.000000
0.000000
0.000000
0.106913
0.000000
0.000000
0.000000
0.000000
0.000000
0.000000
0.000139
0.000000
0.008832
0.000000
0.000000
0.000000
0.000000
0.002994
0.000000
0.000030
0.009499
0.000000
0.000000
0.000000
0.000000
0.013002
0.000000
0.000000
0.000000
0.000000
0.000000
0.000000
0.000000
0.000000
0.000000
0.052973
0.000000
0.000134
0.000000
0.000000
0.241843
0.000000
0.068905
0.000000
0.000000
0.000000
0.011306
0.104218
0.075823
0.000058
0.005155
0.000000
0.000000
0.000000
0.069546
0.000000
0.000000
0.000000
0.000000
0.000000
0.000000
0.319422
0.000000
0.000000
0.000000
0.000000
0.000000
0.000000
0.377596
0.000000
0.000000
0.000000
0.000000
0.000000
0.014103
0.000000
0.000000
0.004745
0.002339
0.321961
0.014152
0.000000
0.000000
0.000000
0.000000
0.000000
0.003735
0.001368
0.000000
0.000000
0.000000
0.000000
0.279753
0.000000
0.000000
0.000000
0.000000
0.000000
0.000000
0.000000
0.131032
0.000000
0.000000
0.000000
0.000000
0.000000
0.000000
0.000000
0.030105
0.000000
0.000000
0.000000
0.000000
0.000000
0.000000
0.000000
0.000000
0.000000
0.000000
0.000000
0.000000
0.000000
0.011928
0.000000
0.000000
0.000516
0.000088
0.000000
0.000000
0.000000
0.107246
0.000000
0.032786
0.000000
0.080464
0.000000
0.000000
0.000000
0.310487
0.000875
0.000000
0.000000
0.000000
0.001409
0.000000
0.000000
0.000000
0.000078
0.000000
0.081665
0.000000
0.000000
0.000000
0.000000
0.000000
0.356757
0.000000
0.000000
0.000000
0.026154
0.000000
0.000410
0.000000
0.000000
0.618702
0.000000
0.000000
0.001660
0.102474
0.000000
0.000000
0.006186
0.333968
0.000000
0.000000
0.000000
0.000000
0.000000
0.000000
0.000000
0.000000
0.000000
0.000000
0.000000
0.000000
0.018888
0.000000
0.000000
0.005859
0.000000
0.000000
0.000000
0.057933
0.000000
0.000000
0.021830
0.000172
0.000000
0.000000
0.008694
0.181798
0.000000
0.000000
0.000000
0.000000
0.017529
0.003561
0.035484
0.000000
0.000000
0.000000
0.000000
0.000000
0.000000
0.103314
0.000000
0.000000
0.591416
0.000000
0.000000
0.000000
0.000000
0.000000
0.000000
0.000000
0.000000
0.000000
0.000000
0.000000
0.000000
0.000000
0.000000
0.000000
0.000000
0.000000
0.000000
0.003103
0.000000
0.000378
0.000000
0.020547
0.137187
0.000000
0.000000
0.000000
0.000362
0.000000
0.000000
0.357882
0.005555
0.167155
0.000000
0.000000
0.000000
0.000000
0.000000
0.000000
0.000000
0.000000
0.000000
0.000000
0.000000
0.000000
0.000000
0.000000
0.000000
0.000000
0.000000
0.000000
0.000000
0.000006
0.006757
0.000000
0.000000
0.000000
0.011568
0.003100
0.031657
0.000000
0.000000
0.000000
0.000000
0.009452
0.000000
0.000000
0.146994
0.000000
0.329850
0.000086
0.055052
0.000000
0.000000
0.075687
0.000000
0.000000
0.000000
0.000000
0.000000
0.000000
0.000000
0.000000
0.000000
0.000160
0.000000
0.000000
0.000706
0.000000
0.000000
0.000000
0.000031
0.000000
0.000077
0.132452
0.084679
0.000000
0.000000
0.026066
0.012632
0.000000
0.000000
0.000000
0.005159
0.000000
0.128596
0.000000
0.000000
0.000000
0.000000
0.000000
0.028704
0.000000
0.000000
0.135468
0.024440
0.000000
0.000000
0.000000
0.000000
0.113972
0.000010
0.000000
0.000000
0.375856
0.000000
0.000000
0.054789
0.000084
0.000000
0.685717
0.018154
0.000000
0.054112
0.000000
0.000634
0.235034
0.000000
0.000000
0.000000
0.000000
0.000000
0.377187
0.000000
0.000000
0.000000
0.000161
0.000000
0.098604
0.062176
0.065019
0.000000
0.000000
0.000000
0.000626
0.000000
0.000000
0.000320
0.002535
0.218505
0.798557
0.000000
0.000000
0.000000
0.000000
0.000000
0.000000
0.000000
0.000000
0.000000
0.000000
0.000000
0.003127
0.000000
0.001586
0.013754
0.000000
0.000000
0.000000
0.000000
0.000000
0.000000
0.000000
0.000000
0.000293
0.000000
0.000000
0.008475
0.000000
0.000000
0.000000
0.000000
0.613494
0.000000
0.000000
0.000000
0.000000
0.000000
0.000000
0.000000
0.000000
0.000000
0.000000
0.000513
0.043966
0.000044
0.006162
0.000001
0.000000
0.000000
0.000000
0.000000
0.060791
0.000000
0.000000
0.000335
0.000000
0.000000
0.018692
0.402318
0.000000
0.000000
0.000000
0.000000
0.000000
0.000000
0.000000
0.000000
0.000000
0.000000
0.000000
0.000000
0.000000
0.009239
0.000000
0.000000
0.000000
0.000000
0.000000
0.198899
0.000000
0.000000
0.000000
0.032591
0.000000
0.000000
0.417156
0.000000
0.033800
0.001725
0.000000
0.000000
0.000000
0.001433
0.000000
0.000000
0.000064
0.000000
0.000000
0.000000
0.000000
0.000000
0.000000
0.014011
0.000000
0.000269
0.000211
0.000000
0.007055
0.009204
0.000000
0.000000
0.000767
0.000000
0.000000
0.000000
0.000061
0.000000
0.000000
0.000000
0.000000
0.000000
0.000000
0.009875
0.001745
0.000000
0.000000
0.000000
0.009385
0.000000
0.000000
0.197053
0.000000
0.000000
0.000018
0.000000
0.000000
0.000000
0.027043
0.000000
0.000000
0.176144
0.000000
0.000000
0.000000
0.000000
0.000000
0.000000
0.000000
0.000000
0.011433
0.000000
0.000000
0.000000
0.031759
0.046575
0.542579
0.000000
0.000000
0.000000
0.000000
0.000000
0.000000
0.000928
0.000000
0.000000
0.000000
0.000569
0.000839
0.000000
0.000000
0.000000
0.000001
0.000000
0.000000
0.000000
0.000000
0.001209
0.000000
0.000000
0.000000
0.000000
0.000000
0.002188
0.007114
0.000000
0.000000
0.000000
0.000000
0.000000
0.000000
0.000000
0.007825
0.350554
0.000000
0.000000
0.000000
0.021719
0.000000
0.000000
0.000000
0.000000
0.011937
0.000000
0.171283
0.000026
0.000000
0.054758
0.000000
0.000000
0.000000
0.000000
0.000000
0.082422
0.000000
0.000171
0.000000
0.000000
0.000000
0.169929
0.000000
0.000000
0.000000
0.000000
0.250490
0.000000
0.000000
0.000000
0.000000
0.000000
0.000000
0.182137
0.000000
0.000000
0.000000
0.000000
0.000000
0.000000
0.000000
0.001282
0.000016
0.000000
0.000000
0.000000
0.000000
0.000000
0.000000
0.049518
0.000000
0.000000
0.000000
0.000000
0.048956
0.000000
0.000000
0.089958
0.000000
0.000000
0.000000
0.367064
0.000000
0.517636
0.000000
0.000000
0.799848
0.000000
0.027404
0.000000
0.000000
0.000000
0.039149
0.000000
0.000000
0.000000
0.000000
0.000000
0.000000
0.192282
0.000000
0.027678
0.000000
0.000000
0.000000
0.000000
0.000561
0.000000
0.000000
0.122268
0.036456
0.000000
0.000000
0.000000
0.000000
0.009748
0.016855
0.038189
0.000000
0.000000
0.000000
0.000000
0.049217
0.000000
0.000000
0.025287
0.000000
0.000000
0.000000
0.000000
0.000000
0.006160
0.000000
0.000000
0.022017
0.000000
0.013948
0.020430
0.007727
0.000000
0.000000
0.000289
0.000000
0.000029
0.037749
0.000000
0.000000
0.039705
0.616507
0.000000
0.000000
0.000000
0.000666
0.000000
0.000000
0.000000
0.000305
0.011432
0.000000
0.000000
0.000329
0.000000
0.000334
0.118880
0.000000
0.000240
0.000000
0.004973
0.000000
0.065561
0.000000
0.000000
0.000000
0.000000
0.000000
0.000000
0.000000
0.000995
0.000000
0.000000
0.000000
0.000000
0.018917
0.000000
0.000000
0.380071
0.000000
0.000000
0.000000
0.000000
0.000000
0.000000
0.000560
0.000000
0.000000
0.000000
0.000000
0.000000
0.000000
0.042136
0.005125
0.001484
0.007402
0.000000
0.000260
0.003172
0.000000
0.000000
0.013095
0.000000
0.002874
0.000000
0.110334
0.000000
0.000000
0.000000
0.000000
0.000000
0.000000
0.000000
0.000000
0.000000
0.000000
0.000000
0.000000
0.000000
0.046854
0.000000
0.000000
0.000000
0.006436
0.001527
0.000000
0.000000
0.000000
0.000000
0.000000
0.000000
0.000000
0.000017
0.000000
0.000000
0.000000
0.000000
0.000000
0.182751
0.008990
0.000000
0.000000
0.083832
0.000000
0.000000
0.036676
0.000000
0.000000
0.000000
0.000000
0.000000
0.000000
0.000000
0.000000
0.128829
0.000000
0.155783
0.000000
0.000000
0.000000
0.000000
0.000000
0.000000
0.000000
0.022006
0.000000
0.000000
0.000000
0.000000
0.000000
0.000000
0.000000
0.000000
0.060923
0.000000
0.009594
0.000037
0.000000
0.000000
0.020195
0.000000
0.000000
0.000029
0.365605
0.000000
0.001075
0.000000
0.000995
0.002759
0.000000
0.000000
0.000000
0.052369
0.000000
0.161316
0.018042
0.167021
0.000000
0.000000
0.000000
0.000000
0.000000
0.000000
0.000931
0.000000
0.000000
0.019262
0.000000
0.000000
0.000000
0.000000
0.000000
0.000000
0.000000
0.000000
0.000000
0.000000
0.000000
0.000000
0.000000
0.000000
0.000000
0.009664
0.000000
0.000000
0.000000
0.018882
0.066183
0.000000
0.000000
0.000000
0.000000
0.000000
0.000000
0.000000
0.001459
0.000000
0.000924
0.000000
0.000000
0.000000
0.000000
0.000000
0.000000
0.000000
0.000000
0.161082
0.000000
0.000000
0.000880
0.000000
0.010821
0.000000
0.002658
0.000000
0.000000
0.000000
0.000000
0.000000
0.000004
0.187950
0.000000
0.000000
0.000000
0.000000
0.000000
0.000000
0.000000
0.000000
0.000000
0.000000
0.000000
0.000000
0.000000
0.000000
0.000000
0.000000
0.000000
0.023203
0.000000
0.000123
0.000000
0.000000
0.000000
0.000000
0.000000
0.000000
0.000000
0.000000
0.099609
0.000000
0.000000
0.000000
0.000000
0.063588
0.026465
0.000000
0.000000
0.000000
0.000023
0.000000
0.000000
0.069068
0.000000
0.000000
0.000000
0.000000
0.000000
0.000000
0.000000
0.000000
0.000000
0.000000
0.000000
0.000000
0.000000
0.653000
0.000000
0.000000
0.000000
0.000000
0.005625
0.000000
0.058613
0.399376
0.000000
0.100146
0.000000
0.000000
0.000000
0.000000
0.000000
0.000000
0.018822
0.000000
0.000000
0.000000
0.000000
0.000000
0.000000
0.000000
0.000000
0.000000
0.000000
0.000000
0.000000
0.000000
0.000000
0.017882
0.000000
0.000000
0.000045
0.000000
0.000000
0.000345
0.000308
0.000000
0.000000
0.000000
0.000785
0.000000
0.000000
0.000000
0.000000
0.000000
0.001139
0.000000
0.002780
0.000000
0.000000
0.000526
0.003894
0.000000
0.000000
0.000000
0.193330
0.000000
0.000000
0.000002
0.000000
0.000000
0.000000
0.000000
0.000000
0.000000
0.000000
0.000000
0.017453
0.078596
0.170986
0.000000
0.000000
0.018319
0.001084
0.009561
0.000000
0.000000
0.000000
0.137382
0.000000
0.000000
0.000000
0.000000
0.181797
0.000000
0.000569
0.139963
0.000000
0.000000
0.000000
0.000086
0.000000
0.020482
0.000000
0.000000
0.000659
0.000000
0.454578
0.000000
0.000000
0.000000
0.000223
0.000000
0.038966
0.098747
0.000000
0.000000
0.000000
0.000000
0.239331
0.000000
0.049886
0.001993
0.075211
0.000000
0.043746
0.000000
0.000000
0.000000
0.067932
0.000000
0.000000
0.000000
0.000000
0.000000
0.000000
0.000000
0.000000
0.102889
0.000000
0.000000
0.049432
0.000000
0.000000
0.000000
0.000000
0.000000
0.000622
0.000000
0.005713
0.000000
0.000409
0.003614
0.000000
0.108700
0.031746
0.000000
0.000000
0.000000
0.918787
0.000000
0.000000
0.000321
0.000000
0.000000
0.000000
0.000000
0.271602
0.000000
0.000000
0.005304
0.000000
0.000000
0.000000
0.000000
0.000000
0.000000
0.025820
0.000143
0.000000
0.000000
0.000000
0.000000
0.000000
0.004228
0.000000
0.000000
0.000000
0.000000
0.000000
0.000000
0.000000
0.000000
0.000000
0.000000
0.000000
0.000000
0.000000
0.004489
0.000000
0.148754
0.000000
0.000000
0.000000
0.000000
0.000627
0.000755
0.000000
0.000000
0.081658
0.000000
0.000000
0.000000
0.000000
0.000000
0.000000
0.027808
0.411343
0.000000
0.000000
0.000000
0.000000
0.000000
0.000000
0.000000
0.000000
0.000000
0.000000
0.000000
0.000000
0.000000
0.000000
0.000000
0.000000
0.000000
0.000000
0.032697
0.000000
0.000000
0.027448
0.000000
0.000000
0.000000
0.000000
0.000000
0.018126
0.000000
0.001894
0.000000
0.000000
0.000000
0.000000
0.000000
0.058825
0.053174
0.000000
0.000000
0.000000
0.000000
0.000000
0.000004
0.000000
0.000000
0.001095
0.000000
0.041375
0.237608
0.000000
0.000000
0.000000
0.013281
0.000000
0.028209
0.000000
0.000000
0.000000
0.000000
0.007942
0.000000
0.000000
0.000000
0.000000
0.000000
0.000000
0.005257
0.000000
0.000000
0.000000
0.074698
0.001855
0.000000
0.000000
0.000000
0.031227
0.000000
0.000000
0.005993
0.000000
0.018917
0.000000
0.000000
0.034626
0.000005
0.000000
0.000000
0.000000
0.000000
0.000000
0.012296
0.000000
0.000000
0.050543
0.000000
0.071227
0.000000
0.246480
0.000702
0.000000
0.000000
0.695722
0.000000
0.000000
0.000000
0.000000
0.000000
0.000000
0.000198
0.000000
0.000000
0.000000
0.033190
0.000000
0.000000
0.000000
0.000000
0.000000
0.000000
0.000000
0.000000
0.000000
0.000000
0.000000
0.000000
0.000000
0.000000
0.629283
0.033878
0.052692
0.000000
0.000000
0.000000
0.002989
0.000000
0.000000
0.000000
0.075255
0.000000
0.463291
0.000000
0.000000
0.041820
0.000208
0.335097
0.000000
0.646391
0.000000
0.000000
0.000000
0.000000
0.000000
0.000986
0.000058
0.000000
0.000659
0.000000
0.188811
0.017445
0.000000
0.005206
0.000000
0.000000
0.031737
0.141799
0.000000
0.037926
0.000000
0.002731
0.361083
0.355402
0.000000
0.000000
0.000000
0.000000
0.000000
0.006735
0.000000
0.000000
0.155648
0.000000
0.000000
0.005336
0.514705
0.000000
0.000000
0.000000
0.025759
0.356023
0.000000
0.000000
0.879985
0.000000
0.000000
0.000000
0.000000
0.000000
0.000000
0.000218
0.000000
0.000000
0.000000
0.000000
0.000000
0.000000
0.000000
0.000000
0.000000
0.005791
0.000000
0.000000
0.000000
0.000000
0.000000
0.000000
0.000000
0.000000
0.000000
0.000000
0.221790
0.000000
0.000000
0.000000
0.000000
0.000000
0.000026
0.000000
0.000000
0.000000
0.000000
0.259468
0.000000
0.000000
0.000000
0.000000
0.000000
0.000000
0.000000
0.000000
0.000000
0.028916
0.000146
0.000000
0.000000
0.000000
0.000000
0.003792
0.000000
0.000000
0.000000
0.000000
0.000000
0.000000
0.000000
0.015852
0.116545
0.009599
0.000000
0.000000
0.000000
0.000000
0.000000
0.000000
0.000000
0.000000
0.000000
0.000000
0.000000
0.000000
0.000000
0.000000
0.021421
0.000000
0.000000
0.000000
0.083366
0.000000
0.002503
0.000000
0.000000
0.000000
0.000000
0.000020
0.000000
0.000000
0.000000
0.000000
0.000000
0.000000
0.000000
0.000000
0.000000
0.000000
0.000000
0.000000
0.000000
0.000000
0.000000
0.000000
0.002448
0.715589
0.000000
0.000000
0.000000
0.000000
0.230920
0.000000
0.014658
0.000000
0.000000
0.000000
0.000000
0.000000
0.000000
0.000000
0.000000
0.000000
0.001002
0.000000
0.000000
0.078933
0.000000
0.000000
0.000000
0.000000
0.001493
0.081224
0.000000
0.000000
0.000000
0.000000
0.000000
0.092736
0.000000
0.021753
0.000000
0.000000
0.000000
0.000000
0.020342
0.000000
0.001625
0.000000
0.000000
0.000000
0.000000
0.000000
0.000000
0.000000
0.000000
0.000000
0.042402
0.009631
0.000000
0.000000
0.000000
0.000000
0.364225
0.000000
0.000000
0.000000
0.000000
0.041087
0.000000
0.204552
0.000000
0.000000
0.000000
0.000000
0.038810
0.000000
0.000048
0.000000
0.000000
0.000000
0.000271
0.000000
0.000000
0.000000
0.000000
0.000000
0.000000
0.000000
0.000000
0.000000
0.060748
0.000000
0.000000
0.012503
0.003090
0.000000
0.000000
0.000000
0.000000
0.000000
0.000000
0.000000
0.000000
0.000000
0.000003
0.000000
0.000000
0.342194
0.000000
0.000000
0.000000
0.000000
0.000000
0.000000
0.000000
0.000000
0.000000
0.000000
0.000000
0.000000
0.000000
0.102828
0.000000
0.097244
0.165582
0.000000
0.000000
0.000845
0.000000
0.000000
0.003769
0.000000
0.037578
0.000000
0.000000
0.000000
0.000000
0.000000
0.000000
0.000000
0.448793
0.000000
0.000000
0.000000
0.000000
0.000568
0.033336
0.000000
0.911351
0.000000
0.587615
0.000595
0.000000
0.000000
0.000000
0.000000
0.000000
0.000000
0.000000
0.000000
0.000000
0.008099
0.000000
0.000000
0.000000
0.000000
0.000000
0.000000
0.000000
0.000000
0.053371
0.000000
0.000000
0.000000
0.000000
0.587391
0.000000
0.000000
0.000000
0.015411
0.000000
0.000000
0.000000
0.004530
0.000083
0.000000
0.000000
0.000000
0.035147
0.000000
0.044428
0.000000
0.000000
0.000000
0.000000
0.006089
0.002529
0.000000
0.000000
0.000000
0.089707
0.000004
0.000000
0.000000
0.410300
0.000000
0.000000
0.000000
0.000000
0.000000
0.094132
0.009744
0.000000
0.000000
0.000000
0.000000
0.019922
0.459514
0.049713
0.003139
0.000000
0.000000
0.000000
0.000000
0.000000
0.110559
0.000072
0.003167
0.000000
0.000000
0.000000
0.000000
0.000000
0.000000
0.000000
0.000000
0.000000
0.000000
0.000189
0.000000
0.000762
0.000000
0.000000
0.100883
0.000000
0.000000
0.000000
0.000000
0.000000
0.000972
0.000000
0.065000
0.000000
0.002844
0.000000
0.748065
0.000000
0.000000
0.000000
0.000177
0.000000
0.000000
0.000000
0.000000
0.176984
0.000000
0.009535
0.080871
0.000000
0.000000
