0.000000
0.000000
0.000000
0.000000
0.000000
0.045488
0.054696
0.000000
0.000151
0.014019
0.000000
0.018209
0.011765
0.000000
0.000000
0.022465
0.000000
0.000862
0.001368
0.000000
0.000000
0.022338
0.006914
0.068513
0.001618
0.077346
0.140341
0.060130
0.000000
0.000000
0.000009
0.033227
0.018678
0.000000
0.000000
0.058060
0.052964
0.000000
0.003067
0.000405
0.000000
0.000000
0.000000
0.000000
0.000000
0.000000
0.000000
0.000000
0.000000
0.000000
0.020441
0.000000
0.000000
0.000000
0.016421
0.067026
0.000000
0.008339
0.000000
0.000000
0.000000
0.013336
0.000000
0.000000
0.000053
0.000000
0.053318
0.000000
0.000000
0.000000
0.000000
0.000000
0.059676
0.000000
0.000047
0.012400
0.088878
0.000000
0.000000
0.033317
0.002340
0.000000
0.000005
0.079869
0.000000
0.074884
0.000000
0.000000
0.070268
0.011867
0.000031
0.000000
0.000000
0.000000
0.000461
0.000000
0.000000
0.000005
0.086933
0.000000
0.002984
0.000023
0.000000
0.050760
0.000000
0.000000
0.000000
0.000000
0.547339
0.000000
0.010553
0.000000
0.000000
0.000000
0.000000
0.015586
0.000000
0.000000
0.000000
0.000000
0.000000
0.000000
0.000000
0.015485
0.000000
0.000000
0.005421
0.001832
0.011702
0.002785
0.000000
0.000000
0.015113
0.000000
0.000000
0.000000
0.000000
0.000000
0.000000
0.000000
0.000000
0.000000
0.000000
0.001021
0.000000
0.000000
0.000000
0.011979
0.000000
0.000000
0.000000
0.000000
0.043446
0.000000
0.000000
0.003117
0.000000
0.004180
0.002863
0.000000
0.000000
0.000000
0.000000
0.000000
0.714759
0.000000
0.000000
0.000000
0.000000
0.012813
0.000000
0.000000
0.000000
0.014054
0.000000
0.000000
0.003669
0.000000
0.000000
0.000000
0.000000
0.003277
0.002267
0.000000
0.000000
0.000000
0.415496
0.000000
0.038672
0.000000
0.000000
0.000238
0.000000
0.000084
0.000492
0.013742
0.004708
0.000000
0.000000
0.022558
0.034559
0.004872
0.007113
0.014296
0.000000
0.023145
0.014962
0.000000
0.000000
0.000000
0.058303
0.000000
0.006831
0.000000
0.000000
0.067830
0.000000
0.000000
0.000000
0.000000
0.000502
0.003875
0.000000
0.016120
0.000000
0.001320
0.018333
0.000000
0.000000
0.000000
0.000578
0.000000
0.003548
0.000595
0.004161
0.000000
0.000844
0.039101
0.000000
0.013066
0.000000
0.000000
0.005576
0.000000
0.000000
0.000000
0.027040
0.000000
0.000000
0.000000
0.000000
0.000000
0.000708
0.000737
0.000000
0.039151
0.000000
0.000000
0.000000
0.000000
0.034624
0.000000
0.067685
0.000000
0.001122
0.000000
0.082829
0.011489
0.003510
0.000000
0.000000
0.000000
0.024342
0.324428
0.000000
0.000000
0.000000
0.000000
0.005553
0.001620
0.000000
0.000000
0.000000
0.279798
0.000000
0.000000
0.024083
0.000000
0.000000
0.000000
0.000000
0.000000
0.001577
0.000648
0.000000
0.009653
0.000000
0.000000
0.000000
0.016537
0.000000
0.000000
0.000000
0.000000
0.001600
0.000000
0.000000
0.000000
0.000000
0.007178
0.000000
0.000000
0.000000
0.000000
0.000000
0.000000
0.000000
0.000000
0.000000
0.118107
0.000000
0.000000
0.000000
0.049994
0.000000
0.000000
0.000000
0.000000
0.034158
0.000000
0.055493
0.000000
0.000000
0.000000
0.000000
0.000000
0.001947
0.000000
0.000000
0.000000
0.000000
0.000000
0.000000
0.000000
0.000000
0.000000
0.002951
0.000000
0.000000
0.000000
0.000000
0.000000
0.000000
0.000000
0.063296
0.000000
0.000000
0.007579
0.000099
0.000000
0.000000
0.000000
0.000000
0.000000
0.000000
0.000000
0.000000
0.031523
0.014387
0.000000
0.000000
0.001048
0.000000
0.000000
0.085901
0.000000
0.000000
0.000000
0.000000
0.000000
0.000000
0.000000
0.000000
0.000000
0.000000
0.000000
0.000000
0.000000
0.000579
0.000571
0.002053
0.000000
0.001695
0.000000
0.000000
0.000000
0.048035
0.000009
0.013906
0.000000
0.000000
0.000000
0.000000
0.000000
0.000000
0.000000
0.000000
0.055485
0.000000
0.042526
0.000000
0.000163
0.000000
0.000000
0.000000
0.000000
0.000089
0.000000
0.000000
0.030184
0.000000
0.000000
0.000000
0.005867
0.000000
0.000000
0.000000
0.000000
0.456945
0.000000
0.000000
0.014624
0.000000
0.007725
0.047910
0.000000
0.000000
0.011124
0.001667
0.000000
0.000000
0.000000
0.000000
0.000000
0.000000
0.000000
0.000020
0.018063
0.000000
0.000000
0.000000
0.000000
0.000000
0.000000
0.000319
0.000000
0.000000
0.000000
0.002250
0.012540
0.000000
0.000000
0.000000
0.000000
0.002440
0.106279
0.000000
0.033713
0.000000
0.000000
0.000000
0.000000
0.011478
0.000000
0.000000
0.000000
0.000000
0.093145
0.000000
0.029409
0.000000
0.096769
0.000000
0.000000
0.000000
0.053059
0.003533
0.000000
0.000000
0.000000
0.000000
0.000000
0.000000
0.000000
0.000000
0.000000
0.000000
0.001284
0.000000
0.000000
0.175716
0.000000
0.000000
0.000000
0.000000
0.000000
0.000000
0.000000
0.002487
0.005599
0.000000
0.001885
0.000000
0.003941
0.000000
0.000409
0.000000
0.000000
0.008556
0.000000
0.000000
0.000000
0.000000
0.000000
0.000000
0.000000
0.027227
0.000000
0.000000
0.007973
0.000000
0.048442
0.132187
0.000000
0.020670
0.000000
0.000000
0.000005
0.000000
0.000000
0.024466
0.176969
0.071782
0.000000
0.000000
0.000000
0.000000
0.000000
0.099225
0.233995
0.000000
0.000000
0.000678
0.011009
0.000000
0.000000
0.004704
0.042495
0.000000
0.057198
0.000000
0.000000
0.000000
0.000000
0.000000
0.005832
0.008293
0.011943
0.000000
0.000000
0.000000
0.003944
0.000313
0.000001
0.000000
0.000000
0.000000
0.000000
0.000000
0.009140
0.000000
0.000000
0.000000
0.000000
0.000000
0.000000
0.040676
0.000000
0.005935
0.000000
0.000000
0.000000
0.000320
0.000000
0.021887
0.000000
0.000000
0.000000
0.000000
0.000000
0.000000
0.150674
0.000000
0.000000
0.000000
0.000000
0.000167
0.000000
0.000000
0.003610
0.000000
0.000303
0.147791
0.000000
0.000000
0.000000
0.000000
0.082293
0.004643
0.000000
0.000000
0.000000
0.000000
0.000000
0.000000
0.000000
0.000000
0.006745
0.007550
0.000000
0.000000
0.000000
0.219001
0.000461
0.000000
0.098991
0.000000
0.000000
0.000000
0.188500
0.000000
0.000000
0.000000
0.000000
0.000526
0.031382
0.000000
0.000000
0.000000
0.000000
0.000000
0.000000
0.086918
0.003376
0.000000
0.000000
0.009379
0.000000
0.000000
0.000000
0.000287
0.000000
0.051784
0.000000
0.000000
0.000000
0.000000
0.000000
0.419315
0.002446
0.009821
0.000000
0.000000
0.012891
0.000000
0.000000
0.000000
0.492120
0.000000
0.000000
0.000000
0.000000
0.000085
0.033919
0.000000
0.008187
0.000000
0.544813
0.016819
0.000000
0.000000
0.000000
0.020556
0.111245
0.008272
0.000000
0.000000
0.002352
0.000000
0.000000
0.000000
0.000000
0.000000
0.000000
0.000000
0.090517
0.000000
0.000000
0.000000
0.000000
0.000000
0.000000
0.017924
0.000000
0.000000
0.000000
0.000000
0.000000
0.000000
0.000480
0.000000
0.000000
0.000048
0.000000
0.000000
0.000000
0.000000
0.000000
0.000000
0.000000
0.000755
0.004183
0.000000
0.012248
0.000000
0.000000
0.000000
0.000000
0.000000
0.000000
0.019203
0.000000
0.000000
0.061247
0.000000
0.000000
0.000000
0.018433
0.000000
0.000000
0.001074
0.000000
0.000000
0.000000
0.000000
0.000000
0.004276
0.007601
0.000000
0.000000
0.000000
0.000000
0.000000
0.042446
0.002140
0.620983
0.000000
0.000000
0.000000
0.000000
0.000000
0.000000
0.025595
0.000000
0.016902
0.000000
0.000000
0.000000
0.000000
0.000275
0.000000
0.065550
0.003763
0.000000
0.000000
0.025723
0.001101
0.000000
0.000000
0.000000
0.002208
0.000000
0.001238
0.071916
0.000000
0.000000
0.000000
0.000000
0.000000
0.000000
0.000580
0.034088
0.000000
0.000000
0.000000
0.010944
0.000000
0.000664
0.000231
0.000000
0.000000
0.000000
0.059829
0.000000
0.000000
0.000864
0.000000
0.000000
0.000000
0.476238
0.116076
0.000001
0.000000
0.122161
0.003723
0.000000
0.000113
0.026747
0.007756
0.001882
0.000000
0.158097
0.000000
0.000000
0.000000
0.000000
0.003485
0.000000
0.001273
0.000000
0.010995
0.277899
0.000000
0.058238
0.574156
0.000007
0.000000
0.000000
0.000000
0.000000
0.000000
0.000000
0.000000
0.000000
0.048224
0.000000
0.000000
0.000000
0.000000
0.000000
0.000000
0.000000
0.000000
0.143645
0.071448
0.000000
0.000000
0.000000
0.593822
0.000000
0.002599
0.001701
0.000000
0.030430
0.001344
0.000000
0.008816
0.000000
0.000067
0.000000
0.000176
0.004894
0.001565
0.000568
0.000000
0.000000
0.026237
0.000000
0.042092
0.000000
0.000000
0.000000
0.271005
0.067129
0.000000
0.000000
0.001177
0.000000
0.213566
0.000000
0.094984
0.000000
0.000000
0.000000
0.001228
0.007624
0.000319
0.001164
0.000000
0.000000
0.000000
0.000000
0.016920
0.000000
0.000000
0.012123
0.000000
0.000000
0.000000
0.000000
0.000000
0.000000
0.000000
0.000000
0.000249
0.066684
0.000000
0.000000
0.006825
0.000000
0.000000
0.000000
0.000000
0.000000
0.000000
0.000000
0.000000
0.000000
0.000000
0.000000
0.016067
0.000000
0.000000
0.011226
0.000000
0.171677
0.000000
0.000000
0.000000
0.000000
0.000000
0.000000
0.000000
0.000000
0.299598
0.002747
0.000000
0.027192
0.000000
0.011508
0.000000
0.000000
0.000000
0.000000
0.000000
0.129075
0.000061
0.006818
0.000000
0.000000
0.000000
0.000000
0.008268
0.022874
0.000000
0.000000
0.000000
0.000000
0.000000
0.000000
0.000000
0.000105
0.000000
0.183285
0.000000
0.000000
0.000000
0.000000
0.000000
0.011507
0.004333
0.000000
0.000000
0.000000
0.000000
0.000008
0.000000
0.000000
0.000000
0.089165
0.061700
0.000000
0.000000
0.000000
0.000000
0.001596
0.000000
0.000000
0.000000
0.000000
0.000000
0.025994
0.004170
0.041797
0.000000
0.038735
0.000000
0.000000
0.000000
0.000000
0.000000
0.112595
0.000221
0.000000
0.000000
0.000114
0.000000
0.017115
0.000000
0.000000
0.004557
0.000000
0.011421
0.235690
0.000000
0.000000
0.000000
0.000000
0.000000
0.000000
0.000000
0.000000
0.000000
0.000000
0.001918
0.000579
0.144659
0.000000
0.000000
0.001162
0.000000
0.000000
0.000000
0.007635
0.011527
0.000000
0.000000
0.000000
0.000000
0.068237
0.000000
0.008857
0.000000
0.099442
0.000000
0.007768
0.005502
0.000000
0.000000
0.065075
0.008108
0.000000
0.000000
0.000000
0.289608
0.006820
0.000000
0.004036
0.000000
0.405620
0.000000
0.000000
0.002294
0.000000
0.002291
0.006315
0.000000
0.043631
0.000000
0.000000
0.000000
0.334854
0.000000
0.000000
0.000000
0.000000
0.000000
0.000000
0.000000
0.000000
0.000000
0.009050
0.000000
0.000000
0.000000
0.000000
0.000000
0.000000
0.000000
0.000000
0.027052
0.151936
0.000000
0.000000
0.119380
0.000001
0.011510
0.000000
0.000000
0.000000
0.000000
0.002905
0.000000
0.000000
0.000000
0.000000
0.000000
0.000000
0.000000
0.000000
0.000000
0.083304
0.020624
0.000000
0.000000
0.000000
0.012757
0.000000
0.000000
0.780368
0.000000
0.000000
0.000000
0.000006
0.007257
0.000000
0.000000
0.000000
0.000000
0.000000
0.011269
0.001149
0.000000
0.000000
0.000000
0.000209
0.000000
0.137838
0.000000
0.000000
0.000000
0.000179
0.000000
0.000000
0.003342
0.000341
0.025610
0.000000
0.000000
0.000089
0.000000
0.006047
0.191819
0.003390
0.001718
0.000000
0.000000
0.000000
0.000000
0.000000
0.000000
0.000000
0.000000
0.000000
0.000000
0.000000
0.000000
0.087164
0.000000
0.000000
0.000028
0.000000
0.000000
0.010451
0.018856
0.000000
0.000000
0.000000
0.031621
0.000000
0.021178
0.000000
0.000000
0.000000
0.005477
0.000000
0.000000
0.044659
0.000000
0.005489
0.000000
0.000000
0.000000
0.000000
0.020345
0.019651
0.000000
0.135097
0.018170
0.000000
0.000000
0.000000
0.000000
0.972724
0.175454
0.000000
0.000000
0.000000
0.000000
0.000000
0.000000
0.000000
0.000000
0.000000
0.000000
0.000000
0.000572
0.423305
0.000000
0.000000
0.000000
0.000000
0.000000
0.011547
0.000000
0.000000
0.000000
0.002726
0.000000
0.000000
0.005226
0.024007
0.000000
0.002599
0.000596
0.000000
0.000000
0.000000
0.000000
0.000052
0.001497
0.000027
0.000000
0.048666
0.001488
0.000000
0.000000
0.000000
0.000000
0.000000
0.000000
0.000000
0.006893
0.000000
0.000803
0.001158
0.082614
0.000000
0.000000
0.000000
0.000000
0.000000
0.000000
0.000000
0.002478
0.000000
0.000000
0.000000
0.000000
0.000000
0.000000
0.003347
0.000000
0.133136
0.010319
0.047235
0.000000
0.000000
0.112858
0.000000
0.000000
0.000000
0.001002
0.000000
0.000206
0.000000
0.000000
0.000000
0.000385
0.000003
0.000000
0.000000
0.000000
0.000000
0.000000
0.005444
0.000000
0.129911
0.001207
0.000000
0.000000
0.011062
0.013618
0.041993
0.000000
0.000000
0.000000
0.020264
0.000000
0.000000
0.000000
0.000000
0.031073
0.000000
0.000587
0.000000
0.006208
0.000000
0.000000
0.000000
0.003383
0.000000
0.034282
0.000000
0.000000
0.000000
0.000000
0.000000
0.000000
0.000000
0.000000
0.000000
0.000000
0.000000
0.000000
0.001226
0.000000
0.000000
0.000000
0.013288
0.000483
0.000000
0.000000
0.000000
0.016386
0.014110
0.000000
0.000000
0.000000
0.000000
0.000000
0.000000
0.000000
0.000000
0.000000
0.000000
0.012945
0.000000
0.000000
0.000000
0.009639
0.055036
0.000000
0.000000
0.000000
0.000000
0.000000
0.000000
0.000000
0.000000
0.000000
0.000000
0.000000
0.000000
0.000000
0.000000
0.000000
0.000000
0.000000
0.000000
0.000000
0.000000
0.175265
0.000000
0.000000
0.000000
0.001986
0.000000
0.000000
0.000000
0.000000
0.000000
0.000000
0.000000
0.000000
0.000000
0.000000
0.000000
0.000000
0.000000
0.000000
0.000000
0.000000
0.000000
0.000000
0.000000
0.036384
0.000000
0.010617
0.148403
0.000000
0.364429
0.000000
0.000000
0.000000
0.541568
0.000000
0.000000
0.150131
0.000000
0.000000
0.052999
0.000000
0.000000
0.009267
0.000000
0.000000
0.000000
0.000000
0.000000
0.083226
0.004231
0.071479
0.000000
0.000000
0.000000
0.000000
0.000000
0.000002
0.010194
0.215867
0.000000
0.000000
0.000000
0.000000
0.000000
0.000000
0.000000
0.012297
0.003438
0.000000
0.000014
0.000000
0.004549
0.206887
0.000000
0.058744
0.002742
0.000000
0.000000
0.000000
0.000000
0.000000
0.000000
0.000000
0.000000
0.023272
0.000000
0.082490
0.814861
0.000000
0.000000
0.000000
0.000000
0.019087
0.000000
0.000000
0.000000
0.000000
0.000000
0.000000
0.000000
0.001665
0.000000
0.000000
0.000000
0.261981
0.000000
0.000000
0.000003
0.000001
0.001034
0.006055
0.012581
0.000000
0.000000
0.074132
0.000000
0.000000
0.000000
0.000000
0.000000
0.000000
0.000000
0.001659
0.000000
0.000000
0.000000
0.000000
0.473630
0.000000
0.000000
0.000000
0.000000
0.000000
0.000000
0.000000
0.000000
0.000000
0.000000
0.005202
0.000000
0.000000
0.178248
0.000000
0.000000
0.000000
0.000000
0.000000
0.000000
0.000000
0.000000
0.004450
0.000000
0.000118
0.000000
0.005919
0.000000
0.002227
0.000000
0.000000
0.000000
0.000000
0.214431
0.001256
0.000000
0.000000
0.001040
0.007152
0.000000
0.000000
0.228746
0.000000
0.000000
0.043497
0.000000
0.030119
0.000000
0.000000
0.000000
0.000000
0.000000
0.038219
0.014995
0.000337
0.000000
0.000000
0.001754
0.000000
0.000000
0.000000
0.000000
0.000000
0.000000
0.000000
0.000000
0.000000
0.000000
0.006757
0.000000
0.000000
0.001797
0.000000
0.000000
0.000000
0.000000
0.000000
0.000000
0.000000
0.000000
0.000016
0.010127
0.000000
0.052215
0.000000
0.017213
0.000000
0.000000
0.179841
0.001183
0.015812
0.000000
0.000000
0.000000
0.004052
0.000000
0.010274
0.000000
0.000000
0.000000
0.008050
0.000000
0.000000
0.000000
0.000000
0.000000
0.000000
0.000000
0.000000
0.000000
0.007605
0.000000
0.000000
0.000000
0.000759
0.135664
0.000000
0.000000
0.000000
0.070068
0.000000
0.021783
0.000000
0.000000
0.108054
0.016180
0.000000
0.000000
0.000000
0.000000
0.000000
0.000000
0.001060
0.067760
0.000000
0.000000
0.000000
0.000209
0.000000
0.013047
0.000369
0.000036
0.110447
0.000000
0.000000
0.000000
0.005863
0.000000
0.000121
0.000000
0.013232
0.000000
0.061263
0.000000
0.000000
0.000033
0.000000
0.001082
0.000000
0.000000
0.000000
0.000206
0.000000
0.000000
0.000000
0.000761
0.002470
0.082925
0.000000
0.000000
0.000000
0.000000
0.000000
0.000000
0.021920
0.000000
0.020909
0.000000
0.000000
0.005671
0.000000
0.000000
0.000000
0.148864
0.000000
0.000000
0.000000
0.124981
0.000000
0.000000
0.014533
0.000000
0.000000
0.000000
0.000000
0.000000
0.000000
0.000000
0.000000
0.000000
0.000000
0.001288
0.000000
0.004013
0.000000
0.000000
0.000000
0.000000
0.315515
0.000000
0.000000
0.000000
0.000000
0.432012
0.000000
0.000000
0.000000
0.000000
0.117087
0.003135
0.207804
0.000000
0.000000
0.000000
0.000127
0.000000
0.000000
0.000000
0.000000
0.000000
0.000000
0.210926
0.080842
0.000000
0.000000
0.000000
0.004095
0.000000
0.020599
0.000000
0.000777
0.000000
0.002057
0.017392
0.000000
0.000000
0.000000
0.001168
0.000000
0.044796
0.190786
0.000000
0.000000
0.000000
0.000000
0.000667
0.000000
0.000000
0.000000
0.000000
0.000000
0.008993
0.000000
0.000000
0.000000
0.000000
0.000000
0.000000
0.104599
0.005482
0.000000
0.005244
0.000000
0.077340
0.000416
0.084955
0.000000
0.000000
0.000000
0.000000
0.000000
0.000000
0.000000
0.000000
0.014355
0.000000
0.000000
0.000000
0.000000
0.000000
0.000000
0.333994
0.000000
0.009549
0.000000
0.004789
0.007156
0.000000
0.005162
0.000000
0.000000
0.000366
0.000009
0.001205
0.000000
0.000000
0.000000
0.000502
0.000000
0.000000
0.000000
0.057785
0.000000
0.000000
0.000000
0.000000
0.006379
0.000000
0.005114
0.000000
0.000000
0.000000
0.000000
0.003720
0.000000
0.000000
0.000022
0.000000
0.000000
0.000107
0.066269
0.000000
0.000000
0.000000
0.000000
0.092937
0.000000
0.000000
0.000000
0.000000
0.000000
0.000000
0.040031
0.000336
0.000000
0.007999
0.000000
0.000778
0.000000
0.000000
0.000000
0.000115
0.017859
0.000000
0.004369
0.000468
0.000000
0.000000
0.017497
0.000000
0.038715
0.001325
0.009971
0.007560
0.000000
0.000054
0.000000
0.000000
0.000000
0.014324
0.000000
0.055187
0.000000
0.000613
0.000000
0.000000
0.000000
0.022200
0.000000
0.000000
0.008872
0.000000
0.000000
0.001255
0.000000
0.000019
0.000000
0.000000
0.000000
0.000000
0.021209
0.043206
0.036367
0.002814
0.000000
0.000000
0.000000
0.000000
0.000000
0.000000
0.005437
0.000000
0.000000
0.028638
0.011530
0.000000
0.000000
0.000000
0.757699
0.021925
0.000000
0.006003
0.000000
0.000269
0.000000
0.000000
0.000000
0.000000
0.010381
0.000000
0.000000
0.000000
0.007287
0.000000
0.032816
0.063184
0.000000
0.000000
0.835090
0.000000
0.000000
0.000000
0.007611
0.000000
0.000000
0.000000
0.000000
0.006378
0.000000
0.000000
0.009437
0.180450
0.043275
0.092551
0.000000
0.000000
0.039765
0.003609
0.000000
0.000000
0.016940
0.000000
0.000000
0.000000
0.000000
0.000000
0.000000
0.000000
0.000000
0.000000
0.001731
0.000000
0.027189
0.000000
0.001216
0.000000
0.000000
0.004732
0.000000
0.000000
0.000000
0.030450
0.000000
0.000000
0.000000
0.000000
0.000000
0.032680
0.000000
0.000000
0.000000
0.000658
0.021593
0.005294
0.009788
0.000000
0.000043
0.000077
0.000000
0.000000
0.000000
0.000000
0.000000
0.000000
0.000000
0.000000
0.000000
0.000000
0.000000
0.000000
0.000000
0.000000
0.001622
0.000000
0.016421
0.000000
0.001832
0.000000
0.000000
0.000000
0.000000
0.000000
0.000000
0.045888
0.000000
0.013418
0.012818
0.000000
0.000000
0.000000
0.000000
0.347905
0.088271
0.000000
0.000000
0.000000
0.000000
0.000000
0.000000
0.000000
0.000000
0.000000
0.000000
0.000000
0.000000
0.005266
0.000000
0.049497
0.037927
0.000000
0.000000
0.006199
0.000000
0.230750
0.000000
0.000000
0.000000
0.000017
0.000000
0.000000
0.000000
0.017814
0.001835
0.000000
0.027162
0.000756
0.000000
0.000000
0.002345
0.000000
0.000000
0.112192
0.000000
0.000000
0.000000
0.000000
0.000000
0.005036
0.000000
0.222031
0.000000
0.328497
0.000000
0.000000
0.001189
0.000000
0.329075
0.000000
0.000000
0.000128
0.000000
0.000000
0.009294
0.000457
0.000000
0.087057
0.000000
0.000000
0.000000
0.000000
0.000000
0.000000
0.000000
0.009138
0.000000
0.000000
0.000000
0.000000
0.000000
0.000000
0.000000
0.000000
0.000000
0.000000
0.000026
0.003251
0.006006
0.000000
0.000000
0.000000
0.000000
0.000000
0.000000
0.000000
0.000000
0.002782
0.000000
0.000000
0.000000
0.001916
0.000000
0.000000
0.000000
0.000000
0.000000
0.023384
0.000000
0.000000
0.000000
0.003232
0.291052
0.000000
0.000000
0.000000
0.000000
0.000000
0.189594
0.000000
0.000000
0.000000
0.000000
0.000000
0.005306
0.000000
0.000000
0.003798
0.071970
0.000000
0.000000
0.017881
0.000000
0.057953
0.001155
0.000000
0.038815
0.000000
0.450419
0.000073
0.000000
0.000000
0.001549
0.000000
0.000000
0.000000
0.000000
0.000000
0.000000
0.000000
0.000000
0.000000
0.000000
0.000000
0.000000
0.000000
0.000000
0.000000
0.000000
0.000000
0.000000
0.544573
0.000000
0.000000
0.219049
0.079501
0.406644
0.000000
0.000000
0.000000
0.000000
0.000000
0.000000
0.000000
0.000000
0.000000
0.863947
0.000000
0.000000
0.000000
0.000686
0.000000
0.000372
0.000000
0.065023
0.013152
0.000000
0.000000
0.000000
0.000000
0.003886
0.000000
0.000000
0.464897
0.000000
0.058604
0.000000
0.000000
0.000000
0.049723
0.000026
0.015389
0.000000
0.027439
0.000000
0.212680
0.000000
0.000000
0.000000
0.002493
0.000000
0.000000
0.000000
0.000000
0.000000
0.000242
0.004575
0.000000
0.000000
0.000000
0.000000
0.000000
0.000000
0.000000
0.000000
0.000000
0.000000
0.000000
0.000000
0.000000
0.000741
0.000000
0.000000
0.000000
0.000000
0.000000
0.000000
0.006363
0.226220
0.000000
0.004797
0.000193
0.000000
0.000000
0.000000
0.003839
0.107563
0.032635
0.022597
0.000000
0.000000
0.000000
0.000076
0.000000
0.044769
0.167243
0.006609
0.000000
0.020944
0.000000
0.085297
0.012258
0.000000
0.000000
0.000000
0.003968
0.000000
0.000000
0.008977
0.000000
0.000000
0.000000
0.004249
0.000000
0.000000
0.001960
0.000000
0.000000
0.000000
0.000000
0.041005
0.000345
0.000000
0.000000
0.000000
0.000192
0.000000
0.028982
0.000000
0.017098
0.000000
0.000060
0.000000
0.000696
0.000000
0.000000
0.006520
0.000000
0.000000
0.000000
0.000000
0.000000
0.000000
0.004346
0.000000
0.000000
0.809134
0.000000
0.000000
0.232982
0.000000
0.000000
0.000000
0.000000
0.038216
0.000000
0.000000
0.000000
0.000000
0.000000
0.000371
0.005266
0.000000
0.000000
0.000000
0.000953
0.000000
0.000000
0.000000
0.000039
0.001652
0.000000
0.000000
0.000000
0.000000
0.000000
0.000000
0.000000
0.000000
0.000619
0.000000
0.000000
0.000000
0.000000
0.003946
0.000000
0.000000
0.000000
0.000000
0.000000
0.000000
0.013760
0.000000
0.000000
0.000000
0.000000
0.000000
0.000000
0.000000
0.000000
0.027943
0.000052
0.000000
0.000000
0.000000
0.000000
0.011936
0.003078
0.040868
0.051045
0.000000
0.003997
0.000000
0.002125
0.001296
0.000000
0.000000
0.000000
0.095918
0.054760
0.000000
0.000000
0.000550
0.000029
0.000000
0.000000
0.000000
0.635678
0.000000
0.000000
0.016671
0.000000
0.000000
0.000000
0.000000
0.000000
0.000000
0.000000
0.000000
0.000000
0.000000
0.000000
0.014089
0.000000
0.000382
0.000000
0.000000
0.000294
0.000000
0.205546
0.000000
0.000000
0.016321
0.000000
0.000000
0.000005
0.000000
0.000000
0.000000
0.000000
0.000000
0.204975
0.000000
0.000000
0.000000
0.000000
0.000000
0.000000
0.000000
0.000000
0.000000
0.000000
0.000000
0.000000
0.000863
0.001686
0.003836
0.000000
0.000000
0.055227
0.000000
0.603215
0.000000
0.000000
0.000000
0.004360
0.000000
0.000000
0.001343
0.015783
0.000000
0.000000
0.000000
0.000000
0.000000
0.000000
0.002374
0.000000
0.000000
0.000086
0.000000
0.000000
0.000000
0.005999
0.000000
0.000000
0.492830
0.000000
0.000047
0.000000
0.000000
0.000000
0.000000
0.000000
0.000000
0.000000
0.000000
0.000000
0.000000
0.000000
0.000000
0.000000
0.000000
0.000000
0.000000
0.003054
0.000000
0.000000
0.000000
0.000000
0.000000
0.003920
0.000000
0.014319
0.000046
0.000514
0.000000
0.000000
0.000000
0.000000
0.000000
0.000000
0.000000
0.000000
0.000049
0.000000
0.122467
0.000000
0.000000
0.023579
0.000000
0.000000
0.000000
0.000000
0.000063
0.001776
0.000000
0.004953
0.000000
0.000090
0.000000
0.000000
0.003457
0.024051
0.000000
0.000000
0.000000
0.000000
0.000000
0.000000
0.002622
0.000000
0.000000
0.000000
0.000000
0.000000
0.000000
0.000000
0.132454
0.000000
0.000000
0.000000
0.010618
0.000000
0.000000
0.033389
0.000000
0.000000
0.005325
0.000000
0.023426
0.000000
0.000000
0.000510
0.142626
0.000000
0.000000
0.000000
0.000000
0.000000
0.000000
0.000000
0.000000
0.000000
0.009671
0.000000
0.013124
0.000000
0.000000
0.000000
0.000000
0.000000
0.000000
0.000000
0.000000
0.000000
0.000000
0.000000
0.000000
0.067555
0.000000
0.000000
0.000000
0.009785
0.000000
0.000000
0.000000
0.000000
0.045063
0.000000
0.000756
0.000000
0.000671
0.115970
0.000000
0.000247
0.003277
0.685577
0.000000
0.000000
0.000000
0.000000
0.000000
0.000000
0.000000
0.011523
0.037330
0.000000
0.000000
0.000000
0.000000
0.000000
0.000756
0.000000
0.000000
0.065078
0.000000
0.000021
0.030104
0.000000
0.000000
0.000000
0.000000
0.000000
0.000000
0.000885
0.855930
0.000000
0.000000
0.002899
0.000000
0.000000
0.047251
0.000000
0.000000
0.000000
0.015918
0.000000
0.077275
0.000000
0.000000
0.000000
0.000000
0.182869
0.000000
0.000000
0.000000
0.727902
0.000000
0.000000
0.024984
0.000000
0.000302
0.107527
0.000000
0.034252
0.000000
0.000000
0.000000
0.000000
0.002518
0.000000
0.000000
0.000000
0.000000
0.070317
0.000000
0.000000
0.000623
0.000000
0.004557
0.015882
0.000000
0.000000
0.001864
0.000000
0.000000
0.000000
0.003609
0.000000
0.000427
0.025597
0.020107
0.392363
0.008841
0.000000
0.000000
0.000000
0.000000
0.000000
0.000000
0.000000
0.000000
0.000000
0.079469
0.064259
0.001545
0.000000
0.047149
0.000000
0.000000
0.000000
0.006819
0.000000
0.000000
0.004328
0.000000
0.000000
0.000002
0.000000
0.000000
0.000000
0.000000
0.000000
0.000000
0.000000
0.000229
0.000000
0.000000
0.034337
0.000000
0.006160
0.011961
0.005311
0.007975
0.000000
0.000000
0.000000
0.000000
0.000000
0.335832
0.000000
0.000000
0.000000
0.000000
0.000000
0.000000
0.012032
0.288884
0.000000
0.000000
0.380729
0.036527
0.000000
0.000000
0.000000
0.000000
0.000000
0.000441
0.000000
0.000000
0.000000
0.000000
0.024176
0.162513
0.007747
0.006290
0.000000
0.525609
0.002086
0.000000
0.000000
0.000000
0.000000
0.031574
0.016316
0.000000
0.000000
0.000000
0.000000
0.024534
0.012757
0.030088
0.000000
0.000000
0.000000
0.036803
0.070042
0.000000
0.000000
0.000000
0.000000
0.004341
0.000000
0.000000
0.000000
0.000000
0.003200
0.000000
0.000000
0.000000
0.007827
0.028500
0.000000
0.080445
0.023541
0.000000
0.000000
0.000000
0.000000
0.110632
0.000000
0.133818
0.000458
0.000000
0.000000
0.000000
0.195682
0.000000
0.000000
0.000000
0.000000
0.000000
0.099230
0.000000
0.000000
0.000000
0.000000
0.000000
0.000000
0.000000
0.008725
0.000000
0.000255
0.000000
0.000462
0.000000
0.000000
0.000000
0.000000
0.000000
0.001328
0.024557
0.000000
0.018124
0.000000
0.000000
0.000025
0.000000
0.000000
0.000000
0.000920
0.000000
0.000019
0.000000
0.000000
0.000000
0.000000
0.000000
0.000000
0.000000
0.000000
0.000000
0.000000
0.013545
0.000000
0.000000
0.000000
0.000000
0.015997
0.012274
0.052357
0.000000
0.001435
0.000000
0.043719
0.000000
0.000000
0.000000
0.000000
0.000000
0.022288
0.000000
0.000000
0.027246
0.000000
0.000000
0.000000
0.000000
0.000000
0.000000
0.000000
0.000000
0.265964
0.000000
0.000000
0.006406
0.000000
0.000000
0.003231
0.000000
0.000000
0.055868
0.000000
0.000000
0.001449
0.000000
0.000108
0.000024
0.002472
0.000000
0.000000
0.000000
0.000000
0.000000
0.000000
0.000000
0.030559
0.000000
0.000039
0.000000
0.070881
0.000000
0.000046
0.016684
0.000000
0.000000
0.000000
0.000000
0.024419
0.000000
0.009348
0.036543
0.000000
0.000000
0.000000
0.000000
0.011652
0.000000
0.000044
0.000000
0.084230
0.000000
0.000000
0.054255
0.000000
0.000000
0.000000
0.000000
0.001333
0.064358
0.000000
0.000000
0.000000
0.003195
0.093892
0.000000
0.000000
0.000000
0.051862
0.005798
0.000000
0.000000
0.000000
0.000000
0.000000
0.000000
0.000000
0.000000
0.000000
0.000000
0.000000
0.000000
0.000000
0.000000
0.000000
0.005095
0.000000
0.000000
0.000000
0.451162
0.082900
0.097534
0.043882
0.000000
0.000000
0.000000
0.000000
0.654681
0.000000
0.000000
0.197417
0.000871
0.000000
0.000000
0.000000
0.000000
0.000000
0.000000
0.000000
0.000000
0.000000
0.003171
0.000305
0.008506
0.000000
0.000000
0.000000
0.000000
0.000000
0.004668
0.000000
0.000000
0.000000
0.000000
0.000000
0.000000
0.000000
0.000000
0.000000
0.421337
0.000000
0.000000
0.000000
0.000000
0.000000
0.000000
0.000000
0.000000
0.000000
0.000000
0.000000
0.000000
0.000000
0.016600
0.000000
0.000000
0.009770
0.000000
0.000000
0.005675
0.000000
0.000000
0.000300
0.000000
0.061658
0.000000
0.000056
0.033204
0.011247
0.000000
0.000000
0.001455
0.001676
0.000000
0.000000
0.000000
0.003940
0.000261
0.000000
0.000000
0.000000
0.049673
0.000000
0.000000
0.197909
0.000000
0.000000
0.000000
0.042277
0.000187
0.064363
0.000000
0.035005
0.000000
0.033105
0.000028
0.000000
0.000194
0.000000
0.003080
0.001563
0.000000
0.000000
0.000000
0.000000
0.000000
0.000000
0.000000
0.000000
0.000000
0.000000
0.001264
0.000000
0.000000
0.000000
0.002873
0.000000
0.016284
0.000000
0.000000
0.000000
0.000000
0.006970
0.001723
0.000000
0.001782
0.000000
0.000000
0.009671
0.000000
0.000000
0.000000
0.162850
0.005506
0.001158
0.524867
0.000000
0.000000
0.000004
0.001274
0.051814
0.000000
0.000000
0.000000
0.000000
0.000000
0.003930
0.000000
0.000000
0.000000
0.081712
0.012277
0.000000
0.027320
0.000000
0.028157
0.001751
0.000000
0.106175
0.000000
0.008065
0.006709
0.000350
0.000000
0.000000
0.011704
0.000000
0.000000
0.000000
0.000000
0.000000
0.000000
0.020809
0.000000
0.000000
0.000000
0.000000
0.000000
0.000000
0.000000
0.001334
0.000000
0.000118
0.000000
0.000000
0.000000
0.000000
0.000000
0.000000
0.000000
0.000000
0.000000
0.000211
0.000000
0.002620
0.138401
0.000000
0.000000
0.159274
0.000639
0.000000
0.000000
0.000000
0.103435
0.000000
0.000000
0.056314
0.000000
0.000000
0.000000
0.001803
0.003631
0.000000
0.000000
0.000000
0.000000
0.091567
0.000000
0.000000
0.000000
0.000000
0.003672
0.000000
0.000000
0.000000
0.263605
0.000000
0.009250
0.049905
0.002717
0.000000
0.000337
0.000000
0.024339
0.000000
0.621682
0.000000
0.008327
0.000000
0.000000
0.000000
0.000000
0.000000
0.000000
0.000000
0.045811
0.001536
0.000000
0.004155
0.000000
0.000000
0.000000
0.000477
0.000000
0.000000
0.000000
0.000000
0.224904
0.005731
0.000000
0.000000
0.131925
0.000000
0.000000
0.000000
0.000000
0.029382
0.000000
0.000000
0.000000
0.337912
0.000000
0.000000
0.000000
0.074415
0.000000
0.000000
0.000000
0.000000
0.000000
0.000000
0.007421
0.000000
0.012720
0.000000
0.011501
0.021249
0.000000
0.012633
0.000000
0.000000
0.000000
0.001456
0.000000
0.000000
0.018538
0.000000
0.000000
0.000000
0.000000
0.000157
0.000000
0.000000
0.000000
0.000000
0.000000
0.000000
0.006542
0.020950
0.053089
0.000000
0.000000
0.004945
0.000000
0.000000
0.000000
0.000000
0.000000
0.000000
0.000000
0.005095
0.000000
0.000000
0.000000
0.000000
0.000000
0.000000
0.000000
0.000000
0.000000
0.000550
0.005562
0.000000
0.001540
0.001879
0.000000
0.010373
0.002739
0.000000
0.058590
0.000000
0.000000
0.000000
0.000000
0.000000
0.000000
0.065757
0.006020
0.000907
0.000000
0.000000
0.047353
0.000000
0.000000
0.000000
0.000000
0.867352
0.012977
0.000000
0.000000
0.000352
0.000000
0.000000
0.000000
0.079773
0.000000
0.000000
0.000000
0.000000
0.000000
0.000000
0.000114
0.000000
0.000000
0.000000
0.000000
0.000000
0.000000
0.000000
0.000000
0.000000
0.000298
0.000000
0.008563
0.000000
0.000000
0.000000
0.000000
0.021644
0.000000
0.005248
0.000000
0.262084
0.000000
0.000000
0.000000
0.000000
0.011067
0.000000
0.000000
0.000000
0.000000
0.100679
0.000000
0.000000
0.000000
0.000000
0.006246
0.012050
0.000000
0.000000
0.000000
0.000000
0.007158
0.000000
0.000000
0.000166
0.000000
0.187674
0.000000
0.004831
0.001467
0.000000
0.000000
0.000000
0.005812
0.000000
0.000000
0.000000
0.003677
0.001966
0.000000
0.000143
0.000000
0.000000
0.000000
0.000000
0.000000
0.138860
0.000000
0.000000
0.000000
0.009859
0.000000
0.045055
0.000000
0.000000
0.000000
0.000000
0.000000
0.000000
0.000000
0.000000
0.008387
0.000000
0.000000
0.002038
0.000000
0.000000
0.220921
0.021508
0.000000
0.000000
0.000000
0.000000
0.000007
0.000000
0.000000
0.076491
0.002216
0.149524
0.000000
0.000000
0.000000
0.000000
0.000000
0.000000
0.000000
0.000000
0.000000
0.173701
0.000000
0.001592
0.000000
0.000000
0.000244
0.000000
0.000000
0.077745
0.000000
0.000577
0.002247
0.000000
0.000000
0.000000
0.000000
0.000000
0.000000
0.000669
0.000000
0.000000
0.000000
0.000000
0.000000
0.000000
0.000527
0.000000
0.000000
0.000000
0.107484
0.002403
0.000000
0.000000
0.000000
0.000000
0.000000
0.000226
0.000000
0.000000
0.021114
0.011614
0.000000
0.000142
0.018761
0.000000
0.000000
0.000000
0.033785
0.000000
0.000000
0.000205
0.000000
0.000000
0.024585
0.000000
0.000000
0.000000
0.022885
0.000000
0.000000
0.092652
0.000000
0.000109
0.009348
0.000000
0.004003
0.000000
0.003053
0.000000
0.000000
0.126011
0.004283
0.000000
0.000000
0.000000
0.000000
0.002466
0.000000
0.000000
0.010403
0.000000
0.000000
0.000000
0.000000
0.000000
0.000000
0.020394
0.005719
0.000000
0.037381
0.004668
0.000000
0.001649
0.000000
0.000000
0.000000
0.000000
0.019255
0.000000
0.011250
0.000000
0.000000
0.004288
0.000000
0.000527
0.000000
0.000000
0.002781
0.000000
0.000000
0.000000
0.000000
0.000000
0.052138
0.000000
0.000000
0.000000
0.000000
0.152605
0.001865
0.000000
0.005992
0.000018
0.000000
0.000000
0.000000
0.000000
0.000244
0.019160
0.000000
0.143528
0.017601
0.010185
0.013443
0.214291
0.000000
0.006923
0.000741
0.003565
0.073097
0.000000
0.127763
0.000000
0.000000
0.000000
0.019770
0.010433
0.000000
0.000000
0.000000
0.000000
0.000000
0.000000
0.000000
0.000000
0.002046
0.019572
0.000000
0.000000
0.000000
0.000000
0.005773
0.000000
0.108426
0.000000
0.000000
0.000000
0.000000
0.108682
0.013926
0.000000
0.094157
0.002686
0.038759
0.005212
0.000000
0.000000
0.000000
0.003735
0.004413
0.000000
0.000000
0.000000
0.000000
0.001264
0.000000
0.024751
0.000000
0.000000
0.000000
0.001798
0.000000
0.000000
0.000000
0.000000
0.001739
0.494414
0.000000
0.000000
0.000000
0.000000
0.000000
0.001112
0.023287
0.000000
0.040144
0.000000
0.000000
0.000000
0.004275
0.007393
0.169813
0.000000
0.000000
0.000000
0.000000
0.000000
0.000000
0.003045
0.000000
0.000000
0.071917
0.000000
0.000000
0.000000
0.000000
0.000000
0.001203
0.000000
0.000000
0.047185
0.102256
0.013301
0.000000
0.000000
0.000000
0.000000
0.000000
0.027400
0.000000
0.000000
0.027191
0.000000
0.000000
0.000000
0.000000
0.004894
0.000000
0.000000
0.000000
0.001594
0.000000
0.000000
0.000000
0.000000
0.000000
0.013819
0.000002
0.000000
0.000000
0.000000
0.000000
0.000000
0.000000
0.000000
0.084179
0.023777
0.010465
0.000000
0.000176
0.000861
0.897230
0.527307
0.000000
0.000000
0.000000
0.000000
0.000000
0.022319
0.000000
0.001611
0.000000
0.000000
0.000000
0.000000
0.018542
0.000000
0.045557
0.010873
0.000000
0.000000
0.000000
0.000000
0.000000
0.000000
0.000000
0.000000
0.000000
0.000000
0.000000
0.000000
0.094130
0.000000
0.008837
0.008850
0.000000
0.000000
0.000000
0.000000
0.000896
0.000000
0.027708
0.000091
0.000000
0.003978
0.011218
0.000000
0.000084
0.000000
0.000000
0.000000
0.015158
0.000000
0.000000
0.067896
0.000000
0.000000
0.000000
0.001588
0.032170
0.000000
0.000000
0.000000
0.081708
0.000000
0.000000
0.000000
0.001120
0.000000
0.000000
0.000000
0.000000
0.020527
0.000000
0.000000
0.000000
0.000000
0.027845
0.000000
0.003155
0.000000
0.000000
0.000000
0.000000
0.004777
0.019492
0.000000
0.004523
0.000000
0.148935
0.000000
0.000000
0.000000
0.000000
0.000000
0.000000
0.024332
0.145789
0.000000
0.000000
0.000000
0.000000
0.000000
0.000000
0.209760
0.000000
0.001434
0.000000
0.000000
0.000000
0.000000
0.000000
0.000000
0.000000
0.031276
0.000000
0.000000
0.000000
0.000000
0.000000
0.000303
0.000000
0.000001
0.039295
0.000000
0.000000
0.000000
0.006687
0.000000
0.000000
0.000000
0.000000
0.057092
0.000000
0.000000
0.034091
0.000000
0.006894
0.000000
0.000000
0.000000
0.005270
0.001730
0.012504
0.451205
0.000000
0.000000
0.045905
0.000000
0.010363
0.019236
0.000478
0.000000
0.001931
0.000000
0.000000
0.028441
0.000000
0.000000
0.016187
0.000000
0.000000
0.000000
0.008636
0.000000
0.009563
0.000000
0.000000
0.000000
0.000000
0.000000
0.000000
0.000000
0.000000
0.072892
0.000000
0.324064
0.073827
0.000000
0.000000
0.006654
0.009805
0.000000
0.000000
0.000000
0.000000
0.000000
0.000000
0.000000
0.000000
0.000000
0.191358
0.000147
0.000000
0.000000
0.000000
0.000604
0.000000
0.020971
0.000000
0.011159
0.000000
0.000000
0.000000
0.000000
0.000000
0.045074
0.000000
0.000138
0.000000
0.000000
0.062014
0.000000
0.000000
0.178305
0.000000
0.012270
0.000000
0.000000
0.021337
0.000322
0.000000
0.000000
0.000000
0.000000
0.000000
0.000000
0.000000
0.000000
0.000000
0.000110
0.000000
0.007823
0.000000
0.060785
0.010593
0.000000
0.015757
0.000000
0.000000
0.001377
0.000000
0.000000
0.000000
0.006924
0.000000
0.000000
0.001396
0.000000
0.003557
0.000000
0.000000
0.175342
0.000000
0.055958
0.000000
0.000000
0.000000
0.000000
0.000000
0.000000
0.000000
0.116185
0.003832
0.000000
0.000000
0.000000
0.000000
0.000000
0.000000
0.000000
0.000000
0.000000
0.000000
0.000000
0.000000
0.000000
0.000000
0.000000
0.000063
0.499078
0.106655
0.000000
0.000000
0.000000
0.000000
0.000000
0.000000
0.000000
0.002741
0.000000
0.000000
0.000353
0.000000
0.000000
0.238652
0.000000
0.060904
0.000000
0.017990
0.000000
0.000000
0.000000
0.000000
0.000000
0.005375
0.045294
0.000000
0.000000
0.000000
0.000000
0.000000
0.006573
0.000000
0.000000
0.000000
0.003049
0.007844
0.000000
0.000000
0.000000
0.000000
0.000000
0.000000
0.001724
0.000000
0.011767
0.000000
0.000000
0.007180
0.000000
0.000000
0.000000
0.000000
0.000000
0.091728
0.143377
0.000000
0.003510
0.000000
0.000000
0.000000
0.000000
0.019177
0.000000
0.000000
0.000005
0.000000
0.077408
0.000000
0.000000
0.000000
0.000000
0.000000
0.035567
0.000000
0.000000
0.000034
0.014850
0.000000
0.024925
0.000000
0.000000
0.000000
0.009806
0.000000
0.000000
0.092173
0.000212
0.000000
0.000096
0.000000
0.000000
0.000000
0.213291
0.000000
0.000000
0.001314
0.000000
0.000000
0.000000
0.000000
0.002911
0.000000
0.000000
0.000000
0.000000
0.469593
0.000000
0.065725
0.000000
0.000000
0.000550
0.000000
0.000000
0.000000
0.000000
0.000394
0.000000
0.000000
0.000000
0.000000
0.000000
0.000000
0.000000
0.000000
0.002113
0.000000
0.000000
0.000000
0.007876
0.000000
0.000000
0.015951
0.000000
0.000000
0.017352
0.003005
0.000000
0.000000
0.000000
0.000000
0.000000
0.000000
0.000000
0.000704
0.023431
0.000000
0.029600
0.000253
0.000000
0.106225
0.007151
0.004529
0.000000
0.001249
0.052099
0.000040
0.000000
0.024201
0.000000
0.011044
0.000000
0.000000
0.000000
0.000000
0.060136
0.008975
0.000000
0.000000
0.000000
0.000000
0.000000
0.000000
0.000000
0.147394
0.000000
0.000000
0.015386
0.000000
0.000000
0.000000
0.004100
0.074406
0.000000
0.000000
0.000000
0.154826
0.000000
0.000000
0.036766
0.000000
0.000000
0.000000
0.000000
0.000000
0.000437
0.025777
0.000133
0.048274
0.000000
0.000000
0.048897
0.000000
0.001570
0.000000
0.000000
0.000000
0.000000
0.001966
0.000000
0.000000
0.000000
0.000000
0.003157
0.000000
0.008782
0.000000
0.008637
0.000000
0.000000
0.000000
0.009547
0.000000
0.000000
0.000000
0.000000
0.000000
0.000000
0.000000
0.008493
0.001127
0.058019
0.017461
0.000000
0.011327
0.000000
0.045692
0.000000
0.000000
0.000000
0.000000
0.013502
0.030979
0.002186
0.000000
0.000000
0.000000
0.026595
0.000000
0.019729
0.031818
0.000000
0.000000
0.722101
0.000000
0.000000
0.000000
0.000000
0.001303
0.000000
0.000000
0.000000
0.047172
0.000020
0.000000
0.000000
0.000000
0.000000
0.000000
0.000000
0.000000
0.001224
0.003513
0.069266
0.000000
0.000000
0.000000
0.088088
0.000000
0.000467
0.001333
0.019013
0.000000
0.001005
0.000000
0.006068
0.000000
0.000000
0.001747
0.000000
0.000000
0.000000
0.000000
0.000023
0.000000
0.000251
0.000000
0.004120
0.023691
0.000000
0.000000
0.000000
0.038549
0.000000
0.014580
0.001085
0.000232
0.000000
0.000000
0.000000
0.000000
0.000000
0.002712
0.000000
0.000000
0.000000
0.000637
0.011276
0.000000
0.000000
0.000000
0.000000
0.000000
0.000000
0.040187
0.000000
0.000000
0.000000
0.000000
0.000000
0.000000
0.002773
0.000000
0.000000
0.000000
0.000000
0.005183
0.000000
0.000000
0.036817
0.000000
0.000000
0.000714
0.000000
0.000000
0.139919
0.000000
0.000000
0.000000
0.004248
0.000000
0.000000
0.000520
0.000000
0.020671
0.000000
0.000000
0.000000
0.005508
0.000000
0.006552
0.006205
0.000000
0.000000
0.000000
0.000000
0.283089
0.000000
0.000000
0.000000
0.003365
0.000000
0.030993
0.000000
0.011507
0.000000
0.016437
0.000000
0.000000
0.001293
0.000000
0.000000
0.000000
0.036552
0.000587
0.000000
0.000000
0.000000
0.050261
0.013295
0.000000
0.000000
0.000000
0.000140
0.003456
0.000000
0.011984
0.285656
0.000000
0.000000
0.000000
0.004807
0.523407
0.000000
0.000000
0.000000
0.000000
0.002696
0.000113
0.000000
0.005953
0.022566
0.000000
0.000000
0.000000
0.000000
0.014746
0.000000
0.000000
0.024247
0.000000
0.160950
0.000000
0.000000
0.000000
0.004329
0.000707
0.030879
0.033945
0.002798
0.000000
0.000000
0.006954
0.025423
0.009565
0.000000
0.000000
0.000000
0.000000
0.000000
0.000245
0.000000
0.000000
0.000000
0.000000
0.000000
0.191879
0.000000
0.000000
0.000000
0.000000
0.004680
0.000000
0.164254
0.006185
0.004303
0.000000
0.000690
0.000000
0.000000
0.011292
0.000000
0.068244
0.000000
0.018666
0.000000
0.000000
0.000000
0.000000
0.000000
0.000000
0.005511
0.000000
0.397812
0.000000
0.000000
0.000000
0.000000
0.000000
0.000000
0.000000
0.000000
0.000000
0.000000
0.000000
0.000000
0.000000
0.000000
0.000000
0.085809
0.000000
0.000000
0.000000
0.007129
0.000000
0.000000
0.000000
0.000000
0.000000
0.001044
0.000000
0.000000
0.000000
0.000000
0.000000
0.001356
0.106388
0.000000
0.000270
0.000000
0.000000
0.000000
0.000070
0.000000
0.000000
0.000000
0.000000
0.000275
0.000000
0.000000
0.000000
0.000000
0.017177
0.029334
0.021730
0.000000
0.000000
0.000000
0.024376
0.000000
0.000000
0.000000
0.002561
0.038635
0.000539
0.000025
0.000000
0.000000
0.000000
0.000180
0.000000
0.000000
0.000000
0.000000
0.000000
0.000000
0.000011
0.000000
0.000000
0.000000
0.000000
0.000000
0.000000
0.123884
0.000299
0.000000
0.205906
0.016140
0.000000
0.000000
0.034123
0.000000
0.006543
0.000000
0.000000
0.000000
0.493720
0.000000
0.323536
0.000000
0.000000
0.000000
0.000000
0.000000
0.000000
0.000000
0.000000
0.000000
0.000000
0.000000
0.000023
0.031797
0.000000
0.004642
0.000000
0.000000
0.021929
0.000000
0.012710
0.000000
0.092019
0.000000
0.000000
0.000000
0.000000
0.039739
0.004108
0.013552
0.006502
0.000212
0.006092
0.000000
0.000000
0.033478
0.000000
0.009393
0.000000
0.000000
0.000000
0.000000
0.000000
0.003510
0.049371
0.000008
0.000000
0.000000
0.020998
0.001863
0.000000
0.000000
0.000000
0.000056
0.011523
0.009131
0.025530
0.000000
0.000087
0.000000
0.000000
0.000332
0.443477
0.000000
0.010654
0.008930
0.000000
0.000000
0.000000
0.000000
0.000000
0.000000
0.005099
0.024894
0.000000
0.000000
0.000000
0.000000
0.000000
0.000000
0.000000
0.000000
0.000000
0.000000
0.000000
0.000000
0.000639
0.000000
0.000000
0.000946
0.000000
0.056890
0.000000
0.009250
0.000000
0.000000
0.000000
0.004701
0.000000
0.000000
0.000000
0.000000
0.000000
0.000000
0.000000
0.000000
0.000141
0.000000
0.000000
0.000000
0.000000
0.013270
0.000000
0.000371
0.000000
0.000000
0.000000
0.002499
0.028546
0.000000
0.000000
0.000000
0.007332
0.000000
0.000399
0.061300
0.000000
0.000000
0.000000
0.032495
0.000000
0.000000
0.069768
0.000000
0.000733
0.000000
0.000000
0.000000
0.531025
0.000000
0.000000
0.000000
0.004368
0.000000
0.000000
0.000000
0.015861
0.000000
0.000000
0.000000
0.000000
0.000000
0.000000
0.000000
0.015984
0.000000
0.000028
0.000000
0.000000
0.004368
0.000000
0.000000
0.000000
0.000000
0.005374
0.008235
0.000000
0.000000
0.000000
0.000000
0.000582
0.000000
0.000000
0.000000
0.000000
0.000000
0.000000
0.000000
0.000000
0.306655
0.000000
0.000000
0.228053
0.000000
0.000000
0.000000
0.000000
0.191114
0.226582
0.004032
0.000000
0.000000
0.001183
0.000000
0.001461
0.000000
0.000000
0.000000
0.000000
0.000000
0.000224
0.000000
0.000000
0.000000
0.015374
0.013850
0.000000
0.000000
0.003817
0.000000
0.000711
0.000000
0.000000
0.000000
0.000000
0.102488
0.000000
0.000000
0.000000
0.012185
0.000000
0.000000
0.000000
0.000000
0.000000
0.000000
0.000000
0.000000
0.000000
0.000000
0.000000
0.000000
0.000000
0.004803
0.006891
0.021667
0.000000
0.004179
0.000000
0.007548
0.000000
0.280697
0.000000
0.000000
0.000000
0.000000
0.000000
0.108002
0.000000
0.000000
0.000000
0.000000
0.106622
0.000000
0.000000
0.000061
0.000022
0.000000
0.000040
0.000000
0.016786
0.000000
0.000000
0.000000
0.000000
0.001035
0.088852
0.000000
0.000000
0.000000
0.000000
0.000000
0.000000
0.000000
0.010670
0.000000
0.000000
0.000000
0.000000
0.014599
0.000000
0.002978
0.000000
0.000000
0.000000
0.000000
0.006242
0.997515
0.000000
0.083118
0.010175
0.001037
0.000000
0.000000
0.056695
0.000000
0.000000
0.000000
0.002652
0.000000
0.000000
0.000000
0.025129
0.103335
0.000000
0.006862
0.000148
0.000000
0.000000
0.000396
0.000000
0.000000
0.000000
0.000000
0.000000
0.036864
0.616935
0.006622
0.077995
0.004959
0.001638
0.000000
0.000000
0.000000
0.136979
0.000000
0.000000
0.000000
0.000000
0.408482
0.048680
0.000000
0.000000
0.000000
0.008143
0.000000
0.000000
0.000000
0.322276
0.185940
0.000000
0.002162
0.000000
0.000000
0.000000
0.000000
0.000000
0.000000
0.785582
0.000000
0.000000
0.009052
0.000000
0.000093
0.000000
0.000000
0.000000
0.000000
0.000000
0.105587
0.000000
0.000000
0.000000
0.001910
0.000833
0.000036
0.000000
0.000000
0.000000
0.000000
0.000000
0.000000
0.000000
0.031239
0.000000
0.000000
0.002372
0.000000
0.000058
0.009406
0.000033
0.000000
0.000000
0.000000
0.000000
0.000000
0.000000
0.074442
0.000000
0.070308
0.000000
0.000000
0.000000
0.000000
0.006094
0.000000
0.000000
0.000000
0.000000
0.000000
0.000000
0.000000
0.012722
0.000000
0.000000
0.019512
0.016142
0.000000
0.000000
0.000000
0.000000
0.000000
0.011566
0.000000
0.000000
0.000000
0.000000
0.000000
0.000000
0.000000
0.000598
0.004366
0.000000
0.000000
0.000000
0.000000
0.000000
0.000000
0.031074
0.010515
0.000000
0.000000
0.000000
0.000528
0.000000
0.000000
0.000000
0.000000
0.000000
0.000000
0.004550
0.000000
0.000000
0.001423
0.000000
0.000000
0.000000
0.000000
0.000000
0.013858
0.004588
0.000000
0.000000
0.000000
0.000000
0.000110
0.000000
0.001059
0.000000
0.000000
0.000000
0.030686
0.000000
0.000000
0.037036
0.000000
0.000000
0.000000
0.000000
0.012008
0.000000
0.000000
0.000000
0.000000
0.020522
0.000007
0.190523
0.000000
0.000000
0.000000
0.000063
0.000000
0.024390
0.000000
0.000000
0.000000
0.000382
0.000000
0.000000
0.026814
0.000000
0.000000
0.181518
0.000000
0.000000
0.000000
0.000000
0.000000
0.000000
0.001123
0.090110
0.000000
0.000000
0.003769
0.000000
0.000000
0.000000
0.000000
0.000000
0.000000
0.000000
0.000000
0.004572
0.000000
0.000000
0.021080
0.000000
0.000000
0.003628
0.000000
0.000000
0.000000
0.000000
0.000000
0.100344
0.056321
0.011451
0.000091
0.000060
0.000000
0.000000
0.021911
0.002027
0.000000
0.003064
0.000000
0.210046
0.000000
0.000000
0.000000
0.007715
0.000000
0.000000
0.000000
0.020690
0.000000
0.000000
0.000000
0.046641
0.000000
0.000720
0.000000
0.000000
0.010283
0.000000
0.000000
0.000000
0.014149
0.000000
0.006480
0.013593
0.000000
0.000000
0.000000
0.000000
0.000000
0.000000
0.000000
0.005852
0.000000
0.000000
0.000000
0.000000
0.000000
0.035492
0.000000
0.000000
0.000000
0.008430
0.000000
0.000000
0.000000
0.000000
0.000000
0.113383
0.000000
0.000000
0.000000
0.000000
0.000000
0.000000
0.000000
0.131867
0.000000
0.004365
0.000000
0.000712
0.000000
0.004854
0.000000
0.000000
0.017838
0.000000
0.000000
0.000000
0.000000
0.001549
0.000000
0.000501
0.000000
0.000000
0.000000
0.000000
0.000000
0.299167
0.000000
0.000000
0.000007
0.000000
0.000000
0.000000
0.002297
0.015172
0.000000
0.000977
0.000000
0.000000
0.000000
0.000000
0.000000
0.000000
0.000000
0.000000
0.000000
0.000000
0.000000
0.154914
0.000000
0.236658
0.000000
0.000000
0.000000
0.000000
0.000000
0.004399
0.000000
0.000000
0.000000
0.051781
0.000140
0.000274
0.000000
0.075887
0.000000
0.000000
0.045576
0.000000
0.016124
0.000000
0.000000
0.000000
0.051424
0.000000
0.000000
0.000000
0.000926
0.000000
0.000000
0.000000
0.000000
0.000000
0.000000
0.000000
0.000000
0.000322
0.005319
0.000000
0.000066
0.000000
0.000000
0.000000
0.000000
0.000000
0.000000
0.000000
0.040940
0.000000
0.001672
0.047788
0.000000
0.000000
0.000000
0.004047
0.000000
0.000000
0.000000
0.053021
0.000000
0.000000
0.034474
0.000000
0.000000
0.000000
0.000000
0.000000
0.000000
0.320424
0.000000
0.000000
0.000000
0.000000
0.000000
0.000000
0.002735
0.000000
0.000000
0.000000
0.000000
0.000000
0.010934
0.128016
0.000000
0.000587
0.000000
0.000000
0.000000
0.000000
0.000000
0.000000
0.000000
0.000000
0.000000
0.000000
0.050566
0.000000
0.003738
0.000000
0.070822
0.001680
0.000000
0.000000
0.000000
0.016464
0.001358
0.000000
0.005618
0.000000
0.000000
0.000000
0.000000
0.000000
0.000000
0.000000
0.000000
0.000000
0.000000
0.012639
0.000000
0.000000
0.000000
0.000000
0.000000
0.000000
0.000000
0.000000
0.000000
0.000000
0.000000
0.000363
0.000000
0.000000
0.000000
0.000386
0.000000
0.003707
0.000000
0.000000
0.000000
0.000000
0.003675
0.000000
0.004283
0.000000
0.000000
0.000000
0.000056
0.000000
0.000000
0.000000
0.000000
0.000000
0.000000
0.000000
0.003894
0.000000
0.000000
0.000000
0.000423
0.000000
0.000000
0.000000
0.000000
0.128879
0.000000
0.000000
0.000000
0.000000
0.006934
0.000000
0.550313
0.000000
0.000000
0.000000
0.000000
0.000000
0.000000
0.000000
0.000000
0.000000
0.000000
0.000000
0.000000
0.000204
0.000000
0.000003
0.000000
0.000000
0.000000
0.000000
0.000000
0.000000
0.000000
0.024895
0.022789
0.000000
0.053941
0.003673
0.000000
0.004205
0.194581
0.000000
0.000000
0.000000
0.000000
0.000000
0.000000
0.000000
0.000000
0.000000
0.000000
0.752063
0.000000
0.000000
0.000000
0.002989
0.000000
0.104071
0.000000
0.000000
0.015900
0.277643
0.000000
0.000000
0.000000
0.000000
0.064920
0.000000
0.000000
0.013176
0.002012
0.000000
0.000000
0.000000
0.000000
0.000003
0.000000
0.000000
0.008471
0.014785
0.181065
0.000000
0.000000
0.000000
0.000000
0.000000
0.234698
0.000477
0.000000
0.000000
0.000000
0.000195
0.000000
0.003074
0.000000
0.000000
0.498175
0.000000
0.015517
0.011948
0.251151
0.000000
0.000000
0.000000
0.135227
0.000000
0.000000
0.000000
0.000000
0.000000
0.000000
0.000000
0.000000
0.000000
0.000000
0.000000
0.140719
0.000000
0.000000
0.000000
0.000000
0.000055
0.000000
0.000000
0.000000
0.000001
0.000000
0.000000
0.000000
0.000000
0.117206
0.000000
0.000000
0.000000
0.000000
0.016759
0.000000
0.000000
0.000000
0.000000
0.000000
0.000000
0.109011
0.000000
0.000589
0.000000
0.000000
0.000000
0.000000
0.000000
0.000000
0.000000
0.017912
0.000368
0.000000
0.050950
0.912480
0.000000
0.011717
0.000000
0.003489
0.000000
0.000000
0.000000
0.000000
0.000000
0.000000
0.000018
0.005654
0.029085
0.000000
0.000000
0.000000
0.000000
0.000000
0.000000
0.036970
0.000000
0.000000
0.030859
0.000000
0.000000
0.000000
0.000000
0.000000
0.005325
0.000000
0.000000
0.000000
0.056593
0.000000
0.000079
0.000000
0.016848
0.000000
0.000000
0.000000
0.096387
0.000000
0.007184
0.000159
0.000000
0.000000
0.053559
0.095608
0.000000
0.013566
0.000000
0.000000
0.000000
0.000000
0.000000
0.000000
0.020311
0.167883
0.000000
0.000000
0.000000
0.000000
0.077513
0.000139
0.000000
0.000000
0.000000
0.000000
0.000000
0.000000
0.000000
0.152996
0.000000
0.040066
0.000000
0.000000
0.000000
0.000000
0.000000
0.000000
0.000000
0.006222
0.000000
0.021632
0.000000
0.000000
0.000000
0.000000
0.000000
0.000000
0.418660
0.000000
0.293677
0.038472
0.000000
0.000000
0.000000
0.000095
0.005623
0.000000
0.000000
0.000000
0.000000
0.000000
0.000005
0.013945
0.006719
0.227376
0.000000
0.107367
0.000000
0.005046
0.000000
0.000000
0.003983
0.000000
0.000000
0.000000
0.000000
0.000000
0.000000
0.000000
0.000000
0.000000
0.000884
0.030982
0.009763
0.000000
0.000404
0.000000
0.000000
0.000562
0.000000
0.000000
0.000000
0.000000
0.000000
0.045352
0.000000
0.000000
0.000000
0.000000
0.008836
0.000612
0.000000
0.000000
0.001645
0.000000
0.000000
0.000000
0.000000
0.019954
0.000000
0.000000
0.000000
0.017968
0.030297
0.051026
0.024817
0.011328
0.000000
0.000000
0.221239
0.000000
0.001264
0.000000
0.054888
0.000027
0.000000
0.000000
0.000000
0.007403
0.000000
0.000000
0.000000
0.001673
0.030493
0.011815
0.041166
0.030110
0.002072
0.000000
0.001572
0.000000
0.000000
0.000000
0.000000
0.012273
0.000000
0.000000
0.355306
0.000000
0.002043
0.023614
0.000662
0.036625
0.000000
0.000000
0.000000
0.370667
0.652901
0.000000
0.000000
0.000000
0.001305
0.000000
0.242978
0.000000
0.000000
0.000000
0.000000
0.000002
0.000000
0.000000
0.000000
0.000000
0.010328
0.000696
0.000000
0.060618
0.000000
0.000000
0.002608
0.000000
0.000000
0.019795
0.000000
0.120411
0.000000
0.000000
0.048440
0.000000
0.000000
0.000000
0.000414
0.000000
0.425694
0.000000
0.000000
0.000000
0.130073
0.000000
0.000968
0.004334
0.000000
0.000000
0.000000
0.006367
0.016655
0.004943
0.000000
0.000000
0.000003
0.022862
0.055024
0.013207
0.001442
0.000000
0.000000
0.503300
0.000000
0.000000
0.000000
0.000000
0.106481
0.000000
0.002194
0.000000
0.000000
0.000000
0.000000
0.000000
0.000000
0.000000
0.107416
0.001113
0.003218
0.000000
0.000000
0.000000
0.000216
0.102252
0.001808
0.000000
0.002752
0.061241
0.328528
0.000000
0.000000
0.003088
0.000000
0.000000
0.000000
0.057525
0.000000
0.007873
0.009029
0.000000
0.000000
0.000000
0.000000
0.000000
0.111877
0.000000
0.000000
0.014393
0.060578
0.000000
0.825672
0.000000
0.000341
0.000000
0.000000
0.000000
0.001895
0.000000
0.005767
0.000000
0.019406
0.000000
0.000000
0.000000
0.000000
0.000000
0.001529
0.000594
0.000973
0.000000
0.000000
0.000000
0.000000
0.000000
0.000000
0.000003
0.000000
0.000000
0.187749
0.000000
0.001980
0.000000
0.000000
0.000743
0.000000
0.000000
0.000000
0.000000
0.001255
0.000000
0.000000
0.037817
0.006255
0.000000
0.000000
0.000000
0.000033
0.000000
0.040271
0.000000
0.000000
0.000000
0.000000
0.000000
0.000000
0.000000
0.000000
0.004521
0.000000
0.000000
0.000000
0.000000
0.000000
0.000000
0.000000
0.000000
0.000943
0.000000
0.000000
0.000000
0.000000
0.000000
0.000000
0.000000
0.000000
0.199627
0.000000
0.000000
0.002691
0.000000
0.052080
0.000000
0.001367
0.064215
0.000406
0.002550
0.016577
0.000000
0.000000
0.000000
0.000000
0.000000
0.000000
0.000000
0.015424
0.023588
0.000004
0.000000
0.000000
0.000309
0.000000
0.000000
0.000026
0.000000
0.000064
0.000000
0.000000
0.000000
0.000000
0.000000
0.237875
0.000000
0.044433
0.000000
0.000000
0.000000
0.000430
0.000000
0.000000
0.000000
0.000000
0.018891
0.000000
0.000000
0.000000
0.000000
0.000000
0.000000
0.071838
0.000136
0.000000
0.000441
0.006595
0.000000
0.001476
0.000000
0.011546
0.000000
0.000000
0.027325
0.000000
0.000000
0.000000
0.000000
0.000000
0.001199
0.011847
0.001248
0.000640
0.000000
0.000000
0.000000
0.000000
0.000000
0.000000
0.014157
0.000000
0.000000
0.000000
0.000000
0.000000
0.148455
0.003074
0.000000
0.000000
0.000684
0.040779
0.000000
0.000000
0.000000
0.000000
0.003243
0.000000
0.000000
0.000264
0.000000
0.000000
0.000000
0.000000
0.000000
0.000018
0.000000
0.000053
0.030404
0.000008
0.000000
0.000000
0.000000
0.000000
0.000000
0.000000
0.087765
0.269943
0.012327
0.000000
0.000000
0.000000
0.000000
0.239306
0.438635
0.002573
0.000035
0.000000
0.005310
0.000000
0.000000
0.000000
0.000000
0.000000
0.000000
0.000000
0.073461
0.000000
0.000006
0.546805
0.043572
0.000077
0.050927
0.000000
0.048489
0.000000
0.263667
0.000000
0.000138
0.000000
0.000000
0.026889
0.066722
0.000042
0.000013
0.000000
0.000000
0.000000
0.000000
0.000559
0.000000
0.000000
0.001791
0.034705
0.004024
0.013728
0.000000
0.007567
0.000025
0.058827
0.001458
0.000000
0.000000
0.000000
0.000000
0.000000
0.000000
0.000000
0.000000
0.000000
0.174274
0.000000
0.000000
0.000000
0.000000
0.000000
0.000000
0.000000
0.000000
0.066823
0.000000
0.000000
0.000000
0.000000
0.000000
0.010342
0.243711
0.000000
0.000000
0.000010
0.000000
0.000141
0.000000
0.000000
0.001275
0.005262
0.000000
0.000000
0.000000
0.000000
0.037413
0.000000
0.000000
0.000000
0.000000
0.000000
0.004726
0.000000
0.000000
0.003815
0.000000
0.000000
0.000000
0.000000
0.000000
0.000000
0.005329
0.000000
0.001745
0.014890
0.000000
0.000000
0.017904
0.000000
0.000638
0.090711
0.000000
0.000000
0.094023
0.000000
0.000000
0.000000
0.000000
0.000000
0.000000
0.000000
0.000000
0.000000
0.000000
0.000000
0.198221
0.000000
0.000000
0.000000
0.000000
0.001131
0.000000
0.005683
0.000000
0.000000
0.027659
0.000000
0.000000
0.000000
0.000000
0.000000
0.000016
0.028436
0.000000
0.000000
0.000000
0.000000
0.000000
0.000000
0.000000
0.000000
0.000000
0.000000
0.000000
0.000000
0.029373
0.065738
0.000000
0.000000
0.000000
0.000000
0.000000
0.488816
0.001267
0.401903
0.000000
0.008522
0.000000
0.000000
0.000000
0.000000
0.000000
0.000000
0.000000
0.000000
0.000000
0.000000
0.000000
0.000000
0.000000
0.000000
0.001158
0.000000
0.000000
0.000000
0.000105
0.404434
0.000219
0.000000
0.007221
0.000000
0.000000
0.000000
0.000000
0.002797
0.000000
0.000000
0.195982
0.000000
0.000000
0.055247
0.000000
0.002031
0.000000
0.037504
0.007250
0.000000
0.000000
0.000000
0.000000
0.000000
0.000000
0.000000
0.018813
0.000000
0.330819
0.000000
0.209141
0.004599
0.001573
0.000011
0.000000
0.000000
0.000000
0.008709
0.345910
0.005413
0.000000
0.000000
0.000000
0.000000
0.000000
0.000000
0.000000
0.000000
0.012905
0.042594
0.000000
0.000000
0.001961
0.000000
0.000000
0.000000
0.000000
0.031320
0.000000
0.000000
0.000000
0.000000
0.000000
0.000000
0.000000
0.000000
0.000000
0.000193
0.000000
0.000000
0.000000
0.000000
0.000000
0.022924
0.000000
0.000000
0.000000
0.000000
0.015593
0.000000
0.148425
0.000000
0.039784
0.000000
0.000000
0.000000
0.000000
0.031992
0.000445
0.000000
0.023069
0.050878
0.000000
0.000000
0.000000
0.000000
0.040649
0.076202
0.005215
0.000000
0.000000
0.002299
0.000000
0.000000
0.000000
0.000000
0.002161
0.102653
0.000000
0.000000
0.000000
0.000000
0.000000
0.000000
0.000000
0.000000
0.000000
0.000000
0.004790
0.000000
0.000000
0.000000
0.000056
0.007087
0.059016
0.000005
0.000000
0.003324
0.000000
0.001689
0.019047
0.074145
0.000000
0.000000
0.000000
0.000000
0.000000
0.104893
0.000000
0.000000
0.062410
0.059138
0.000000
0.000000
0.000000
0.000000
0.000019
0.000000
0.000000
0.014284
0.000000
0.004440
0.000000
0.000000
0.000031
0.000000
0.000000
0.033686
0.000000
0.000000
0.001310
0.000000
0.000000
0.023851
0.000000
0.000000
0.010850
0.000000
0.000000
0.000000
0.000000
0.000000
0.937537
0.000000
0.001795
0.000000
0.000000
0.000000
0.000000
0.023238
0.000000
0.000000
0.000000
0.001447
0.000000
0.000000
0.000000
0.000000
0.000000
0.031945
0.000000
0.000000
0.000000
0.000000
0.003332
0.022341
0.000000
0.005405
0.000000
0.035110
0.000000
0.024810
0.000000
0.000000
0.000000
0.000000
0.000000
0.000000
0.000000
0.000000
0.000000
0.000277
0.000000
0.136422
0.000000
0.000000
0.000000
0.000000
0.008674
0.000000
0.000000
0.000000
0.000000
0.000000
0.000000
0.000000
0.001384
0.003167
0.000000
0.000000
0.002293
0.033868
0.000000
0.000000
0.000000
0.000000
0.000000
0.000000
0.000000
0.000000
0.000000
0.000000
0.000000
0.012560
0.000000
0.000000
0.000000
0.000000
0.000000
0.000000
0.000000
0.003173
0.006113
0.000000
0.048737
0.000000
0.000000
0.000000
0.005448
0.001418
0.000000
0.000000
0.000000
0.000000
0.000156
0.000000
0.035332
0.000000
0.000000
0.000000
0.002773
0.713580
0.000000
0.000000
0.247412
0.000000
0.000000
0.000000
0.074584
0.000000
0.000000
0.000000
0.000000
0.034579
0.000000
0.000000
0.000004
0.176935
0.000000
0.040651
0.000000
0.000082
0.000000
0.007605
0.000000
0.010131
0.000000
0.000000
0.000000
0.090905
0.000000
0.000000
0.000000
0.000000
0.031565
0.190066
0.014559
0.000000
0.001745
0.000000
0.000000
0.000240
0.000801
0.020341
0.000000
0.000000
0.000000
0.000110
0.000000
0.000000
0.004531
0.000000
0.040304
0.000000
0.000000
0.000436
0.000000
0.000000
0.000000
0.000000
0.001094
0.000000
0.000000
0.000000
0.092791
0.000000
0.008748
0.011734
0.000000
0.000340
0.000000
0.000000
0.013975
0.035663
0.000000
0.000000
0.000000
0.000000
0.000000
0.000027
0.000000
0.000002
0.000000
0.000000
0.013754
0.071902
0.026804
0.002548
0.004398
0.000000
0.000000
0.000000
0.000000
0.000000
0.055986
0.000000
0.000000
0.000000
0.002188
0.000000
0.000000
0.000000
0.000000
0.000000
0.000000
0.000000
0.260574
0.001561
0.000000
0.000000
0.044085
0.020992
0.000000
0.000000
0.000000
0.000261
0.000000
0.000000
0.000000
0.000000
0.000895
0.000000
0.238075
0.000000
0.004658
0.000000
0.211650
0.496522
0.000000
0.005221
0.000000
0.000000
0.216189
0.004154
0.000568
0.001976
0.008033
0.003227
0.000687
0.000000
0.000000
0.000000
0.000429
0.000000
0.000000
0.000000
0.000000
0.000000
0.000000
0.000000
0.002646
0.000000
0.067947
0.000000
0.000000
0.002511
0.000000
0.000000
0.000000
0.000000
0.001538
0.000000
0.000000
0.014921
0.000000
0.000000
0.019268
0.000000
0.000000
0.000000
0.052739
0.000000
0.000000
0.000000
0.002611
0.000000
0.000000
0.000000
0.000000
0.000000
0.025997
0.000000
0.000000
0.000000
0.000000
0.058239
0.000000
0.000000
0.000000
0.000000
0.000000
0.006897
0.000000
0.000000
0.000000
0.003973
0.000000
0.000000
0.060442
0.000000
0.000000
0.000000
0.000000
0.000000
0.000000
0.000000
0.000126
0.000000
0.000000
0.000646
0.000000
0.001157
0.163788
0.000000
0.004097
0.000000
0.000000
0.000000
0.000000
0.000943
0.000000
0.000000
0.000000
0.000000
0.000000
0.019795
0.004715
0.000000
0.034555
0.000000
0.000000
0.001153
0.000000
0.000000
0.000000
0.000000
0.001829
0.000000
0.005496
0.000323
0.000000
0.147153
0.000000
0.006329
0.000000
0.053633
0.000000
0.000000
0.000000
0.000000
0.000000
0.000000
0.008814
0.000000
0.000000
0.130964
0.000000
0.000739
0.060734
0.000000
0.000000
0.000000
0.000000
0.126797
0.000000
0.000000
0.089279
0.014164
0.014452
0.001792
0.026000
0.000000
0.003546
0.000000
0.000000
0.006415
0.000000
0.000000
0.000000
0.000000
0.063352
0.000000
0.000000
0.000000
0.000000
0.000164
0.004183
0.013405
0.000000
0.000000
0.000000
0.002717
0.000000
0.001175
0.000188
0.000000
0.507870
0.021189
0.025648
0.000000
0.000000
0.000000
0.000782
0.009599
0.005301
0.000000
0.000000
0.000000
0.000000
0.000000
0.000000
0.000000
0.000000
0.124842
0.000000
0.000031
0.000000
0.000000
0.000000
0.000089
0.000000
0.000000
0.000000
0.000000
0.000000
0.000000
0.000000
0.000000
0.024531
0.000000
0.000000
0.032502
0.000208
0.000000
0.000000
0.000325
0.000000
0.002185
0.000000
0.000000
0.000000
0.000000
0.000000
0.000000
0.000000
0.000000
0.000000
0.000000
0.000000
0.000000
0.000000
0.000000
0.000000
0.019277
0.000000
0.000000
0.002886
0.000088
0.013031
0.000000
0.008057
0.010196
0.000000
0.000000
0.000000
0.000000
0.000000
0.000000
0.506135
0.005292
0.000000
0.000000
0.002335
0.001012
0.000000
0.001720
0.036567
0.000935
0.000000
0.000000
0.000000
0.000000
0.000000
0.000000
0.000000
0.127757
0.000000
0.000000
0.000000
0.000000
0.000000
0.000000
0.005104
0.446920
0.000000
0.000000
0.000000
0.000000
0.000000
0.044150
0.000000
0.000000
0.000000
0.111312
0.000000
0.000000
0.002877
0.111343
0.000512
0.000000
0.005326
0.279510
0.019789
0.000000
0.000000
0.000000
0.000000
0.000000
0.000000
0.000000
0.000000
0.000000
0.000000
0.000000
0.000000
0.011918
0.040746
0.014787
0.000000
0.000000
0.000000
0.000000
0.000000
0.000000
0.021512
0.000000
0.000000
0.022193
0.000000
0.000000
0.000000
0.000000
0.000000
0.000000
0.000000
0.000000
0.000000
0.000000
0.000000
0.000000
0.000000
0.000000
0.000000
0.004133
0.056810
0.000000
0.000000
0.000000
0.000000
0.000000
0.000620
0.146061
0.022191
0.000093
0.000000
0.013407
0.000000
0.000960
0.000000
0.000000
0.000409
0.000000
0.000000
0.000000
0.000000
0.000000
0.000000
0.000000
0.000000
0.054094
0.029720
0.000000
0.001071
0.000000
0.000000
0.001652
0.000000
0.000000
0.000000
0.000000
0.000000
0.000000
0.000000
0.005160
0.000404
0.022447
0.006669
0.029731
0.010906
0.003338
0.000000
0.000000
0.000000
0.000000
0.000000
0.000000
0.000000
0.000000
0.000000
0.000003
0.000000
0.002479
0.453110
0.000000
0.000000
0.000000
0.000000
0.896472
0.000000
0.000000
0.000000
0.000000
0.330718
0.000000
0.003242
0.000000
0.222964
0.000000
0.000000
0.039784
0.000000
0.126149
0.000000
0.000000
0.000000
0.000000
0.000036
0.000000
0.000040
0.000000
0.000000
0.000008
0.003261
0.000000
0.000000
0.000000
0.001498
0.041284
0.000000
