0.821878
0.870154
0.713903
0.034716
0.536611
0.388227
0.409527
0.905048
0.185466
0.000000
0.994446
0.977503
0.026314
0.481815
0.844033
0.987703
0.973792
0.143885
1.000000
0.369212
1.000000
0.980019
0.937965
0.125885
0.975891
0.990996
0.093040
0.999878
0.940533
0.914239
0.004470
0.551334
0.571564
0.987551
0.999999
0.079998
0.739781
0.156553
0.902494
0.754054
0.408945
0.967648
0.012938
1.000000
0.138052
0.647791
0.535005
0.224945
0.631302
0.689476
0.764476
0.994443
0.770576
0.251877
0.503527
1.000000
0.284169
0.999932
0.073786
0.183578
0.119826
0.000000
0.859960
0.000000
0.970749
0.168026
0.602251
0.336957
0.536303
0.952581
0.982786
0.451295
0.999425
0.752474
0.070686
0.999986
0.621549
0.601591
0.823492
0.390522
0.574706
0.855715
0.079082
0.971797
0.475428
1.000000
0.930549
0.038005
0.100920
1.000000
0.157344
0.378431
0.231422
1.000000
0.366095
0.324778
0.097446
0.274215
0.373197
0.997784
0.925863
0.000000
0.342462
0.387419
0.005453
0.137953
1.000000
0.488741
0.327428
0.957831
0.965476
0.150669
0.783276
0.787646
0.050430
0.035665
0.999997
0.919999
0.423797
0.293127
0.999961
1.000000
0.785158
0.985443
0.198082
0.016140
0.772913
0.117927
0.535053
0.998087
1.000000
0.320511
0.436011
0.446114
0.093425
0.981491
0.316741
0.017868
0.990088
0.038368
0.433128
0.998849
0.217466
0.024917
0.512807
0.013422
0.762257
0.959046
0.920315
0.999828
0.999957
0.999977
0.369530
0.033845
0.593668
0.061201
0.487383
0.000000
0.142996
0.999984
0.000000
0.620998
0.994701
0.992548
0.168173
0.465194
0.976344
0.823611
0.584346
0.623689
0.023855
0.423443
0.000000
0.997281
0.330659
0.527570
0.229880
0.541879
0.892049
0.152754
0.682984
0.621408
0.956183
0.793378
0.887323
1.000000
1.000000
0.476586
0.967483
0.921253
0.256531
0.703116
0.129553
0.076548
0.234171
0.996909
0.520868
0.039556
1.000000
0.080083
0.028847
0.514258
0.469791
0.021787
0.982158
0.998163
0.693426
0.080083
0.247840
0.159623
0.000000
0.997699
0.783528
0.916964
0.999931
0.291658
0.027289
0.028923
0.758229
0.521765
0.630034
0.999983
0.094456
0.044873
0.830958
0.986623
0.108133
0.860546
0.999633
0.753725
0.438714
0.249088
0.000000
0.631759
0.415692
0.932704
0.000000
0.844923
0.351565
1.000000
0.999734
0.282880
0.047496
0.999997
0.028880
0.064747
0.999049
0.029462
0.000000
0.307253
0.514535
0.525775
0.230375
0.856153
0.999891
1.000000
0.458356
0.264510
0.967484
0.269476
0.999991
0.990600
0.139353
0.979166
0.198049
0.322277
0.995190
0.191920
0.065063
0.920829
0.192794
0.187704
0.314582
1.000000
0.995420
0.000000
0.000000
0.178512
0.000000
0.155610
0.263820
0.752333
0.000000
0.990639
0.996265
0.804200
0.309040
0.863050
0.000000
0.993693
0.000000
0.048347
0.019173
0.895472
0.999991
0.969035
0.035411
0.759254
0.829832
0.999999
0.599315
0.723781
1.000000
0.365617
0.314193
0.903579
0.908492
1.000000
0.775365
0.038412
1.000000
0.000000
1.000000
0.066404
0.198517
1.000000
0.920156
0.999776
0.151820
0.511271
0.632161
0.192816
0.958274
0.277523
0.588587
0.000000
0.990369
0.477094
0.129096
0.134420
0.000000
0.846651
0.234782
0.518119
0.849306
0.000000
0.274688
0.008630
0.348457
0.866460
0.158083
0.876824
0.997162
0.186360
0.140288
0.995840
0.535341
0.026266
0.789980
0.333386
0.136539
0.094549
0.993149
0.871225
0.936900
0.859813
0.000000
0.297238
0.316650
0.988469
0.157470
0.400884
0.798566
0.779144
0.982833
0.683691
0.928639
0.995245
0.897115
0.355524
0.748390
0.075782
0.052145
0.944919
0.988515
0.980634
0.790637
0.967576
0.042450
0.993935
0.000000
0.056065
0.941148
0.741076
0.000000
0.839712
0.197573
0.529452
0.999961
0.360731
0.077655
0.803767
0.118244
0.999796
0.053734
0.945764
0.009889
0.037298
0.845501
0.299858
0.743930
0.295131
0.998390
0.999905
0.030437
0.213559
0.381092
0.693704
0.564052
0.043036
0.000000
0.059132
0.827526
0.741577
0.999969
0.401241
0.075100
0.000000
0.089470
0.055770
0.273756
0.923179
0.984127
0.000000
0.043205
0.656237
0.568267
0.000000
0.038715
0.984672
0.727510
0.881991
0.000000
0.989370
0.672695
0.124341
0.208039
0.999621
0.613378
0.999978
0.000000
0.068892
0.093775
1.000000
0.058992
1.000000
0.051364
0.999995
0.308485
0.776947
0.051983
0.872848
0.962864
0.707801
0.975262
0.138501
0.970978
0.941501
0.700513
0.061777
0.828515
0.539555
0.606737
0.959523
0.350140
0.902918
0.107269
0.932558
0.204903
0.738206
0.000000
0.388319
1.000000
0.076502
0.866345
0.240960
0.736662
0.569514
0.332877
0.000000
0.332085
0.112030
0.994960
0.024360
0.693556
0.201176
0.402808
0.704429
0.768131
0.086058
0.113319
0.402011
0.000000
0.013572
0.096873
0.323387
0.177672
0.822252
0.237640
0.016002
0.260545
0.916348
0.779804
0.083619
0.664465
0.020666
0.789475
0.000000
0.000000
0.501875
0.000000
0.708464
0.119226
0.848335
0.130515
0.000000
0.470459
0.211399
0.113867
0.168277
0.622253
0.095942
0.975235
0.096706
0.993702
0.896041
0.453246
0.666731
0.999999
1.000000
0.234051
0.067861
0.353651
0.963190
0.132233
0.952125
0.110296
0.988293
0.828911
0.989916
0.959044
0.985353
0.999043
0.256473
0.113741
0.938233
0.096897
0.004666
0.541028
0.201678
0.306375
0.143492
0.000000
0.148217
0.044411
0.000000
0.914170
0.685566
0.771158
0.812065
0.088668
0.097180
1.000000
0.086852
0.941434
0.915736
0.994808
0.180138
0.823543
0.206684
0.232881
0.561358
0.265449
0.098780
0.188680
0.981378
0.636924
0.858860
0.280354
0.368720
1.000000
0.999118
0.000000
0.918912
0.380804
0.970008
0.009596
0.999174
0.860410
0.999996
0.378885
0.847876
0.478331
0.068381
1.000000
0.209852
1.000000
0.060854
0.996528
0.007118
0.990443
0.174546
0.036706
0.081365
0.834133
0.899751
0.000000
1.000000
0.944977
0.216582
0.999761
0.009575
0.314438
0.078275
0.024786
0.005274
0.998211
0.966944
0.880757
0.657262
0.930169
0.816207
0.002267
0.491193
0.737538
0.727001
0.953282
0.670079
0.996759
0.985595
0.518536
0.073239
0.000000
0.999978
0.546663
0.000000
0.561392
0.999174
0.098969
0.024072
0.022211
0.000000
0.559948
0.794373
0.999980
0.511534
0.015275
0.000000
0.974445
0.632412
0.788108
0.654442
0.328328
0.035323
0.950917
0.651024
0.283573
0.959440
0.170953
0.133918
0.197851
0.016497
0.079070
0.855904
0.225700
0.965525
0.055315
0.997227
0.148592
0.021723
0.999999
1.000000
0.000000
0.000000
0.974002
0.998579
0.983643
1.000000
0.028089
0.016661
0.999737
0.000000
0.694793
0.009213
0.511998
0.256287
0.999972
0.861488
0.802210
0.473109
0.999103
0.027084
0.340331
0.312912
0.209393
0.975194
0.999648
0.000000
0.974578
0.998315
0.988589
0.727949
0.192120
0.132823
0.999977
0.053374
0.195448
0.972910
0.610514
0.041100
0.834241
0.516479
0.994381
0.926094
0.000000
0.971133
0.167677
0.997998
0.690695
0.311938
0.489963
0.218164
0.752752
0.040034
0.957065
0.072355
0.427235
0.027353
0.999693
0.972237
0.039587
0.385476
0.246459
0.142440
0.110441
0.994982
0.168144
0.065630
0.036097
0.032156
0.941566
0.000000
0.159582
0.205807
1.000000
0.000000
1.000000
0.397297
0.302065
0.609754
0.000000
0.000000
0.197473
0.810047
0.283633
0.983037
0.922190
0.465837
0.086744
0.983686
0.945445
0.521164
0.999505
0.999394
0.230899
0.639859
0.993114
0.962795
0.408710
0.820830
0.000000
0.445538
0.768647
0.469263
1.000000
0.662828
0.999100
0.884925
0.502346
0.715361
0.464776
0.986531
0.096754
0.916726
0.000000
0.999997
0.999838
0.021569
0.497629
0.000000
0.042401
0.290417
0.958826
0.297985
0.999985
0.000000
0.178926
0.941319
0.909542
0.554066
0.970325
0.999988
0.893390
0.061174
0.040263
0.971054
0.000000
0.021325
0.627911
0.880793
0.263808
0.000000
0.000000
0.406449
0.533123
0.000000
0.172756
0.973419
0.996603
0.828722
0.990800
0.985300
0.999898
0.933778
0.044851
0.081428
0.137008
0.718612
0.098523
0.041438
0.389590
0.496900
0.194228
0.464096
0.978212
0.988766
0.526839
0.999991
0.995474
0.929952
0.294552
1.000000
0.968193
0.654402
0.059315
0.597230
0.287531
0.987139
0.000000
0.698400
0.015379
0.499788
0.211847
0.255786
0.999992
0.244053
0.575835
0.694064
0.400785
0.330385
0.901799
0.783309
0.111564
0.000000
0.988654
0.408942
0.013896
0.128568
0.000000
0.368171
0.999985
0.231532
0.034269
0.000000
0.709683
0.000000
0.671880
0.000000
0.192755
0.222791
0.115566
0.326112
0.348304
0.999974
0.041389
0.000000
0.985944
0.163242
0.909198
0.395578
1.000000
0.996296
0.000000
0.009855
0.540284
0.714090
0.072981
1.000000
0.200764
0.092711
0.000000
0.000000
1.000000
0.774988
0.499564
0.900911
0.259115
0.588065
0.936961
0.334500
0.742222
1.000000
0.411449
0.558441
0.562035
0.024005
0.061151
0.499810
0.965874
0.998886
0.069655
0.000000
0.186098
0.370346
0.011408
0.961780
0.198062
0.017814
0.063092
0.243050
0.658077
0.982640
0.087911
0.534327
0.023616
0.975405
0.799228
0.828422
0.000000
1.000000
0.897146
0.000000
0.279504
0.594055
0.139219
0.424152
1.000000
0.443245
0.153484
1.000000
0.683879
0.019325
0.636727
0.408958
0.897485
0.468404
0.942478
0.116185
0.000000
0.954423
0.000000
0.162833
0.784812
0.977412
0.761794
0.018547
0.998553
0.328982
0.135570
0.624213
0.805424
0.450798
0.796516
1.000000
0.944801
0.999996
0.578819
0.384888
0.999857
0.754416
0.438008
0.258879
0.865097
0.018394
0.684697
0.871037
0.987661
0.265755
0.319629
0.198863
0.011863
0.802148
0.430808
0.991218
0.142332
0.065251
0.000000
0.832849
0.602584
0.034200
0.000000
0.012733
0.988871
0.793629
0.154452
0.069569
0.816911
0.996227
0.998995
0.159120
0.017029
0.468251
0.728611
0.264042
0.468953
0.002412
1.000000
0.492689
0.996598
0.690388
0.612526
0.152842
0.776915
0.217674
0.997486
0.756906
0.941532
0.082937
0.581624
0.229062
0.925963
0.985034
0.000000
0.000000
0.124111
0.999583
0.384904
0.037528
0.999999
0.199506
0.270184
0.126262
0.110491
0.041799
0.991014
0.775001
1.000000
0.949542
0.677729
0.707729
0.920675
0.538018
0.026216
0.999598
0.327447
0.038964
0.835116
0.000000
0.049590
0.624934
0.000000
0.113634
0.717246
0.995738
0.790213
0.978434
0.999998
0.411583
0.542571
0.926084
0.231336
0.966501
0.983747
0.165696
0.895723
0.335232
0.713405
0.035841
0.000000
0.111196
0.453195
0.000000
0.254550
0.116216
0.595833
0.409603
0.994193
0.336243
0.222541
0.162199
0.997540
0.000000
0.551540
0.409630
0.194503
0.104468
0.000000
0.961492
0.189914
0.818746
0.940624
0.123077
0.970505
0.196346
0.999993
0.765270
0.068587
0.539665
0.145246
0.999509
0.146192
0.558771
0.281330
0.075137
0.000000
0.159576
0.020528
0.000000
0.470378
0.023757
0.966581
0.935595
0.790171
0.962340
0.854069
0.993139
0.996701
1.000000
0.980620
0.784250
0.108588
0.999907
0.605400
0.873929
0.000000
0.407593
0.381299
0.160531
0.914234
0.077561
0.000000
0.032864
0.763123
0.866852
0.595174
1.000000
0.416648
0.999998
0.375595
0.950985
0.049209
0.827544
0.491047
0.995248
0.835266
0.173927
0.000000
0.043986
0.749275
0.998653
0.069705
0.600618
0.789541
0.214029
0.127559
0.269414
0.978695
0.000000
0.208874
0.971377
0.632678
0.044918
0.085663
0.735505
0.872139
0.311287
0.999586
0.819553
0.794787
0.038465
0.027894
0.196335
0.412361
0.716456
0.016159
1.000000
0.278699
0.985071
0.799914
0.925689
0.469359
0.247460
0.425070
0.343123
0.153288
0.284854
0.787759
0.999994
0.971914
0.994240
0.264611
0.973070
0.715004
0.000000
0.999743
1.000000
0.999413
0.999681
0.053135
0.049071
0.553043
0.000000
0.217717
0.953869
0.252114
0.379852
0.712290
1.000000
0.000000
0.969572
0.885701
0.000000
0.949083
0.390801
0.999535
1.000000
0.450427
0.999617
0.942014
0.087772
0.999812
0.021946
0.985858
0.819587
0.937447
0.528690
0.881241
0.765932
0.999564
0.910269
0.997928
0.046518
0.906775
1.000000
0.101061
0.295227
0.148905
0.000000
0.060941
0.994544
0.063064
0.000000
0.058967
0.000000
0.250585
0.166605
0.812179
0.846814
0.155647
0.055899
0.006198
0.778558
0.993887
0.122270
0.034895
0.024655
0.999841
1.000000
0.476619
0.447155
1.000000
0.212681
0.437466
0.211310
0.351931
0.790199
0.137505
0.851400
0.979353
0.557102
0.000000
0.842716
0.871836
0.006346
0.789877
0.268639
0.106782
0.729306
0.000000
0.477416
0.026857
0.985515
0.092365
0.999998
0.587872
0.064390
0.998742
0.921081
0.052310
0.720868
1.000000
0.997293
0.983240
0.459310
0.000000
0.084248
0.230993
0.558124
0.740802
0.025489
0.438735
0.464311
0.481116
0.446223
0.994492
0.000000
0.999938
0.141076
0.999909
0.030677
0.046494
0.996913
0.025935
0.061146
0.000000
0.047737
0.000000
0.988829
0.847133
0.180525
0.988751
0.179061
0.812224
0.576010
0.564937
0.484569
0.324745
0.014856
0.750332
0.905823
0.660968
0.000000
0.000000
0.000000
0.999940
0.729522
0.525338
0.101895
0.196665
0.316293
0.100114
1.000000
0.036348
0.000000
0.993570
0.052608
0.979269
0.892299
0.445094
0.285080
0.442607
0.995820
0.994738
0.329676
0.226494
0.993713
0.999986
0.995955
0.488977
0.013549
0.868852
0.882091
1.000000
0.896300
0.030921
0.000000
0.293899
0.000000
0.694381
0.869293
0.923186
0.961561
0.929372
0.999998
0.460541
0.423749
0.671560
0.431322
0.969690
0.999917
0.008985
0.399750
0.035748
0.016338
0.135141
0.539883
0.000000
0.284987
0.098355
0.000000
0.296475
0.857766
0.000000
0.269837
0.999185
0.044537
0.268717
0.988841
0.024749
0.646182
0.999607
0.176306
0.065486
0.971465
0.004490
0.476351
0.000000
0.086923
0.996226
0.794305
0.400441
0.558746
0.124198
0.000000
0.534716
0.059309
0.000000
0.902147
0.199413
0.079632
1.000000
0.000000
0.036567
0.999791
0.153391
0.016676
0.311329
0.038048
0.196193
0.999140
0.843283
0.945374
0.415049
0.160613
0.034589
1.000000
0.311895
0.309120
0.062692
0.784272
0.993987
0.810685
0.263191
0.000000
0.121611
0.999987
0.974336
0.994495
0.271149
0.748749
0.367781
0.217721
0.000000
0.976655
0.929033
0.639672
1.000000
0.064141
1.000000
0.922419
0.901142
0.460248
0.684498
0.979302
0.095083
0.657391
0.702539
0.115683
0.537719
0.728705
0.995962
0.580339
0.999991
0.006571
0.612267
0.393141
0.038891
0.577584
0.733168
0.323233
0.000000
0.163121
0.376786
0.046854
0.010021
0.184751
0.133221
0.128832
1.000000
0.972503
0.002707
0.222371
0.000000
0.567097
0.985445
0.194806
0.988184
0.116139
0.115299
0.877220
0.059613
0.678420
0.097060
0.542831
0.552820
0.533615
0.859390
0.093552
0.798474
0.230921
0.432395
0.992531
0.644924
0.099486
0.498693
0.094228
0.994962
0.874443
0.243270
0.922672
0.215049
0.369447
0.156965
1.000000
0.947230
0.056220
0.972742
0.000000
0.993256
0.223291
0.935977
0.558789
0.809478
0.000000
0.395489
0.096590
0.976000
0.000000
0.000000
0.061124
0.210735
0.994630
0.557932
0.120156
0.037217
0.000000
0.992030
0.021751
0.352007
0.978176
0.953967
0.000000
0.530662
0.146251
0.636036
0.636686
0.495126
0.548259
0.036222
0.164715
0.988536
0.998821
0.659666
0.000000
0.754654
0.998917
0.419639
0.027397
0.964279
0.410887
0.729870
0.997310
0.087800
0.429612
0.103905
0.062983
0.260001
0.634778
0.450926
0.944525
0.900836
0.563799
0.625540
0.981352
0.240652
0.954137
0.999901
0.729554
0.215204
0.790559
0.983266
0.579169
0.577059
0.000000
0.090228
0.978859
0.571544
0.999949
0.023429
0.063517
0.085986
0.333945
0.353162
0.179751
0.217203
0.034847
0.000000
0.237672
0.093202
0.538476
0.292100
0.172830
0.895282
0.086527
0.877990
0.007223
0.056742
0.887627
0.668645
0.952509
0.105289
0.140987
0.238437
0.012272
0.886034
0.000000
0.060748
0.794241
0.028587
0.245909
0.924790
0.524709
0.000000
0.144414
0.040798
0.834893
0.154684
0.840321
0.971455
0.210079
0.999979
0.573226
0.022864
0.999961
0.060945
0.011782
0.000000
0.536969
0.998028
0.265226
0.229949
0.156104
0.688410
0.979979
0.699170
0.996335
0.393152
0.027625
0.293567
0.103128
0.213506
0.044886
0.349382
0.592632
0.044332
0.331609
0.170352
0.196141
0.999501
0.999989
0.107090
0.980438
0.637233
0.990062
1.000000
0.034037
0.000000
0.492439
0.388411
0.729570
0.965708
0.018315
0.169344
0.346760
0.710077
0.720945
0.998094
0.452012
0.102609
0.966941
0.834685
0.581480
0.556527
0.010215
0.899153
0.997770
0.999069
0.045718
0.074408
0.192164
0.772089
0.422151
0.000000
0.047532
0.031927
0.433324
0.769941
0.325895
0.897328
0.947309
0.280737
0.182464
0.750019
0.038380
0.222429
0.094103
0.014765
0.581775
0.729747
0.000000
0.974186
0.983064
0.024032
0.816542
0.044087
0.132081
0.000000
0.432310
0.151816
0.986069
0.156068
0.994730
0.393147
0.000000
0.651097
0.254205
0.969311
0.912713
0.826245
0.035730
0.075268
0.984172
0.997375
0.000000
0.065950
0.051913
0.833367
1.000000
0.658588
0.421421
0.314758
0.155025
0.201735
0.043677
0.997619
0.177242
0.259670
0.698759
0.078448
0.905331
0.961088
0.000000
0.167886
0.618860
0.997936
0.317454
0.377166
0.252006
0.199887
0.301582
0.493647
0.373306
0.824600
0.303710
0.115531
0.942035
0.783622
0.385336
0.731008
0.207233
0.591001
0.000000
0.012198
0.724498
0.384492
0.172620
0.984422
0.930457
0.052740
0.991791
0.373169
0.802168
0.110489
0.171850
0.011211
0.611244
0.055827
0.048898
0.381706
0.946111
0.982682
0.166475
0.041698
1.000000
0.067729
0.100474
1.000000
0.903219
0.983355
0.638137
0.000000
0.890710
0.032842
0.084430
0.213559
0.825705
0.088886
0.019599
0.874661
0.479031
0.886557
0.996908
0.789198
0.997148
0.165770
0.792563
0.999507
0.000000
0.020365
0.008498
0.021828
0.111865
1.000000
0.039954
0.272575
0.322398
0.000000
0.627365
0.000000
0.995824
0.024636
0.001981
0.967094
0.148908
0.185304
0.886005
0.986016
0.999165
0.028823
0.998794
0.040023
0.111249
0.533073
0.325775
0.015154
0.566551
0.850295
0.802477
0.201527
0.909766
0.046260
0.977870
0.058262
0.736217
0.144056
0.833695
0.991054
0.023750
0.896947
0.509742
0.000000
0.096091
0.928032
0.119683
0.036131
0.992762
0.088888
1.000000
0.008027
0.152623
0.816334
0.943165
0.624986
0.999646
0.609885
0.959735
0.012198
0.278195
0.447968
0.000000
0.906794
0.195563
0.566991
0.999529
0.629695
0.000000
0.846965
0.992905
0.828138
0.127455
1.000000
0.410398
0.581537
0.998295
0.343912
0.999989
0.927306
0.010398
0.155431
0.268364
0.997418
0.953726
0.000000
1.000000
0.016913
0.634839
0.141251
0.962856
0.074207
0.912869
0.563810
0.665446
0.986518
0.000000
0.986786
0.381893
0.240434
0.582757
0.204124
0.107286
0.242063
0.100977
0.526155
0.994259
0.832554
0.357284
0.013658
0.940627
0.034223
0.000000
0.851290
0.998216
0.483083
1.000000
0.000000
0.110475
0.865989
0.845306
0.578585
0.100532
0.870690
0.355332
0.151466
0.315841
0.806208
0.999979
0.819565
0.975695
0.994407
0.129319
0.727907
0.886449
0.000000
0.722288
0.734143
0.928478
0.364721
0.253515
0.105007
0.083508
0.998300
0.100080
0.305949
0.996206
0.874676
0.987914
0.436991
0.009830
0.219335
0.698771
0.025170
0.097698
0.178378
0.000000
0.803390
0.822671
0.523967
0.998380
0.000000
0.989772
0.894026
0.000000
0.595788
0.300542
0.260290
0.000000
0.000000
0.127113
0.162794
0.020930
0.943764
0.395854
0.972092
0.990533
0.000000
0.199588
0.972113
0.028929
0.257308
1.000000
0.000000
0.886215
0.999989
0.103031
0.511369
0.322803
0.493903
0.999999
0.783017
0.049278
0.674792
0.332074
0.067357
0.000000
0.717137
0.168403
0.063193
0.991207
0.977155
0.154165
0.890740
0.000000
0.060652
0.035018
0.068706
0.530993
0.999728
0.088293
0.000000
0.994584
0.195698
0.218245
0.999521
0.396336
0.639880
0.052923
0.991705
0.985672
0.339425
0.979451
0.070238
0.997119
0.988812
0.000000
0.402529
0.043462
0.000000
0.973501
0.108809
0.000000
0.959862
0.470884
0.020400
0.045912
0.022775
0.056780
0.109642
0.589321
0.054248
0.999176
0.936625
0.294875
0.184750
0.553903
0.419063
0.391586
1.000000
0.848441
0.491898
0.958966
0.306609
0.889915
0.842811
1.000000
0.870748
0.277296
0.683566
0.641337
0.742997
0.279238
0.052418
0.051283
0.074755
0.221532
0.999611
0.936563
0.192745
0.927843
0.140875
0.005671
0.887234
0.535237
0.465060
0.998841
0.183895
0.439369
0.077247
0.999844
0.527915
0.998138
0.777389
0.909533
0.503407
0.988996
0.196769
0.394252
0.148663
0.452550
0.895732
0.151636
0.771259
0.829639
0.999999
0.999930
0.493524
0.999299
0.963250
0.000000
0.537532
0.239509
0.667863
0.053821
1.000000
0.117191
0.577789
0.296778
0.858826
0.301425
0.993008
0.686732
0.716339
0.972174
0.207742
0.954583
0.000000
0.979506
0.980914
0.202405
0.975275
0.988985
0.444557
0.358446
0.062517
0.210504
0.270795
0.995907
0.278787
0.947917
0.610981
0.142505
0.037520
0.004916
0.000000
0.517083
0.997953
0.996487
0.299173
0.983880
0.615261
0.648980
0.023658
0.481724
0.974733
0.714964
1.000000
0.156434
0.475645
0.260064
0.604425
0.093396
0.000000
0.442208
0.996496
0.182557
0.157352
0.775159
0.992503
0.874379
0.758808
0.508368
0.622951
0.111270
0.834629
0.946688
0.875541
0.009740
0.172755
0.999998
0.993044
0.031650
0.033103
0.129775
0.233414
0.543259
0.602068
0.631040
0.997933
0.991693
0.943593
0.993365
0.915992
0.282851
0.259320
0.369913
0.915927
0.248483
0.151094
0.239323
0.184003
0.831289
0.808451
0.000000
0.999767
0.998990
0.242944
0.413406
0.923296
0.973520
0.000000
0.023161
0.908931
0.033974
0.928505
0.802598
0.445993
0.995226
0.092406
0.024286
0.303332
0.811086
0.995790
0.999291
0.076318
0.999204
1.000000
0.975604
0.000000
0.859386
0.019795
0.357968
0.716719
0.428034
0.431360
0.695412
0.434264
0.181566
0.046465
0.951129
0.937862
0.000000
0.999339
0.941518
0.175472
0.046785
0.999588
0.999998
0.978041
0.999967
0.118830
0.137593
0.135731
0.594268
0.185170
0.146782
0.561868
0.378866
1.000000
0.100994
0.599551
0.999961
0.953417
0.022086
0.000000
0.502564
0.134606
0.634546
0.468953
0.004652
0.888516
0.501777
0.997782
0.978569
0.984762
0.392866
0.484189
0.000000
0.995419
0.437694
0.000000
0.919594
0.108039
0.884248
0.025039
0.164123
0.472438
0.193587
0.665298
0.242497
0.930488
0.013327
0.999943
0.997248
0.178778
0.452300
0.090182
0.613598
0.986483
0.016498
0.399940
0.000000
0.159142
0.519118
0.194523
0.184433
0.994948
0.000000
0.663355
0.068992
0.298568
0.603429
0.022909
0.488669
0.999916
0.994505
0.372171
0.283608
0.643718
0.713017
0.995492
0.333436
0.000000
0.660848
0.058952
0.782475
0.540491
0.756443
0.000000
0.879068
0.978728
0.999049
0.000000
0.885863
0.000471
0.000000
0.996982
0.760808
0.998220
0.620381
0.164264
0.047123
0.112404
0.347955
0.047027
0.623881
0.780473
0.561607
0.435355
0.982860
0.826657
0.993263
0.997622
0.717297
0.121788
0.857254
0.611760
0.024665
0.218120
0.408859
0.176785
0.024080
0.999998
0.711646
0.410627
0.620359
1.000000
0.999935
0.084262
0.000000
0.790609
0.270853
0.000000
1.000000
0.586034
0.000000
0.862807
0.107566
0.334966
0.403349
0.726329
0.765653
0.999803
0.302309
0.317928
0.354620
0.982123
0.999845
0.177165
0.060708
0.000000
0.084917
0.162063
0.890469
0.463581
0.345700
0.168100
0.002638
0.245769
0.856854
0.139449
0.916476
0.324648
1.000000
0.409783
0.998997
0.220574
0.717312
0.920094
0.955802
0.979969
0.096887
0.508933
0.725155
0.016336
0.563179
0.945889
0.712134
0.912935
0.207262
0.050458
0.053548
0.181582
0.946228
0.028753
0.021675
0.999465
0.880059
0.991472
0.925786
0.211190
0.639413
0.789840
0.981194
0.829035
0.171405
0.319390
0.528413
0.148789
0.392426
0.973659
0.885976
0.000000
0.444188
0.912218
0.308432
0.000000
0.998225
0.011280
0.754314
0.011894
0.997688
0.110689
0.436758
1.000000
0.339173
0.125471
0.973851
0.981314
0.966944
0.558911
0.139709
0.999968
0.501573
0.029363
0.034906
0.006221
0.813351
0.069236
0.385782
0.000000
0.018185
0.185899
0.902607
0.062212
0.185048
0.002806
0.976196
0.024358
0.987726
1.000000
0.700695
0.254507
1.000000
0.397438
0.252493
0.119276
0.557711
0.574994
0.999995
0.243782
1.000000
0.181284
0.832021
1.000000
0.021687
0.015966
0.133832
0.771356
1.000000
0.322158
0.005606
1.000000
1.000000
0.000000
0.229322
0.146773
0.000000
0.674336
0.999759
0.455883
0.180737
0.368422
0.992388
0.653760
0.120552
0.173941
0.131143
0.330471
0.476208
0.526469
0.971239
0.244142
0.870374
0.224933
0.267853
0.543677
0.831065
0.565521
0.999786
0.176162
0.727781
0.268007
0.000000
0.676035
0.850209
0.628492
0.000000
0.457237
0.087073
0.973626
0.999761
0.839524
0.489315
0.997490
0.522653
0.050784
0.739127
0.267263
0.544177
0.490134
0.329488
0.000000
0.984350
0.397934
0.952296
0.814965
0.433239
0.582033
0.319337
0.348726
0.363137
0.939782
0.720362
0.725785
0.028648
0.379943
0.057485
0.547734
0.796265
0.829657
0.929094
0.954153
0.041098
0.143563
0.640487
0.945506
0.999998
0.068114
0.000000
0.857484
0.960802
1.000000
0.831110
0.988078
0.991970
0.932853
0.918541
0.990351
0.997467
0.060326
0.851587
0.132972
0.962581
0.314786
0.999996
0.078238
0.033968
0.016903
0.970926
0.000000
0.676559
0.974165
0.000000
0.000000
0.912074
0.017155
0.812731
1.000000
0.939285
0.001780
0.407852
0.704924
0.167037
0.993674
0.142803
0.262427
0.855023
0.999961
0.999999
0.816038
0.849677
0.275864
0.492839
0.407427
0.078829
0.354633
0.118039
0.016215
0.503982
0.555902
0.926096
0.056636
0.000000
0.123981
0.450922
0.965795
0.002877
0.007560
0.744456
0.689893
0.398503
0.690076
0.965910
0.056547
0.026385
0.264936
0.808151
0.187915
0.000000
0.492994
0.180875
0.819370
0.038903
0.962401
0.365066
0.519046
0.553108
0.999810
0.732802
0.999193
0.133705
0.980713
0.225423
0.858687
0.322330
0.967853
0.000000
0.977528
0.899216
0.000000
0.291110
0.373328
0.987151
0.000000
0.244583
0.142880
0.979894
1.000000
0.825598
0.999204
0.922137
0.283100
0.760937
0.869410
0.017605
0.555765
0.302457
0.378487
0.000000
0.691078
0.987416
0.996744
0.651650
0.999907
0.060806
0.141208
0.255079
0.795383
0.810077
0.975276
0.480757
0.132401
0.000000
0.012596
1.000000
0.170824
0.980265
0.969050
0.524458
0.104149
0.621547
0.320353
0.983267
0.010060
0.283104
0.991950
0.159945
0.004817
0.773216
0.934386
0.130906
0.270434
0.000000
0.984903
0.994321
0.763420
0.375442
0.673891
0.013506
0.923325
0.235050
0.936592
0.995960
0.259128
0.072873
0.000000
0.087224
1.000000
0.996876
0.274028
0.204046
0.000000
0.719248
0.207235
0.141446
0.661347
0.991547
0.997241
0.979943
0.866124
0.934175
0.412128
0.000000
0.000000
0.981908
0.997256
0.101340
0.493992
0.242960
0.000000
0.249878
0.013083
0.244551
0.085627
0.956292
0.248240
0.663968
0.000000
0.000000
0.052894
0.999914
0.053849
0.275861
0.969555
0.000000
0.000000
0.584884
0.864019
0.095285
0.477483
0.286516
0.094344
0.969620
0.710636
0.999988
0.730576
0.002020
0.911377
0.001542
0.685363
0.661806
0.346112
0.000000
0.997696
0.429402
0.070342
0.999999
0.979763
0.995554
1.000000
0.373798
0.307234
0.029285
1.000000
0.779172
0.004427
0.962404
0.165128
0.992964
0.697171
0.254511
1.000000
0.987600
0.249967
0.371766
0.987398
0.210387
0.994717
0.324197
0.934730
0.166413
0.171688
0.658207
0.037446
0.197095
0.012963
0.954915
0.656674
0.148335
0.961396
0.976866
0.000000
0.000000
0.357785
0.380720
0.022948
0.351476
0.981153
0.027826
0.970255
0.705466
0.981858
0.936015
0.000000
0.662215
0.131573
0.981433
0.000000
0.000000
0.000000
0.999999
0.885961
0.126952
0.075949
0.999619
0.055279
0.981867
0.897371
0.000000
0.386337
0.577927
0.998273
0.985182
0.993427
0.057813
0.461982
0.902762
0.067630
0.745801
0.981626
0.876378
0.073693
0.997032
0.480367
0.949308
0.316475
0.729682
0.875188
0.887505
0.554095
0.289259
0.293571
0.534592
0.000000
0.017384
0.107454
0.971214
0.564155
0.730974
0.987166
0.411067
0.218386
0.000000
0.904415
0.936711
0.993781
0.173496
0.542954
0.883538
0.720707
0.000000
0.419617
0.000000
0.401421
0.051454
0.715558
0.982378
0.939919
0.373639
0.027515
0.000000
0.304285
0.401358
0.220288
0.234532
0.000000
0.927165
0.838822
0.999262
0.025455
0.564198
0.991775
0.051499
0.010184
0.600830
0.950272
0.294992
0.123134
0.000000
0.997231
0.492952
0.000000
0.513412
0.619323
0.098661
0.000000
0.985333
0.995360
0.793469
0.238186
0.063897
0.066939
0.545927
0.017722
0.000000
0.944855
0.035546
0.393551
0.518098
0.244061
0.057528
0.206185
0.846929
0.000000
0.806990
0.863126
0.948752
0.370600
0.841895
0.167762
0.886591
0.924434
0.418075
0.967934
0.273613
0.499590
0.090363
1.000000
0.426171
0.000000
1.000000
0.000000
0.609039
0.284602
0.602704
0.429157
0.130384
0.156575
0.737341
0.534281
0.359252
0.974299
0.088509
0.308960
0.998263
1.000000
0.223059
0.971092
0.698952
0.050450
0.849757
0.971544
0.089568
0.513693
0.000000
0.958377
0.068420
0.236621
0.097604
0.159373
0.014106
0.252672
0.695517
0.854524
0.165986
1.000000
0.972230
0.825914
0.990218
0.047651
0.414147
0.063153
0.000000
0.310362
0.426592
0.508748
0.032778
0.458243
0.990449
0.000000
0.257999
0.897045
0.684837
1.000000
0.712633
0.919869
0.607111
0.022201
0.999941
0.547473
0.999978
0.044965
0.835328
0.962260
0.167050
0.822676
1.000000
0.248155
0.714271
0.598355
0.130947
0.846253
0.378133
0.823993
0.979221
0.542021
0.687790
0.157290
0.411106
0.206689
0.548490
0.000000
0.137872
0.279032
0.073792
0.815925
0.981179
0.938989
0.582974
0.000000
0.955906
0.601355
0.970496
0.503988
0.228956
0.877638
0.000000
0.410081
0.149258
1.000000
0.025106
0.000000
0.350845
0.215167
0.999588
0.000000
0.993109
0.446135
0.599944
0.543811
0.877122
0.218365
0.049525
0.014505
0.994745
0.975342
0.203550
0.788598
0.323719
0.000000
0.990294
0.911786
0.959905
0.395733
0.038660
0.042462
0.000000
0.984641
0.095822
0.945831
0.145647
0.995933
0.050250
0.000000
0.000000
0.001693
0.738922
0.000000
0.997101
0.114891
0.922047
0.094316
0.995297
0.959211
0.950091
0.013404
0.999863
0.070176
0.745510
0.448525
1.000000
0.853142
0.918820
0.266101
0.070141
0.038905
0.012220
0.914321
0.976670
0.014653
0.551116
0.696560
1.000000
0.606800
0.123596
0.106553
0.803627
0.000000
0.035923
0.958730
0.636374
0.697491
0.999162
1.000000
0.684497
0.135841
0.960696
0.199541
0.176244
0.241588
0.807442
0.127741
0.907202
0.998089
0.015404
0.136559
0.999991
0.899031
0.267819
0.390524
0.997801
0.999997
0.831581
0.000000
0.992892
0.020620
0.989167
0.299331
0.913304
0.453818
0.960658
0.264308
0.671248
0.327118
0.786524
0.984958
0.588113
0.193450
0.634797
0.999975
0.593470
0.953008
0.723685
0.046965
0.242337
0.719788
0.478688
0.967726
0.026362
0.999710
0.022627
1.000000
0.999701
0.847023
0.040262
0.000000
0.120398
0.012813
0.007587
0.908125
1.000000
0.134540
1.000000
0.675284
1.000000
0.974684
0.276884
0.988163
0.647112
0.993974
0.155342
0.019377
0.000000
0.510076
0.390176
0.890034
0.992608
0.962176
0.782303
0.999957
0.099554
0.351467
0.117081
0.851174
0.806394
0.000000
0.182024
0.740586
0.102558
0.143957
0.522316
0.572034
0.956613
0.612624
0.496204
0.695479
0.190722
0.627245
0.229399
0.120802
0.056880
0.408119
0.439083
0.160097
0.905931
0.732367
0.698686
0.492557
0.332058
0.111617
0.012498
0.302885
0.422582
0.970303
0.974086
0.195076
0.935727
0.996702
0.913206
0.890302
0.060337
0.970770
0.004965
0.991765
0.848123
0.087839
0.993803
0.246295
0.039655
0.205743
0.000000
0.442205
0.000000
0.893787
0.789409
0.859137
0.999919
0.309339
0.777830
0.218845
0.848457
0.861978
0.179163
0.956229
0.000000
0.464886
0.672455
0.070725
0.070664
0.031365
0.912703
0.055153
0.326176
0.593162
0.025302
0.000000
0.987852
0.997776
0.995533
0.934248
0.961394
0.129390
0.976920
0.033383
0.988663
1.000000
0.960917
0.727914
0.069815
0.317721
0.796978
0.888840
0.805711
0.999990
0.223798
0.000000
0.801581
0.727133
0.210756
0.719599
0.398359
0.553389
0.415666
0.941906
0.315880
0.029185
0.121007
0.387467
0.144567
0.286408
0.822661
0.031427
0.086464
0.311078
0.053746
0.999999
0.314129
0.000000
0.369026
0.027535
0.332276
0.088902
0.273054
0.000000
0.452589
0.970218
0.054255
0.225835
0.879241
0.069619
0.003051
0.031837
0.451152
0.999995
1.000000
0.323378
0.030171
0.992228
0.000000
0.809712
0.611683
0.651834
0.026101
0.747969
0.954278
0.000000
0.658408
0.944619
0.401027
0.720441
0.498090
0.097462
0.655306
0.750958
0.831579
0.170167
0.287854
0.246054
0.992788
0.161548
0.854992
0.983713
0.999908
0.983948
0.993560
0.999955
0.109962
0.425506
0.125094
0.535724
0.127932
0.579680
0.567720
0.087442
0.076657
0.318954
0.000000
0.456130
0.999999
0.080083
0.032483
0.208784
0.144088
0.944296
0.039614
0.815839
0.900428
0.713359
0.240851
0.999982
0.000000
0.017636
0.999800
0.103280
0.000000
0.918487
0.290981
0.999911
0.905124
0.000000
0.000000
0.999993
0.161787
0.024855
0.568737
0.940467
0.000000
0.969727
0.887603
0.961052
0.477659
0.816383
0.995710
0.965782
0.000000
0.052124
0.475285
0.218345
0.308888
0.635305
0.318759
0.525187
0.920155
0.100926
0.236637
0.737924
0.990905
0.752623
0.965756
0.252511
0.689788
0.704621
0.580639
0.767667
0.298449
0.000000
0.997971
0.261092
0.874307
0.375734
0.780172
0.888008
0.516919
0.980061
0.786434
0.011121
0.064793
0.833883
0.645694
0.013567
0.671253
0.906234
0.976444
0.703323
0.858472
0.026255
0.113943
0.148515
0.996554
0.094662
0.337999
0.148797
0.957077
0.263948
0.085148
0.175352
0.999435
0.000000
0.047615
0.618530
0.662119
1.000000
0.611036
0.023683
0.425532
0.022410
0.920177
0.403218
0.928572
0.992617
0.249958
0.881511
0.235328
0.268960
0.996881
0.680265
0.828473
0.959897
1.000000
0.328663
0.959077
1.000000
0.474756
0.280394
0.957552
0.451119
0.084015
0.037372
0.347523
0.000000
0.696222
0.072496
0.781729
0.988464
0.429685
0.949744
0.697335
0.000000
0.934935
0.964521
0.903201
0.024299
0.707401
0.541277
0.231194
0.000000
0.095243
0.983955
0.545035
0.443940
0.230223
1.000000
0.901668
0.999836
0.999679
0.994477
0.107011
0.763868
0.000000
0.334577
0.909435
0.975400
1.000000
0.281638
0.102240
0.000000
0.316313
0.985163
0.299576
0.188423
0.000000
0.958282
0.897824
0.856556
0.997382
0.875766
0.407510
0.018873
0.841784
0.983889
0.130684
0.995145
0.175854
0.814975
0.632792
0.063835
0.692805
0.793167
0.179253
0.988013
0.985465
0.999990
0.990441
0.737051
0.927705
0.991309
0.176426
0.994731
0.976027
0.019325
0.162023
0.911650
0.123816
0.679943
0.019954
0.580888
0.612439
0.999311
0.081104
0.095581
0.000000
0.233319
0.061009
0.745153
0.428558
0.000000
0.119111
0.116631
0.635047
0.932574
0.254558
0.622149
0.871310
0.540924
0.371120
0.966287
0.123365
0.167924
0.017786
0.000000
0.445433
0.997268
0.240912
0.000000
0.608655
0.007100
0.552287
0.243063
1.000000
0.556212
0.000000
0.037011
0.397951
0.365620
0.487920
0.999995
0.269530
0.079821
0.093823
1.000000
0.978450
0.373409
0.251359
1.000000
0.119392
0.050538
0.999694
0.056502
0.917758
0.983974
0.995838
0.065412
0.360418
0.640673
0.123578
0.052809
0.971060
0.108678
0.850712
0.718281
0.999354
0.284653
0.005353
0.999667
0.267075
0.646321
0.975713
0.534751
0.000000
0.982247
0.025589
0.162941
1.000000
0.000000
0.417381
0.985119
0.936230
0.152728
0.000000
0.618159
0.751670
0.000000
0.802138
0.217691
0.546251
0.999685
0.881827
0.770540
0.448618
0.999104
0.769861
0.000000
0.009255
0.451865
0.638705
0.410651
0.801341
0.590430
0.095891
0.825345
0.247165
1.000000
0.471744
0.332728
0.713572
0.000000
0.694097
0.128535
0.091710
0.219072
0.918323
0.155887
0.689573
0.989943
0.917717
0.046569
0.068466
0.896305
0.833481
0.991570
0.865306
0.008522
0.498393
0.179125
1.000000
0.941795
0.887023
0.290352
0.535016
0.999884
0.999911
0.228575
0.255779
0.009166
0.421125
0.015529
0.959586
0.043115
0.684314
0.385655
0.994089
0.049050
0.440701
0.218101
0.077170
0.423169
0.265636
0.046191
0.366361
0.836086
0.188291
0.059869
0.611778
0.078816
0.297773
0.179643
0.011900
0.021770
0.498464
0.100831
0.153819
0.999898
0.364323
0.377542
0.000000
0.975979
0.996784
0.965939
0.990696
0.408135
0.000000
0.430350
0.044526
0.662678
1.000000
0.088387
0.997591
0.028235
0.103270
1.000000
0.042113
0.518383
0.384136
0.200081
0.000000
0.986581
0.308193
0.999999
0.166498
0.999996
0.365760
0.985832
0.881200
0.021029
0.000000
0.025287
0.963855
0.546632
0.061328
0.783290
0.227783
0.000000
0.962548
1.000000
1.000000
0.950173
0.998940
0.029344
0.098034
0.595671
0.069242
0.670069
0.363535
0.231977
0.975738
0.901992
0.124707
0.282281
0.698705
0.873391
0.162244
0.949710
0.719510
0.022344
0.761426
0.547862
0.153795
0.707217
0.180153
0.906125
0.050901
0.601430
0.986278
0.368052
0.893361
0.297784
0.545778
0.065870
0.996138
0.033160
0.963937
0.010712
0.995248
0.037759
0.942099
0.988666
0.281268
0.999316
1.000000
0.451347
0.193105
0.840989
1.000000
0.988150
0.968251
0.999696
0.043629
0.529290
0.000000
0.969751
1.000000
0.959791
0.208351
0.000000
0.552466
0.705355
0.709732
0.065313
0.190933
0.149006
0.759381
0.494362
0.550448
0.142595
0.571105
0.060533
0.844288
0.256687
0.999998
0.986717
0.752746
0.988503
0.897515
0.980714
0.697013
0.000000
0.982391
0.800820
0.060889
0.179552
0.004973
1.000000
0.835364
0.668415
0.281951
0.542646
0.410786
0.856234
0.875403
0.802691
0.086969
0.242540
0.449313
0.545552
0.942509
0.973799
0.960643
0.293418
0.392273
0.933053
0.142356
0.511742
0.923149
0.452262
0.031057
0.192666
0.880847
0.858040
0.282442
0.129899
0.000000
0.000000
0.701162
0.861397
0.677435
0.999854
0.176490
0.000000
0.999998
0.158359
0.923380
0.636044
0.486889
0.873441
0.642496
0.914044
0.974458
0.000000
0.663346
0.824215
0.858839
0.000000
0.226403
0.801595
0.954129
0.925307
0.673663
0.118228
0.671421
0.999939
1.000000
0.955550
0.000000
0.949103
0.026240
0.988474
0.277462
0.999968
0.000000
1.000000
0.296117
0.181657
0.535078
0.889610
0.289812
0.923099
0.719315
0.998789
0.999984
0.939725
0.991999
0.985430
0.216080
0.191336
0.318783
0.859012
0.121723
0.014091
0.696812
0.194459
0.131336
1.000000
0.366195
0.185571
0.518093
0.030029
0.023025
0.000000
0.756229
0.112203
0.967822
0.493933
0.228330
0.000000
0.387744
0.023559
0.192789
0.070639
0.908550
0.125656
0.449565
0.048896
0.708974
0.561168
0.022531
0.037865
1.000000
0.671094
0.000000
0.307186
0.260974
0.085345
0.960292
0.983428
0.494244
0.425436
0.953309
0.992719
0.028851
0.527001
0.058848
0.996903
1.000000
0.957634
0.175090
0.594988
0.436455
0.416950
0.161522
0.016398
0.026140
0.931096
0.279634
0.977498
0.998062
0.829185
0.788316
0.104107
0.508259
0.505158
0.735505
0.235606
0.051555
0.183657
0.343338
0.120637
0.564448
0.013405
0.933833
0.188338
0.998932
0.100654
0.102398
0.999990
0.971375
0.184664
0.985104
0.904728
0.705814
0.760767
0.095444
0.078238
0.290264
0.012556
0.999894
0.974632
0.140909
0.057526
0.999900
0.374761
0.000000
0.244965
0.883268
0.128613
0.986970
0.221498
0.047456
0.868501
0.912031
0.237370
0.484008
0.130900
0.292828
0.716730
0.132932
0.979546
0.994907
0.099381
0.837059
0.057649
0.994333
0.541341
0.050357
0.999996
0.000000
0.846913
0.465689
0.999975
0.999922
0.822935
0.000000
0.000000
0.000000
0.000000
0.145592
0.878203
0.505351
0.911036
0.953334
0.898956
0.008899
0.442241
0.344797
0.012750
0.655080
0.728811
0.690104
0.072184
0.320999
0.914044
0.408079
0.405594
1.000000
0.307896
0.613330
0.027987
0.356806
0.999909
0.539826
0.434781
0.562458
0.549861
0.548592
0.367776
0.107433
0.662427
0.000000
0.118116
0.014764
0.000000
0.682108
0.110739
0.012498
0.275596
0.935583
1.000000
1.000000
0.084222
0.094443
0.397802
0.336422
0.000000
0.908827
0.978179
0.108446
0.556582
0.186515
0.020723
1.000000
0.538220
0.475779
0.310516
0.271423
0.289173
0.000000
0.999795
0.193796
0.919144
0.562309
0.212730
0.994723
0.594611
0.542727
0.710216
0.855824
0.908156
0.239963
0.025015
0.867972
0.766142
0.315968
0.369871
0.004382
0.398064
0.540272
0.597641
0.169586
0.740147
0.956502
0.784019
0.942612
0.503740
0.804033
0.966955
0.033104
0.374370
0.354021
0.999915
0.994627
0.315304
0.605834
0.348962
0.759799
0.521079
0.981247
0.494167
1.000000
0.936859
0.180705
0.676092
0.998901
0.966945
0.978380
0.008956
0.605037
0.447032
0.156367
0.997071
0.039934
0.578102
0.127295
0.999972
0.874675
0.021922
0.998909
0.633037
0.874240
0.145093
0.386567
0.800892
0.072043
0.999937
0.907670
1.000000
0.735500
0.002774
0.890059
0.071039
0.982278
0.701702
0.999980
0.231832
0.981965
0.633493
0.000000
0.872338
0.783484
0.231333
0.025653
0.879961
0.999933
0.986549
0.289634
0.000000
0.999745
0.991779
0.238746
0.131151
0.628065
0.026443
0.899516
0.127059
0.999603
0.878215
0.047535
0.141135
0.127020
0.000000
0.011476
0.972873
1.000000
0.291162
0.077747
0.992132
0.770062
1.000000
0.131393
0.073483
0.880820
0.056709
0.293794
0.999950
0.736181
0.494703
0.434043
0.011121
0.857755
0.000000
0.221962
0.458973
0.974682
0.470092
1.000000
0.782512
0.417710
0.457877
1.000000
0.083926
0.000000
0.686122
0.133620
0.719693
0.912494
0.353230
0.967212
0.245256
0.919111
0.286273
0.146374
0.147572
0.335125
0.653992
0.048095
0.631322
0.614066
0.994431
0.889991
0.985322
0.346077
0.202215
0.983366
0.990542
0.877931
0.537429
0.006785
0.573192
1.000000
0.330635
0.137723
0.755108
0.265554
0.905451
0.913962
0.993385
0.994245
0.882688
0.923007
1.000000
0.009247
0.000000
0.891097
0.322899
1.000000
0.865365
0.375987
0.477300
0.189809
0.889597
0.044935
0.071582
0.000000
0.000000
0.518215
0.371036
0.067772
0.786249
0.089483
0.005623
0.857587
0.677101
0.261334
0.568505
1.000000
0.943205
0.000000
0.975184
0.896168
0.436839
0.288212
0.961136
0.127981
0.999981
0.303996
0.071529
0.970002
0.530733
0.367469
0.000000
0.813364
0.335515
0.765079
0.330032
0.812346
0.164091
0.341648
0.179073
0.507859
0.049535
0.413111
0.419393
0.955598
0.437907
0.561819
0.970546
0.622378
0.999165
0.206026
0.265431
0.439003
0.377337
0.651159
0.882609
0.096820
0.997703
0.000000
0.891245
0.911533
0.120576
0.629072
0.270553
0.974854
0.000000
0.000000
0.789334
0.456976
0.906583
0.994886
0.836533
0.348343
1.000000
0.999993
0.591681
0.051430
0.177252
0.985772
0.121567
0.085766
0.974585
0.318398
0.774020
0.642542
0.127480
0.007029
0.007511
0.642546
0.161412
0.834082
1.000000
0.021656
0.216359
0.329822
0.988150
0.060648
1.000000
0.344429
0.000000
0.976433
0.000000
0.621021
0.000000
0.354745
0.235477
0.489978
0.354786
0.946173
0.999853
0.720808
0.002749
1.000000
0.041159
0.128789
0.999814
1.000000
0.101950
0.030128
1.000000
0.040539
0.994918
0.994440
0.448020
0.041830
0.354903
0.632205
0.000000
0.979130
0.920607
0.691563
0.039767
0.894881
0.497112
0.998593
0.059797
0.031767
0.999999
0.057063
0.500912
0.577990
0.107286
0.361531
0.449179
0.024148
0.217543
0.997394
0.650415
0.347625
0.125775
0.843812
0.888392
0.192213
0.712510
0.897987
0.000000
0.285251
0.000000
0.700139
0.018904
0.303897
0.939343
0.315703
0.613958
0.924614
0.298258
0.132834
0.990221
0.000000
0.488455
0.999659
0.713546
0.014804
0.208313
0.688882
0.009936
0.940785
0.000000
0.245426
0.329256
0.009413
0.210758
0.998644
0.986739
0.344102
0.112353
0.536969
0.243980
0.504012
0.769198
0.801156
0.090464
0.000000
0.182727
0.081401
0.799094
0.289626
0.026344
0.000000
0.080903
0.715330
0.137610
0.997747
0.000000
0.111126
0.301812
0.411867
0.501363
0.996466
0.997436
0.779750
0.999323
0.431269
0.028434
0.644701
0.847768
0.980964
0.257781
0.018828
0.000000
0.905115
0.997604
0.666996
0.408425
0.981505
0.439907
0.983399
0.079092
0.126542
0.943553
0.511294
0.480866
0.999979
0.729249
0.378306
0.313931
0.813634
0.999995
0.286124
0.966066
0.128312
0.997694
0.028063
0.638274
0.000000
0.976009
0.845986
0.086526
0.000000
0.343763
0.870085
0.974381
0.960324
0.358965
0.143298
0.090493
0.155325
0.450179
0.000000
0.029034
0.000000
0.195374
0.847058
0.000000
0.893704
0.883644
0.999585
0.018667
0.186671
0.999551
0.336073
0.028129
0.333728
0.334179
0.085372
0.684743
1.000000
0.906127
0.828746
1.000000
0.508212
0.710990
0.442728
0.047725
0.291265
1.000000
0.640487
0.343535
0.998608
0.054649
0.986299
0.089496
0.277134
0.057253
0.986580
0.517612
0.000000
0.948361
0.989011
0.576978
1.000000
0.000000
0.354301
0.048671
0.000000
0.682533
0.744710
0.107964
0.000000
0.618237
0.643590
0.925567
0.995079
0.033466
0.744879
0.229164
0.997932
0.353620
0.273907
0.025617
0.037477
0.088447
0.440337
0.995345
0.887770
0.000000
0.980711
0.113321
0.983368
0.656405
0.936776
0.998073
0.985484
0.774517
0.164724
0.906800
0.411651
0.046630
0.427273
0.019287
0.530722
0.199947
0.997407
0.000000
0.280927
0.726756
0.252403
0.050285
0.018785
0.822689
0.487825
0.010046
0.999997
0.997960
0.654813
0.978565
0.999223
0.258688
0.157065
1.000000
0.177633
0.999978
0.597028
0.968736
0.925294
0.548282
0.226049
0.448969
0.000000
0.985254
0.772822
0.272029
0.518486
1.000000
0.131799
0.183169
0.014121
0.226751
0.793428
0.938628
0.237434
0.131772
0.981213
0.168741
0.838862
0.997185
0.044340
0.555549
0.360880
0.000000
0.527733
0.664278
0.974454
0.568346
0.210613
0.000000
0.318851
0.004414
0.048653
0.492274
0.422780
0.393246
0.031137
0.317863
0.444654
0.438368
0.286474
0.485496
0.995087
0.920583
0.999966
0.000000
0.893353
0.000000
0.998822
0.833485
0.996891
0.494028
0.461806
0.576726
0.000000
0.408285
0.840061
0.693134
0.043327
0.172455
0.938166
0.893844
0.949425
0.000000
0.123907
0.387599
0.112067
0.639966
0.493225
0.615846
0.990893
0.309109
0.516773
1.000000
0.131953
0.035725
0.030991
0.039052
0.121963
0.960952
0.946711
0.775550
0.346718
0.560953
0.287220
0.998629
0.986671
0.057996
0.000000
0.000000
0.002183
0.300662
0.565535
0.847781
0.011093
0.989687
0.994825
0.125902
0.930928
0.998923
0.715007
0.080871
0.529921
0.971271
0.614861
0.651956
0.065981
0.345321
0.752413
0.577859
0.049733
0.652212
0.976057
0.999966
0.106332
0.781783
0.902878
0.971444
0.993469
0.010647
0.926889
0.154887
0.744695
0.123987
0.794529
0.001139
0.011760
0.021540
0.047247
0.130475
0.208073
0.728534
0.000000
0.365200
0.007927
0.991678
0.036807
0.088337
0.143675
0.183401
0.269115
0.243330
0.915416
0.980129
0.993278
0.194130
0.045048
0.676377
0.228372
0.000000
0.999852
0.677662
0.227117
0.741619
0.983322
0.149264
0.040141
0.920773
0.977695
0.224166
0.829672
0.057509
0.573269
0.989457
0.170094
0.000000
0.314438
0.782008
0.999205
0.893232
0.997727
0.369962
0.422492
0.885198
0.976854
0.981863
0.034309
0.954007
0.942857
0.074876
0.340437
0.437305
0.456774
0.131665
0.636288
0.214863
0.637835
0.062936
0.698425
0.726026
0.999900
0.410137
0.141606
0.993102
0.499552
0.135253
0.477804
0.986284
0.510356
0.003231
0.038466
0.118252
0.081150
0.054672
0.593459
0.000000
0.855700
0.355305
1.000000
0.999911
0.129302
0.000000
0.733733
0.114038
0.093830
0.480401
0.947808
0.410807
0.214218
0.395911
0.024379
0.171893
0.462512
0.795773
0.210816
0.302967
0.665215
0.116561
0.611152
0.672894
0.000000
0.060639
0.000000
0.460060
0.960891
0.989865
0.975100
0.970801
0.999969
0.000000
0.883082
0.983067
1.000000
0.000000
0.061693
0.000000
0.413406
0.278972
0.589478
0.991092
0.598595
0.285061
0.137543
0.162641
0.998579
0.992445
0.438669
0.998686
0.150749
0.404463
0.020332
0.009307
0.541907
0.906128
0.810172
0.999990
0.170662
0.831946
0.092145
0.000000
0.980006
0.158023
0.233729
0.464683
0.385051
0.582868
0.999995
0.000000
0.136813
0.317674
0.000000
0.066929
0.935391
0.000000
0.593486
0.999993
0.812140
0.979795
0.281707
0.999960
0.786531
0.326311
0.803686
0.257898
0.117337
0.054626
0.424541
0.717500
0.646848
0.414619
0.099318
0.000000
0.066685
0.324242
0.402670
0.243986
0.000000
0.024230
0.859998
0.030536
1.000000
0.000000
0.000000
0.901486
0.914202
0.955545
0.482865
0.999766
0.984393
0.358809
0.048051
0.237143
0.998997
0.121583
0.996608
0.467997
0.090472
0.685801
0.028061
0.027388
0.087688
0.000000
0.026665
0.988863
0.676780
0.012896
0.630058
0.000000
0.978131
0.102278
0.992853
0.999865
0.448051
0.075075
0.270946
0.002081
0.999964
0.997497
0.514619
0.581951
0.000000
0.210203
0.000000
0.473587
0.204081
0.642258
0.681702
0.580810
0.416041
0.172947
0.072211
0.284004
0.934962
0.295560
0.085497
0.952753
0.313820
0.999978
0.177547
0.645927
0.971826
0.007102
0.990081
0.146302
0.576391
0.012697
0.471602
0.773413
0.564104
0.860147
0.268061
0.246204
0.223988
0.582289
1.000000
0.661045
0.037417
0.800010
0.497399
0.321152
0.996267
0.288462
0.258426
0.695727
0.877996
0.539993
0.485754
0.358628
0.985200
0.999021
0.754166
1.000000
0.000000
0.998649
0.876407
0.209470
0.812910
0.188345
0.999997
0.158468
0.609275
0.550476
1.000000
0.136952
0.673776
1.000000
0.539267
1.000000
0.672119
0.078254
0.223562
0.005577
0.013528
0.000000
0.996478
0.000000
1.000000
0.041754
0.450973
0.999280
0.118605
0.949096
0.000000
0.766771
0.281406
0.487940
0.831186
0.150569
0.403606
0.408887
0.145637
0.956053
0.743050
0.873580
0.761356
0.992328
0.780458
0.999016
0.995324
0.994452
0.542737
0.310945
0.953747
0.330377
0.334173
0.504288
0.582049
0.000000
0.156746
0.999836
0.054466
0.707832
0.008242
0.965883
0.086607
1.000000
0.573345
0.023080
0.947209
0.522385
0.627176
0.998939
0.721697
1.000000
0.048479
0.319979
0.000000
0.728878
0.848623
0.555666
0.726387
0.086963
0.091508
0.500885
0.036581
0.552293
0.416810
0.998419
0.850774
0.000000
1.000000
0.988525
0.384692
1.000000
0.741448
0.946353
0.054638
0.389555
0.195639
0.844459
0.657445
0.332400
0.144302
0.464478
0.013924
0.465949
0.980011
0.817688
0.998665
0.093394
0.740267
0.126082
0.728428
1.000000
0.371621
0.009736
0.513796
0.162878
0.071568
0.686730
0.021991
0.292513
1.000000
0.003709
0.215032
0.104451
0.032280
0.484261
0.000000
0.980766
0.175634
0.656931
1.000000
0.307096
0.019153
0.909963
0.951467
0.050938
0.090673
0.981631
0.124298
0.269179
0.847936
0.130149
0.025823
0.145233
0.000000
0.070708
0.077498
0.878539
0.999607
0.177819
0.992650
0.514929
0.156997
0.998087
0.999969
0.334248
0.999920
0.101866
0.999391
0.000000
0.315260
0.104579
0.000000
0.042440
0.170144
0.971929
0.515445
0.233157
0.108754
0.000000
0.813067
0.994768
0.332608
1.000000
0.090572
0.880729
0.240238
0.000000
0.190690
0.828491
0.999984
0.000000
0.114689
0.602852
0.672809
0.287478
0.999980
0.000000
0.085517
0.171046
0.081078
0.549930
0.112130
0.089803
0.633713
0.959559
0.149904
0.728880
0.458672
0.000000
0.000000
0.000000
0.016105
0.988383
0.427778
0.571793
0.382650
0.717662
0.094500
0.054902
0.497700
0.963882
0.999999
0.138287
0.999068
0.135048
0.945512
0.699817
0.113924
0.974150
0.912396
0.588837
0.881772
0.565256
0.000000
0.895029
0.996450
0.091835
0.489191
0.007005
0.061540
0.999988
0.348594
0.207938
0.000000
0.629498
0.521491
0.000000
0.027568
0.630012
1.000000
0.054042
0.934540
0.477045
0.249847
0.212954
0.172720
0.997859
0.908691
0.454864
0.901626
0.106690
0.720509
0.997527
0.977179
0.983173
0.159422
0.999995
0.407494
0.292926
0.167149
0.959580
0.161969
0.044220
0.976979
0.039738
0.907848
0.999971
0.029970
0.576298
0.839410
0.344142
0.604323
0.168724
0.999965
0.014712
0.907489
0.021043
0.000000
0.384807
0.246181
0.231308
0.042803
0.999995
0.405212
0.000000
0.095798
0.748310
0.999898
0.999185
0.346315
0.521947
0.037869
0.913217
0.007667
0.997395
0.425212
0.117213
0.998495
0.298039
0.285058
0.943455
0.999854
0.999898
0.156577
0.249669
0.947121
0.699167
0.991565
0.937065
0.212411
0.991115
0.880791
0.668162
0.012805
0.200697
0.708602
0.988539
0.767976
0.354824
0.811509
0.146014
0.016232
0.073092
0.449949
0.457140
0.028631
0.182047
0.263792
0.346829
0.063212
0.000000
0.366915
0.999987
0.997859
0.244429
0.145969
0.000000
0.010359
0.146677
0.563074
0.258378
0.193768
0.966708
0.108545
0.995363
0.652526
0.356961
0.754389
0.994118
0.489241
0.017516
0.351518
0.246712
0.214630
0.681692
0.359862
0.999976
0.339588
0.760430
0.781786
0.174382
0.999939
0.627938
0.163830
0.877592
0.963422
0.038520
0.305698
0.315176
0.089640
0.974731
0.473806
0.071156
0.695092
0.159501
0.992665
0.000000
0.952411
0.067645
0.999976
0.871133
0.092650
0.523338
0.609216
0.085481
0.117351
0.764046
0.906161
0.875667
0.785598
0.370250
0.325461
0.952260
0.225657
0.055579
0.743662
0.994557
0.551019
0.567325
0.000000
0.237263
0.000000
1.000000
0.999660
0.013012
0.515350
0.781678
0.780322
0.198140
0.911060
0.460012
0.024381
0.000000
0.532642
0.000149
0.877537
0.070045
0.242483
0.189606
0.012330
0.495532
0.116624
0.000000
0.635331
1.000000
0.990668
0.999997
1.000000
0.999994
0.988422
0.999999
0.196770
0.659171
0.993788
0.105990
0.505512
0.455360
0.655230
0.138734
0.442234
0.998943
0.000000
0.248324
0.961497
0.447748
0.000000
0.999989
0.999997
0.784317
0.021696
0.272969
0.745398
0.992032
0.944945
0.020115
0.577297
0.999999
0.913834
0.410505
0.214344
0.984630
0.896224
0.214140
0.923991
0.344622
0.433717
0.392367
0.546020
1.000000
1.000000
0.083525
0.057631
0.287153
0.490578
0.601995
0.008783
0.974009
0.374437
0.999984
0.507409
0.999785
0.000000
0.773389
0.029137
0.866260
0.296770
0.963319
0.029061
0.016687
0.450775
0.101366
0.468721
0.861768
0.340345
0.138354
0.888180
0.107725
0.657463
0.911135
0.780346
0.127588
0.000000
0.094356
0.115067
0.321418
0.058592
0.752576
0.236558
0.087818
0.655870
0.000000
0.925944
0.882247
0.232540
0.740845
0.942720
0.054033
0.000000
0.518345
0.845901
1.000000
0.830440
0.208055
0.999611
0.990865
0.695951
0.916959
0.609804
0.830173
0.085766
0.910517
0.864639
0.993356
0.922363
0.762563
0.831940
0.494048
0.264390
0.997156
0.819262
0.000000
0.000000
0.095124
0.058077
0.792959
0.996489
0.022785
0.197440
0.722023
0.504149
0.338748
0.993342
0.971230
0.704817
1.000000
0.080721
0.991788
0.999966
0.517542
0.469013
0.987842
0.309746
0.725381
0.194945
0.548319
0.999998
0.717512
1.000000
0.352329
1.000000
0.409963
0.102216
0.247240
0.105358
0.017551
0.918291
0.000000
0.769448
0.160446
0.037105
0.975965
0.705601
0.996303
0.879848
0.000000
0.371389
0.555273
0.456923
0.000000
0.342262
0.999999
0.808418
0.156867
0.207783
0.140509
0.276953
0.484009
0.046692
0.771416
0.896120
1.000000
1.000000
0.734949
0.034689
0.700784
0.313181
0.997735
0.950685
0.944614
0.420570
0.846095
0.903454
0.732686
0.967720
0.707918
0.975873
0.300654
0.108798
0.267323
0.677336
0.850383
0.301911
0.330313
0.719793
0.037246
0.000000
0.182518
0.999999
0.809480
0.996809
0.290023
0.999999
0.905034
0.319247
0.000000
0.286397
0.992417
0.039420
0.375180
0.999982
0.454005
0.112679
0.998854
0.342994
0.235668
0.270622
0.998706
0.743283
0.816618
0.000000
0.906365
0.947384
0.999403
0.592778
0.620108
0.134937
0.000000
0.499073
0.081214
0.175411
0.004007
0.748508
0.977244
0.000000
0.092374
0.792653
0.688307
0.515073
0.503096
0.990371
0.560081
0.999997
0.638743
0.989199
0.954851
0.591852
0.286777
0.749927
0.678397
0.000000
0.284821
0.862062
1.000000
0.000000
0.993972
0.832487
0.872750
0.018797
0.863639
0.289948
0.236573
0.101097
0.996123
0.237695
0.737159
0.057577
0.549661
0.773346
0.347659
0.127239
0.999992
0.757427
0.109298
0.004972
0.657473
0.438573
0.973004
0.000000
0.272215
0.000000
0.011706
0.946399
0.068149
0.601294
0.999931
0.279179
0.967975
0.437484
0.913214
0.008500
0.224124
0.079072
0.531652
0.285287
0.279268
0.928841
0.858530
0.771555
0.219287
0.999078
0.220509
0.877802
0.000000
0.551185
0.170662
0.878715
0.365010
0.191986
0.194272
0.800657
0.945761
0.546552
0.017416
0.992063
0.194863
0.949955
0.590021
0.367135
0.174574
0.007481
0.286264
1.000000
0.946269
0.216754
0.010961
0.068205
0.891763
0.295547
0.447771
0.449193
0.047074
0.317847
0.141304
0.119502
0.998853
0.874463
0.773857
0.904177
0.967929
0.999862
0.135387
1.000000
0.418382
0.923510
0.482889
0.329670
0.009707
0.410693
0.002475
0.984120
0.993068
0.987400
0.000000
0.459728
0.989162
0.631559
0.682127
0.958505
0.288515
0.995724
0.059936
0.969896
0.037826
0.414370
0.522798
0.021938
0.018350
0.982425
0.380558
0.000000
0.509819
0.212743
0.095052
0.992238
0.029422
0.478262
0.988156
0.462538
1.000000
0.994509
0.871434
0.998345
0.912352
0.154445
0.452218
0.744019
0.793895
0.421391
0.969826
0.940799
0.153542
0.000000
0.392361
0.612152
0.017978
1.000000
0.054626
0.000000
0.247207
0.844544
0.426331
0.337946
0.188096
0.000000
0.339687
0.459057
0.799043
0.590723
0.993654
0.737000
0.999623
0.099069
0.078889
0.287960
0.117657
0.979770
0.998049
0.000000
0.981968
0.892759
0.000000
0.530496
0.740312
0.999972
0.158663
0.109946
0.772014
0.788606
0.018368
0.087319
0.420838
0.925068
0.113413
0.395415
0.210656
0.174263
0.953483
0.942638
0.088906
0.997065
0.535314
0.798389
0.999113
0.491484
0.997104
0.999942
0.602004
0.000000
0.054801
0.962688
0.095973
0.340689
0.046112
0.227308
0.999999
0.009156
0.134828
0.999991
0.461454
0.000000
0.215723
0.636873
0.000000
0.976381
0.999838
0.371069
0.178511
0.039941
0.999577
0.999743
0.012250
0.049619
0.986618
0.431756
0.088881
0.478379
0.467039
0.244823
0.000000
0.998071
0.041020
0.289044
0.132232
0.789866
0.426904
0.148029
0.797283
0.845719
0.989653
0.951062
0.999642
0.836489
0.948597
0.930041
0.512780
0.338518
0.999759
0.658316
0.000000
0.439302
0.184443
0.992985
0.551130
0.420148
0.145898
0.013416
0.523111
0.767366
0.961356
0.063764
0.999418
0.074782
0.265442
0.731729
0.937134
0.792731
0.290750
0.000000
0.018989
0.964011
0.376956
0.168961
0.025017
0.688370
0.220864
0.500392
0.994373
0.785739
0.168595
0.575049
0.992811
0.053669
0.632093
0.011094
0.085938
0.960168
0.111906
0.093377
0.949187
0.075108
0.991242
0.999992
0.986237
0.437213
0.987076
0.009341
0.972601
0.041013
0.250285
0.031109
0.357898
0.947287
0.340044
0.441341
0.140989
0.000000
0.391106
0.515371
0.990625
0.000000
0.259886
0.002831
0.094604
0.977036
0.210661
0.130489
0.026796
0.853218
0.144837
0.126663
0.881654
0.087244
0.078980
0.794988
0.031529
0.985538
0.629523
0.990391
0.875853
0.420414
0.553856
0.341632
0.086768
0.135672
0.989640
0.982895
0.000000
0.937389
0.519600
0.020451
0.128294
0.993100
0.228717
0.140037
0.199927
0.598079
0.014940
0.804521
0.062548
0.056640
0.393580
0.077755
0.991944
0.084474
0.081776
0.198205
0.999976
0.103533
1.000000
0.248263
0.000000
0.945988
0.014933
0.204655
0.130453
0.983329
0.387513
0.530614
0.938749
0.999945
0.687531
0.986767
0.975449
1.000000
0.584733
0.444580
0.000000
0.910890
0.233876
0.000000
0.663477
0.021635
0.617640
0.000000
0.000000
0.097739
0.999829
0.007354
0.352436
0.995036
0.576422
0.157472
0.000000
0.173975
0.290701
0.114230
0.295488
0.985347
0.933654
0.961801
0.320472
0.482960
0.999396
0.998651
0.498768
0.581153
0.131763
0.909336
0.992690
0.167143
0.054537
0.051829
0.447118
1.000000
0.996786
0.998165
0.644095
0.008662
0.843482
0.880839
0.997865
0.236417
1.000000
0.051660
0.000000
0.040824
0.011696
0.708445
1.000000
0.873384
0.324481
0.999892
0.768264
0.113398
0.644772
0.125296
0.068903
0.711781
0.896944
0.122082
0.316126
0.670130
0.994504
0.999998
0.223888
0.999997
0.246490
0.322176
0.000000
0.998406
0.986155
0.964163
0.238020
0.923468
0.030783
0.999996
0.953771
0.865627
0.670279
0.959971
0.849637
0.123302
0.265948
0.268254
0.374696
0.000000
0.000000
0.731172
0.015118
0.847397
0.358020
0.842479
0.000000
0.329447
0.076169
0.469144
0.991079
0.881157
0.916605
0.553573
0.997091
0.859010
0.000000
0.998970
0.989663
0.493267
0.213784
0.711310
0.996454
0.915909
0.958192
0.029016
0.156748
0.368542
0.014163
0.735795
0.090924
0.000000
0.745098
0.005224
0.496076
0.096769
0.884705
0.326571
1.000000
0.030307
0.984030
1.000000
0.990324
0.756258
0.627138
0.730182
0.143904
0.000000
1.000000
0.194089
0.796610
0.272132
0.091054
0.861645
0.000000
0.260113
0.271302
0.139560
0.163430
0.677256
0.039398
0.388849
0.722965
0.189876
0.065726
0.030688
0.999171
0.277157
0.615909
0.999936
0.827081
0.050951
0.242278
0.937419
0.086251
0.879947
0.065506
0.754413
0.499732
0.054402
0.955890
0.000000
0.081139
1.000000
0.415682
0.999852
0.280006
0.999998
0.094749
0.013508
0.964524
0.085945
0.133724
0.970747
0.125383
0.255709
0.000000
0.987391
0.020217
0.526353
0.031229
0.901582
0.235814
0.282900
0.302976
0.962175
0.000000
0.050628
0.265456
0.180469
0.464768
0.543215
0.072595
0.000000
0.949451
0.000000
0.031064
0.459169
0.007088
0.995326
0.996673
0.080018
0.433253
0.995741
0.888731
0.976348
0.213840
0.768886
0.599488
0.235552
0.471929
0.011649
0.597889
0.744500
0.993852
0.900010
0.999214
0.284786
0.982021
0.943186
0.948226
0.396274
0.992229
0.270748
0.184913
0.875614
0.140271
0.988747
0.105757
0.198691
0.244036
0.194075
0.998400
0.995359
0.330144
0.108319
0.261477
0.177371
1.000000
0.149125
0.848244
0.061221
0.037338
0.347245
0.185630
1.000000
0.000000
0.070210
0.331595
0.883873
0.403086
0.000000
0.680957
0.942224
0.133922
0.903045
0.000000
0.133522
0.042071
0.031039
0.993652
0.993662
0.051945
0.409903
0.982151
0.042551
0.487900
0.102602
0.270158
0.057571
0.000000
0.944752
0.352629
0.228193
0.999766
0.473090
0.999750
0.982999
0.776632
0.765587
0.952382
0.999897
0.993011
0.982704
0.019477
0.977747
0.130642
0.999357
0.902604
0.141884
0.779921
0.189119
0.826766
0.219566
0.992360
0.869731
0.999999
0.070994
0.037018
0.325068
0.688211
0.210217
0.132670
0.999373
0.060615
0.000000
0.163345
0.947640
0.978876
0.366344
0.761123
0.996924
0.000000
0.383123
0.079975
0.247220
0.999163
0.394150
0.681535
0.000000
0.204428
0.508621
1.000000
0.789279
0.239733
0.981015
0.000000
0.000000
0.452874
0.947447
0.978387
0.550710
0.000000
0.837066
0.075260
0.908007
0.320186
0.517483
0.806336
0.746564
0.370612
0.140933
0.335384
0.035756
0.594054
0.915352
0.009342
0.733963
0.427709
0.872225
0.309403
0.276930
0.976321
0.601128
0.818327
0.961168
0.924545
0.607908
0.567037
0.474178
0.999997
0.984182
0.024036
0.042825
0.907013
0.038906
0.189347
0.511624
0.114659
0.726210
1.000000
0.875108
0.143050
0.000000
0.838597
0.118149
1.000000
0.335247
0.991619
0.052634
0.498826
0.962933
0.099045
0.999998
0.379715
0.787788
0.904928
0.882927
0.764820
0.490638
0.670877
0.724677
0.026428
0.070785
0.988125
0.985536
0.259157
0.975381
0.461780
0.777946
1.000000
0.529886
0.761364
0.044698
0.999986
0.999942
0.164993
0.843467
0.999069
0.850238
0.365298
0.931750
0.164875
1.000000
0.768590
0.291524
0.251412
0.025587
0.598992
0.005596
0.146855
0.932762
0.298537
0.374947
1.000000
0.083098
0.977820
0.345022
0.682582
0.077551
0.634842
0.764098
0.588167
0.037162
0.374889
0.912437
0.510210
0.527606
0.957170
0.996871
0.808660
0.968585
0.292553
0.024728
0.873158
0.000000
0.308938
0.108633
0.379691
0.034242
0.857447
0.116611
0.999929
0.991069
0.906359
0.993925
0.835965
0.128795
0.852295
0.989669
0.994440
0.248108
1.000000
0.573354
0.000000
0.044055
0.238589
0.035189
0.998379
0.603675
0.042479
0.580103
0.318446
0.405430
0.560390
0.667148
0.332446
0.973506
0.999353
0.608788
0.170138
0.999993
0.720612
0.000000
0.951162
0.650405
0.187546
0.142441
0.492982
0.000000
0.055249
0.961463
0.758528
0.659602
0.958325
0.374936
0.006185
0.031574
0.273847
0.037338
0.201164
0.323920
0.691341
0.898272
0.729749
0.946825
0.328417
0.133306
0.990052
0.962342
0.916352
0.986143
0.142838
0.000000
0.209602
0.962350
0.997024
0.998450
0.606460
0.008744
0.647941
0.192439
0.107083
0.079786
0.990048
1.000000
0.302733
0.585190
0.204438
0.000000
0.999980
0.659250
0.278471
0.098529
0.553552
0.402013
0.710609
0.093415
0.922022
0.278052
0.983400
0.303346
0.906765
0.664212
0.407214
0.919473
0.056173
0.019931
0.138414
0.976627
0.417006
0.440784
0.999998
0.331138
0.911964
0.922697
0.420210
0.553409
0.999680
0.443587
1.000000
0.642545
0.914562
0.072811
0.415351
0.960751
0.122208
0.102553
0.826316
0.969964
0.493310
0.007942
0.974106
0.899459
0.009995
0.282501
0.000000
0.372126
0.334030
0.999999
0.309923
0.000000
0.098841
0.457126
1.000000
0.989713
0.998245
0.941220
0.014076
0.772334
0.995767
0.773732
0.000000
0.000000
0.053240
0.880063
0.525550
0.919317
0.979657
0.999993
0.129654
0.986982
0.332542
1.000000
0.397421
0.502564
0.233300
0.079595
0.831965
0.600977
0.814847
1.000000
0.064829
0.037928
0.683275
0.375961
0.000000
0.024814
0.668624
0.513618
0.981963
0.601074
0.338357
0.327453
0.000000
0.993943
0.645108
0.999991
0.949246
0.114674
0.999911
0.013691
0.838145
0.153135
0.185410
0.000000
0.999999
0.978486
0.845999
0.035599
0.816480
0.998570
0.286449
0.067606
0.893515
0.470168
0.306508
0.972406
0.806278
0.061667
0.992430
0.015673
0.114672
0.842024
0.632756
0.473105
0.072492
0.749104
0.929093
0.982834
0.883573
0.961838
0.999997
0.932539
0.170761
0.488533
0.582862
0.972481
0.108210
0.201616
0.990845
0.993505
0.601681
0.924137
0.000000
0.968615
0.526587
0.995985
0.291039
0.592715
0.460492
0.000000
0.999982
0.999858
0.588456
0.173538
0.042957
0.751274
0.083203
0.833526
1.000000
0.000000
0.968442
0.895281
0.928132
0.989027
0.960510
0.999682
0.998190
0.213187
0.046689
0.931993
0.357155
0.678468
0.002408
0.484248
0.965250
0.970642
0.995633
0.390874
0.991126
0.044935
0.000000
0.028416
0.441355
0.850750
0.000000
0.998993
0.299947
0.088123
0.200862
0.000000
1.000000
1.000000
0.871518
0.065077
0.000000
0.081336
0.224969
0.510658
0.999998
0.232096
0.964493
0.099555
0.279862
0.016672
0.060265
0.231993
0.761082
0.047209
0.037630
0.000000
0.157132
0.999968
0.927539
0.738229
0.032390
0.000000
0.847456
0.998650
0.999984
0.062489
0.110505
0.213828
0.981157
0.375376
0.045994
0.061628
0.000000
0.930676
0.014758
0.998634
0.098743
1.000000
0.798157
0.843217
0.011434
0.038988
0.644635
0.030955
0.900541
0.361352
0.306586
0.993650
0.555281
0.708080
0.022462
0.998930
0.379250
0.998479
0.995297
0.157881
0.166391
0.989124
0.080273
0.579063
0.391387
0.124307
0.821226
0.410083
0.000000
0.025711
0.000000
0.186869
0.422929
0.415296
0.000000
0.785311
0.218494
0.005321
0.202762
0.212494
0.000000
0.210148
0.961609
0.502470
0.999191
0.785042
0.040578
1.000000
0.312662
0.068512
0.970869
0.963520
1.000000
0.673894
0.810458
0.196840
1.000000
0.338923
0.996767
0.285992
0.142229
0.978532
0.999099
0.912658
0.108635
0.584693
0.996999
0.817206
0.573300
0.602575
0.178255
0.988603
0.227767
0.969864
0.997896
0.985512
0.351204
0.553164
0.501145
1.000000
0.933798
0.982452
0.659071
0.583555
0.532471
0.314199
0.288115
0.996258
0.740393
0.059060
0.987632
0.000000
0.040464
0.759707
0.933507
0.858722
0.287798
0.009267
0.332638
0.664052
0.776396
0.642781
0.000000
0.452026
0.989507
1.000000
0.058531
0.985778
0.256143
1.000000
0.743932
0.999911
0.053193
0.956226
0.141876
0.346420
