1.000000
1.000000
1.000000
0.998593
0.897914
0.016725
0.265921
0.932224
0.964883
1.000000
0.009293
0.897237
0.999768
0.999014
1.000000
0.760885
1.000000
0.000000
0.735061
0.834191
0.000000
0.878143
0.168068
1.000000
0.968306
1.000000
0.000000
0.000005
0.996366
0.001683
0.024328
0.819806
0.999997
0.532656
0.073125
1.000000
0.000000
0.999233
0.393701
1.000000
0.947754
1.000000
1.000000
0.000000
0.001272
0.023131
0.930622
0.741564
1.000000
0.000000
0.000000
0.514949
0.255573
0.635786
1.000000
0.000000
0.112363
1.000000
0.000000
1.000000
1.000000
0.617614
0.092913
0.792733
0.955446
0.483423
1.000000
1.000000
0.000000
1.000000
0.195918
1.000000
1.000000
0.993991
1.000000
1.000000
1.000000
0.493426
0.000000
0.116989
0.000008
0.855377
0.999906
0.001184
0.963415
0.999995
0.991712
0.940451
0.742842
1.000000
0.970100
1.000000
0.578671
0.143201
0.378251
0.307507
1.000000
1.000000
1.000000
0.394576
0.932746
0.000000
0.000000
1.000000
0.880600
1.000000
0.943856
0.998771
1.000000
1.000000
0.928416
1.000000
0.072175
0.114101
1.000000
0.000000
1.000000
0.000000
0.744089
0.999541
0.000000
0.000000
0.999026
0.457573
0.004316
1.000000
0.000000
0.942339
1.000000
1.000000
0.000000
0.957734
0.999999
0.939593
1.000000
1.000000
0.000000
0.316635
0.849390
0.000000
0.994224
1.000000
0.000131
1.000000
0.723741
0.999932
0.414790
1.000000
1.000000
1.000000
1.000000
0.349219
0.999894
0.000000
1.000000
0.000004
1.000000
0.999754
0.054905
0.000000
0.000000
0.000000
0.998009
0.065757
0.783174
1.000000
0.924124
0.134155
0.000000
1.000000
0.997749
0.999923
0.999838
0.956998
0.335214
1.000000
1.000000
1.000000
0.957471
0.790144
0.999866
0.000010
1.000000
0.818352
0.999807
1.000000
0.670674
0.999998
0.311235
0.496990
1.000000
0.184676
0.243503
0.000000
0.416015
0.000000
0.377380
0.999933
0.332966
0.987661
0.219055
0.928894
0.525073
1.000000
0.587181
0.619283
0.614119
1.000000
0.998443
0.000000
0.453231
0.997870
1.000000
0.442050
1.000000
1.000000
0.823567
0.005134
1.000000
0.000001
1.000000
0.998434
0.999768
0.992355
0.000000
1.000000
0.256068
1.000000
0.986948
0.969798
1.000000
1.000000
0.356993
0.703934
0.999916
0.992141
1.000000
0.963739
1.000000
0.985295
1.000000
1.000000
1.000000
0.853654
1.000000
0.999731
0.000000
1.000000
1.000000
0.490863
0.507707
1.000000
0.999821
1.000000
0.000000
0.923616
0.964681
0.210401
0.000000
0.868237
1.000000
1.000000
0.999798
0.899800
0.000054
1.000000
0.000000
0.639925
1.000000
0.202324
0.926181
0.380943
0.998635
0.999711
0.999976
0.983482
0.786614
0.991397
1.000000
0.000000
0.978873
1.000000
0.999999
0.000000
1.000000
0.737036
1.000000
1.000000
0.000000
1.000000
0.839034
0.999999
1.000000
1.000000
0.000000
0.589614
1.000000
1.000000
1.000000
0.587427
1.000000
0.337489
0.998976
0.733862
0.998544
0.475939
0.001886
0.000000
1.000000
0.000000
0.980580
0.999951
0.999842
1.000000
0.560808
0.264347
0.978711
1.000000
0.940234
0.845434
1.000000
1.000000
1.000000
0.468739
1.000000
1.000000
0.982509
0.075164
1.000000
0.277523
1.000000
1.000000
0.000000
0.000166
0.000000
0.024291
1.000000
0.906445
1.000000
0.925792
0.483630
1.000000
1.000000
1.000000
0.000000
0.829137
1.000000
1.000000
0.935505
0.989956
1.000000
0.000000
0.974894
0.422234
0.922940
0.999988
1.000000
1.000000
0.997978
0.114013
0.000000
0.999310
0.000000
0.000000
1.000000
0.821336
1.000000
0.938225
0.116259
1.000000
0.999927
0.388536
0.902080
1.000000
0.484940
1.000000
0.478349
0.666829
0.852874
1.000000
1.000000
0.465301
0.954801
0.999998
1.000000
0.998319
0.999650
1.000000
0.281174
0.150592
0.454846
0.999974
0.840096
0.000040
0.685127
0.000000
1.000000
1.000000
1.000000
1.000000
0.051536
0.783361
0.000000
0.420072
0.541744
0.000000
1.000000
0.000000
0.997574
1.000000
1.000000
0.999165
1.000000
0.051569
1.000000
0.909835
1.000000
1.000000
0.989756
0.795381
0.000000
1.000000
1.000000
0.840711
0.740259
1.000000
0.000000
1.000000
1.000000
1.000000
0.312191
0.264863
1.000000
1.000000
0.973880
1.000000
1.000000
1.000000
0.000000
1.000000
0.932645
0.000000
0.954731
0.278208
0.367054
1.000000
1.000000
0.999979
0.000036
0.600740
1.000000
1.000000
1.000000
0.664171
0.890665
0.999753
1.000000
0.000000
0.965586
0.062320
0.945936
0.463041
0.999991
1.000000
0.119632
0.001850
0.000000
1.000000
0.990651
0.000000
0.641686
1.000000
1.000000
0.999778
0.000000
1.000000
1.000000
0.543921
0.135010
0.000041
1.000000
0.748125
0.621223
0.000000
0.612499
1.000000
0.609226
0.999932
0.998217
0.000109
0.183268
0.999994
1.000000
0.957734
0.000000
0.640788
0.000000
0.000000
0.000000
1.000000
0.000000
0.000000
0.999996
1.000000
1.000000
0.024785
0.001930
1.000000
0.000000
0.000000
0.546396
0.999997
1.000000
0.091286
0.177360
0.989071
0.529185
1.000000
0.998641
0.000000
1.000000
1.000000
0.087584
1.000000
0.000000
0.164038
0.914712
1.000000
1.000000
1.000000
0.797920
0.000000
0.000033
0.609951
1.000000
0.999999
1.000000
0.027960
0.993768
0.000000
0.687429
0.091005
0.018523
0.820315
0.867538
0.000000
0.999007
1.000000
0.999930
1.000000
1.000000
1.000000
0.999754
1.000000
0.063389
0.999988
1.000000
0.000000
1.000000
0.833247
1.000000
0.999999
1.000000
0.976693
1.000000
0.321922
0.426279
0.000250
1.000000
0.972536
0.000000
0.000000
0.000000
0.999645
0.426279
1.000000
0.999942
0.000000
0.730284
1.000000
0.425314
0.998547
0.000000
0.999458
0.985521
0.179609
0.133409
0.000002
0.999910
0.999942
0.999970
0.015565
0.078123
1.000000
0.999998
1.000000
0.994852
1.000000
1.000000
0.607210
1.000000
0.000000
1.000000
0.626464
1.000000
0.007785
0.001930
1.000000
0.006704
0.000000
0.772485
0.054612
1.000000
0.000000
0.162122
0.999995
0.032310
0.982016
0.999094
1.000000
0.853155
1.000000
0.000000
0.000000
1.000000
1.000000
0.165199
0.000000
0.913818
0.000000
0.000000
0.146558
1.000000
0.640174
1.000000
1.000000
1.000000
1.000000
0.000000
0.958017
1.000000
1.000000
1.000000
0.000000
1.000000
0.999991
1.000000
1.000000
0.000000
0.000000
0.325090
0.000000
1.000000
1.000000
0.778895
1.000000
0.381184
0.897619
0.250105
0.346800
0.952310
0.000000
1.000000
1.000000
0.000000
0.685956
0.018784
1.000000
0.658764
0.733504
0.799429
0.998168
0.695747
0.004294
0.473041
1.000000
0.997858
0.000000
0.079387
0.000000
0.499584
0.999998
0.000000
0.958137
0.000000
0.999961
1.000000
1.000000
1.000000
1.000000
0.000435
0.001584
0.998544
0.511149
0.999097
1.000000
0.715495
0.255106
0.692417
0.991419
0.000000
0.988043
1.000000
0.000000
0.998087
1.000000
0.885203
0.000000
0.983584
0.430664
0.038588
0.000000
1.000000
1.000000
0.999873
1.000000
1.000000
1.000000
0.212440
1.000000
1.000000
0.996319
1.000000
1.000000
0.901474
0.999959
0.991065
0.819652
0.999908
1.000000
0.923267
1.000000
0.999973
0.996458
1.000000
0.010857
0.000000
1.000000
0.997744
0.160394
0.786313
0.124630
0.813172
0.548362
0.000000
0.000000
0.000000
1.000000
0.000000
0.000000
0.049915
1.000000
0.985427
0.816609
1.000000
0.000000
0.933290
0.969335
1.000000
1.000000
0.250648
0.913927
0.536075
0.926717
1.000000
0.510413
1.000000
0.957848
1.000000
0.999917
1.000000
1.000000
0.997577
0.450967
0.999165
0.000000
0.000000
0.264812
0.069142
0.977839
1.000000
0.587809
0.000000
0.000000
0.999849
0.828296
1.000000
1.000000
0.000000
0.961464
0.406128
1.000000
0.906165
0.662722
0.953883
0.982948
0.034934
0.410618
1.000000
1.000000
0.968527
0.998707
1.000000
0.999993
0.000000
0.264563
0.974894
1.000000
1.000000
0.057827
1.000000
0.000001
0.000000
0.778371
1.000000
0.000000
1.000000
0.999014
0.961055
0.007528
0.003559
0.534328
0.000000
0.541653
0.217146
0.000000
0.000000
0.146558
0.000182
0.000000
0.000000
0.000000
0.996499
0.314708
0.003540
0.179259
0.895082
1.000000
0.000000
0.903899
0.054905
0.000000
0.849178
0.080817
1.000000
0.811685
0.986747
0.000000
0.000000
1.000000
1.000000
1.000000
0.000000
0.619283
1.000000
0.999235
1.000000
0.685307
0.000000
1.000000
0.000000
0.000000
1.000000
0.053475
0.824796
0.994071
1.000000
0.883449
0.993309
1.000000
1.000000
0.121113
0.000004
0.948838
0.000941
1.000000
0.738592
0.992660
0.842168
0.450865
1.000000
0.999894
1.000000
0.999076
0.724456
0.996173
0.735696
0.275661
0.999571
1.000000
0.893233
0.995990
0.799966
0.037662
0.778707
1.000000
0.000000
0.333336
1.000000
0.818884
1.000000
0.000000
1.000000
1.000000
1.000000
0.157729
0.890286
0.000000
0.000000
1.000000
0.999999
1.000000
0.999645
1.000000
0.000000
0.000000
0.045797
0.999297
0.995384
0.999188
1.000000
0.000000
0.114031
0.042779
1.000000
1.000000
0.000000
1.000000
1.000000
1.000000
0.000000
0.480745
1.000000
0.999927
0.935297
0.982391
1.000000
1.000000
0.871045
1.000000
0.999934
0.984062
0.906688
1.000000
1.000000
1.000000
1.000000
1.000000
0.000000
1.000000
0.997015
1.000000
1.000000
0.000000
1.000000
1.000000
1.000000
0.088024
0.000000
1.000000
0.938231
0.000218
0.599053
0.939842
1.000000
0.000000
1.000000
1.000000
0.995471
1.000000
0.917505
1.000000
1.000000
1.000000
1.000000
0.000000
1.000000
1.000000
0.000000
0.000148
1.000000
0.024857
0.996810
1.000000
1.000000
1.000000
0.591116
0.000000
0.989548
0.947250
1.000000
1.000000
0.559342
0.972190
0.000000
0.987342
0.296575
0.000112
0.272357
0.000000
0.075968
0.999914
0.000000
0.705153
0.000000
0.236058
0.250105
0.975599
0.085383
0.982504
0.956528
0.993421
0.419154
0.000000
0.010940
0.999998
0.999598
0.000990
1.000000
1.000000
0.998729
0.000008
0.999996
1.000000
1.000000
0.003874
0.999039
0.600145
0.549208
0.583971
1.000000
0.999205
1.000000
0.656976
1.000000
0.125235
1.000000
0.989566
1.000000
0.000000
0.212440
0.998544
0.000000
0.000000
1.000000
1.000000
0.991191
0.048346
1.000000
0.496990
1.000000
0.592903
0.579630
0.794020
0.999558
1.000000
0.999998
1.000000
0.000000
0.999322
1.000000
1.000000
1.000000
1.000000
0.000000
0.100254
0.999981
0.994424
0.819351
0.000292
0.847041
0.000000
0.000151
1.000000
0.999999
1.000000
0.829475
1.000000
1.000000
0.858102
1.000000
1.000000
1.000000
0.999972
0.999999
1.000000
1.000000
1.000000
0.917095
0.364989
0.631641
1.000000
0.000000
1.000000
1.000000
0.000000
0.440135
1.000000
0.000000
1.000000
1.000000
0.259886
0.008271
1.000000
0.999928
1.000000
0.000000
1.000000
1.000000
0.586922
0.966263
1.000000
0.997974
0.028044
1.000000
0.185781
0.000000
0.656500
0.999997
1.000000
0.999999
0.009473
0.621854
0.975249
0.383318
0.072592
1.000000
1.000000
1.000000
0.362464
0.882271
1.000000
0.999998
0.751969
0.077855
0.999991
0.999995
0.999053
0.994584
0.921178
0.796078
0.392704
1.000000
0.422509
1.000000
1.000000
0.463749
0.940832
0.988125
0.028218
0.913740
1.000000
0.867117
0.474755
0.938192
0.000000
1.000000
0.005155
0.457161
0.973899
0.762829
0.805013
1.000000
0.644756
0.964429
0.710196
1.000000
1.000000
0.999991
0.085823
1.000000
1.000000
0.000000
0.000000
0.998400
0.926426
0.942722
0.922824
0.198199
0.000000
0.000000
0.002902
1.000000
1.000000
0.000002
0.983934
0.999892
0.999987
0.000000
0.002138
0.999783
0.337913
0.999977
0.988176
1.000000
0.999999
1.000000
0.996453
0.000000
1.000000
0.973702
1.000000
0.632994
1.000000
0.815783
0.000000
0.797383
1.000000
1.000000
0.109415
0.000000
0.000000
1.000000
0.000000
0.975641
1.000000
1.000000
1.000000
0.999315
1.000000
0.000000
0.000000
1.000000
0.996607
0.866538
0.133810
0.999999
1.000000
1.000000
0.999706
0.271166
0.999503
1.000000
1.000000
0.000000
0.019824
0.000000
1.000000
0.998558
0.000409
0.012118
0.000000
0.021832
0.886278
0.000000
0.511098
1.000000
0.999536
1.000000
0.000000
0.975936
0.923267
1.000000
0.000000
0.058242
1.000000
0.825745
0.174385
0.181946
0.993197
1.000000
0.198926
0.999991
1.000000
1.000000
0.000213
0.989500
0.587345
0.000000
0.000000
1.000000
1.000000
0.035311
1.000000
0.000000
0.899338
0.806345
0.001260
0.000000
0.881473
0.000000
0.678360
0.470415
0.933913
0.000040
1.000000
0.440992
1.000000
0.041256
0.253181
0.907713
0.651851
0.007249
1.000000
0.601436
0.000000
0.000000
0.559342
0.937641
0.358927
0.000000
0.998641
0.942818
0.962047
1.000000
1.000000
0.585435
1.000000
0.235366
0.000000
0.922750
1.000000
1.000000
1.000000
0.204178
1.000000
0.000000
0.449909
0.177774
0.768230
0.983992
1.000000
0.999143
0.848179
0.439274
1.000000
0.999056
1.000000
0.024489
1.000000
0.261408
0.999967
0.912995
0.609656
0.604703
1.000000
0.000000
1.000000
0.983992
0.999336
0.688375
1.000000
0.438512
0.117247
0.999791
0.924574
0.000000
0.000000
1.000000
1.000000
0.999897
0.571252
1.000000
1.000000
0.824897
0.803680
0.945087
1.000000
0.000000
0.110535
0.055709
0.571252
0.544662
1.000000
0.000000
1.000000
1.000000
0.137893
1.000000
0.992883
0.000000
0.173445
1.000000
1.000000
0.326076
0.000000
0.982944
0.000000
0.272850
0.073402
0.000000
0.902162
1.000000
0.000000
1.000000
0.800579
0.725479
0.000000
1.000000
1.000000
0.989530
1.000000
0.263903
0.994118
0.048593
1.000000
0.000000
0.999553
0.771433
0.024382
0.000000
0.709035
0.000013
0.000000
0.850682
0.848932
0.000000
0.040422
1.000000
0.698313
0.424314
0.000000
0.165923
0.270579
0.000000
1.000000
0.999999
1.000000
0.000000
0.000000
0.000000
1.000000
0.000000
0.894616
1.000000
1.000000
0.061755
0.999553
0.000211
1.000000
0.919354
0.000000
1.000000
0.999999
1.000000
0.899827
1.000000
0.000000
1.000000
0.999998
1.000000
0.998240
0.000000
1.000000
1.000000
1.000000
1.000000
0.998312
1.000000
0.930233
0.987308
1.000000
1.000000
0.999752
0.765059
0.266669
0.000000
1.000000
0.000000
0.000000
0.000000
0.998189
0.000000
0.569214
0.993275
1.000000
0.929596
1.000000
0.000000
0.992388
0.982949
1.000000
0.961757
0.002482
0.952340
0.996955
1.000000
1.000000
0.890096
0.851180
0.981067
1.000000
1.000000
0.000000
0.989055
0.000016
0.000000
0.056853
0.901735
0.000000
0.918689
0.999987
0.982328
0.582852
0.764895
0.000000
1.000000
1.000000
0.000000
0.000000
1.000000
0.999416
1.000000
1.000000
1.000000
0.514338
0.000000
0.999965
0.999933
0.996718
1.000000
1.000000
1.000000
1.000000
0.522669
0.141464
0.000000
0.000000
0.000000
0.212440
0.999706
0.000000
0.115800
0.000000
0.999973
1.000000
0.000000
0.988124
0.338320
1.000000
1.000000
0.000000
0.000000
0.244648
1.000000
1.000000
1.000000
0.992728
1.000000
0.999788
1.000000
0.002376
0.986470
0.977609
0.946533
0.802977
1.000000
0.459913
1.000000
0.936960
0.579132
0.439274
0.000000
0.691891
1.000000
0.001100
0.006827
0.999064
0.005909
0.004085
1.000000
0.000000
1.000000
1.000000
0.000000
0.999999
1.000000
0.999972
0.979622
0.049215
1.000000
0.995206
1.000000
0.985733
1.000000
0.365970
0.045074
0.000000
1.000000
0.828557
0.909887
0.268884
0.001354
0.000000
1.000000
1.000000
0.000000
0.973903
0.788585
1.000000
0.792032
1.000000
0.644609
1.000000
0.000918
1.000000
0.743756
0.000000
1.000000
0.627805
0.017018
1.000000
1.000000
0.294013
0.789097
1.000000
1.000000
0.998457
0.991885
0.000000
0.212440
0.000000
0.000042
1.000000
0.000000
1.000000
0.999982
1.000000
0.002698
0.000000
0.001350
0.747706
1.000000
1.000000
0.480317
1.000000
0.998369
0.923440
0.991934
0.000000
0.000000
1.000000
0.830328
0.312832
1.000000
0.000000
0.465778
0.999850
0.029332
0.012042
0.000000
0.999933
0.999859
1.000000
0.999371
0.000000
0.711598
0.000000
0.977958
0.000000
1.000000
1.000000
1.000000
0.712213
1.000000
0.000000
0.994943
1.000000
0.969767
0.975820
0.759069
0.459613
0.000000
0.999068
0.243596
1.000000
0.852859
0.999462
0.004283
1.000000
1.000000
1.000000
0.222254
0.833530
0.779615
0.000000
0.907902
0.000000
1.000000
0.576508
0.889634
0.999999
0.958598
0.000951
1.000000
0.999999
1.000000
1.000000
1.000000
0.000000
0.003559
0.000000
0.000000
0.000000
1.000000
0.982334
1.000000
0.055094
0.098946
1.000000
0.605231
0.354831
0.867796
0.827693
0.981775
0.910746
1.000000
0.038904
0.000000
0.113513
1.000000
0.000000
0.999783
0.000000
0.999301
0.000000
1.000000
0.000000
1.000000
1.000000
0.789848
0.860033
0.000000
0.605811
0.994408
1.000000
0.995025
0.999981
0.862013
0.559647
0.990022
1.000000
0.996966
1.000000
0.854912
0.264886
0.991838
0.823135
0.999889
1.000000
0.000000
1.000000
1.000000
1.000000
1.000000
0.993592
0.989877
0.054436
0.000000
1.000000
0.857005
0.999985
0.986470
1.000000
0.999724
0.739392
0.999887
0.413013
0.531671
0.000000
0.999997
0.048186
0.779729
0.048378
0.595802
1.000000
0.996388
1.000000
0.000000
1.000000
0.337461
0.430573
0.013284
1.000000
1.000000
0.000000
0.212947
0.737676
0.599671
1.000000
0.000000
0.000000
0.468036
1.000000
1.000000
1.000000
0.000000
1.000000
0.000000
0.004095
0.999989
0.000181
0.970685
0.000000
0.592501
0.998819
1.000000
0.000000
0.000000
1.000000
0.967736
0.000000
0.000000
1.000000
1.000000
1.000000
0.000000
1.000000
1.000000
1.000000
0.968306
0.100162
1.000000
0.999992
0.868976
1.000000
0.747072
0.148171
1.000000
0.999998
1.000000
0.957848
0.000000
0.000000
0.764111
1.000000
0.999856
0.000000
1.000000
0.961517
0.409141
1.000000
1.000000
0.997249
0.999995
1.000000
0.000000
0.997598
1.000000
0.033284
1.000000
1.000000
0.984487
0.970249
0.000000
1.000000
0.069626
0.144892
0.999989
0.000000
1.000000
0.001928
0.989420
1.000000
0.000000
1.000000
0.114996
0.024291
1.000000
0.999996
0.000000
1.000000
0.995467
0.000000
1.000000
1.000000
1.000000
1.000000
0.701258
1.000000
0.244648
1.000000
0.820027
1.000000
0.000000
0.999999
0.000000
0.000000
0.773230
0.000000
0.014502
0.939570
0.599548
0.720717
1.000000
1.000000
0.997007
0.999050
1.000000
0.383895
0.972877
0.000000
0.999987
0.000000
0.000000
0.798955
0.000000
0.448030
1.000000
0.182552
0.000000
0.067174
1.000000
0.959406
0.000000
0.000000
1.000000
0.323218
0.945340
0.964740
0.981120
1.000000
0.270901
0.426095
0.999999
0.955197
1.000000
0.999498
0.767875
1.000000
0.999984
0.022785
0.076671
0.000000
0.139310
0.999997
1.000000
1.000000
0.978821
0.914947
0.366269
0.612867
0.000000
1.000000
1.000000
0.917911
0.000000
1.000000
1.000000
0.000000
0.000000
0.999581
0.000001
0.264789
0.000000
1.000000
0.872137
0.995926
0.866950
0.999998
1.000000
0.781788
0.000000
0.069142
1.000000
0.110441
0.334047
0.999954
0.569278
1.000000
0.956706
0.789303
1.000000
0.433574
1.000000
0.998832
0.012681
0.972016
0.000000
0.000003
0.993722
0.000000
0.000000
0.000287
1.000000
1.000000
0.988323
1.000000
0.999503
0.224505
0.366816
1.000000
1.000000
0.000612
0.989911
0.369181
0.999830
1.000000
1.000000
0.000000
0.679084
0.976240
0.000000
0.632229
1.000000
1.000000
0.540852
0.547945
0.182215
0.000000
0.000000
0.908851
0.984549
1.000000
0.593100
0.000000
0.958415
1.000000
0.000151
1.000000
0.584907
1.000000
1.000000
1.000000
0.342158
0.980650
0.991858
0.723801
1.000000
1.000000
0.000000
1.000000
0.903608
1.000000
0.994689
0.772321
0.998772
1.000000
0.683289
0.902060
0.995192
1.000000
0.996573
0.999873
0.000000
0.144055
0.233790
0.208114
1.000000
0.049678
1.000000
1.000000
0.995455
0.000000
0.999498
0.349184
0.376515
0.000000
0.292257
1.000000
0.226449
1.000000
0.468036
1.000000
1.000000
1.000000
0.491342
0.914404
0.000000
0.000000
0.999941
0.948224
0.999327
0.840619
0.005746
0.000000
0.039933
1.000000
0.977816
0.000000
0.114298
1.000000
1.000000
0.996275
0.887167
0.999999
0.367215
0.646273
0.677549
1.000000
1.000000
0.870310
1.000000
1.000000
0.531402
1.000000
1.000000
1.000000
1.000000
1.000000
1.000000
0.999937
1.000000
1.000000
1.000000
0.867372
1.000000
1.000000
0.152198
0.793395
0.909511
1.000000
0.000000
0.993967
1.000000
0.139118
1.000000
0.000000
0.536075
0.212947
1.000000
0.687921
0.232995
0.000000
0.801607
0.000000
1.000000
0.880834
0.002860
1.000000
1.000000
0.999927
1.000000
0.686799
0.001012
0.038750
0.962929
0.999759
1.000000
0.000000
0.986774
0.920074
0.913219
0.000000
1.000000
0.000000
0.038296
0.582662
0.939199
0.999997
0.000000
0.923917
0.934303
1.000000
1.000000
0.490696
0.092429
0.971183
0.997671
0.999073
0.985009
0.999992
0.222937
1.000000
1.000000
1.000000
1.000000
1.000000
0.003201
1.000000
0.000002
0.619459
1.000000
0.999995
0.881391
0.431668
0.050465
0.009638
0.057756
0.023228
1.000000
0.210113
0.988748
1.000000
0.999612
0.002476
0.623616
0.997883
1.000000
0.576645
0.999976
0.957734
0.019748
0.000522
0.000209
1.000000
1.000000
1.000000
0.000000
1.000000
0.000077
0.926133
0.999947
0.920711
0.982034
1.000000
0.000000
1.000000
0.998071
0.682456
0.000000
1.000000
0.000000
1.000000
0.280378
0.481879
0.000000
0.015761
0.000000
1.000000
1.000000
0.999464
0.986057
0.715314
0.191668
1.000000
0.000000
0.069142
1.000000
0.000032
0.000134
1.000000
1.000000
0.999963
0.000000
1.000000
0.000000
1.000000
0.001338
0.000000
0.987754
0.434838
1.000000
0.999971
0.999982
0.000000
1.000000
1.000000
0.968306
0.998326
1.000000
0.925333
1.000000
0.017030
0.984768
0.213142
0.999975
0.000000
1.000000
0.295520
1.000000
1.000000
0.257186
1.000000
0.000000
0.000000
0.000000
0.089063
1.000000
1.000000
0.983333
0.001291
1.000000
0.998990
0.999939
0.998572
0.000883
1.000000
1.000000
0.160591
0.014809
0.000000
0.984818
1.000000
0.000000
0.998749
1.000000
0.121296
1.000000
0.000000
0.725500
1.000000
0.742705
0.850710
0.000000
0.984011
1.000000
0.000000
0.971927
0.000000
0.999999
0.998851
0.085143
1.000000
1.000000
0.230139
0.490107
1.000000
0.503892
1.000000
1.000000
0.000000
0.000000
0.992449
0.541462
0.000000
1.000000
0.999782
0.001726
0.279762
1.000000
0.000000
0.989880
0.971175
0.276941
1.000000
0.000000
0.983745
1.000000
0.970468
0.000000
0.977647
1.000000
0.997615
1.000000
1.000000
0.857403
1.000000
1.000000
0.998829
1.000000
1.000000
1.000000
1.000000
0.282290
0.856797
0.578909
0.000000
1.000000
0.000000
0.999938
0.764128
1.000000
0.502938
1.000000
1.000000
0.377380
1.000000
1.000000
1.000000
0.000791
0.271154
1.000000
0.999980
0.016305
1.000000
1.000000
0.951869
1.000000
0.000000
0.991587
0.999056
0.271175
0.457645
1.000000
0.629442
0.000053
0.999995
0.999999
0.000000
1.000000
1.000000
0.996679
0.970236
0.000000
1.000000
0.000000
0.915683
0.999997
0.547227
0.000000
1.000000
1.000000
1.000000
0.609813
1.000000
1.000000
0.116463
1.000000
1.000000
0.000000
0.021686
0.918095
0.000000
0.000003
0.131373
1.000000
1.000000
0.000000
0.868640
0.023212
1.000000
1.000000
0.247231
0.998989
0.477574
0.059604
0.000000
0.000000
0.999829
1.000000
0.000918
0.709691
0.000000
1.000000
0.593308
0.999173
0.000000
1.000000
1.000000
1.000000
0.999996
0.999999
0.998300
1.000000
1.000000
0.000000
0.873302
0.446492
1.000000
1.000000
0.983832
0.999967
0.999988
0.953078
0.952851
1.000000
0.000000
1.000000
1.000000
0.883678
0.080051
1.000000
1.000000
1.000000
1.000000
0.334047
0.983799
0.959316
0.003152
0.185847
1.000000
0.999997
0.993635
0.973303
1.000000
1.000000
0.800047
0.062139
0.947856
0.999622
0.039250
0.677234
0.999989
1.000000
0.000000
0.010262
0.000000
1.000000
0.323763
0.445877
1.000000
0.000000
1.000000
1.000000
1.000000
0.301630
0.892172
1.000000
0.991557
0.136734
0.531030
0.000000
0.003431
0.394823
0.000000
0.999570
0.980821
0.686465
0.337051
0.997291
0.066664
0.149216
1.000000
0.000000
0.066335
0.543918
1.000000
0.002275
0.999996
0.969554
0.706604
1.000000
0.880519
0.999999
1.000000
0.000042
0.000000
1.000000
0.000000
0.995179
0.349184
0.286803
0.997781
0.999836
1.000000
0.999974
0.922750
0.999998
0.999657
0.772502
0.687238
0.375066
0.000000
0.310116
0.000000
0.999393
0.997674
0.000000
0.917525
0.173686
0.827219
1.000000
0.999899
0.000000
0.477062
0.825745
0.639525
0.537377
0.496990
0.662071
1.000000
1.000000
1.000000
0.937922
0.067802
0.779620
0.118723
1.000000
1.000000
1.000000
0.999989
0.997943
1.000000
0.000000
0.000000
0.000000
1.000000
0.000000
0.244648
0.000000
1.000000
0.871387
0.281700
0.211559
0.999999
1.000000
1.000000
0.291449
0.097996
0.991481
1.000000
1.000000
0.988977
0.501230
0.999938
0.000000
1.000000
0.959796
0.102336
1.000000
0.000000
0.032519
0.000000
1.000000
0.027450
1.000000
0.819488
1.000000
1.000000
1.000000
0.999915
0.004657
1.000000
1.000000
0.997640
0.000000
1.000000
0.866280
0.998240
0.879184
1.000000
1.000000
0.998654
0.000000
1.000000
0.988580
0.999998
0.714240
0.000000
0.965787
1.000000
1.000000
0.950390
0.979265
1.000000
0.011822
1.000000
1.000000
0.980413
0.768609
0.768793
1.000000
1.000000
1.000000
0.999984
1.000000
1.000000
1.000000
0.000000
0.286797
0.000000
1.000000
0.915080
1.000000
0.002470
0.000000
0.871758
0.953458
1.000000
1.000000
1.000000
0.001159
0.616093
0.000000
1.000000
0.000000
0.000000
0.620075
0.892644
1.000000
1.000000
1.000000
1.000000
0.998276
0.090939
0.996370
1.000000
1.000000
0.999975
0.710196
1.000000
0.000000
0.435601
0.000000
1.000000
1.000000
1.000000
0.999997
0.932792
1.000000
1.000000
0.802203
1.000000
0.000000
0.000000
0.000000
0.811175
1.000000
1.000000
0.999775
0.774695
0.995858
0.964441
0.993169
1.000000
0.880251
0.057643
0.091268
0.971387
0.679860
0.983799
0.999977
1.000000
0.143629
0.575777
1.000000
1.000000
1.000000
1.000000
0.568173
0.687233
1.000000
1.000000
1.000000
0.911579
0.000000
0.536693
1.000000
0.308608
0.000000
1.000000
1.000000
0.998955
0.999998
0.907731
0.000000
1.000000
1.000000
1.000000
1.000000
0.007254
0.000000
1.000000
1.000000
0.087798
0.144001
1.000000
0.000000
0.999982
0.558778
0.000000
1.000000
0.103577
1.000000
1.000000
0.626352
0.999999
0.000000
1.000000
1.000000
0.024444
0.000000
1.000000
0.000000
1.000000
0.995036
0.981089
0.099694
1.000000
1.000000
0.160704
0.999473
1.000000
0.409882
1.000000
1.000000
0.160741
0.986905
0.976821
0.999994
0.000000
0.988505
0.679773
1.000000
0.133332
1.000000
1.000000
0.806957
0.037826
1.000000
0.991868
0.999625
1.000000
0.291912
0.978178
0.582103
0.465778
0.000000
0.935252
0.012580
0.953722
1.000000
0.738607
0.055086
0.000000
0.999571
0.000000
0.660125
0.998989
1.000000
0.997839
0.993562
0.779132
0.000000
1.000000
0.377722
0.942933
1.000000
1.000000
1.000000
1.000000
0.271175
0.313339
0.786313
0.921578
0.884551
0.000000
1.000000
0.998092
0.983824
0.365210
0.998982
0.045697
1.000000
1.000000
0.006289
0.790614
1.000000
1.000000
0.015634
1.000000
0.000000
0.627593
1.000000
1.000000
0.591315
1.000000
0.936297
0.000000
0.011749
1.000000
0.000000
0.337913
1.000000
0.976821
1.000000
0.376183
0.000000
0.138867
0.253181
1.000000
0.114686
0.999990
0.257821
0.000000
0.989051
1.000000
0.793702
1.000000
0.392728
0.984422
0.887936
1.000000
1.000000
1.000000
1.000000
0.613926
1.000000
0.999999
1.000000
0.989188
0.909946
0.267913
0.154035
1.000000
0.988842
1.000000
1.000000
1.000000
0.915683
0.196483
0.503709
0.000000
0.052133
0.953599
1.000000
0.530881
1.000000
1.000000
0.999991
0.990022
1.000000
1.000000
0.141432
0.991416
1.000000
1.000000
0.000000
1.000000
0.961287
0.072175
1.000000
0.448517
0.488675
0.000000
1.000000
0.495996
0.992355
0.000000
0.744161
0.994831
0.417173
0.999703
0.000000
0.000000
0.935826
1.000000
1.000000
0.645610
1.000000
0.886628
0.276104
0.525086
1.000000
0.054912
0.989591
0.774274
0.949996
0.952564
1.000000
0.999075
0.999409
0.058717
1.000000
0.820949
0.205913
0.855215
0.992998
0.999996
1.000000
0.996368
0.957190
1.000000
0.978512
0.999245
0.989819
0.000000
0.989623
1.000000
1.000000
1.000000
0.000000
0.999994
0.999849
0.993967
0.000000
0.999999
1.000000
1.000000
0.000000
0.000000
1.000000
0.914194
1.000000
0.000000
0.977689
0.053032
0.727935
1.000000
1.000000
0.065162
0.000000
0.000000
1.000000
1.000000
1.000000
0.604199
0.350014
0.012668
0.000000
0.684227
0.000000
1.000000
1.000000
0.737676
0.235032
1.000000
1.000000
1.000000
0.000000
0.457573
0.084726
0.999973
0.050213
0.002843
0.813876
0.999997
0.000000
0.127897
0.999754
0.000000
1.000000
0.138867
0.987288
1.000000
0.996435
0.000000
0.929342
0.951349
0.540852
0.000323
1.000000
0.999713
0.667531
1.000000
0.484198
0.468036
1.000000
0.000000
0.000000
1.000000
0.953849
1.000000
0.343379
1.000000
0.079689
1.000000
0.145314
0.506809
0.895905
0.016279
0.371538
1.000000
0.998825
1.000000
0.965858
0.358456
1.000000
1.000000
0.997644
0.999706
1.000000
0.993168
0.999268
1.000000
1.000000
1.000000
0.999997
0.113399
0.655136
1.000000
0.068292
1.000000
0.000015
0.000342
0.975020
1.000000
0.999280
0.998358
0.000000
0.000000
0.061038
0.169551
0.343379
0.000000
0.999916
0.710196
1.000000
0.790614
0.004408
0.457049
1.000000
0.733497
0.545407
1.000000
0.999999
0.999358
0.000000
0.379237
0.999956
1.000000
1.000000
1.000000
0.000000
0.000000
1.000000
1.000000
0.000000
1.000000
1.000000
0.971166
0.000000
0.512421
0.960792
0.032411
0.349184
0.403640
0.986409
0.310472
0.780195
0.288353
0.900362
0.964284
0.889634
1.000000
1.000000
1.000000
0.999901
1.000000
1.000000
0.222618
0.999998
0.000000
0.999999
1.000000
0.421878
0.803078
0.698413
0.000000
0.190890
0.162163
0.886810
0.000000
0.999998
0.802145
0.383895
1.000000
0.997482
1.000000
0.562679
0.036770
1.000000
0.000000
0.732842
0.969980
0.000000
1.000000
0.001528
1.000000
1.000000
1.000000
0.974783
0.919896
0.499900
0.041293
1.000000
0.799693
0.000000
0.000000
0.999983
1.000000
0.591457
1.000000
1.000000
0.227040
0.683912
0.000000
1.000000
0.990134
1.000000
0.946666
0.387988
0.001374
0.998070
0.441956
0.845639
0.994776
0.177419
1.000000
0.070335
0.002684
0.964924
0.999980
0.924776
0.142640
0.999986
0.170428
0.988124
1.000000
0.094777
0.992660
0.872154
0.348404
0.000000
0.160741
1.000000
0.999552
0.121632
0.999991
1.000000
0.177524
0.988748
1.000000
0.000000
0.050180
0.489651
0.030008
1.000000
1.000000
0.998133
1.000000
1.000000
1.000000
1.000000
0.998240
0.214786
0.566060
0.000000
0.000000
0.000000
0.983834
0.327010
1.000000
1.000000
0.000000
1.000000
1.000000
1.000000
1.000000
1.000000
0.924781
0.000000
1.000000
0.000000
0.212947
1.000000
1.000000
1.000000
0.000000
0.201043
1.000000
0.200655
0.696361
0.000000
0.116463
0.000000
1.000000
0.000000
1.000000
1.000000
0.832839
0.000000
0.032641
1.000000
0.980773
1.000000
1.000000
1.000000
1.000000
1.000000
0.657876
0.999920
1.000000
0.928581
0.000759
0.999989
0.663009
0.328678
0.000000
0.018282
0.000000
0.999600
1.000000
0.000000
1.000000
0.877969
0.855215
1.000000
0.000000
0.051109
0.979950
0.910049
0.000032
0.657278
0.185376
1.000000
1.000000
0.761717
0.825745
0.000000
1.000000
0.000000
1.000000
0.000160
0.000000
0.686537
0.055571
1.000000
0.919440
0.990657
1.000000
0.898590
0.976744
0.039887
0.997660
0.035006
1.000000
0.000000
0.972821
0.846476
0.998654
0.999998
1.000000
0.146034
1.000000
0.999504
0.000000
0.004321
0.000000
1.000000
0.212440
1.000000
1.000000
0.998371
0.824897
0.798881
0.000000
0.022261
1.000000
1.000000
1.000000
0.237636
1.000000
0.000000
0.328542
1.000000
0.995428
0.540323
0.866895
0.000000
0.006654
0.859276
1.000000
0.990278
1.000000
0.918291
0.436512
0.000000
0.000000
0.999982
1.000000
1.000000
0.916327
0.964883
1.000000
0.999995
0.498011
1.000000
1.000000
0.003559
0.397918
0.901317
0.027976
0.997792
0.000000
1.000000
0.991044
0.972914
0.684227
1.000000
1.000000
0.507819
0.000000
1.000000
1.000000
0.000000
0.999935
1.000000
0.605477
0.000000
0.999999
1.000000
0.826450
1.000000
0.000025
0.775144
0.560854
0.774974
0.999920
0.999999
1.000000
0.962047
0.207300
0.000000
0.826227
0.213889
0.000000
1.000000
0.582103
0.999084
1.000000
0.005255
0.050258
1.000000
0.443969
0.954971
1.000000
0.986971
0.999968
0.999995
1.000000
0.000000
1.000000
1.000000
1.000000
1.000000
0.837134
1.000000
1.000000
1.000000
0.774695
0.989975
1.000000
0.072372
1.000000
1.000000
0.000000
0.000295
1.000000
1.000000
0.000000
1.000000
0.999961
0.999907
1.000000
1.000000
0.920817
0.988330
1.000000
0.999996
0.000000
0.000000
0.959570
1.000000
0.849877
0.921655
0.999869
0.180680
0.998016
0.000000
1.000000
1.000000
0.019502
0.993834
1.000000
1.000000
0.000000
0.999254
0.999958
1.000000
1.000000
0.735588
1.000000
0.999006
1.000000
1.000000
0.622175
1.000000
0.965345
0.000000
0.000000
0.000000
0.824143
0.999098
0.960879
1.000000
1.000000
1.000000
1.000000
0.999613
0.916690
0.000000
1.000000
0.711296
0.000000
0.852132
0.999991
0.679576
0.987432
1.000000
0.691233
0.796143
1.000000
0.930144
1.000000
1.000000
0.004555
1.000000
0.000000
1.000000
1.000000
0.960879
1.000000
0.000000
0.926131
0.195480
0.207715
0.000000
0.435442
0.000000
1.000000
0.000000
0.000000
0.152198
1.000000
0.760803
0.000000
1.000000
0.000317
0.891891
1.000000
1.000000
0.896038
1.000000
0.999842
0.000000
0.000001
1.000000
0.999995
1.000000
1.000000
0.271266
0.002173
0.439274
0.000000
1.000000
1.000000
0.999985
0.658513
0.991868
0.000000
0.000000
0.000000
0.989623
0.068543
0.974633
0.000000
0.976582
0.999999
1.000000
0.000000
0.718476
0.979456
0.801552
1.000000
0.996528
0.000000
0.005298
1.000000
0.000000
1.000000
0.134234
1.000000
0.973797
0.998829
1.000000
0.999810
0.995131
1.000000
1.000000
1.000000
0.507749
0.438708
0.000000
1.000000
0.091570
0.000000
0.936568
0.998955
0.005204
1.000000
0.983502
0.000000
0.999920
0.906171
0.996311
0.948690
0.001048
1.000000
0.999988
0.487512
0.550137
1.000000
1.000000
1.000000
1.000000
0.975616
1.000000
1.000000
1.000000
1.000000
0.918827
0.908226
0.836891
0.701135
0.260951
0.992349
1.000000
1.000000
0.974624
0.029601
0.999996
0.000000
1.000000
0.999971
1.000000
0.634783
0.948224
0.000000
0.658513
0.000000
0.003262
1.000000
0.000000
0.896791
0.245187
0.798080
0.000000
0.000000
0.567345
0.745954
1.000000
0.457523
0.845145
0.914616
0.668693
1.000000
0.001614
0.033459
0.000000
0.000000
1.000000
0.191514
0.989324
1.000000
1.000000
0.986971
0.999368
1.000000
1.000000
0.998307
0.723409
0.642741
0.000000
1.000000
0.000000
1.000000
0.652642
0.458289
1.000000
1.000000
1.000000
0.460149
1.000000
0.597808
0.421099
1.000000
0.000000
0.835756
1.000000
1.000000
0.000000
0.196754
1.000000
0.122142
1.000000
0.999995
0.597201
0.423193
1.000000
0.977491
0.995211
1.000000
0.000208
0.987165
1.000000
0.991868
0.000000
0.965972
0.999999
0.068283
1.000000
0.755952
0.000000
0.999684
0.496990
0.968306
0.000000
0.000000
0.000000
0.900697
0.000000
0.860513
0.000208
0.000044
0.316890
1.000000
0.997324
0.999949
0.902352
0.000000
0.999842
1.000000
1.000000
0.461998
1.000000
1.000000
1.000000
1.000000
0.760862
0.107677
1.000000
0.999997
0.000839
0.612041
0.853498
0.949648
0.496990
0.180444
0.657638
0.621130
0.992603
1.000000
0.297595
1.000000
1.000000
0.999912
0.471840
0.000000
0.992242
0.418334
1.000000
1.000000
0.196887
0.000000
0.000000
0.652380
0.953405
1.000000
0.842114
0.000000
0.000000
0.125235
0.999995
1.000000
0.935418
0.347160
0.339321
0.000045
1.000000
0.999907
0.718540
0.891182
1.000000
0.028078
1.000000
0.999999
0.131292
0.999920
0.995822
0.038024
1.000000
0.628092
1.000000
0.570004
0.853905
0.047722
0.999997
0.797966
0.575724
0.000000
0.219693
0.000000
0.999441
0.999703
0.958140
0.146694
0.573626
0.000563
1.000000
0.990736
1.000000
1.000000
1.000000
1.000000
0.000061
1.000000
1.000000
0.777181
0.197170
0.000000
0.999849
0.180561
0.999500
1.000000
1.000000
0.224480
1.000000
0.000000
0.944697
0.002530
1.000000
0.000000
0.357899
0.836424
1.000000
1.000000
0.054846
0.626876
0.939666
0.000000
1.000000
0.339495
0.000000
0.000000
0.094946
0.884551
0.000000
0.000000
1.000000
0.000000
1.000000
1.000000
0.922771
0.504322
0.756017
0.000000
1.000000
1.000000
0.000018
0.000000
0.873821
0.001585
0.000000
0.999301
1.000000
0.222096
0.139946
0.999999
1.000000
0.044866
1.000000
0.999136
0.976429
0.999983
1.000000
1.000000
1.000000
1.000000
0.724135
0.000000
1.000000
1.000000
0.999976
0.000000
1.000000
0.970795
0.353092
0.999996
0.987858
0.616762
1.000000
1.000000
0.000000
1.000000
0.000000
0.507707
0.000000
1.000000
1.000000
1.000000
0.968574
0.968487
0.997620
1.000000
0.458659
0.999839
0.996569
1.000000
0.226946
0.691700
0.999930
1.000000
0.884511
0.000000
0.000000
0.747559
1.000000
1.000000
0.493426
1.000000
1.000000
0.000000
0.000000
0.999910
0.000000
0.000000
0.995947
1.000000
0.217154
1.000000
1.000000
0.558778
0.491292
1.000000
0.510747
0.798802
1.000000
0.000000
0.993445
0.201336
1.000000
1.000000
0.970349
0.581907
0.000000
1.000000
0.995368
1.000000
0.999993
1.000000
0.992942
0.085603
1.000000
0.410618
0.898016
1.000000
0.883041
1.000000
0.924471
0.973840
1.000000
1.000000
1.000000
1.000000
1.000000
0.000803
1.000000
1.000000
1.000000
1.000000
0.998952
0.540288
1.000000
0.977087
0.998327
0.014251
0.376330
1.000000
0.925200
0.997851
1.000000
0.998748
1.000000
0.000000
0.054648
0.821520
0.760095
1.000000
0.999997
0.000000
0.000000
0.000000
0.000000
1.000000
0.001448
0.999900
0.970826
0.000000
0.831953
0.576988
1.000000
1.000000
0.979456
0.000039
0.178040
0.594002
0.999930
0.999979
0.280979
1.000000
1.000000
1.000000
0.521751
0.303683
0.456211
1.000000
0.741391
1.000000
1.000000
0.019824
1.000000
0.249453
1.000000
0.811592
0.029056
1.000000
0.000000
1.000000
0.061885
0.977694
0.982259
1.000000
1.000000
1.000000
1.000000
0.332659
1.000000
1.000000
0.999432
0.000000
1.000000
0.999845
1.000000
1.000000
0.999996
1.000000
0.992696
0.000000
0.167314
0.000000
0.001781
0.999974
1.000000
0.994517
0.315482
1.000000
0.021543
1.000000
0.954537
0.998826
0.458859
0.699654
1.000000
0.000000
1.000000
0.000000
1.000000
1.000000
0.592915
0.947275
0.999970
0.998544
0.999944
0.000000
1.000000
0.000000
0.962039
1.000000
0.000000
0.834824
0.000000
0.981521
0.745777
1.000000
0.999833
1.000000
0.032522
0.000000
0.099861
1.000000
1.000000
1.000000
1.000000
0.000000
1.000000
0.157505
0.064431
0.000000
0.999999
0.068771
0.718682
1.000000
1.000000
0.242463
0.000000
0.999806
1.000000
0.083007
0.000000
0.000000
0.967133
0.523753
0.999910
0.989912
1.000000
0.156759
1.000000
1.000000
1.000000
0.000000
0.000000
1.000000
0.797918
0.000000
1.000000
0.381216
1.000000
0.259499
1.000000
1.000000
0.721089
0.000000
0.229478
1.000000
0.000000
1.000000
0.000000
0.065596
0.003283
1.000000
0.605466
0.438052
1.000000
0.996555
1.000000
0.999846
0.345675
0.997890
1.000000
0.479370
0.998311
0.204964
0.000000
0.000000
0.269139
0.121835
0.050867
0.000000
1.000000
1.000000
1.000000
0.997485
1.000000
1.000000
0.000000
0.957190
0.000000
0.919114
1.000000
0.999703
0.239736
0.996957
0.289706
1.000000
1.000000
0.966190
0.114298
0.000000
1.000000
0.857005
1.000000
1.000000
0.000528
1.000000
0.101420
0.995295
0.000000
0.998300
1.000000
0.999866
1.000000
1.000000
0.996655
1.000000
1.000000
0.064093
1.000000
1.000000
1.000000
1.000000
1.000000
0.000000
1.000000
1.000000
1.000000
0.000000
0.000000
0.000000
0.000000
0.969103
1.000000
0.998641
1.000000
0.000000
1.000000
1.000000
0.331709
1.000000
0.532007
1.000000
0.999999
0.090415
0.999953
0.903608
0.999966
1.000000
1.000000
0.999936
0.536075
1.000000
0.000000
0.000000
0.025013
0.000167
0.981400
0.657657
0.000000
1.000000
0.000000
0.006350
0.457602
0.999996
0.999772
0.999995
0.885766
0.999401
0.105630
1.000000
0.681093
0.981469
0.537312
0.410618
0.999087
0.000000
0.993708
0.993708
0.885606
0.999959
0.970564
0.262199
1.000000
0.985242
0.343379
0.998866
0.847431
0.906654
1.000000
0.994950
0.019645
1.000000
1.000000
0.998460
0.012699
1.000000
1.000000
0.455918
0.066759
0.629447
1.000000
0.908521
0.016721
0.925823
1.000000
0.023228
0.993581
0.000000
0.998886
1.000000
1.000000
0.000000
0.003670
1.000000
0.976016
0.000000
1.000000
1.000000
0.927215
0.999950
0.945196
0.663578
0.960636
1.000000
0.100138
0.744214
1.000000
1.000000
1.000000
1.000000
0.991652
1.000000
0.297651
0.092543
1.000000
0.000000
0.000000
0.245125
1.000000
0.000000
0.000000
0.838845
0.810564
0.999935
0.634081
0.000000
0.002784
1.000000
0.824127
1.000000
0.000000
1.000000
0.736206
1.000000
1.000000
0.000000
0.999966
1.000000
1.000000
0.983830
1.000000
1.000000
0.944450
1.000000
0.001629
0.092319
1.000000
0.998479
1.000000
0.330436
0.072175
0.000000
0.937331
0.000000
0.002592
0.999918
0.346952
0.000000
0.193734
1.000000
0.656448
0.999629
0.000000
0.646383
1.000000
0.072809
0.999836
0.994234
0.991249
0.000000
1.000000
0.352091
1.000000
0.000000
0.000000
1.000000
0.954605
0.016595
1.000000
1.000000
1.000000
1.000000
1.000000
0.000000
0.902908
0.033620
0.940411
0.000000
1.000000
0.678964
0.999642
1.000000
1.000000
0.000000
1.000000
0.999949
1.000000
0.000000
