0.000000
0.868228
0.000000
0.000000
0.000000
0.000000
0.000085
0.009760
0.000000
0.000000
0.000000
0.000000
0.013465
0.255029
1.000000
0.038122
0.000000
0.000000
0.000000
0.000000
0.000000
0.000000
0.000003
0.967094
0.000000
0.000056
0.000000
0.000000
0.000000
0.000000
0.000000
0.000000
0.000000
0.004385
0.000000
0.000000
0.000000
1.000000
0.000000
0.990227
0.999264
0.000000
0.000000
0.001807
0.839106
0.068358
0.000000
0.000000
0.000000
0.000000
0.000000
0.000000
0.000000
0.000000
0.000000
0.000000
0.000000
0.000000
0.000000
0.000000
0.000000
0.000000
0.000000
0.000000
0.000000
0.000000
0.000000
0.000000
0.172833
0.025275
0.000000
0.000000
0.000000
0.000000
0.134998
0.000000
0.000000
0.000000
0.000000
0.000000
0.000000
0.000061
0.000000
0.000000
0.000000
0.000000
0.000000
0.004892
0.000000
0.000000
0.000000
0.000000
0.000000
0.000000
0.966275
0.040073
0.253837
0.000000
0.000000
0.000000
0.000000
0.000000
0.000000
0.000000
0.000157
0.000000
0.000000
0.997679
0.789415
0.000000
0.000000
0.000000
0.000000
0.000000
0.000000
0.000000
0.000003
0.000000
0.000000
0.000000
0.006115
0.000000
1.000000
0.000000
0.000000
0.000000
0.000000
0.059571
0.000001
0.000000
0.000000
0.000000
0.000000
0.000000
0.006036
0.000000
0.000000
0.000000
0.000000
0.000000
0.000109
0.004797
0.000000
0.394507
0.939586
0.000000
0.000000
0.000000
0.000000
0.000000
0.882595
0.000000
0.000000
0.000000
0.000000
0.000000
0.000000
0.000000
0.000000
0.000000
0.000000
0.000000
0.000000
0.320160
0.000000
0.056660
0.000000
0.000000
0.000000
1.000000
0.000000
0.000000
0.000271
0.000000
0.000000
0.000000
0.000000
1.000000
0.000000
0.000000
0.000000
0.000000
0.000000
0.000000
0.000000
0.000000
0.643682
0.005992
0.000000
0.000583
0.000000
0.000083
0.000000
0.000000
0.000000
0.000000
0.000000
0.146382
0.000000
0.000000
0.000000
0.000000
0.000000
0.011647
0.000000
0.000000
0.000186
0.000000
0.000000
0.000000
0.000000
0.000000
0.001958
0.000000
0.000000
0.009085
0.000000
0.000000
0.000178
0.000000
0.000000
0.000000
0.000000
0.000000
0.000000
0.000000
0.000000
0.000000
0.274790
0.068144
0.983451
0.000000
0.000000
0.000000
1.000000
0.000000
0.000000
0.000000
0.000000
0.000000
0.000000
0.000206
0.000000
0.000000
0.000000
0.000000
0.000000
0.000000
0.000000
0.000000
0.000000
0.000000
0.000068
0.000000
0.000000
0.122610
0.083683
0.000000
0.026592
0.000000
0.000000
0.000000
0.015884
0.000000
0.000000
0.000000
1.000000
0.000000
0.000000
0.159951
0.000000
0.000000
0.000000
0.000000
0.000000
0.158114
0.000640
0.000000
0.244134
0.000000
0.000000
0.026123
1.000000
0.128162
0.078987
0.000620
0.000000
0.000009
0.000000
0.004950
0.000003
0.031868
0.000000
0.000644
0.000000
0.004758
0.000000
0.000000
0.000000
0.999998
0.000000
0.000000
0.000000
0.000000
0.000000
0.000000
0.000000
0.276333
0.000000
1.000000
0.000000
0.000000
0.000000
0.089664
0.000000
0.002374
0.000000
0.000000
0.000000
0.000000
0.000000
0.000000
0.000000
0.000000
0.036450
0.000000
0.000000
0.080803
0.928477
0.949986
0.000000
0.000000
0.000000
0.000000
0.000000
0.000000
0.000000
0.000000
0.000000
0.000000
0.000000
0.000000
0.000000
0.010738
0.000000
0.000666
0.000000
0.000000
0.000000
0.000000
0.000000
0.000000
0.000000
0.011433
0.000000
0.000000
0.000000
0.257210
0.000000
0.015389
0.000000
0.000000
0.002876
0.008478
1.000000
0.000000
0.000000
0.000000
0.000000
0.056202
0.000000
0.000000
1.000000
0.000000
0.000213
0.000000
0.000000
0.000000
0.000000
0.014823
0.000000
0.000240
0.000000
0.662750
0.000000
0.999959
0.000000
0.000000
0.000000
0.000092
0.000000
0.000000
0.023706
0.000000
0.000000
1.000000
0.000000
0.000000
0.000000
0.000000
0.000164
0.000000
0.000000
0.000000
0.000000
0.000000
0.206614
0.000220
0.983420
0.825719
0.000000
0.769012
0.222578
0.000000
0.000000
0.000000
0.097881
0.000000
0.000000
0.000000
0.000000
0.000013
0.000000
0.000000
0.000000
0.000000
0.000000
0.000000
0.000000
0.000005
0.000000
0.000000
0.000000
0.000000
0.000000
0.000000
0.000000
0.000000
0.000000
0.000000
0.000000
0.000000
0.000000
0.793698
0.000000
0.000000
0.000000
0.000000
0.912951
0.004888
0.094005
0.000000
0.000000
0.000000
0.002857
0.001155
1.000000
0.094016
0.000000
0.000000
0.000000
1.000000
0.000000
0.000000
0.001812
0.000000
0.000000
0.040058
0.000000
0.000000
0.000665
0.000000
0.000000
0.000000
0.010926
0.000000
0.000000
0.000000
0.000000
0.000000
0.000000
0.000000
0.000000
0.000366
0.000000
0.000000
0.000000
0.287378
0.000000
0.000000
0.000000
0.000000
0.000000
0.000000
1.000000
0.000000
0.000000
0.000000
0.000000
0.000000
0.000000
0.385823
0.000000
0.000000
0.000000
0.017064
0.000000
0.000000
0.000000
0.000000
0.000000
0.000000
0.000000
0.000000
0.000000
0.000000
0.000075
0.000000
1.000000
0.000000
0.000389
0.000000
0.000000
0.000000
0.001744
0.000000
0.000000
0.000000
0.977301
0.999948
0.000000
0.000000
0.999997
0.000000
0.335107
0.062173
0.000000
0.000000
0.000000
0.000000
0.000000
0.000000
0.000000
1.000000
0.272359
0.000000
0.000000
0.000000
0.006455
0.000000
0.000000
0.628029
0.000000
0.000000
0.000000
0.000000
0.000000
0.000000
0.000000
0.000000
0.000000
0.000000
0.000000
0.000000
0.000000
0.000000
0.000000
0.454417
0.000000
0.000000
0.350773
0.000116
1.000000
0.000000
0.000000
0.000000
0.000000
0.000000
0.000000
0.000000
0.000000
0.465467
0.000000
0.000000
0.000000
0.000000
0.000000
0.000000
0.000000
0.153567
0.000000
0.008452
0.000000
0.000000
0.000000
0.000153
0.000000
0.000000
0.000000
0.001230
0.000000
0.000000
0.000000
0.000000
0.000000
0.000000
0.000000
0.000000
0.960899
0.000000
0.002014
0.000000
0.000000
0.000000
0.001627
0.000267
0.000000
0.123323
0.000000
0.107139
0.002606
0.000000
0.000000
0.000000
0.006283
0.000000
0.006420
0.000013
0.000000
0.000000
0.000291
0.000000
0.000000
0.965974
0.000000
0.000000
0.000000
0.000000
0.000000
0.000000
0.084747
0.000000
0.006839
0.000000
0.000000
0.000110
0.000000
0.792745
0.000000
0.167327
0.000000
0.000000
0.000000
1.000000
0.000000
0.030508
0.000000
0.000000
0.044817
0.001527
0.000000
0.000000
0.000000
0.000000
0.000001
0.000000
0.027765
0.000000
0.000000
0.000000
0.000000
0.000000
0.000000
0.000000
0.000000
0.000000
0.000000
0.000000
0.000000
0.001301
0.000000
0.000000
0.000000
0.000000
0.000052
0.000000
0.000000
0.000000
0.000000
0.000000
0.000000
0.032885
0.000000
0.000000
0.000000
0.000000
0.000156
0.001030
0.000000
0.000000
0.000000
0.000000
0.000000
0.000000
0.000000
0.033271
0.003732
0.000000
0.000000
0.000000
0.000000
0.000000
0.033957
0.000000
0.000000
0.030016
0.000000
0.000750
0.644067
0.000000
0.000000
0.000000
0.000000
0.000000
0.000000
0.000000
0.000000
0.000000
0.000000
0.595770
0.000000
0.000000
0.000004
0.000000
0.000000
0.000000
0.000000
0.000000
0.000091
0.461590
0.000002
0.000000
0.000000
0.000000
0.000000
0.000000
0.564095
0.000000
0.000000
1.000000
0.000000
0.000000
0.000000
1.000000
0.000000
0.000000
0.000000
0.008920
0.000000
0.000000
0.000000
0.000000
0.187004
0.000000
0.000000
1.000000
0.000000
0.000000
0.163691
0.000000
0.000000
0.000000
0.000000
0.000000
0.131679
0.000000
0.000000
0.000000
0.000000
0.000000
0.000000
0.000000
0.000000
0.000000
0.000000
0.000000
0.000000
0.000000
0.000000
0.000000
0.000000
0.000000
0.000000
0.002346
0.007168
0.000000
0.000000
0.000000
0.000000
0.000000
0.000000
0.000000
0.000000
0.000239
0.000000
0.009694
0.502127
0.000000
0.000000
0.000000
0.000000
0.047669
0.000000
0.518767
1.000000
0.000000
0.000000
0.999827
0.000013
0.000000
0.000000
0.000000
0.000000
0.000000
0.000000
0.021571
0.004418
0.989379
0.000000
0.600753
0.996506
0.000000
0.006335
0.000000
0.000000
0.000000
0.000000
0.000000
0.000000
0.000000
0.000000
0.000000
0.000000
0.000000
0.000000
0.000015
0.492385
0.000000
0.000000
0.000000
0.000000
0.000000
0.000000
0.000000
0.000151
1.000000
0.000000
0.000000
0.000000
0.000000
0.998799
0.050144
0.000000
0.000000
0.000000
0.000000
0.017421
0.000000
0.000000
0.000000
0.000000
0.000000
0.000000
0.000000
0.000000
0.000000
0.463851
0.359819
0.000000
0.000000
0.000000
0.000000
0.000000
0.000001
0.000000
0.000000
0.000000
0.426186
0.000000
0.008432
0.000000
0.000000
0.000000
0.000000
0.000000
1.000000
0.000000
0.008981
0.000000
0.000000
0.008500
0.005277
0.000561
0.000000
0.231342
0.003407
0.000000
0.000000
0.000000
0.000000
0.006536
0.000003
0.000009
0.005147
0.000000
0.000001
0.000000
0.239110
0.000000
0.032741
0.000000
0.000000
0.000000
0.000000
0.000000
0.000082
0.000000
0.000000
0.000000
0.000000
0.000000
0.000000
0.974832
0.053593
0.000000
0.963418
0.000000
0.000000
0.000000
0.000000
0.240325
0.000085
0.108632
0.000000
0.000000
0.000000
0.031960
0.000000
0.000000
0.949565
0.000000
0.000638
0.862724
0.000000
0.000000
0.000000
0.000000
0.000000
0.000000
0.000000
1.000000
0.037755
1.000000
0.000000
0.000000
0.000000
0.000000
0.000000
0.000000
1.000000
0.098378
0.000000
0.000000
0.000000
0.027576
0.999965
0.000000
0.000000
0.000000
0.000000
0.000000
0.000000
0.000000
0.000000
0.000000
0.013372
0.999952
0.000000
0.000283
0.000000
0.000343
0.000000
0.000000
0.000000
0.003326
0.000000
0.000000
0.000000
0.000000
1.000000
0.000000
0.000005
0.000060
0.000000
0.000655
0.000000
0.000000
0.000000
0.000000
0.000000
0.000000
0.000000
0.000000
0.000000
0.000000
0.000000
0.000000
0.000000
0.000000
0.993483
0.000098
0.000036
0.000000
0.000000
0.000238
0.000000
0.000000
0.000000
0.000000
0.000000
0.000019
0.000000
0.000000
0.000005
0.000000
0.149441
0.000000
0.000000
0.332328
0.120887
0.000000
0.000000
0.000000
0.000000
0.000000
0.000000
0.009027
0.003047
0.000000
0.000680
0.000000
0.000000
0.000000
0.000000
0.000000
0.000000
0.000000
0.000000
0.000000
0.000000
0.177363
0.000000
0.008480
0.000000
0.184113
0.000000
0.641700
1.000000
0.517916
0.000000
0.000000
0.000000
0.000000
0.000000
0.000000
0.000000
0.000000
0.000000
0.000000
0.000000
0.000000
0.000000
0.000000
0.267967
0.000000
0.000000
0.995449
1.000000
0.000019
0.880075
0.000000
0.000000
0.000000
0.000000
0.000000
0.000161
0.000000
0.000000
0.067279
0.000000
0.000000
0.000000
0.000000
0.011139
0.000000
0.000000
0.000213
0.115218
0.000000
0.000000
0.000000
0.000000
0.000000
1.000000
0.000006
0.421373
0.000000
0.000000
0.000000
0.078398
0.000000
1.000000
0.999989
0.000000
0.000000
0.001224
0.000000
0.000000
0.000000
0.000000
0.000000
0.000000
0.055217
0.000000
0.000000
0.000000
0.000000
1.000000
0.240598
0.000000
0.000924
0.000000
0.000000
0.033148
0.000000
0.000000
0.000000
0.000000
0.000211
0.001152
0.000000
0.000001
1.000000
0.000000
0.000000
0.000000
0.000000
0.004271
0.000185
0.000000
0.000000
0.071755
0.000000
0.015594
0.000000
1.000000
0.144776
0.006885
0.000000
0.000000
0.000000
0.000000
0.000000
0.000000
0.000000
0.000000
0.000000
0.000000
0.000000
0.000000
0.000000
0.000000
0.000000
0.000000
0.000000
0.000000
0.000000
0.000000
0.000000
0.000000
0.012009
0.000000
0.000000
0.000000
0.000000
0.000000
0.000000
0.000000
0.024280
0.000000
0.000000
0.000023
0.000000
0.000001
0.000000
0.000000
0.000000
0.000000
0.191410
1.000000
0.000000
0.000000
1.000000
0.999832
0.000000
0.000000
0.000000
0.000000
0.000009
0.000000
0.000000
0.000212
0.000000
0.000000
0.000000
0.001280
0.177201
1.000000
0.000000
0.000000
0.000000
0.009884
0.000123
0.000000
0.000000
0.000000
0.010710
0.000000
0.000000
0.000000
0.000000
0.000000
0.000000
0.000000
1.000000
0.000166
0.000000
0.042029
0.000000
0.000000
0.000000
0.999997
0.993390
0.000000
0.289617
0.000129
0.422875
0.000000
0.000000
0.000000
0.000000
0.001680
0.000000
0.000000
0.000000
0.000000
0.109039
0.000000
0.000028
0.000000
0.000000
0.000000
0.000000
0.307696
0.000000
0.001336
0.000000
1.000000
0.000000
0.000000
0.722690
0.197564
0.000000
0.000000
0.000000
0.061774
0.000000
0.000000
0.000000
0.000000
0.000191
0.000000
0.000000
0.000000
0.000000
0.597926
0.000000
0.000000
0.000000
0.000869
0.000000
0.000000
0.000000
0.000000
0.000035
0.000000
0.000000
0.868669
0.000000
0.000000
0.821375
0.000730
0.000000
0.000000
0.000000
0.998152
0.000000
0.000000
0.000000
0.000000
0.000000
0.000000
0.005996
0.000000
0.000000
0.000000
0.000000
0.000620
0.000000
0.000000
0.210271
0.000000
0.000000
0.000003
0.000000
0.000000
0.000000
0.000000
0.000000
0.398640
0.000000
0.000864
0.000000
0.000004
0.000473
0.426447
0.000000
0.559847
0.000000
0.225429
0.000000
0.000000
0.000000
0.000000
0.000000
0.000000
0.000000
0.000000
0.000000
0.000000
0.000000
0.000000
0.000000
0.000000
0.000000
0.000000
0.000000
0.000000
0.000000
0.000000
0.000000
0.000000
0.000000
0.000000
1.000000
0.000023
0.000000
0.000000
0.489773
0.000000
0.000000
0.000000
0.000000
0.000000
0.000000
0.009174
0.000000
0.000000
0.015277
0.000000
0.000000
0.000000
0.377210
0.878949
0.000000
0.000000
0.000000
0.274603
0.000000
0.000000
0.132982
0.000000
0.117247
0.000000
0.000000
0.000000
0.000000
0.126953
0.000000
0.000000
1.000000
0.000000
0.000000
0.000000
0.000517
0.000000
0.000000
0.765244
0.000000
0.000000
0.000000
0.000000
0.000000
0.012033
0.000000
0.000000
0.000000
0.000000
0.000244
0.000221
0.000000
0.000000
0.000000
0.000000
0.000000
0.091673
0.000000
0.001756
0.000000
0.000000
0.000000
0.423865
0.000000
0.000000
0.044257
0.119977
0.000000
0.000000
0.000000
0.000000
0.000000
0.000000
1.000000
0.000000
0.000000
0.999990
0.000000
0.000000
0.000000
0.000000
0.999964
0.000000
0.000000
0.000000
0.709812
0.000031
0.000000
0.000000
0.000000
1.000000
0.000000
0.000000
0.000000
0.785106
0.000000
0.004519
0.000000
0.000000
0.457336
0.000000
0.000000
0.000000
0.000000
0.000000
0.000000
0.000000
0.000000
0.000000
0.999661
0.000000
0.000000
0.000000
0.084021
0.000000
0.018271
0.000000
0.000000
0.000000
0.005717
0.000000
0.000000
0.000003
0.029421
1.000000
0.000000
0.000000
0.000000
0.000001
0.000000
0.002054
0.000000
0.000000
0.000000
0.000000
0.000855
0.000000
0.942726
0.000000
0.000000
0.000000
0.000000
0.477268
0.000000
0.000000
0.000000
0.000000
0.107147
0.000000
0.000000
0.000000
0.000000
0.000000
0.007834
0.000000
0.000000
0.000000
0.000000
0.227097
0.000000
0.000000
0.000000
1.000000
0.602202
0.000000
1.000000
0.000000
0.102175
0.000000
0.011193
0.000003
0.454141
0.090133
0.000000
0.000000
0.000000
0.142053
0.000000
0.000000
0.000000
0.001243
0.000000
0.000000
0.000000
0.127547
0.000000
0.001007
0.000000
0.000000
0.000000
0.000000
0.000000
0.999978
0.000000
0.000000
0.000000
0.000000
0.000000
0.999480
0.000000
0.204227
0.000000
1.000000
0.037306
0.000000
0.346642
0.000000
0.000000
0.000000
0.000000
0.000000
0.000000
0.000000
0.000000
0.000000
0.000000
0.000000
0.000000
0.006068
0.392679
0.000000
0.000000
0.000000
0.000000
0.000193
0.002294
0.000000
0.000000
0.000000
0.000000
0.000000
0.000000
0.000000
0.000000
0.000000
0.000004
0.068077
1.000000
0.653095
0.000000
0.003619
0.000000
0.000000
0.000000
0.000001
0.000000
0.000000
0.000000
0.286960
0.000000
0.000000
0.000000
0.000000
0.000000
0.000000
0.000000
1.000000
0.000000
0.000000
0.000000
0.235926
0.021864
0.000000
0.000000
0.255120
0.000000
0.000000
0.112052
0.000000
0.006452
0.000249
0.000000
0.000000
0.255276
0.000000
0.002891
0.000000
0.000000
0.005722
0.000000
0.000000
0.000000
0.384785
0.000000
0.393700
0.000000
0.000000
0.000000
0.000000
0.000000
0.004108
0.000000
0.000000
0.000000
0.000499
0.055324
0.000000
0.000000
0.001277
0.000000
0.000000
0.000000
0.000000
0.000000
0.000000
0.000000
0.000000
0.969291
0.009728
0.998247
0.000000
1.000000
0.000000
0.000000
0.000000
0.000098
0.035156
0.000000
0.000000
0.000000
0.997837
0.000000
0.000102
0.000000
0.000000
0.000000
0.000000
0.000000
0.000009
0.079729
0.000000
0.000000
0.000000
0.000000
0.000000
0.000000
0.000000
0.000000
0.000000
0.000000
0.000000
0.010077
0.000000
0.000000
0.999895
0.824920
1.000000
0.000000
0.000345
0.000000
0.000000
1.000000
0.000112
0.000000
0.000000
0.000000
0.000000
0.000000
0.000000
0.000000
1.000000
0.000000
0.000000
0.000000
0.048760
0.000000
0.990516
0.019537
0.000000
0.481404
0.306416
0.000000
0.000000
0.000000
0.000000
0.000000
0.000023
0.000000
0.006716
0.000000
0.013515
0.000000
0.000000
1.000000
0.000000
0.000000
0.000000
0.000000
0.000000
0.000000
0.000000
0.000000
1.000000
0.000000
0.000024
0.000000
0.000000
0.023649
0.306151
0.000000
0.000000
0.000000
0.330621
0.000000
0.000000
0.999980
0.021062
0.000000
0.000000
1.000000
0.000000
0.760585
0.000000
0.000037
0.000000
0.000000
0.000000
0.022915
0.000000
0.000000
0.000000
0.000000
0.000000
0.000000
0.000000
0.000000
0.000000
0.000000
0.013181
0.000000
0.000000
0.000000
0.006750
0.082737
0.000000
0.318093
0.000000
0.000371
0.000278
1.000000
0.000000
0.000000
0.000000
0.000000
0.000000
0.706998
0.000000
0.000000
0.999999
0.000000
0.000000
0.000000
0.000000
1.000000
0.000000
0.000000
0.000000
0.000018
0.000330
0.000000
0.000000
0.000000
0.011198
0.000000
0.000000
1.000000
0.000000
0.000000
0.000000
0.000000
0.000000
0.003488
0.000000
0.000000
0.000000
0.000000
0.000000
0.000000
0.000000
0.000000
0.000000
0.000000
0.000036
0.000000
0.000000
0.000000
0.000000
0.000000
0.000000
0.000000
0.075619
1.000000
0.004014
0.005531
1.000000
0.000009
0.000000
0.000000
0.000000
1.000000
0.000000
0.000000
0.082766
0.000000
0.000000
0.000000
0.000000
0.000000
0.000000
0.000000
0.000000
0.000011
0.000000
0.000000
0.000000
0.000000
0.000000
0.000000
0.000000
0.046965
0.002730
0.000000
0.000000
0.000000
0.000000
0.000000
0.000000
0.000000
0.000000
0.000000
0.000000
0.001692
0.000000
0.000000
0.000000
0.000000
0.001770
0.000000
0.000000
0.123624
0.000000
0.000000
0.000000
0.000000
0.000000
0.000000
0.000000
0.018136
0.000000
0.000000
0.000000
0.000000
0.000000
0.000000
0.000000
0.561386
0.000000
0.000000
0.000000
0.547236
0.666088
0.001246
0.000000
0.000000
0.000000
0.005439
0.027541
0.000048
0.003293
0.000000
0.000000
0.000000
0.203863
0.000000
0.000000
0.000000
0.000000
0.000000
0.146707
0.976104
0.996900
0.837051
0.000000
0.000000
0.000002
0.000000
0.000000
0.000000
0.000000
0.000000
0.212174
0.000000
0.000000
0.000000
0.003213
1.000000
0.000000
0.000000
0.000000
0.000000
0.000000
0.000000
0.000000
0.000000
0.000000
0.000000
0.000000
0.000000
0.000000
0.000000
0.000000
0.000000
0.000000
0.000000
0.000000
0.000000
1.000000
0.000000
0.000000
0.000000
1.000000
0.000000
0.000455
0.000000
0.000000
0.000000
0.002572
0.000616
0.000000
0.000000
0.052385
0.159787
0.074184
0.000000
0.000000
0.000000
1.000000
0.000000
0.000000
0.000000
0.000000
0.000000
0.000000
0.000026
0.054550
0.000000
0.000000
1.000000
0.000000
0.014065
0.000000
0.000000
0.000000
0.000000
0.000000
0.000000
0.000000
0.000000
0.000000
0.000000
0.000000
0.000000
0.000000
0.000000
0.000000
0.000000
0.000000
0.000000
0.000000
0.000000
0.019307
0.000000
0.000000
0.002732
0.000000
1.000000
0.000000
0.000000
0.000000
0.000000
0.000000
0.000000
0.018832
0.000000
0.000000
0.000000
0.997440
0.000000
0.000000
0.000000
0.000000
0.000000
0.000000
0.000000
0.000000
0.000000
0.000000
0.000000
0.000000
0.000000
0.000000
0.000000
0.000000
0.017844
0.000000
0.910076
0.021497
0.000000
0.082562
0.000000
0.014537
1.000000
0.168365
0.000000
0.032627
0.000000
0.000000
0.041723
0.983178
0.030405
0.000000
0.167060
0.000000
0.000000
0.000000
0.000000
0.059379
0.000000
0.000000
0.000000
0.000000
0.000000
0.000000
0.101396
0.000000
0.000000
0.000000
0.000000
0.000000
0.000000
0.000000
0.000000
0.000000
0.000000
0.000000
0.000000
0.000000
1.000000
0.000000
0.000000
0.000000
0.000000
0.000000
0.000000
0.000000
0.000000
0.027174
1.000000
0.000000
0.000000
0.000000
0.000000
0.000000
0.000000
0.000000
0.000000
0.000000
0.000000
0.857139
0.012161
0.000000
0.000000
0.000000
0.000000
0.000000
0.000000
0.000000
0.000000
0.203552
0.000000
0.000000
0.003670
0.000000
0.376017
0.000000
0.000000
0.000014
0.304272
0.000000
0.000000
0.000000
0.000000
0.000000
0.000000
0.000000
0.000000
0.000000
0.000000
0.000000
0.000000
0.011197
0.000000
0.000000
0.999949
0.000000
0.000000
0.000000
0.000000
0.319569
0.000000
0.000000
1.000000
0.188676
1.000000
0.000000
0.000000
0.000000
0.000000
0.000286
0.000000
0.000000
0.000000
0.000000
0.000000
0.000000
0.000000
0.000000
1.000000
0.373137
0.000000
0.000000
0.063347
0.000024
0.000000
0.000000
0.000000
0.087253
0.000000
0.000000
0.000000
0.000000
0.098022
0.864076
0.000000
0.000000
0.000000
0.014782
0.000000
0.975623
0.000000
1.000000
1.000000
0.000000
0.000000
0.028376
0.000000
0.001472
0.000000
0.000000
0.000000
0.000000
0.000000
0.000000
0.350193
0.000000
0.448670
0.000000
0.000000
0.000000
0.000000
0.000000
0.596171
0.148413
0.000000
0.000000
0.000000
0.000000
0.000000
0.000000
0.000000
0.000000
0.000000
0.000000
0.000000
0.000000
0.000000
0.002673
0.000000
0.000000
0.000000
0.000000
0.010321
0.000000
0.999738
0.037005
0.000000
0.006625
0.000000
0.000000
0.000000
1.000000
0.000000
0.032031
0.000052
0.000000
0.000000
0.000000
0.999706
0.000000
0.000000
0.000000
0.000000
0.000000
0.000000
0.000000
0.000000
0.002019
0.000000
0.000000
0.000000
0.000000
0.000000
0.000187
0.003904
0.000000
0.000000
1.000000
0.009445
0.000000
0.000000
0.000000
0.000000
0.000000
0.000000
0.000000
0.142266
0.000000
0.000000
0.000000
0.153459
0.000000
0.000000
0.000000
0.000000
0.000000
0.000000
0.000000
0.000000
0.153395
0.000542
0.000000
0.000000
0.069000
0.000000
0.767833
0.000000
0.000009
0.000000
0.000000
0.000000
0.000000
0.000000
0.000000
0.000000
0.177131
0.000000
0.000000
0.000000
0.000000
1.000000
0.717309
0.000000
0.078405
0.002326
0.000000
0.000000
0.000000
0.000000
0.058168
0.000000
0.002044
0.000000
0.052339
0.000000
0.000000
0.000000
0.000000
0.000000
0.000000
0.075397
0.000000
0.000000
0.000000
0.999993
0.999997
0.000182
0.000000
1.000000
0.000000
0.000000
0.001134
0.000000
0.014998
0.000000
1.000000
0.000000
0.000000
0.000000
0.000000
0.000000
0.000000
0.000000
0.000000
0.009027
0.000000
0.000000
0.000000
0.000000
0.000029
0.000000
0.000000
0.000653
0.000000
0.000000
0.000000
0.000000
0.000000
0.872396
0.006333
0.000000
0.000000
0.000000
0.032485
0.050559
0.000000
0.000000
0.000016
0.000000
0.000000
0.000000
0.000000
0.000000
0.000000
0.000000
0.000000
0.908668
0.000000
0.000000
0.000000
0.000000
0.000000
0.000000
0.000000
0.000000
0.031021
0.000000
0.000000
0.000000
0.000000
0.000000
0.000000
0.000000
0.000000
0.000000
0.000000
0.000000
0.000000
0.000000
0.000000
0.000000
0.000000
0.000000
0.112163
0.000000
0.000000
0.000000
0.000185
1.000000
0.000000
0.000000
0.000000
0.000000
0.991202
0.011610
0.000000
0.000000
0.004920
0.000000
0.000000
0.393831
0.000000
0.442180
1.000000
0.000000
0.000000
0.121547
0.000000
0.000000
0.000000
0.000000
0.000000
0.000000
0.535785
0.000000
0.000000
0.000000
0.000000
0.000000
0.137744
0.000000
0.000000
0.000000
0.000000
0.000000
0.988981
0.000000
0.410450
0.009457
0.000000
0.000000
0.000000
0.000000
0.000000
0.000000
0.000000
0.000169
0.742841
0.019366
0.000000
0.000000
0.000000
0.000000
0.000000
0.000000
0.000000
1.000000
0.000000
0.000000
0.000000
0.000000
0.841650
0.000000
0.000000
0.000000
0.000000
1.000000
0.000000
0.000000
0.000000
0.000587
0.000000
0.000000
0.000548
0.000000
0.000000
0.000000
0.000000
0.000000
0.000000
0.000000
0.000000
0.000000
0.005042
0.000000
0.000000
0.997925
0.000000
0.000000
0.000000
0.056368
0.000000
0.000000
0.000000
0.214108
0.000000
0.000000
0.000000
0.000273
0.000000
0.045845
0.000000
0.000000
0.000000
0.000000
0.000000
0.007936
0.000000
0.000000
0.000000
0.000000
0.053877
0.000000
0.000000
0.000000
0.015563
0.000000
0.000000
0.001410
0.152912
0.000000
0.000000
0.999967
0.000000
0.000000
0.000389
0.000000
0.000000
0.000994
0.000000
0.000000
0.000000
0.000000
0.000000
0.009867
0.000000
0.000000
0.000000
1.000000
0.000000
0.000000
0.000000
0.001069
0.000000
1.000000
0.000000
0.000000
0.080252
0.998771
0.000000
0.009873
0.000000
0.002472
1.000000
0.000000
0.000000
0.000000
0.000000
0.000000
0.000000
0.000000
0.183851
0.000000
0.000000
0.000000
0.000000
0.000000
0.000000
0.000000
0.000000
0.000000
0.000000
0.000000
0.011159
0.000000
0.000000
0.000000
0.000000
0.000000
0.000000
0.000000
0.000000
0.000000
0.000000
0.000038
0.000000
0.247388
0.000000
0.000000
0.000000
0.000000
0.000000
0.648962
0.000000
0.000000
0.000000
0.000000
0.000000
0.000000
0.016554
0.000000
0.019309
0.982067
0.000000
0.000000
0.000000
0.000000
0.000606
0.000000
0.000000
0.000000
0.000000
0.000000
0.000000
0.000000
0.864058
0.000013
0.000000
0.000000
0.000000
0.001629
0.000000
0.404793
0.000000
0.000000
0.000000
0.000000
0.000000
0.966793
0.000000
0.000000
0.000000
0.000000
0.001338
0.000000
0.991718
0.000022
0.000000
0.004011
0.000000
0.000000
0.000000
0.000000
0.000000
0.000000
0.000000
0.000362
0.055286
0.000000
0.850365
0.000000
0.000000
0.000000
0.000000
0.000000
0.002502
0.000000
0.000000
0.000000
0.000000
0.000102
0.000000
0.000000
0.000000
0.000000
0.000000
0.000000
0.000000
0.000000
0.000000
0.000001
0.000000
0.000000
0.000802
0.003934
0.000000
0.000192
0.000000
0.000000
0.000000
1.000000
0.000000
0.000002
0.000109
0.000000
0.001149
0.000000
0.000000
0.281074
0.011341
0.000000
0.000068
0.000000
0.000000
0.000000
0.070640
0.002590
0.000000
0.000000
0.000000
0.318254
0.002275
0.000000
0.000000
0.000000
0.000000
0.000000
0.000000
0.000000
0.000000
0.000000
0.000000
0.000000
0.000000
0.000000
0.000000
0.000000
0.000000
0.000000
0.150083
0.000000
0.000000
0.000000
0.000000
0.000060
0.000000
0.010028
1.000000
0.000000
0.000000
0.000000
0.000000
0.000000
0.000000
0.533400
0.011828
0.012560
0.000000
0.976369
0.000000
0.010126
0.000000
0.000000
0.100634
0.000000
0.000000
0.000000
0.999848
0.000302
0.002204
0.000000
0.060032
0.000000
0.000000
1.000000
0.000000
0.000000
0.000000
0.000000
0.000002
0.000000
0.000004
0.000000
0.000000
0.000000
0.000000
0.000000
0.000000
0.530158
0.234665
0.000000
1.000000
0.000000
0.000000
0.000000
0.000000
0.000000
0.000000
0.000000
0.000000
0.000000
0.000000
0.000003
1.000000
0.000000
0.000000
0.000000
0.000000
0.000000
0.000000
0.000000
0.896226
0.000000
0.000000
0.000000
0.000000
0.000000
0.000000
0.000000
0.270621
0.000000
0.000000
0.000000
0.000358
0.000000
0.000000
0.000000
0.000000
0.036291
0.000000
0.000000
0.000000
0.000000
0.000000
0.000000
0.000000
0.998761
0.000000
0.000505
0.000000
0.997268
0.000077
0.000000
0.000000
0.000000
0.007287
0.000000
0.000000
1.000000
0.000000
0.000000
0.000000
0.000000
0.000000
0.000000
0.000000
0.000000
0.000001
0.000000
0.015251
0.000000
0.000001
0.000125
0.993532
0.000000
0.000000
0.000000
0.070143
0.000000
0.000000
0.077553
0.000000
0.000000
0.000000
0.000000
0.000000
0.000000
0.000000
0.000000
0.000000
0.000000
0.000000
0.038309
0.015124
0.000000
0.000000
0.000000
0.000000
0.000000
0.000000
0.000000
0.927694
0.000000
0.000000
0.000000
0.042445
0.000000
0.051112
0.000000
0.000000
0.000000
0.000000
0.000000
0.000000
0.000000
0.052882
0.000000
0.000000
0.001676
0.000000
0.000000
0.000000
0.000000
0.000000
0.000000
0.000000
0.000000
0.000000
1.000000
0.099278
0.000000
0.005549
0.062991
1.000000
0.000000
0.000000
0.000000
0.000000
0.027491
0.000016
0.000000
0.000000
0.000000
0.000000
0.122387
0.000000
0.019462
0.000000
0.000001
0.000000
0.000000
0.000000
0.000000
0.000354
0.000000
0.000000
0.000000
0.000000
1.000000
0.000000
0.000000
0.000000
0.000000
0.000000
0.007473
0.000000
0.000000
0.000000
0.000000
0.000000
0.007138
0.000001
0.393234
0.000000
0.000000
0.003077
0.002193
0.000000
0.000000
0.202998
0.000000
0.000000
0.000000
0.000000
0.999521
0.000000
0.000000
0.068536
0.000000
0.000000
0.000000
1.000000
0.000000
0.000000
0.000000
0.000000
0.000000
0.000000
0.000000
0.000000
0.000683
0.000000
0.000000
0.023042
0.005491
1.000000
0.000000
0.000000
0.000000
0.000000
0.000000
0.000031
0.000000
0.000021
0.000000
0.000000
0.000000
1.000000
0.000000
0.000000
0.000000
0.007098
0.000000
0.497174
0.000000
0.000000
0.000000
0.000000
0.000000
1.000000
0.000000
0.008382
0.000000
0.000000
0.000000
0.000000
0.000000
0.072704
0.000000
0.000000
0.000000
0.000000
0.000000
0.000000
0.000000
0.000000
0.000000
1.000000
0.000000
0.564320
0.000000
0.000000
0.000000
0.591693
0.001417
0.000000
0.000000
0.000000
0.000000
0.000000
0.000000
0.000000
0.000000
0.000000
0.003207
0.000000
0.671326
1.000000
0.000000
0.000000
0.000004
0.000000
0.208093
0.001290
0.751097
0.000000
0.000238
0.000000
0.000000
0.000000
0.000000
0.000002
0.000000
0.000000
0.000000
0.000000
0.159885
0.000000
0.000000
0.000000
0.028063
0.000000
0.000000
0.979872
0.000000
0.000000
0.000000
0.000020
0.000000
0.000000
0.045804
0.000000
0.000000
0.000000
0.000000
0.000000
0.000051
0.000000
0.000000
0.000000
0.000000
0.818395
0.000000
0.000024
0.000000
0.052510
0.003744
0.009159
0.000000
0.000000
0.005807
0.000000
0.000000
0.000000
1.000000
0.000000
0.000000
0.000000
0.000000
0.000000
0.998823
0.000000
0.000000
0.000000
0.000000
0.003971
0.000000
0.000000
0.000000
1.000000
0.000000
1.000000
0.000000
0.000000
0.000000
0.000000
0.000000
0.000000
0.607189
0.000000
0.000000
0.000000
0.000000
0.000000
0.000000
0.000000
0.000000
0.000000
0.001211
0.000000
0.975021
0.000000
0.000000
0.000000
0.000000
0.000000
0.000000
0.000000
0.000000
0.000000
0.000000
0.011946
0.000000
0.000000
0.000000
0.000000
0.001127
0.000000
0.000000
0.000000
0.000000
0.000000
0.000000
0.000000
0.000000
0.000000
0.000000
0.000000
0.000000
0.000010
0.000000
0.000000
0.000000
0.000000
0.000000
0.000680
0.488082
0.180399
0.137587
0.000000
0.043447
0.000000
0.000000
0.000000
0.032086
0.013897
0.000000
0.000000
0.385239
0.000360
0.000000
0.000000
0.000008
0.220913
1.000000
0.043586
0.000000
0.000000
0.000000
0.000000
0.000000
0.000000
0.195635
0.000000
0.000000
0.000000
0.000000
0.000000
0.000000
0.000000
0.000000
0.000000
0.000000
0.000000
0.000000
0.159154
0.000000
0.000000
0.000000
0.000000
0.000000
0.000000
0.000000
0.000000
0.000000
0.000000
0.028175
0.000029
0.000000
0.000000
0.000000
0.000000
0.986234
0.000000
0.806567
0.060046
1.000000
0.000000
0.000000
0.066223
0.000000
0.050921
0.015726
1.000000
0.000000
0.952915
0.000000
0.283257
0.999946
0.000000
0.017041
0.000021
0.000000
0.000000
0.000000
0.000000
0.000000
0.000000
0.009915
0.000000
0.000000
1.000000
0.000000
1.000000
0.195091
0.000000
0.000004
0.360432
0.000004
0.000000
0.000017
0.000236
0.000000
0.000000
0.000000
0.000000
0.000000
1.000000
0.000000
0.000000
0.000010
0.095251
0.000000
0.005924
0.000000
0.101673
0.000000
0.000583
0.040000
0.000000
0.000000
0.000003
0.013460
0.024625
0.000000
0.000000
0.000000
0.000000
0.000000
0.001615
0.000000
0.000000
0.001022
0.000000
0.000000
0.999696
0.000000
0.000000
0.000000
0.000000
1.000000
0.000000
0.000000
0.010301
1.000000
0.000000
0.000000
0.000000
0.000000
0.000000
0.005780
0.000000
0.979066
0.000000
0.000000
0.000000
1.000000
0.000000
0.000000
0.176715
0.000000
0.000000
0.009241
0.000000
0.990834
0.000000
0.000000
0.000000
0.000000
0.496978
0.000000
0.999992
0.000000
0.547277
0.000000
0.000000
0.000000
0.000000
0.000000
0.000000
0.000000
0.000000
0.000000
0.000000
0.000000
0.858258
0.000000
0.500238
0.000000
0.907968
0.000000
0.000000
0.018132
0.000002
0.000000
0.000000
0.000000
0.000000
0.000000
0.000000
0.261970
0.000000
0.000000
0.000005
0.000000
0.073104
0.000000
0.000000
0.000000
0.000000
0.000000
0.000000
1.000000
0.000000
0.000000
0.000000
0.210474
0.000000
0.000000
0.000000
0.484737
0.000000
0.939241
0.000000
0.000000
0.000000
0.258214
0.000000
0.000000
0.044910
0.000000
0.000000
0.000000
0.000000
0.000000
0.580331
0.000000
0.000000
0.000000
0.000000
0.000000
0.000000
0.000000
0.000000
0.000603
0.000000
0.000000
0.000000
0.000000
1.000000
0.000000
0.881601
1.000000
0.000000
0.615340
0.000000
0.000000
0.000000
0.000000
0.000000
0.000000
0.000000
0.000007
0.000000
0.000000
0.000000
0.000000
0.000000
0.000000
0.000000
0.000000
0.000000
0.000000
0.000000
0.000000
0.001548
0.000000
0.000000
0.051441
0.000000
0.000000
0.166887
0.000000
0.000000
0.000000
0.998998
0.000834
0.000000
0.000000
0.000000
0.000000
0.000000
0.000000
0.000000
1.000000
0.000000
0.000000
0.000000
0.000000
0.000000
0.000000
0.000495
0.000000
0.823507
0.000000
0.000000
0.000000
0.000000
0.465094
0.000000
0.000001
0.000000
0.957146
0.000060
0.000000
0.000000
0.000000
0.000000
0.000000
0.000000
0.000000
0.000000
0.034324
0.000000
0.598568
0.000000
0.000000
0.000279
0.000000
1.000000
0.999951
0.174285
0.000000
0.000000
0.000000
1.000000
0.000000
0.000000
0.000134
0.000000
0.000000
0.000000
0.000000
0.000000
1.000000
0.000000
0.000000
0.000000
0.011731
0.000000
0.000000
0.000000
0.000000
0.000000
0.000000
0.000000
0.000000
0.000000
0.000015
0.000000
0.000000
0.000000
0.000000
0.000000
0.000000
0.000002
0.011660
0.000000
0.000000
0.000000
0.000000
0.000000
0.000000
0.000000
0.006954
0.000000
0.000000
0.000000
0.000038
0.000000
0.035638
0.000000
1.000000
0.000000
0.000000
0.000000
0.000000
0.000672
0.046589
0.000000
0.000000
0.000000
0.000000
0.000000
0.000000
0.000000
0.000000
0.000000
0.000000
0.000000
0.000000
0.000083
0.000000
0.000000
0.002078
0.505314
0.000000
0.000000
0.000000
0.000000
0.041542
0.000262
0.000000
0.000000
0.000039
0.000000
0.000000
0.005580
0.000000
0.000000
0.000000
0.000000
0.000000
0.000000
0.000012
0.000000
0.000000
0.000000
0.000000
0.000000
0.000000
0.000000
0.000000
0.000000
0.000000
0.000000
0.000000
0.053426
0.000000
0.021399
0.000000
0.042580
0.059393
0.000000
0.000000
0.000000
0.996981
0.006611
0.000000
0.000000
0.000000
0.000000
0.000000
0.000000
0.000000
0.000074
0.000000
0.000000
1.000000
0.000000
0.000000
0.000000
0.000000
0.000000
0.021339
0.000000
0.946175
0.000000
0.000000
0.319863
0.000000
0.000000
0.000000
0.000772
0.000000
0.000000
0.000000
0.000000
0.000000
0.000000
0.000000
0.000002
0.000000
0.000000
0.000000
0.266816
0.002013
0.000000
0.000000
0.000000
0.000000
0.000000
0.000000
0.000331
0.000000
0.000000
0.145063
0.000000
0.000000
0.000000
0.005498
0.027694
0.000000
0.000330
0.000000
0.000000
0.832268
0.000000
1.000000
0.000000
0.000000
0.000000
0.000000
0.999706
0.010235
0.000000
0.000000
0.000000
0.000000
0.005801
0.000000
0.000000
0.000042
0.000000
0.957033
1.000000
0.000000
0.001799
0.255253
0.000000
0.000000
0.000000
0.971611
0.000000
0.000000
0.000000
0.003506
0.310919
1.000000
0.000001
0.000000
0.000000
0.000000
0.000000
0.999988
0.000000
0.000000
0.000000
0.000000
0.778512
0.000000
0.000000
0.000000
0.027296
0.094878
0.000000
0.001102
0.038338
0.000000
0.000000
1.000000
0.000000
0.115609
0.044163
0.000608
1.000000
0.000000
0.979975
0.000000
0.000000
0.000000
0.000000
0.000000
0.000000
0.000000
0.000000
0.000000
0.000000
0.000000
0.000000
0.000000
0.000000
0.000000
0.000000
0.002142
0.000000
0.000000
0.000000
1.000000
0.000000
0.611806
0.000000
0.934345
0.999939
0.000000
0.000000
0.000000
0.000035
0.000000
0.005244
0.011840
0.000000
0.000000
0.999911
1.000000
0.000000
0.000000
0.000000
0.998055
0.000000
0.000000
0.000000
0.999995
0.000000
0.000000
0.000000
0.950721
0.000000
0.000000
0.000000
0.000000
0.000000
1.000000
0.312378
0.000000
0.000000
0.000000
0.000521
0.000000
0.000000
0.000000
0.000000
0.000000
0.000000
0.000000
0.000000
0.000000
0.000000
0.000000
0.024081
0.000000
0.000001
0.000000
0.000000
0.941235
0.000000
0.000000
0.000000
0.000000
0.000000
0.000000
0.056649
0.000000
0.000000
0.150155
0.000000
0.000000
0.000000
0.000000
0.000000
0.000005
0.000000
0.000000
0.000000
0.000010
0.000000
0.999923
0.000000
0.000000
0.000074
0.000000
0.000000
0.000000
0.000000
0.000000
0.000000
0.000000
0.000000
0.000000
0.000000
0.000000
0.000000
0.000000
0.000821
0.000000
0.000000
0.000000
0.000000
0.000000
0.000000
0.000000
0.000000
0.000000
0.052862
0.000090
0.000000
0.000000
0.000000
0.000000
0.000000
0.000000
0.028898
0.000000
0.000000
0.000000
0.000000
0.000000
0.000000
0.000000
0.000000
0.005155
0.000000
0.164111
0.001477
0.035167
0.000000
0.029670
0.000000
0.000000
0.000000
0.000000
0.000000
0.010200
1.000000
0.000000
1.000000
1.000000
0.000000
0.014973
0.000000
0.000000
0.176460
0.214373
0.000000
0.346644
0.000000
0.000000
0.263001
0.000000
0.773611
0.000000
0.000000
0.000000
0.000000
0.000000
0.000036
0.000000
0.000000
0.000000
1.000000
0.000000
0.000000
0.000000
0.000000
0.000000
1.000000
0.000000
0.000000
1.000000
0.000002
0.000000
0.000000
0.000000
0.000714
0.000000
0.000000
0.000000
0.000000
0.000000
0.819620
0.000000
0.000000
0.000002
0.001756
0.000000
0.002072
0.000000
0.000000
0.000000
0.000000
0.000000
0.000000
0.000000
0.000000
0.162533
0.000000
0.045503
0.000000
0.000000
0.010978
0.041504
1.000000
1.000000
0.000000
0.022665
0.000000
0.000000
0.000000
0.000000
0.009310
0.011307
0.000000
0.000000
1.000000
0.000000
0.000028
0.000000
0.000000
0.000000
0.000000
0.000000
0.004244
0.000000
0.000000
0.000000
0.000000
0.000000
0.000000
0.000000
0.000000
0.000000
0.000000
0.000000
0.028213
0.000000
0.000000
0.000000
0.372527
0.005303
0.000026
0.000000
0.000000
0.000000
0.000000
0.000000
0.234500
0.000000
0.093085
0.000000
0.000022
0.000000
0.000000
0.000000
0.129175
0.000000
0.000000
0.000000
0.000000
0.000000
0.000000
0.595277
0.000000
0.000000
0.000000
0.000000
0.019465
0.518156
0.546936
0.000000
0.014283
0.000000
0.000000
0.000000
0.000000
0.224690
0.002355
0.000000
0.000000
1.000000
0.571380
0.020401
0.237984
0.000000
0.000000
0.000000
0.000000
0.000000
0.000000
0.000000
0.000000
0.442188
0.000000
0.000000
0.031262
0.000000
0.000000
0.000000
0.000000
0.000000
0.000000
0.000000
0.000000
0.000000
0.000000
0.000000
0.000000
0.286867
0.000000
0.000000
0.000000
0.000000
0.000000
0.000000
0.000000
0.000000
1.000000
0.049189
0.000008
0.000000
0.000000
0.000002
0.000000
0.000027
0.000000
0.000000
0.000000
0.975082
0.204745
0.000000
0.000000
0.000000
0.001225
0.000000
0.000000
0.000000
0.000000
0.177457
0.456872
1.000000
0.000000
0.990075
0.000000
0.000000
0.000000
0.000000
0.353277
0.159078
0.000000
0.671734
0.000000
0.073097
0.000000
0.000000
0.000002
0.000000
0.001949
0.000000
0.000000
0.002012
0.000000
0.000000
0.000000
0.000000
1.000000
0.786294
0.000000
0.000000
0.335525
0.000000
1.000000
0.000000
0.000000
0.000000
0.000000
0.000000
0.000000
0.000000
0.000000
0.000000
0.000000
0.000000
0.000000
0.000000
0.000000
0.056949
0.000000
0.027260
0.000000
0.000000
0.000000
0.000000
0.000000
0.000000
0.000000
0.000000
0.000000
0.000000
0.000000
0.000000
0.000000
0.000000
0.001447
0.000000
0.000000
0.000000
0.000412
0.000000
0.000000
0.000000
0.493598
0.000000
0.001986
0.000000
0.000000
0.000000
0.000000
0.000000
0.000000
0.000000
0.000000
0.000000
0.000000
0.000000
0.019799
0.999991
0.155927
0.001113
0.000000
0.000000
0.995878
0.000000
0.000000
0.000000
0.000000
0.000000
0.000000
0.000000
0.000000
0.000000
0.034911
0.000000
0.057101
0.000000
0.000000
0.999995
0.965191
0.000000
0.000000
0.000000
0.000004
0.892103
0.000000
0.000996
0.000000
0.000000
0.000000
0.244273
0.000000
0.973130
0.000000
0.000000
0.005113
0.000000
0.000000
0.000000
0.000000
0.000407
0.211328
0.000000
0.000000
0.000000
0.000000
0.000000
0.000000
0.026382
0.000000
0.004285
0.000000
0.000000
0.799605
0.000000
0.000000
0.014579
0.000000
0.000890
0.000000
0.000000
0.000000
0.028042
0.000000
0.000000
0.000000
0.000000
0.000000
0.617872
0.000000
0.017437
0.000000
0.000000
0.000000
0.000000
0.000000
0.000000
0.000000
0.023099
0.000000
0.058230
0.000000
0.594097
0.000000
0.000000
0.000000
0.000000
0.938756
0.000000
0.000000
0.000000
0.000001
0.000247
0.000000
0.000000
0.000000
0.000000
0.000000
0.000000
0.000025
0.000000
0.000000
0.000000
0.000000
0.008087
0.004452
0.000000
0.000000
0.058631
0.000000
0.000000
0.000397
0.000000
0.000000
1.000000
0.000000
0.000000
1.000000
0.000000
0.000000
0.000000
0.000000
0.803961
0.000014
