0.000000
0.000000
0.000000
0.183932
0.000000
0.057157
0.000000
0.000000
0.000000
0.000000
0.000000
0.001530
0.000000
0.000000
0.000000
0.000000
0.000000
0.000000
0.000000
0.000000
0.000000
0.000000
0.004053
0.000033
0.006368
0.000000
0.000000
0.000000
0.000000
0.000001
0.000000
0.000000
0.000000
0.000000
0.000000
0.000000
0.000000
0.000000
0.392416
0.000000
0.000000
0.000000
0.000000
0.000000
0.000000
0.011489
0.000000
0.026018
0.000000
0.000000
0.105695
0.001129
0.000000
0.016310
0.638208
0.000000
0.013694
0.000000
0.000000
0.000000
0.000000
0.000000
0.000000
0.000000
0.000000
0.000004
0.000000
0.000000
0.000000
0.000174
0.000000
0.000000
0.000000
0.000000
0.000000
0.000000
0.002576
0.000000
0.010736
0.000000
0.000000
0.187975
0.026572
0.000000
0.000000
0.000000
0.000000
0.000000
0.000000
0.000000
0.622444
0.045049
0.000000
0.000000
0.000000
0.000000
0.000000
0.000000
0.000000
0.000525
0.000000
0.000000
0.000000
0.000000
0.000000
0.028046
0.000000
0.432961
0.000000
0.000000
0.000000
0.000028
0.000000
0.000000
0.000000
0.000000
0.010963
0.000000
0.000000
0.000000
0.000000
0.163751
0.000000
0.000000
0.000042
0.003209
0.000000
0.000000
0.002058
0.000000
0.437404
0.000000
0.000000
0.000000
0.000087
0.000000
0.000000
0.000000
0.000000
0.010964
0.004483
0.002263
0.914229
0.000000
0.000000
0.000000
0.000000
0.000000
0.000000
0.000000
0.000000
0.000000
0.000000
0.000000
0.000000
0.000000
0.000000
0.028371
0.000000
0.000000
0.000000
0.000000
0.000183
0.000000
0.000700
0.000000
0.000000
0.000000
0.000000
0.071418
0.000000
0.000000
0.000000
0.119101
0.005757
0.000000
0.000000
0.003016
0.000000
0.000000
0.020919
0.000000
0.080673
0.000000
0.000000
0.000000
0.000000
0.000000
0.000000
0.000000
0.015352
0.000000
0.000000
0.000000
0.000000
0.000000
0.000000
0.344196
0.000000
0.000000
0.000000
0.000000
0.000000
0.000000
0.000000
0.000000
0.000000
0.000000
0.000000
0.042943
0.000000
0.000000
0.000000
0.000000
0.000000
0.000000
0.000000
0.000000
0.000000
0.000000
0.000000
0.013181
0.000000
0.000000
0.000000
0.000000
0.000000
0.830242
0.041651
0.000000
0.000000
0.000000
0.000000
0.000000
0.000000
0.000000
0.000000
0.000000
0.000000
0.000000
0.052423
0.014596
0.000000
0.000000
0.000000
0.000000
0.000443
0.000000
0.000000
0.055878
0.000000
0.000000
0.000000
0.006552
0.015184
0.000000
0.006656
0.000000
0.000000
0.000000
0.002345
0.411864
0.000000
0.000000
0.062286
0.000000
0.000000
0.000000
0.000000
0.334857
0.028252
0.000000
0.000000
0.000000
0.000000
0.000000
0.000000
0.000000
0.000000
0.000000
0.000000
0.000000
0.000000
0.083088
0.000000
0.000000
0.000000
0.000000
0.000000
0.000000
0.000000
0.003865
0.000000
0.000000
0.000000
0.000000
0.000000
0.000000
0.000000
0.000000
0.000000
0.000000
0.000000
0.000082
0.000000
0.000000
0.987794
0.000000
0.001697
0.646954
0.000000
0.002134
0.000000
0.000000
0.000000
0.000000
0.000000
0.000000
0.000000
0.000000
0.000012
0.533064
0.000917
0.000000
0.000000
0.000000
0.000000
0.000000
0.000000
0.000000
0.001598
0.000000
0.000175
0.000023
0.000000
0.000001
0.003884
0.000000
0.137588
0.000000
0.000000
0.000000
0.000000
0.000000
0.000000
0.000000
0.000000
0.000000
0.000000
0.054230
0.000005
0.000000
0.000000
0.000000
0.000000
0.000000
0.000000
0.000000
0.000000
0.299761
0.000000
0.000000
0.000000
0.000000
0.000000
0.000000
0.000000
0.000000
0.000000
0.000000
0.000000
0.000000
0.005404
0.000000
0.033535
0.000000
0.000000
0.978066
0.000000
0.380129
0.000000
0.987732
0.000000
0.000004
0.000000
0.000000
0.000000
0.000000
0.014510
0.000000
0.000000
0.000000
0.000000
0.000000
0.000000
0.000000
0.000000
0.000017
1.000000
0.000000
0.001115
0.000000
0.999914
0.021504
0.000000
0.000000
0.000000
0.315693
0.000000
0.000000
0.000000
0.000000
0.000000
0.000000
1.000000
0.000000
0.000000
0.000000
0.000000
0.000000
0.000000
0.000000
0.000000
0.000000
0.140285
0.000000
0.000000
0.000000
0.000000
0.000378
0.000000
0.000000
0.000000
0.000000
0.000000
0.000000
0.000000
0.000000
0.000000
0.000000
0.000000
0.000000
0.000000
0.000000
0.000000
0.000000
0.655727
0.776338
0.000000
0.831980
0.000000
0.000000
0.000000
0.029964
0.000000
0.000000
0.009085
0.000000
0.000000
0.000000
0.000000
0.041406
0.000021
0.000000
0.000000
0.000000
0.000029
0.000000
0.000000
0.000000
0.010848
0.000000
0.000000
0.000000
0.000000
0.000000
0.000000
0.000000
0.250445
0.000000
0.000000
0.000000
0.000000
0.000000
0.000000
0.374168
0.000441
0.302576
0.000000
0.000000
0.000000
0.000000
0.000000
0.000000
0.000000
0.007870
0.000000
0.000000
0.000000
0.000000
0.001035
0.000000
0.000000
0.000000
0.000000
0.000000
0.000000
0.000000
0.000000
0.000000
0.000000
0.000001
0.000000
0.000000
0.000000
0.000000
0.000000
0.000000
0.000000
0.781364
0.000000
0.000000
0.000000
0.000000
0.000000
0.000000
0.000000
0.000000
0.000000
0.000000
0.000000
0.000000
0.000000
0.000000
0.001704
0.000000
0.000000
0.000000
0.000000
0.000000
0.000000
0.000000
0.322360
0.000000
0.000000
0.000000
0.000000
0.000976
0.000000
0.000000
0.000000
0.000000
0.000000
0.000000
0.000329
0.086084
0.163807
1.000000
0.001057
0.000000
0.000000
0.000008
0.000000
0.000000
0.000000
0.000000
0.570882
0.000000
0.000000
0.002147
0.999997
0.000000
0.000000
0.000000
0.000000
0.000000
0.000000
0.000000
0.000000
0.000000
0.000000
0.000000
0.000000
0.000000
0.000000
0.000000
0.000000
0.000000
0.000000
0.000000
0.000000
0.000000
0.000000
0.137941
0.000000
0.000000
0.000000
0.000000
0.000000
0.000000
0.000000
0.000000
0.000000
0.018079
0.000000
0.000000
0.000000
0.524617
0.000000
0.119911
0.000000
0.000000
0.000000
0.003071
0.000000
0.000000
0.000000
0.000000
0.000000
0.963853
0.000000
0.000000
0.000000
0.000000
0.000000
0.000000
0.045179
0.000000
0.000000
0.186523
0.000000
0.000000
0.000000
0.000000
0.000000
0.000000
0.000000
0.000018
1.000000
0.000000
0.000000
0.000000
0.000000
0.000000
0.000000
0.000000
0.000000
0.006489
0.000000
0.000000
0.000000
0.143178
0.000000
0.000000
0.000000
0.000000
0.035155
0.078500
0.266475
0.000000
0.000000
0.000000
0.000814
0.618049
0.000000
0.000000
0.328329
0.451338
0.000000
0.000000
0.000000
0.000000
0.000058
0.000000
0.000000
0.000000
0.812860
0.000000
0.000000
0.000000
0.000000
0.000000
0.000000
0.000000
0.000000
0.000000
0.000000
0.000000
0.000000
0.066699
0.000000
0.000000
0.000000
0.000000
0.000000
0.049622
0.000000
0.000000
0.000000
0.000000
0.000000
0.093619
0.000000
0.000000
0.000000
0.000000
0.000000
0.000937
0.620412
0.000000
0.000000
1.000000
0.000000
0.003300
0.000000
0.000000
0.000000
0.000000
0.064761
0.000000
0.000000
0.000000
0.000000
0.000000
0.000000
0.269344
0.000000
0.000000
0.000000
0.000000
0.000000
0.000000
0.000000
0.000000
0.000002
0.000000
0.000000
0.202183
0.000000
0.011684
0.002956
0.000000
0.000000
0.000000
0.000000
0.000000
0.000000
0.000000
0.270002
0.000000
0.000000
0.000000
0.013785
0.135957
0.009235
0.949538
0.000000
0.000000
0.000000
0.000000
0.000000
0.000000
0.000000
0.000000
0.000000
0.000000
0.099106
0.000000
0.000000
0.000000
0.000000
0.000000
0.000000
0.000000
0.000000
0.000000
0.000000
0.000000
0.000000
0.925513
0.000010
0.000000
0.000000
0.000000
0.000000
0.000719
0.000000
1.000000
0.000000
0.000000
0.000000
0.000000
0.000000
0.037535
0.000000
0.000000
0.000000
0.000000
0.007405
0.031006
0.000000
0.000000
0.000000
0.000000
0.000000
0.080377
0.000000
0.000000
0.000000
0.000000
0.000000
0.000000
0.000000
0.000039
0.000000
0.000000
0.000000
0.000000
0.000000
0.000000
0.000000
0.000000
0.000000
0.000000
0.000000
0.074440
0.000000
0.143415
0.000000
0.000000
0.221189
0.838899
0.000000
0.000000
0.077215
0.000000
0.000000
0.022714
0.000000
0.000000
0.000000
0.086856
0.000000
0.000000
0.000000
0.000000
0.000000
0.000032
0.000000
0.000000
0.000000
0.000051
0.000000
0.000000
0.000000
0.000000
0.000000
0.000000
0.000000
0.000000
0.000000
0.000000
0.000000
0.000000
0.000000
0.000000
0.000000
0.000000
0.000000
0.000001
0.102910
0.769539
0.000000
0.757898
0.000000
0.000000
0.000000
0.000000
0.000000
0.000000
0.000000
0.257914
0.011872
0.000000
0.000000
0.106875
0.000000
0.000000
0.000000
0.000000
0.000000
0.000000
0.000000
0.000000
0.000000
0.000000
0.000000
0.000000
0.017871
0.000000
0.000000
0.000000
0.000000
0.000811
0.000000
0.000000
0.000425
0.000000
0.005003
0.000000
0.000000
0.000000
0.000000
0.000000
0.718348
0.910668
0.000000
0.000000
0.000000
0.000000
0.000000
0.010584
0.550039
0.000000
1.000000
0.999954
0.000000
0.000000
0.709354
0.000000
0.000000
0.327317
0.819899
0.028616
0.000000
0.000000
0.000000
0.000000
0.000000
0.000000
0.000000
0.000000
0.000000
0.081259
0.000000
0.000000
0.132082
0.000000
0.000000
0.000000
0.851908
0.000000
0.047772
0.685123
0.000000
0.000000
0.000000
0.000000
0.992787
0.000000
0.000000
0.000000
0.000000
0.000000
0.000000
0.000000
0.000000
0.000000
0.000000
0.000000
0.000000
0.000000
0.000000
0.000000
0.000000
0.000000
0.000000
0.000000
0.000000
0.000000
0.000000
0.000000
0.000000
0.000000
0.000000
0.000000
0.653291
0.000000
0.000000
0.000000
0.000000
0.000000
0.000000
0.000000
0.000000
0.017092
0.000000
0.000000
0.103803
0.000000
0.017621
0.000000
0.000000
0.108479
0.000000
0.000000
0.000000
0.000000
0.000000
0.000000
0.000000
0.000000
0.000000
0.000000
0.000000
0.000000
0.000000
0.000000
0.002757
0.000000
0.000000
0.000000
0.000000
0.000000
0.000000
0.087927
0.000002
0.000977
0.000000
0.000000
0.000000
0.000000
0.000000
0.000000
0.000000
0.000000
0.000000
0.000000
0.000000
0.000000
0.000000
0.000000
0.000000
0.000000
0.000000
0.000000
0.000000
0.000000
0.000000
0.000000
0.000000
0.000269
0.000000
0.000000
0.000000
0.000000
0.000000
0.000000
0.000000
0.000000
0.001582
0.000000
0.000000
0.000000
0.442373
0.000000
0.265713
0.000000
0.000000
0.000000
0.000000
0.067551
0.000000
0.000000
0.000000
0.000217
0.000000
0.009596
0.967555
0.000000
0.000000
0.015799
0.000000
0.000000
0.635915
0.000000
0.000000
0.128566
0.000000
0.046789
0.000000
0.000000
0.000000
0.000327
0.000000
1.000000
0.000000
0.008815
0.000496
0.000000
0.000000
0.000000
0.000000
0.000000
0.000000
0.000000
0.000000
0.000000
0.000000
0.000000
0.000530
0.000000
0.000000
0.000000
0.000004
0.038001
0.000000
0.000061
0.000000
0.000000
0.000000
0.000000
0.000000
0.000000
0.000000
0.000000
0.000000
0.000000
0.000000
0.000000
0.000000
0.000000
0.000000
0.172250
0.000352
0.000000
0.102873
0.000000
0.000000
0.000000
0.000000
0.000000
0.000000
0.999999
0.000000
0.009911
0.000000
0.000000
0.000000
0.000000
0.000000
0.000000
0.000000
0.000000
0.000000
0.000000
0.000000
0.000000
0.000000
0.000000
0.000000
0.000000
0.000000
0.000000
0.000000
0.000000
0.013910
0.000000
0.000000
0.000000
0.000000
0.000000
0.109275
0.000000
0.000000
0.000000
0.000000
0.000000
0.000000
0.000764
0.000000
0.000000
0.000000
0.000000
0.000000
0.000000
0.000000
0.000000
0.000000
0.000000
0.000000
0.000000
0.000000
0.000000
0.000000
0.000135
0.999999
0.197217
0.344270
0.000000
0.034694
0.000000
0.001530
0.000000
0.000000
0.000000
0.000000
0.000000
0.000000
0.000000
0.001538
0.000000
0.000000
0.000000
0.000000
0.000000
0.000000
0.075594
0.000000
0.000000
0.000000
0.000000
0.000000
0.107873
0.000000
0.015876
0.000000
0.001093
0.000000
0.000000
0.000000
0.000000
0.000000
0.000000
0.829162
0.000000
0.000000
0.000000
0.000000
0.000000
0.000000
0.000000
0.000000
0.000000
0.326984
0.000000
0.000000
0.000000
0.000000
0.000000
0.000000
0.000000
0.000506
0.000875
0.068802
0.000006
0.020712
0.322007
0.000000
0.099020
0.000000
0.000000
0.000000
0.291452
0.000000
0.000000
0.000000
0.000000
0.000000
0.000000
0.000000
0.000000
0.009565
0.162261
0.000000
0.000000
0.000000
0.000000
0.000000
0.132142
0.000157
0.000000
0.000000
0.000000
0.011170
0.000000
0.000000
0.000000
0.000000
0.005518
0.063192
0.000000
0.000000
0.002894
0.000000
0.451635
0.014267
0.000000
0.000000
0.000000
0.000300
0.126364
0.000000
0.000000
0.000000
0.000000
0.000000
0.999978
0.217081
0.000000
0.000000
0.000000
0.000000
0.000000
0.000112
0.091191
0.000000
0.000000
0.000000
0.000000
0.000000
0.084931
0.000000
0.098641
0.000000
0.275531
0.000000
0.947611
0.000000
0.031916
0.000000
0.000000
0.000000
0.000000
0.000000
0.000000
0.000000
0.000000
0.000000
0.000000
0.000000
0.000000
0.000000
0.000000
0.000000
0.000000
0.000000
0.002606
0.000000
0.000000
0.143191
0.000000
0.000000
0.000726
0.000000
0.000000
0.000000
0.674766
0.000000
0.000000
0.000000
0.000000
0.000000
0.000000
0.000000
0.000000
0.000000
0.000000
0.000000
0.000000
0.000000
0.000002
0.000000
0.000000
0.000000
0.000000
0.000000
0.000000
0.174844
0.000000
0.324041
0.000000
0.000000
0.082629
0.034398
0.000000
0.000000
0.000000
0.000000
0.000000
0.000000
0.000000
0.000000
0.000000
0.000000
0.000000
0.000000
0.000000
0.000000
0.000000
0.000000
0.000000
0.047386
0.297646
0.000000
0.000000
0.006334
0.000000
0.000000
0.000000
0.000043
0.000000
0.000695
0.000000
0.000000
0.000000
0.000000
0.000000
0.178927
0.000000
0.000000
0.000000
0.000000
0.000000
0.000000
0.048692
0.000000
0.000000
0.000142
0.004546
0.000000
0.000000
0.000000
0.000000
0.000000
0.000000
0.079035
0.000000
0.000000
0.000001
0.000000
0.033657
0.000000
0.000000
0.000000
0.000000
0.000000
0.000000
0.005654
0.000000
0.000000
0.000000
0.000000
0.005640
0.000000
0.000000
0.000000
0.000000
0.000000
0.281972
0.000000
0.000000
0.000000
0.000000
0.000000
0.000000
0.028836
0.002886
0.000000
0.000000
0.000000
0.000000
0.000000
0.000000
0.000000
0.000161
0.000000
0.003251
0.000000
0.000000
0.000000
1.000000
0.000000
0.017976
0.000000
0.000000
0.000000
0.000000
0.000053
0.001047
0.000000
0.014841
0.000000
0.000000
0.000449
0.596260
0.000000
0.000000
0.000000
0.000000
0.000000
0.003628
0.034899
0.000000
0.000000
0.045558
0.000000
0.000000
0.000000
0.000000
0.000000
0.000000
0.000000
0.000000
0.037879
0.000000
0.000000
0.000000
0.000000
0.000000
0.000000
0.341907
0.018817
0.686011
0.000000
0.000000
0.991368
0.000000
0.000000
0.788937
0.000000
0.000000
0.000000
0.000000
0.000000
0.000000
0.000000
0.163068
0.000000
0.000000
0.000000
0.000000
0.000000
0.000000
0.000000
0.000000
0.000000
0.000000
0.000000
0.000000
0.000000
0.000000
0.000000
0.000000
0.055624
0.252037
0.000000
0.000000
0.000000
0.000000
0.000000
0.000000
0.000000
0.000000
0.545729
0.000000
0.000000
0.150425
0.832639
0.000000
0.000000
0.000000
0.000000
0.000000
1.000000
0.252249
0.000000
0.002617
0.010475
0.000000
0.000000
0.000000
0.093699
0.000000
0.000000
0.171342
0.000000
0.516719
0.000102
0.000000
0.000000
0.003285
0.000000
0.000000
0.000000
0.000000
0.000000
0.291978
0.000000
1.000000
0.315956
0.001813
0.000000
0.000000
0.000000
0.000021
0.000025
0.000000
0.000000
0.000000
0.017890
0.000000
0.000002
0.000000
0.000000
0.000081
0.053057
0.000000
0.000000
0.000000
0.004388
0.014227
0.000000
0.000000
0.000000
0.000000
0.000000
0.000000
0.000000
0.000000
0.000000
0.000000
0.000000
0.636738
0.000000
0.000000
0.000000
0.000000
0.000000
0.064881
0.000000
0.000000
0.000000
1.000000
0.000000
0.000000
0.000000
0.012126
0.000124
0.000326
0.000000
0.000000
0.000000
0.000000
0.000000
0.006139
0.000000
0.000000
0.000000
0.000000
0.000000
0.755372
0.006290
0.661196
0.002923
0.000000
0.605008
0.000000
0.000000
0.000000
0.000000
0.000000
0.000000
0.000000
0.000000
0.000000
0.000000
0.000000
0.000000
0.000000
0.000000
0.013722
0.983311
0.000000
0.000000
0.000000
0.000000
0.577520
1.000000
0.000000
0.000000
0.009063
0.000000
0.000000
0.000000
0.000000
0.000000
0.000000
0.000000
0.286779
0.000000
0.000000
0.000000
0.000000
0.003895
0.020865
0.000000
0.000000
0.000000
0.000000
0.000000
0.000000
0.000000
0.000000
0.000000
0.000000
0.000004
0.000000
0.000000
0.401147
0.000000
0.000000
0.000000
0.000000
0.000000
0.000000
0.000000
0.000000
0.000000
0.000000
0.000000
0.000000
0.000000
0.110435
0.000000
0.000000
0.000000
0.000000
0.000000
0.000000
0.854109
0.000000
0.000000
0.000000
0.001043
0.000000
0.000000
0.019449
0.000000
0.000000
0.000000
0.000000
0.000000
0.978007
0.000000
0.000000
0.000000
0.000000
0.000000
0.000000
0.000000
0.000000
0.394396
0.011194
0.000000
0.000000
0.000000
0.054281
0.000000
0.000000
0.000000
0.000000
0.000000
0.000000
0.320325
0.000000
0.000000
0.000000
0.000000
0.001909
0.000000
0.000000
0.000000
0.000000
0.000000
0.000000
0.000000
0.035961
0.014614
0.000000
0.000468
0.000000
0.000000
0.589932
0.000000
0.000000
0.000000
0.001116
0.000480
0.000000
0.000000
0.000000
0.000000
0.000000
0.304556
0.000000
0.000000
0.218444
0.000000
0.000000
0.010909
0.000000
0.000137
0.000000
0.001917
0.924521
0.000000
0.000000
0.008539
0.024904
0.000000
0.000000
0.000000
0.000000
0.000000
0.167059
0.000000
0.000000
0.000000
0.000000
0.007874
0.000000
0.000000
0.000000
0.000000
0.000000
0.000000
0.000000
0.000000
0.000000
0.000000
0.000000
0.030371
0.000000
0.000000
0.000000
0.000016
0.000000
0.005668
0.000000
0.013145
0.083878
0.000000
0.000000
0.000000
0.000000
0.000000
0.000000
0.000000
0.000000
0.000000
0.722160
0.000000
0.297404
0.000000
0.000000
0.686597
0.000000
0.005425
0.000000
0.000000
0.002028
0.000001
0.000000
0.000000
0.000000
0.000000
0.000000
0.000000
0.209896
0.000000
0.000000
0.006863
0.000000
0.000000
0.911863
0.000000
0.000000
0.000000
0.000000
0.411503
0.000000
0.000000
0.000000
0.000000
0.989207
0.000000
0.000000
0.000000
0.000000
0.000000
0.000000
0.000000
0.000000
0.000000
0.000000
0.203588
0.000000
0.000000
0.000000
0.000000
0.000000
0.000000
0.000000
0.000000
0.000000
0.000000
0.041610
0.000000
0.000000
0.000000
0.000001
0.000000
0.000000
0.645222
0.000000
0.000000
0.000000
0.000000
0.496204
0.000056
0.000000
0.120293
0.029027
0.262368
0.000823
0.000000
0.634605
0.000000
0.000000
0.000000
0.000000
0.000000
0.085357
0.368995
0.000000
0.000000
0.037501
0.000000
0.000000
0.000000
0.000000
0.000000
0.000000
0.052979
0.000000
0.115781
0.082483
0.000000
0.000000
0.000000
0.000000
0.000000
0.000000
0.000000
0.000000
0.000000
0.000000
0.000000
0.000000
0.000000
0.000000
0.000000
0.000000
0.048832
0.171089
0.000000
0.000000
0.000000
0.000000
0.000000
0.000000
0.000000
0.000000
0.000007
0.000000
0.000000
0.000000
0.000173
0.000000
0.000000
0.000000
0.000000
0.000000
0.000000
0.000000
0.000000
0.000000
0.000000
0.000000
0.000000
0.000000
0.000000
0.000000
0.000000
0.026815
0.027078
0.000000
0.000000
0.000000
0.000000
0.000000
0.000000
0.000000
0.000000
0.454322
0.000000
0.000000
0.000000
0.040028
0.000000
0.000000
0.000000
0.000000
0.000000
0.000000
0.000000
0.000000
0.000000
0.000002
0.000000
0.970450
0.000000
0.000000
0.844508
0.000000
0.000000
0.000000
0.000000
0.000000
0.000000
0.794579
0.000000
0.000000
0.000000
0.000000
0.000000
0.005949
0.000000
0.000000
0.000000
0.550650
0.020413
0.000000
0.349908
0.000000
0.000000
0.000000
0.000000
0.000000
0.000000
0.000000
0.000000
0.000000
0.000000
0.000000
0.017130
0.000000
0.000036
0.000000
0.240453
0.000000
0.025236
0.000000
0.000000
0.000000
0.000000
0.020711
0.000000
0.000000
0.000000
0.000000
0.000000
0.000000
0.000000
0.000000
0.111674
0.000000
0.813686
0.000000
0.000000
0.000000
0.000000
0.018809
0.341790
0.000000
0.000000
0.000000
0.000000
0.000000
0.000000
0.000000
0.007389
0.000000
0.000000
0.016145
0.000000
0.000000
0.000000
0.285141
0.000000
0.000000
0.000000
0.000000
0.000000
0.004592
0.000000
0.000000
0.002779
0.000000
0.000000
0.000000
0.096479
0.439271
0.000000
0.000000
0.000000
0.001881
0.000000
0.000000
0.000000
0.000000
0.000000
0.000000
0.000000
0.000000
0.000000
0.000000
0.000000
0.091903
0.000000
0.000000
0.000000
0.000000
0.000000
0.000000
0.000000
0.000000
0.000000
0.040077
0.000000
0.000000
0.000000
0.000000
0.000000
0.000000
0.000000
0.000000
0.000000
0.000000
0.208710
0.000000
0.000000
0.000000
0.000867
0.999996
0.000000
0.000000
0.000000
0.000000
0.001099
0.000000
0.000000
0.021243
0.000000
0.000000
0.000000
0.000000
0.000000
0.000000
0.900007
0.000000
0.000000
0.000000
0.750196
0.000000
0.000000
0.000000
0.164590
0.000000
0.000000
0.000007
0.000000
0.000000
0.000000
0.000000
0.000000
0.000000
0.000000
0.000000
0.000000
0.000000
0.000000
0.004422
0.000000
0.000000
0.000000
0.137948
0.000000
0.012804
0.381024
0.935263
0.000000
0.000000
0.000000
0.000000
0.001507
0.000000
0.000000
0.000000
0.000000
0.000000
0.000000
0.000000
0.000000
0.000000
0.000000
0.000000
0.993728
0.000000
0.000000
0.346576
0.000000
0.000000
0.000000
0.000000
0.000000
0.000000
0.000000
0.000000
0.000000
0.189726
0.000000
0.000000
0.001422
0.539209
0.000000
0.000000
0.000000
0.000000
0.000000
0.000000
0.497370
0.000000
0.000000
0.000000
0.000000
0.000000
0.000000
0.678797
0.000000
0.001269
0.000000
0.000000
0.000000
0.000000
0.066482
0.000000
0.000000
0.000039
0.178399
0.000000
0.000000
0.000000
0.333801
0.000000
0.375658
0.000000
0.000000
0.000000
0.000000
0.011412
0.000000
0.000000
0.008131
0.000000
0.000000
0.000000
0.224227
0.000000
0.000000
0.000000
0.000000
0.000000
0.000000
0.000000
0.000000
0.000000
0.010803
0.000000
0.000000
0.259387
0.000000
0.000000
0.000000
0.000000
0.000000
0.412220
0.000000
0.000000
0.000000
0.831364
0.000000
0.000000
0.000161
0.070470
0.000000
0.000000
0.000199
0.000000
0.000000
0.000000
0.016463
0.000000
0.000000
0.051142
0.000000
0.000000
0.000000
0.000000
0.000000
0.000000
0.977594
0.000000
0.000000
0.000000
0.000000
0.000000
0.133883
0.000000
0.000000
0.000000
0.000000
0.000000
0.000000
0.013924
0.045189
0.825352
0.000000
0.000000
0.000000
0.000000
0.000000
0.000000
0.000000
0.000000
0.000000
0.000000
0.000000
0.188011
0.016423
0.000000
0.000000
0.000000
0.728611
0.000000
0.000005
0.062230
0.000000
0.965919
0.000000
0.000000
0.000000
0.000000
0.000000
0.000000
0.000000
0.706525
0.999855
0.000000
0.000000
0.000000
0.000000
0.000000
0.000000
0.000000
0.000000
0.000000
0.000000
0.000000
0.000000
0.000000
0.000000
0.000592
0.000000
0.575761
0.000000
0.000631
0.000000
0.000000
0.000000
0.008190
0.000000
0.000128
0.000000
0.000000
0.130806
0.000000
0.000000
0.000000
0.000000
0.000000
0.000000
0.000000
0.000000
0.000000
0.000562
0.000000
0.000000
0.000000
0.000000
0.000000
0.000000
0.000000
0.169556
0.009701
0.000000
0.000000
0.000000
0.000000
0.000000
0.018265
0.000000
0.000000
0.000000
0.000000
0.006164
0.000000
0.000000
0.000000
0.000000
0.000000
0.000000
0.000000
0.000000
0.000000
0.000000
0.000000
0.000000
0.000000
0.000000
0.000000
0.000000
0.000000
0.000167
0.368186
0.991015
0.000000
0.000000
0.291240
0.000000
0.000048
0.000000
0.000000
0.010924
0.000000
0.000000
0.000000
0.004231
0.000000
0.000000
0.000000
0.000000
0.000000
0.000000
0.014410
0.000000
0.000000
0.000000
0.457999
0.001427
0.000000
0.279429
0.000000
0.000000
0.000630
0.000000
0.000000
0.000000
0.000000
0.000000
0.000000
0.000000
0.999979
0.000000
0.031351
0.000000
0.000000
0.000000
0.000000
0.000089
0.000000
0.000000
0.000000
0.000000
0.000000
0.000000
0.000000
0.001535
0.000000
0.000000
0.000000
0.000000
0.797806
0.002113
0.000000
0.000000
0.000000
0.000000
0.078583
0.000000
0.000000
0.000000
0.079264
0.000000
0.000000
0.000000
0.036320
0.000000
0.000000
0.000000
0.000000
0.000000
0.000000
0.000000
0.047044
0.000000
0.000000
0.000000
0.000000
0.456953
0.000000
0.007496
0.755359
0.000000
1.000000
0.000000
0.000000
0.000085
0.999900
0.000094
0.000000
0.015515
0.095757
0.000000
0.000000
0.000000
0.000000
0.000000
0.161315
0.000000
0.000000
0.010018
0.000000
0.000000
0.000000
0.016928
0.480883
0.000000
0.000000
0.000000
0.000000
0.000000
0.000000
0.000000
0.000000
1.000000
1.000000
0.000000
0.000000
0.988636
0.001469
0.000000
0.010701
0.000000
0.313258
0.000000
0.000000
0.000000
0.000000
0.000000
0.000000
0.000012
0.000115
0.000000
0.000000
0.000000
0.000000
0.000000
0.000000
0.000000
0.000000
0.742364
0.000000
0.000000
0.000000
0.000000
0.000000
0.000000
0.603213
0.000000
0.607062
0.156305
0.000000
0.000000
0.000000
0.000000
0.000000
0.000000
0.056711
0.000000
0.000234
0.000000
0.000000
0.000000
0.000000
0.000112
0.015042
0.131208
0.000000
0.000000
0.000000
0.000000
0.000005
0.000000
0.000000
0.000000
0.000000
0.000000
0.024589
0.000000
0.000000
0.000000
0.000000
0.000000
0.000000
0.000000
0.000218
0.000000
0.000057
0.042991
0.000000
0.000000
0.000000
0.279524
0.000000
0.000000
0.000000
0.418641
0.000000
0.000000
0.000000
0.000000
0.000000
0.000000
0.004040
0.000000
0.000000
0.000000
0.000000
0.000000
0.000000
0.000000
0.000000
0.000000
0.000000
0.016017
0.000000
0.009106
0.096832
0.333771
0.000000
0.000000
0.000000
0.000000
0.182451
0.000000
0.000000
0.000000
0.006054
0.000000
0.000000
0.248611
0.000000
0.000127
0.000000
0.000000
0.000000
0.012657
0.000771
0.000000
0.000000
0.010769
0.000000
0.000000
0.000023
0.620409
0.000000
0.000000
0.000000
0.000000
0.000000
0.015207
0.012867
0.000000
0.014173
0.000000
0.000000
0.002471
0.000000
0.000000
0.000000
0.001004
0.000000
0.000000
0.000000
0.000000
0.000000
0.000192
0.000000
0.000000
0.000000
0.000000
0.006801
0.000000
0.000000
0.000000
0.000000
0.000000
0.824002
0.000000
0.000000
0.000000
1.000000
0.000000
0.000000
0.003528
0.487262
0.884884
0.000000
0.000000
0.000000
0.000000
0.000000
0.000000
0.000000
0.000000
0.000000
0.000000
0.000000
0.001135
0.000000
0.000000
0.000000
0.000000
0.000000
0.738776
0.000000
0.000000
0.084823
0.001408
1.000000
0.000000
0.000000
0.999837
0.000000
0.000000
1.000000
0.000000
0.000000
0.187807
0.000000
0.000000
0.000621
0.000000
0.000000
0.421465
0.000000
0.000000
0.061524
0.000000
0.000000
0.000000
0.000000
0.000000
0.000000
0.000000
0.040450
0.000000
0.000000
0.000000
0.000000
0.000000
0.000000
0.000000
0.000000
0.000000
0.000000
0.000000
0.000000
0.000000
0.000000
0.057201
0.000000
0.015690
0.003575
0.000000
0.077322
0.000000
0.000063
0.000000
0.000000
0.000000
0.000000
0.012055
0.000000
0.000000
0.000000
0.000000
0.000000
0.000000
0.000261
0.000000
0.000384
0.000000
1.000000
0.593251
0.059450
0.000000
0.000000
0.000000
0.000000
0.000002
0.105738
0.000000
0.068976
0.000000
0.000000
0.000000
0.000000
0.000000
0.000000
0.177441
0.000000
0.000000
0.000000
0.000000
0.000000
0.000000
0.000000
0.000000
0.000000
0.000000
0.000000
0.000000
0.000000
0.306101
0.000000
0.000000
0.001028
0.749299
0.097208
0.000000
0.018184
0.001661
0.000182
0.000000
0.000000
0.000000
0.000000
0.842007
0.000000
0.000000
0.000000
0.000000
0.881629
0.000000
0.000000
0.471417
0.072514
0.000000
0.000000
0.000000
0.000000
0.000000
0.000000
0.000000
0.000000
1.000000
0.000000
0.020624
0.000000
0.000000
0.000000
0.307064
0.000000
0.000819
0.045720
0.001482
0.000000
0.000000
0.000000
0.000000
0.057147
0.061338
0.000000
1.000000
0.059410
0.089553
0.000000
0.000000
0.031333
0.000000
0.000000
0.530751
0.000000
0.000000
0.000000
0.000000
0.000000
0.000000
0.000000
0.382453
0.000000
0.000000
0.000000
0.000000
0.066883
0.000000
0.000000
0.000000
0.000000
0.000000
0.000000
0.257859
0.000000
0.000000
0.000000
0.000000
0.000000
0.000000
0.057845
0.000000
0.000000
0.000000
0.000375
0.055135
0.000000
0.000000
0.000000
0.000000
0.000000
0.000126
0.000000
0.000000
0.000000
0.000000
0.000000
0.001471
0.000000
0.000327
0.000000
0.000000
0.000000
0.037137
0.000000
0.000000
0.000702
0.000000
0.000000
0.000000
0.000000
0.000000
0.000000
0.000000
0.000000
0.000000
0.000000
0.174277
0.000000
0.000013
0.000000
0.000000
0.000000
0.000000
0.000000
0.000000
0.000000
0.000823
0.000000
0.000000
0.000000
0.000000
0.000000
0.000000
0.001598
0.000000
0.000000
0.000000
0.000000
0.000000
0.000000
0.000000
0.000000
0.000000
0.000000
0.000000
0.000000
0.000000
0.000000
0.000000
0.071190
0.000000
0.000000
0.406422
0.001042
0.000000
0.004271
0.015232
0.062147
0.000000
0.000000
0.000366
0.000000
0.000000
0.000000
0.000014
0.056385
0.000000
0.000000
0.000000
0.000000
0.000000
0.000000
0.000000
0.000000
0.794117
0.100015
0.000000
0.000000
0.000000
0.000000
0.007628
0.000000
0.000000
0.000000
0.000000
0.000000
0.000000
0.000000
0.179546
1.000000
0.000000
0.000000
0.061737
0.000000
0.000000
0.007666
0.158924
0.000000
0.492613
0.000000
0.277494
0.000000
0.000000
0.000000
0.000000
0.000000
0.000000
0.000000
0.000000
0.069087
0.048013
0.000000
0.004442
0.000000
0.000000
0.000000
0.000000
0.000000
0.000000
0.000000
0.000000
0.000000
0.000000
0.000000
0.000000
0.000000
0.001282
0.000000
0.000000
0.000000
0.070747
0.000000
0.126524
0.000000
0.000000
0.000000
0.000000
0.000000
0.000000
0.000000
0.000000
0.000000
0.000000
0.000000
0.000000
0.000000
0.000000
0.921685
0.000000
0.000000
0.000000
0.000000
0.000000
0.000000
0.473414
0.000000
0.000000
0.000000
0.011465
0.000000
0.000000
0.000000
0.000000
0.000000
0.000000
0.003070
0.000000
0.000000
0.746701
0.000000
0.000000
0.000000
0.000000
0.995631
0.000000
0.866460
0.265384
0.000000
0.000000
0.000000
0.000000
0.001844
0.000000
0.000000
0.000000
0.000000
0.000000
0.000000
0.000000
0.000078
0.000000
0.000000
0.000000
0.113391
0.000000
0.000000
0.447956
0.000065
0.000000
0.000000
0.064671
0.000140
0.000000
0.000000
0.000000
0.000000
0.000000
0.000000
0.004442
0.000000
0.000000
0.000129
0.000000
0.000000
0.000000
0.000000
0.000000
0.035541
0.262758
0.000000
0.000040
0.000061
0.000000
0.049726
0.000000
0.000000
0.461743
0.000000
0.000000
0.000000
0.000129
0.000000
0.159445
0.000000
0.000000
0.000000
0.000000
0.000000
0.026364
0.000000
0.048680
0.000000
0.008367
0.001219
0.000000
0.000000
0.042838
0.000000
0.000000
0.000000
0.000000
0.000000
0.000000
0.000000
0.000000
0.000000
0.000000
0.000000
0.000000
0.000000
0.000000
0.000000
0.000000
0.000000
0.000000
0.481110
0.000000
0.000000
0.000000
0.000000
0.000000
0.811185
0.000000
0.000002
0.005885
0.000000
0.000000
0.058946
0.000000
0.006667
0.000000
0.000000
0.000000
0.000000
0.000000
0.000000
0.078803
0.024536
0.000000
0.000000
0.000000
0.000000
0.000000
0.000000
0.000000
0.000000
0.000000
0.000000
0.000000
0.001621
0.000000
0.000000
0.000000
0.062138
0.000000
0.000000
0.000707
0.000000
0.000000
0.000000
0.000000
0.000000
0.000000
0.000000
0.003944
0.008693
0.000000
0.000000
0.000000
0.000000
0.077491
0.000000
0.000000
0.000000
0.000000
0.000000
0.000000
0.000000
0.000000
0.000000
0.000000
0.000000
0.000000
0.000000
0.000000
0.000000
0.115810
0.000000
0.000000
0.274858
0.000000
0.062675
0.000000
0.006291
0.000000
0.000000
0.000000
0.000000
0.000000
0.000000
0.000000
0.000000
0.000000
0.000000
0.001459
0.000000
0.000000
0.000000
0.000000
0.000000
0.000000
0.000000
0.000000
0.000569
0.000000
0.000000
0.000000
0.000000
0.000000
0.000000
0.000000
0.011566
0.000000
0.000000
0.000000
0.000000
0.000000
0.006057
0.000000
0.000000
0.000000
0.000000
0.000000
0.000000
0.000000
0.000000
0.000000
0.000000
0.000000
0.000000
0.000000
0.000000
0.000000
0.000000
0.000000
0.000000
0.000000
0.000000
0.000000
0.000000
0.000000
0.028174
0.000000
0.000000
0.000000
0.659429
0.022195
0.000000
0.392112
0.000000
0.000000
0.000000
0.000000
0.000000
0.000000
0.000000
0.000000
0.000000
0.000075
0.000000
0.000000
0.000000
0.000000
0.018830
0.000000
0.026973
0.000000
0.074107
0.000008
0.000000
0.000000
0.000000
0.000000
0.000000
0.001931
0.065027
0.000000
0.000257
0.040511
0.099082
0.000000
0.000166
0.000000
0.000000
0.000000
0.999997
0.000000
0.000000
0.000000
0.000000
0.000000
0.000000
0.000000
0.000000
0.000000
0.255696
0.007746
0.000000
0.000000
0.000000
0.000000
0.000000
0.055880
0.000000
0.000000
0.000000
0.000000
0.658182
0.015001
0.000000
0.000000
0.000000
0.000000
0.000000
0.000000
0.000000
0.000000
0.000000
0.000000
0.000000
0.003569
0.199843
0.004083
0.000000
0.000000
0.000000
0.104225
0.000000
0.001063
0.000000
0.000003
0.000000
0.000000
0.000000
0.000000
0.000000
0.000000
0.000000
0.076648
0.000000
0.000000
0.000000
0.000000
0.000000
0.000000
0.000000
0.187604
0.031215
0.004267
0.000000
0.000000
0.000000
0.000000
0.000000
0.000000
0.000000
0.000000
0.000000
0.000000
0.000000
0.000000
0.000000
0.002289
0.217019
0.000001
0.000000
0.000041
0.000000
0.058544
0.000000
0.066926
0.000000
0.000000
0.000000
0.176519
0.000000
0.000000
0.000000
0.000000
0.000000
0.000000
0.000000
0.000000
0.000000
0.000000
0.000000
0.000000
0.000000
0.582497
0.000000
0.013408
0.000000
0.000000
0.000000
0.000000
0.001418
0.000000
0.000000
0.000000
0.000000
0.000000
0.000000
0.000000
0.000000
0.000000
0.000000
0.000000
0.000000
0.157640
0.003178
0.014324
0.000000
0.000000
0.001321
0.000000
0.000000
0.000000
0.000000
0.000000
0.000000
0.000000
0.000000
0.000000
0.377990
0.000000
0.000000
0.000000
0.000000
0.000000
0.000000
0.000000
0.000000
0.000000
0.000000
0.000000
0.000000
0.000000
0.000000
0.000000
0.114689
0.000000
0.000000
0.000000
0.000000
0.000000
0.008534
0.004737
0.001293
0.375085
0.000000
0.000000
0.000000
0.000000
0.000000
0.000000
0.000000
0.000000
0.964729
0.000000
0.000000
0.000000
0.000000
0.000000
0.001108
0.000451
0.026875
0.042247
0.000000
0.999999
0.114439
0.000000
0.999975
0.000000
0.000000
0.088846
0.000000
0.000000
0.000000
0.000000
0.000000
0.010260
0.000000
0.053905
0.000000
0.000000
0.000000
0.000000
0.076533
0.000000
0.000000
0.000105
0.000000
0.000000
0.000000
0.695054
0.000000
0.000000
0.020590
0.000000
0.000000
0.000000
0.000000
0.000000
0.000000
0.000000
0.000000
0.000000
0.000000
0.000000
0.000000
0.049998
0.000000
0.000000
0.015054
0.469713
0.000000
0.000000
0.000000
0.000059
0.000000
0.000000
0.000000
0.000000
0.000003
0.000000
0.000000
0.012736
0.000000
0.000000
0.000000
0.000000
0.000000
0.129609
0.002485
0.018733
0.000000
0.000000
0.000000
0.000000
0.000000
0.000000
0.062766
0.000000
0.000000
0.000000
0.000000
1.000000
0.000000
0.000000
0.000000
0.000000
0.000000
0.000000
0.248480
0.000141
0.000045
0.000214
0.000000
0.000000
0.000000
0.000000
0.124415
0.000000
0.000000
1.000000
0.000000
0.000000
0.000000
0.000000
0.000000
0.000000
0.000000
0.000000
0.000000
0.000000
0.000000
0.000000
0.000000
0.000000
0.000000
0.000000
0.000000
0.000000
0.000000
0.000767
0.000000
0.000000
0.000000
0.000000
0.000000
0.000000
0.001823
0.000000
0.000000
0.000000
0.000000
0.000000
0.000000
0.000000
0.000000
0.000000
0.000000
0.000000
0.000001
0.000558
0.000000
0.000000
0.000000
0.000000
0.000000
0.000000
0.042431
0.000000
0.000000
0.000000
0.000415
0.000000
0.000000
0.000000
0.000000
0.000000
0.016414
0.003615
0.004725
0.000000
0.000000
0.000000
0.000000
0.084788
0.000000
0.000000
0.000000
0.000000
0.384737
0.000000
0.000000
0.000000
0.000000
0.000000
0.000106
0.000000
0.000000
0.000000
0.000000
0.000000
0.203720
0.011883
0.000000
0.000000
0.000000
0.000000
0.000000
0.023058
0.000000
0.003935
0.000000
0.000000
0.000000
0.000000
0.015039
0.057138
0.000000
0.000000
0.000000
0.208112
0.000000
0.002026
0.000000
0.000000
0.000000
0.000000
0.000000
0.000000
0.046570
0.000000
0.147056
0.000000
0.000000
0.105550
0.000000
0.000000
0.000000
0.000000
0.000000
0.487984
0.000000
0.000000
0.000000
0.000000
0.000000
0.000000
0.002448
0.000000
0.000000
1.000000
0.305401
0.000000
0.000000
0.000000
0.000000
0.000000
0.000000
0.000000
0.000000
0.000000
0.000000
0.000000
0.000000
0.000138
0.000000
0.000000
0.000000
0.000000
0.002773
0.852101
0.000000
0.000000
0.000000
0.311278
0.000000
0.000000
0.000000
0.001052
0.023205
1.000000
0.000000
0.000000
0.000000
0.000000
0.315735
0.077629
0.000000
0.000000
0.000000
0.000000
0.022647
0.000000
0.000001
0.033136
0.000000
0.000000
0.000000
0.057241
0.000000
0.000000
0.063230
0.000000
0.000000
0.000000
0.000000
0.000000
0.000000
0.000000
0.000000
0.000000
0.000000
0.000000
0.000469
0.000000
0.000000
0.000000
0.000000
0.000000
0.000000
0.048323
0.000000
0.000000
0.000000
0.004224
0.000000
0.000000
0.000000
0.058341
0.010670
0.000000
0.172695
0.000000
0.000000
0.044443
0.000000
0.000000
0.000000
0.000000
0.000000
0.000000
0.000000
0.000000
0.000000
0.000000
0.000000
0.000000
0.000000
0.000000
0.000000
0.000000
0.004696
0.000000
0.000000
0.000000
0.282726
0.000000
0.000000
0.000000
0.000000
0.000000
0.000000
0.000000
0.000000
0.000000
0.000000
0.032864
0.000000
0.000000
0.000000
0.000000
0.000918
0.000000
0.000000
0.000000
0.991439
0.000000
0.000000
0.000000
0.000000
0.000000
0.000000
0.000000
0.000000
0.000000
0.000000
0.000000
0.000000
0.000000
0.000000
0.000000
0.000000
0.000000
0.000000
0.000000
0.000000
0.000000
0.000000
0.000000
0.177232
0.002071
0.000000
0.000000
0.000000
0.014988
0.000000
0.000000
0.000000
0.000000
0.000000
0.266085
0.000000
0.000000
0.000000
0.000000
0.000371
0.000000
0.029157
0.000000
0.000000
0.000000
0.336572
0.000000
0.177786
0.000000
0.000000
0.000000
0.000000
0.000000
0.000017
0.000000
0.000000
0.000000
0.000640
0.000000
0.108893
0.240115
0.000000
0.115687
0.000000
0.000011
0.022815
0.001084
0.000000
0.000000
0.000000
0.640153
0.000000
0.233674
0.000000
0.000000
0.000000
0.000000
0.000000
0.000000
0.000000
0.361589
0.424133
1.000000
0.000000
0.000000
0.000000
0.000000
0.000000
0.000000
0.000000
0.000000
0.000000
0.000000
0.000000
0.139258
0.000000
0.000000
0.000000
0.000000
0.000000
0.000000
0.000000
0.000000
0.179471
0.000000
0.064813
0.927818
0.000000
0.000000
0.144685
0.000000
0.000000
0.000000
0.000000
0.000000
0.000000
0.971669
0.000000
0.000000
0.000000
0.000000
0.000000
0.000000
0.000000
0.000000
0.000000
0.000000
0.000000
0.000000
0.001775
0.000000
0.000000
0.000000
0.000000
0.001095
0.079295
0.006080
0.000000
0.000000
0.000000
0.000027
0.453968
0.000000
0.000000
0.000000
0.000000
0.184882
0.000000
0.000000
0.001295
0.000000
0.026629
0.000000
0.000000
0.013525
0.000000
0.252593
1.000000
0.000106
0.000000
0.000000
0.281756
0.000000
1.000000
0.000000
0.000000
0.000000
0.000000
0.000000
0.255489
0.123295
0.000000
0.000000
0.000000
0.000446
0.000000
0.000000
0.000000
0.000000
0.000000
0.806594
0.000000
0.000000
0.000000
0.000000
0.000000
0.429698
0.000000
0.000000
0.000000
0.000000
0.000000
0.000000
0.042626
0.000000
0.000000
0.000066
0.000000
0.000000
0.999979
0.000000
0.000000
0.000000
0.000000
0.000000
0.000000
0.000000
0.025346
0.000000
0.000268
0.000000
0.000000
0.000000
0.000000
0.000000
0.000000
0.000000
0.796032
0.011997
0.000000
0.142841
0.000000
0.000000
0.000000
0.000000
0.000000
0.000000
0.000237
0.016886
0.000000
0.000000
0.000000
0.328350
0.000000
0.000000
0.000000
0.000000
0.000000
0.000000
0.000000
0.000000
0.000000
0.000000
0.000000
0.000000
0.000000
0.000000
0.000000
0.390523
0.000000
0.000000
0.000000
0.000000
0.000000
0.000000
0.000000
0.000000
0.000000
0.000000
0.040747
0.235286
0.002336
0.000000
0.000000
1.000000
0.000000
0.000000
0.000000
0.000000
0.000000
0.191412
0.000000
0.000000
0.003135
0.000000
0.000000
0.000000
0.000000
0.000000
0.032765
0.000000
0.008598
0.000000
0.000000
0.110345
0.000000
0.000000
0.000000
0.003001
0.000000
0.017919
0.000000
0.000000
0.000000
0.026751
0.000000
0.000000
0.000000
0.000000
0.000000
0.000000
0.000000
0.000587
0.000000
0.703619
0.000000
0.000000
0.000000
0.000000
0.000000
0.000000
0.000000
0.000000
0.000000
0.000000
0.000000
0.001476
0.000000
0.012638
0.000000
0.000000
0.000000
0.095574
0.000001
0.004042
0.000000
0.000000
0.000000
0.000000
0.012586
0.000000
0.000000
0.000000
0.000000
0.000000
0.000000
0.000000
0.596705
0.000000
0.000000
0.000000
0.000000
0.000000
0.000000
0.360466
0.000000
0.000000
0.000000
0.000000
0.000000
0.000000
0.000000
0.000000
0.000000
0.000000
0.000000
0.000000
0.245470
0.000000
0.000000
0.005605
0.000000
0.981011
0.000000
0.000000
0.000000
0.000000
0.000000
0.000000
0.000000
0.000000
0.238480
0.000000
0.000000
0.000000
0.000000
0.070395
0.000000
0.000497
0.361762
0.000000
0.000000
0.000000
0.000000
0.000000
0.026623
0.000000
0.000000
0.000000
0.000000
0.000000
0.000000
0.134548
0.000000
0.007507
0.000000
0.000000
0.015809
0.091089
0.000000
0.000000
0.000000
0.000000
0.000000
0.000000
0.021159
0.000000
0.000000
0.000000
0.000000
0.000000
0.000000
0.234377
0.000000
0.000000
0.423572
0.000000
0.000000
0.999999
0.015618
0.000000
0.000000
0.998728
0.000000
0.000000
0.000000
0.104070
0.566355
0.000000
0.000000
0.000000
0.000000
0.048089
0.000000
0.000000
0.007611
0.000000
0.000000
0.000000
0.000164
0.000000
0.000000
0.000000
0.000000
0.000000
0.000000
0.000000
0.000000
0.000000
0.042796
0.000000
0.000000
0.000000
0.000000
0.000000
0.000000
0.000000
0.169052
0.000000
0.000000
0.000000
0.000000
0.000000
0.000000
0.000000
0.082318
0.000000
0.000000
0.000000
0.026852
0.000000
0.000000
0.167866
0.000000
0.000000
0.000000
0.010606
0.000000
0.033970
0.000000
0.000000
0.000000
0.000000
0.000000
0.000000
0.013325
0.000049
0.000000
0.004122
0.039462
0.000000
0.000000
0.000000
0.000000
0.000000
0.000000
0.000000
0.000000
0.000000
0.000854
0.010982
0.000000
0.157874
0.003218
0.000000
0.221360
0.000000
0.000000
0.000000
0.000000
0.000000
0.000000
0.244940
0.000000
0.000000
0.000000
0.000000
0.000000
0.000000
0.000000
0.000000
0.000000
0.000000
0.253353
0.000000
0.003679
0.000226
0.000000
0.000009
0.827145
0.000000
0.000000
0.000000
0.000000
0.000000
0.000000
0.000000
0.000000
0.000177
0.000000
0.000000
0.885313
0.000000
0.030440
0.000000
0.276462
0.000000
0.000000
0.000000
0.000000
0.000000
0.019726
0.000000
0.000000
0.462156
0.185994
0.027569
0.000000
0.000000
0.000000
0.000000
0.000000
0.000000
0.000000
0.743251
0.000000
0.649380
0.261091
0.000000
1.000000
0.000000
0.000000
0.018068
0.037028
0.000000
0.999562
0.000000
0.000000
0.000000
0.000000
0.000000
0.000000
0.000000
0.000000
0.000000
0.000000
1.000000
0.000000
0.000000
0.000000
0.000835
0.000000
0.000000
0.000000
0.000337
0.000784
0.000698
0.336260
0.982375
0.000000
0.000000
0.036135
0.000000
0.026389
0.000338
0.000000
0.017951
0.000000
0.000000
0.000000
0.000000
0.000000
0.000016
0.000000
0.000000
0.000001
0.000000
0.000000
0.000000
0.000000
0.000000
0.000000
0.005051
0.000000
0.000000
0.000000
1.000000
0.497934
0.000000
0.000000
0.000000
0.000000
0.000000
0.000000
0.000000
0.000000
0.000000
0.000000
0.000000
0.001181
0.941756
0.000000
0.000000
0.000000
0.000000
0.000000
0.000000
0.000000
0.200939
0.000878
0.232283
0.000000
0.000000
0.000000
0.000000
0.000000
0.000000
0.002076
0.000122
0.000000
0.000000
0.000000
0.000000
0.000000
0.000000
0.196350
0.000000
0.000000
0.000000
0.073427
0.012855
0.000000
0.000000
0.000000
0.000000
0.000000
0.000000
0.000000
0.000008
0.000000
0.999778
0.244862
0.000000
0.084434
0.000000
0.000000
0.000000
0.000000
0.000000
0.000000
0.047980
0.000000
0.001600
0.000000
0.000427
0.000000
0.000000
0.000000
0.000000
0.000000
0.000000
0.000000
0.000000
0.000045
0.049033
0.000000
0.000000
0.000000
0.000000
0.000000
0.000007
0.000000
0.007822
0.040827
0.000000
0.011693
0.002036
0.000000
0.000000
0.000000
0.000000
0.000000
0.000000
0.000000
0.000000
0.000000
0.000000
0.000000
0.000000
0.000000
1.000000
0.000000
0.000000
0.000000
0.000000
0.000000
0.000000
0.000067
0.000000
0.000000
0.999020
0.000000
0.000000
0.000000
0.000000
0.324055
0.000000
0.000000
0.000000
0.000000
0.000000
0.000000
0.000000
0.001402
0.000000
0.000000
0.000000
0.000000
0.000000
0.000000
0.000000
0.000000
0.000002
0.000000
0.000000
0.000000
0.000000
0.000000
0.000000
0.000000
0.000000
0.001595
0.039787
0.000000
0.000000
0.006832
0.000000
0.000000
0.000000
0.001468
0.000000
0.000000
0.000000
0.000000
0.000000
0.000000
0.000000
0.000000
0.000000
0.000000
0.000000
0.000000
0.000483
0.000000
0.125564
0.000000
0.000000
0.000000
0.000000
0.015866
0.000000
0.000000
0.000000
0.000000
0.000001
0.000000
0.531969
0.000000
0.000000
0.015098
0.000000
0.000000
0.000000
0.000000
0.000000
0.000000
0.000000
0.000000
0.000000
0.000000
0.000000
0.000459
0.000000
0.250122
0.000000
0.000000
0.000000
0.000000
0.000000
0.000000
0.000000
0.000000
0.117075
0.000000
0.010222
0.518099
0.000024
0.000000
0.000000
0.000000
0.000000
0.000000
0.000000
0.000000
0.000000
0.000000
0.334011
0.144827
0.003858
0.000000
0.000000
0.001824
0.012220
0.000000
0.000000
0.000000
0.836536
0.000000
0.946406
0.000000
0.191658
0.000000
0.000000
0.000000
0.000000
0.000000
0.000000
0.000000
0.000000
0.000000
0.000000
0.364944
0.000000
0.000000
0.000000
0.283901
0.000000
1.000000
0.000000
0.000000
0.003355
0.006855
0.000000
0.000000
0.000000
0.000000
0.050466
0.391545
0.000000
0.000000
0.000000
0.000000
0.000000
0.998813
0.000000
0.000000
0.000000
0.000000
0.308687
0.000000
0.000000
0.000000
0.000000
0.000000
0.000000
0.000000
0.000000
0.000000
0.000000
0.000000
0.000000
0.000000
0.027706
0.000000
0.000000
0.000000
0.000000
0.000000
0.000000
0.771988
0.473325
0.000000
0.000000
0.000000
0.000000
0.000000
0.029800
0.000000
0.000000
0.000000
0.000000
0.000000
0.000000
0.087364
0.000000
0.000000
0.000000
0.000000
0.000000
0.000000
0.000000
0.000000
0.000000
0.200058
0.000000
0.000000
0.000000
0.000000
0.000000
0.000000
0.475676
0.000000
0.000000
0.000000
0.000000
0.000000
0.003718
0.000000
0.000000
0.000000
0.000000
0.000000
0.000000
0.000000
0.000000
0.000000
0.000000
0.000000
0.000000
0.000000
0.000000
0.000000
0.000000
0.000000
0.000000
0.000000
0.000000
0.000000
0.110312
0.000000
0.000000
0.000000
0.000000
0.000000
0.000000
0.000000
0.000000
0.000000
0.000000
0.000309
0.000000
0.000000
0.000000
0.000000
0.000000
0.066274
0.000000
0.000000
0.000000
0.136904
0.000000
0.000009
0.000000
0.000000
0.000000
0.000000
0.028081
0.000000
0.000000
0.000000
0.000000
0.000000
0.033918
0.000000
0.000000
0.000000
0.958373
0.000000
0.000251
0.000000
0.000000
0.000000
0.058257
0.001509
0.000000
0.000000
0.000000
0.000000
0.000000
0.004128
0.000000
0.088638
0.000000
0.000000
0.000000
0.002530
0.000000
0.000000
0.000000
0.000000
0.000000
0.000000
0.000000
0.000000
0.000000
0.000000
0.000000
0.000000
0.000000
0.000000
0.000000
0.000000
0.000000
0.000000
0.000000
0.212905
0.023650
0.000000
0.000000
0.000000
0.000000
0.000000
0.000000
0.000000
0.000000
0.000000
0.000067
0.000000
1.000000
0.000000
0.000000
0.000000
0.000000
0.000000
0.000000
0.005505
0.000000
0.000000
0.000000
0.000000
0.000000
0.000000
0.000000
0.000000
0.000000
0.000000
0.040483
0.000000
0.000000
0.000000
0.000000
0.000000
0.000000
0.000000
0.000000
0.000000
0.000000
0.000000
0.121452
0.000000
0.832366
0.056864
0.000000
0.000000
0.000000
0.000000
0.019784
0.000000
0.000000
0.000000
0.000000
0.064373
0.000000
0.000000
0.001271
0.000000
0.227233
0.619058
0.000000
0.000000
0.000000
0.075122
0.000000
0.000000
0.000000
0.000000
0.000163
0.000000
0.000000
0.000000
0.000000
0.000000
0.000000
0.000000
0.000000
0.000000
0.000000
0.000000
0.000000
1.000000
0.000000
0.000000
0.000000
0.000000
0.000000
0.000000
0.047497
0.000000
0.000000
0.000000
0.000000
0.000000
0.000000
0.008043
0.000171
0.000000
0.000000
0.000000
0.000000
0.000000
0.000000
0.000000
0.000000
0.001137
0.023412
0.001407
0.000000
0.337314
0.000000
0.000000
0.000000
0.000000
0.000000
0.000000
0.010891
0.000000
0.000000
0.411494
0.000000
0.000000
0.000000
0.000000
0.000000
0.000000
0.000000
0.009864
0.000000
0.000000
0.000000
0.000000
0.000000
0.019322
0.000000
0.000000
0.007962
0.000000
0.000000
0.227396
0.595202
0.000000
0.000000
0.000000
0.000000
0.000000
0.060697
0.000000
0.000000
0.000000
0.000000
0.000000
0.016535
0.000000
0.000357
0.000000
0.000000
0.000000
0.068434
0.000000
0.000000
0.112616
0.000000
0.000000
0.000000
0.000000
0.000000
0.000000
0.000000
0.000000
0.000768
0.000000
0.000000
0.000000
0.000000
0.000545
0.000000
0.000000
0.000000
0.000000
0.000000
0.000000
0.000000
0.284306
0.011524
0.000000
0.000284
0.000000
0.000000
0.000000
0.000000
0.000000
0.000000
0.000000
0.000000
0.000000
0.176356
0.000000
0.000000
0.000000
0.016603
0.000000
0.004616
0.000000
0.001142
0.021868
0.000000
0.000000
0.002485
1.000000
0.000000
0.420752
0.058094
0.000000
0.000879
0.000000
0.301027
0.000000
0.000000
0.029056
0.000000
0.000596
0.000000
0.000000
0.023362
0.000000
0.000000
0.000000
0.000000
0.000000
0.006624
0.000000
0.000000
0.016367
0.000000
0.000000
0.000000
0.000000
0.000000
0.000000
0.000000
0.000000
0.000000
0.000000
0.000000
0.000000
0.369620
0.000000
0.000000
0.000000
0.000000
0.000000
0.000000
0.000000
0.000000
0.000000
0.000000
0.000000
0.000000
0.000000
0.000000
0.000000
0.000000
0.000000
0.000000
0.000000
0.000000
0.000000
0.000000
0.000000
0.000000
0.000000
0.000000
0.000000
0.000000
0.000000
0.346248
0.000000
0.000000
0.000000
0.000000
0.000000
0.000000
0.883623
0.000000
0.000000
0.000000
0.000000
0.000000
0.000000
0.000000
0.000000
0.000000
0.000000
0.000000
0.000000
0.005804
0.000000
0.000000
0.000000
0.000000
0.000000
0.000000
0.000000
0.000000
0.000000
0.000000
0.000000
1.000000
0.000000
0.000036
0.000000
0.000000
0.000000
0.165620
0.000000
0.000000
0.000000
0.000000
0.000000
0.000000
0.000000
0.075543
0.000000
0.000000
0.000000
0.000006
0.000000
0.000000
0.000000
0.000000
0.047758
0.000005
0.000000
0.000000
0.000000
0.000000
0.000000
0.000000
0.635341
0.000000
0.000000
0.000000
0.000000
0.000000
0.000000
0.000000
0.000436
0.000000
0.000000
0.000000
0.000000
0.000000
0.000000
0.000000
0.000000
0.000000
0.000000
0.795187
0.000000
0.000000
0.591209
0.000000
0.000000
0.000000
0.000000
0.123582
0.000000
0.000000
0.000000
0.000000
0.000000
0.000000
0.000000
0.000000
0.000000
0.000000
0.000000
0.000661
0.000000
0.008138
0.000000
0.000000
0.000000
0.000000
0.000000
0.127217
0.000000
0.000000
0.000000
0.000000
0.000064
0.000000
0.000000
0.160363
0.014306
0.000000
0.000000
0.088719
0.105867
0.000000
0.000000
0.000000
0.001207
0.000000
0.000000
0.000000
0.000000
0.000000
0.000000
0.000000
0.000000
0.000000
0.015967
0.000000
0.002959
0.000000
0.000000
0.003099
1.000000
0.000000
0.000403
0.000000
0.000000
0.000000
0.000000
0.000676
1.000000
0.000000
0.469104
0.000000
0.000000
0.000000
0.000000
0.000000
0.000000
0.000000
0.001766
0.000000
0.000000
0.055098
0.000000
0.002596
0.000000
0.000000
0.000000
1.000000
0.000000
0.000418
0.005875
0.000000
0.285201
0.000000
0.000000
0.000000
0.000000
0.410056
0.322162
0.000000
0.000000
0.000000
0.000000
0.002643
0.000000
0.000000
0.000000
0.000000
0.000000
0.000052
0.000000
0.003022
0.004002
0.000000
0.000000
0.000000
0.000000
0.000000
0.077861
0.270804
0.000000
0.000000
0.000000
0.000000
0.000000
0.258940
0.241457
0.000000
0.028778
0.000000
0.000000
0.000000
0.000000
0.071955
0.000000
0.000000
0.000000
0.999590
0.000000
0.000000
0.000000
0.000000
0.000001
0.000000
0.000000
0.000000
0.000000
0.000000
0.000000
0.000000
0.000000
0.000000
0.000000
0.000000
0.000000
0.000000
0.007219
0.000000
0.000000
0.000233
0.000000
0.000000
0.000000
0.000000
0.000000
0.000000
0.000000
0.000000
0.000000
0.000000
0.000000
0.000000
0.308002
0.000000
0.000000
0.000000
0.000000
0.000000
0.000000
0.000000
0.109454
0.000183
0.000000
0.394613
0.000000
0.000000
0.000000
0.000000
0.000000
0.000000
0.000000
0.032149
0.011627
0.000000
0.000000
0.151363
0.000000
0.000000
0.000005
0.000020
0.000000
0.000000
0.000000
0.000000
0.000000
0.000000
0.000000
0.000000
0.000000
0.000000
0.000000
0.000000
0.000000
0.000002
0.000000
0.000000
0.000000
0.000000
0.000000
0.000000
0.000000
0.000000
0.000000
0.001185
0.000000
0.000000
0.000000
0.000000
0.000000
0.000000
0.000000
0.007833
0.000000
0.000000
0.447688
0.035877
0.000015
0.000000
0.000000
0.000000
0.002395
0.000000
0.000000
0.000000
0.000000
0.000000
0.000000
0.000000
0.005951
0.000000
0.000000
0.149482
0.000000
0.000000
0.000000
0.086686
0.024424
0.000000
0.000000
0.000000
0.000000
0.000000
0.006803
0.000000
0.000000
0.000000
0.000000
0.014220
0.000000
0.000000
0.022583
0.000000
0.070861
0.000000
0.000000
0.000000
0.000000
0.000000
0.055190
0.000000
0.000000
0.353525
0.025162
0.000000
0.000000
0.000000
0.000000
0.000000
0.000000
0.000000
0.000000
0.000000
0.083270
0.000000
0.000000
0.000000
0.000000
0.000000
0.000000
0.000000
0.000000
0.431140
0.000000
0.000000
0.000000
0.000000
0.005211
0.000000
0.000000
0.000000
0.000000
0.000000
0.000000
0.000000
0.000000
0.000000
0.000000
0.000000
0.423787
0.000000
0.000000
0.000000
0.696104
0.000000
0.000000
0.000000
0.000000
0.000000
0.000000
0.000000
0.000000
0.000000
0.758748
0.000000
0.000000
0.000000
0.000000
0.151514
0.000000
0.000000
0.000000
0.000000
1.000000
0.000000
0.000000
0.218846
0.000000
0.000000
0.000000
0.000000
0.000000
0.000000
0.000000
0.000000
0.000000
0.049063
0.070956
0.000000
0.000000
0.000000
0.000000
0.000000
0.000000
0.835302
0.968785
0.000000
0.000000
0.000000
0.000000
0.000000
0.000000
0.000000
0.000000
0.000000
0.000000
0.000000
0.000000
0.183479
0.000000
0.000000
0.000000
0.000000
0.862952
0.000000
0.000000
0.000000
0.162444
0.000000
0.000000
0.000000
0.000362
0.000535
0.000000
0.000000
0.000000
0.000000
0.000000
0.000000
0.000000
0.160365
0.000000
0.763988
0.000000
0.000000
0.000000
0.000000
0.000000
0.000000
0.000000
0.000000
0.000000
0.000000
0.000000
0.000000
0.978221
0.097444
0.000000
0.000000
0.000000
0.000000
0.101433
0.000000
0.000000
0.000000
0.000000
0.000000
0.023545
0.000000
0.000000
0.402015
0.000000
0.000000
0.000061
0.000000
0.000000
0.000000
0.000000
0.000000
0.000000
0.000000
0.000000
0.000000
0.000000
0.000000
0.000000
0.053087
1.000000
0.000000
0.003791
0.000000
0.000000
0.000000
0.000000
0.000000
0.000000
0.000000
0.002260
0.000000
0.000000
0.000000
0.000000
0.000000
0.000000
0.000000
0.000000
0.000000
0.105943
0.658847
0.000000
0.000000
0.000000
0.000000
0.000000
0.000000
0.000000
0.000000
0.000000
0.000000
0.000000
0.000000
0.000000
0.000000
0.000000
0.000000
0.000000
0.000000
0.000000
0.000000
0.064574
0.000000
0.000000
0.000000
0.000000
0.000000
0.000000
0.000000
0.000000
0.000000
0.000000
0.000157
0.000000
0.000000
0.003054
0.000000
0.000000
0.000000
0.000000
0.012056
0.000000
0.000000
0.000000
0.012585
0.000000
0.000000
0.000000
0.000000
0.000000
0.000000
0.012158
0.000000
0.002423
0.000000
0.001748
0.000000
0.000000
0.000000
0.000000
0.000000
0.000000
0.001636
0.019324
0.000000
0.000000
0.060664
0.320715
0.000000
0.015019
1.000000
0.000000
0.000000
0.000000
0.000000
0.000000
0.000000
0.000000
0.007218
0.000001
0.109595
0.162207
0.000000
0.000000
0.000000
0.000000
0.000000
0.011960
0.010715
0.384143
0.116610
0.004834
0.000000
0.000000
0.000000
0.000000
0.000000
0.000000
0.000000
0.000000
0.000000
1.000000
0.000000
0.000000
0.000000
0.000000
0.000000
0.000000
0.000000
0.000000
0.000000
0.000000
0.000000
0.000000
0.000000
0.000000
0.000024
0.000000
0.000000
0.000000
0.000000
0.002402
0.000000
0.000000
0.000000
0.000000
0.000000
0.000000
0.000000
0.000000
0.000000
0.000000
0.000000
0.000000
0.077523
0.000000
0.000000
0.000000
0.000000
0.000000
0.089704
0.002743
0.000000
0.000000
0.000000
0.000000
0.000000
0.000000
0.000048
0.001194
0.000000
0.000000
0.000000
0.213588
0.042581
0.000000
0.000000
0.000000
0.000000
0.005867
0.510555
0.000000
0.000000
0.000000
0.000000
0.000000
0.366412
0.000000
0.000000
0.000000
0.000000
0.000000
0.000000
0.567689
0.000000
0.000000
0.000000
0.003389
0.000000
0.209625
0.000000
0.000000
0.000000
0.000000
0.000000
0.000000
0.000000
0.000000
0.000000
0.727459
0.000217
0.000000
0.000000
0.000000
0.000000
0.000000
0.080524
0.000000
0.000000
0.000000
0.785923
0.000000
0.963061
0.000056
0.000000
0.000000
0.063850
0.511959
0.000000
0.000000
0.000000
0.000000
0.000000
0.000000
0.000000
0.000000
0.000000
0.000000
0.000000
0.000054
0.000000
0.000000
0.000000
0.000000
0.000000
0.000000
0.000000
0.000000
0.000000
1.000000
0.998089
0.001781
0.000000
0.000000
0.000000
0.027233
0.000000
0.091529
0.000000
0.000000
0.000000
0.000000
0.000000
0.000000
0.000000
0.000000
0.000000
0.000000
0.000000
0.000000
0.000000
0.000000
0.000000
0.441825
0.000000
0.000000
0.060937
0.000000
0.000000
0.000000
0.000000
0.000000
0.000000
0.000000
0.000000
0.000000
0.000000
0.000000
0.000000
0.000000
0.000000
0.934794
0.000000
0.000000
0.000000
0.010395
0.000000
0.000000
0.000000
0.000000
0.000000
0.549867
0.000000
0.000000
0.000000
0.000000
0.266726
0.033010
0.000000
0.000000
0.000000
0.000000
0.000000
0.000000
0.765091
0.000000
0.000000
0.000000
0.000000
0.000000
0.000000
0.000000
0.000000
0.000000
0.000000
0.000000
0.000000
0.000000
0.000000
0.027743
0.000000
0.000000
0.000000
0.000000
1.000000
0.000000
0.000000
0.000000
0.000000
0.000009
0.000000
0.000000
0.000000
0.000000
0.000000
0.055895
0.000000
0.000000
0.000000
0.000000
0.000000
0.000000
0.000000
0.000000
0.000000
0.000000
0.000000
0.000000
0.000000
0.000000
0.000000
0.000000
0.000000
0.000000
0.000000
0.460886
0.000000
0.000000
0.000000
0.013057
0.000000
0.000000
0.000000
0.000000
0.000000
0.000000
0.379622
0.000000
0.000000
0.000000
0.078011
0.000000
0.773723
0.000000
0.000000
0.000000
0.000000
0.000000
0.000000
0.000000
0.000000
0.000000
0.000000
0.000000
0.155857
0.000009
0.000000
0.007432
0.000000
0.800695
0.000000
0.000000
0.000000
0.000000
0.000000
0.000000
0.488108
0.000000
0.000000
0.002387
0.005092
0.000000
0.000000
0.082939
0.000000
0.000000
0.000000
0.000000
0.000000
0.000000
0.268601
0.000000
0.479022
0.000000
0.000000
0.000000
0.000000
0.000000
0.000000
0.000000
0.000000
0.000000
0.000000
0.000000
0.000000
0.000000
0.000000
0.000000
0.000000
0.000000
0.051504
0.005234
0.000000
0.000000
0.000000
0.000000
0.000000
0.000000
0.000600
0.058514
0.000000
0.000000
0.754984
0.000000
0.036941
0.000000
0.046089
0.000000
0.000000
0.024117
0.357640
0.020877
0.000000
0.000000
0.000000
0.000000
0.000000
0.000000
0.001691
0.000000
0.000000
0.000000
0.000000
0.000000
0.000000
0.000000
0.281059
0.323990
0.000000
0.000000
0.989535
0.000000
0.000000
0.000000
0.000099
0.000000
0.000000
0.000000
0.000129
0.001580
0.000000
0.000000
0.000000
0.144422
0.000052
0.000000
0.000000
0.000000
0.000000
0.000000
0.000096
0.000000
0.000000
0.000000
0.000000
0.000122
0.000000
0.252584
0.000000
0.000000
0.934157
0.000000
0.000000
0.000000
0.000000
0.000000
0.007733
0.000000
0.000000
0.000000
0.000000
0.000000
0.000000
0.000000
0.000000
0.000000
0.000000
0.000000
0.000000
0.000000
0.001394
0.000000
0.000000
0.000000
0.000000
0.000000
0.001960
0.011004
0.000000
0.000000
0.200685
0.000000
0.000000
0.000000
0.000000
0.000000
0.000000
0.000000
0.000000
0.000000
0.000000
0.079601
0.000000
0.000000
0.997434
0.894376
0.000000
0.000000
0.000000
0.000000
0.000033
0.000000
0.000000
0.000000
0.377830
0.000000
0.000000
0.000000
0.000000
0.000000
0.000000
0.000000
0.000000
0.000000
0.057157
0.000000
0.000000
0.000000
0.000000
0.000000
0.000000
0.328337
0.000000
0.000000
0.000000
0.000000
0.738723
0.000000
0.000000
0.000000
0.000000
0.000000
0.000000
0.000000
0.000000
0.216170
0.000764
0.114969
0.000005
0.000000
0.000000
0.000000
0.000000
0.000000
0.000000
0.000000
0.000000
0.000000
0.000000
0.000000
0.000316
0.000000
0.000000
0.316396
0.000000
0.028590
0.000000
0.000000
0.000000
0.000000
0.085864
0.000000
0.900848
0.095229
0.000000
0.077951
0.000000
0.001708
0.000000
0.000000
0.001325
0.115664
0.000000
0.000000
0.000973
0.000000
0.003140
0.000000
0.000000
0.000000
0.000000
0.075672
0.000000
0.000000
0.000000
0.661936
0.000000
0.000000
0.000000
0.000000
0.100017
0.016758
0.071408
0.000190
0.000000
0.000000
0.000000
0.241113
0.000000
0.000000
1.000000
0.000000
0.000000
0.000000
0.000000
0.000000
0.000000
0.000000
0.000000
0.000000
0.000000
0.000000
0.000000
0.000000
0.982797
0.000000
0.166891
0.000000
0.000000
0.000000
0.000000
0.000000
0.000000
0.000000
0.000000
0.000000
0.000000
0.006289
0.000000
0.000000
0.000000
0.465225
0.000000
0.000000
0.081174
0.000000
0.000000
0.000000
0.000000
0.000000
0.000000
0.000000
0.000000
0.000000
0.000000
0.000000
0.000000
0.000000
0.087559
0.000000
0.019950
0.017059
0.000000
0.000000
0.007635
0.000000
0.375036
0.000000
0.000000
0.000000
0.000000
0.000000
0.000000
0.000000
0.000000
0.000000
0.000000
0.131987
0.000000
0.000000
0.000000
0.000000
0.000000
0.000000
0.000000
0.000000
0.000000
0.000000
0.000000
0.000000
0.000000
0.000000
0.000000
0.000000
0.000000
0.000000
0.000000
0.000000
0.000000
0.000022
0.000000
0.000000
0.000000
0.000000
0.000000
0.015791
0.776958
0.000000
0.000000
0.012168
0.000000
0.000000
0.000000
0.000000
0.000000
0.000000
0.000000
0.000000
0.000000
0.000000
0.000000
0.000000
0.000000
0.000000
0.000000
0.000000
0.000000
0.000000
0.000000
0.386947
0.000000
0.000000
0.000000
0.000000
0.000522
0.000000
0.000000
0.000000
0.000000
0.487435
0.000000
0.000000
0.000000
0.000000
0.000000
0.000000
0.000000
0.000000
0.000000
0.000000
0.000000
0.000000
0.000000
0.000000
0.000000
0.000000
0.000000
0.059140
0.000000
0.000000
0.000000
0.000000
0.000000
0.000000
0.000000
0.066882
0.000000
0.000000
0.391946
0.000000
0.000000
0.000000
0.000000
0.000000
0.000907
0.000000
0.000000
0.859025
0.000000
0.000000
0.000000
0.001355
0.000000
0.000000
0.000000
0.000000
0.000000
0.056033
0.000000
0.000688
0.000000
0.058229
0.000000
0.000000
0.000000
0.000000
0.001953
0.648878
0.000000
0.000000
0.000000
0.000000
0.000000
0.000000
0.001054
0.000000
0.000000
0.624330
0.000000
0.000000
0.000000
0.000000
0.000000
0.000183
0.000000
0.049256
0.000000
0.000000
0.000000
1.000000
0.214039
0.000000
0.000000
0.000000
0.000009
0.000000
0.000000
0.000000
0.078734
0.306753
0.000000
0.000000
0.000000
0.000000
0.000000
0.000000
0.000000
0.000000
0.000000
0.000000
0.000000
0.000000
1.000000
0.000000
0.000000
0.000000
0.000000
0.000000
0.000000
0.000000
0.000000
0.568996
0.000018
0.000000
0.000000
0.000000
0.039344
0.000002
0.000000
0.000000
0.000000
0.000000
0.000018
0.000000
0.000000
0.000000
0.099221
0.000000
0.000000
0.070137
0.000000
0.005098
0.000000
0.000000
0.000000
0.000000
0.000000
0.000000
0.000029
0.000000
0.001805
0.000000
0.000000
0.000000
0.000000
0.000002
0.000000
0.000000
0.000000
0.000000
0.000000
0.000000
0.000000
0.000000
0.000000
0.000000
0.000000
0.000000
0.000000
0.000000
0.126361
0.000000
0.795940
0.003156
0.282929
0.999988
0.000000
0.000000
0.000116
0.000000
0.000000
0.000000
0.015986
0.000000
0.000000
0.000000
0.052958
0.266104
0.000000
0.200712
0.000000
0.000000
0.000000
0.000000
0.000000
0.000000
0.000000
0.000000
0.000000
0.000000
0.012020
0.000000
0.000000
0.000000
0.603344
0.107863
0.000000
0.000000
0.092427
0.000000
0.000000
0.288917
0.000000
0.020023
0.000000
0.000000
0.000000
0.000000
0.000000
0.000000
0.000000
0.000000
0.000000
0.000000
0.000000
0.000000
0.000000
0.000000
0.000000
0.025140
0.233157
0.000000
0.296142
0.000000
0.000000
0.012838
0.016944
0.001136
0.000000
0.000000
0.232759
0.000000
0.000000
0.000000
0.000000
0.000000
0.000000
0.000000
0.000000
0.000000
0.000000
0.000000
0.000000
0.000000
0.000000
0.000000
0.000000
0.000022
0.000000
0.000000
0.000000
0.000000
0.000000
0.000253
0.000000
0.003200
0.000000
0.000000
0.000000
0.000000
0.000000
0.006191
0.000000
0.000000
0.000000
0.000000
0.000000
0.000000
0.361474
0.000000
0.002865
0.000000
0.886123
0.523533
0.000000
0.000000
0.433600
0.000000
0.000000
0.000000
0.072665
0.000000
0.000000
0.000000
0.000000
0.000000
0.000000
0.004449
0.000000
0.394588
0.000000
0.000000
0.000000
0.000000
0.078933
0.000000
0.000000
0.000000
0.000000
0.000000
0.000000
0.000000
0.000000
0.000000
0.000000
0.000000
0.000000
0.000000
0.000000
0.000000
0.000000
0.000000
0.000000
0.000003
0.000000
0.000000
0.000000
0.000000
0.000000
0.000019
0.000000
0.000000
0.000000
0.000000
0.000000
0.000000
0.006301
0.000000
0.000000
0.000000
0.000000
0.000000
0.000000
0.000000
0.000000
0.000000
0.003080
0.000000
0.000000
0.000000
0.000000
0.000000
0.000000
0.006086
0.000000
0.000000
0.000000
0.005710
0.000000
0.000000
0.000000
0.037448
0.001005
0.000000
0.000000
0.000000
0.324677
0.000000
0.000000
0.000000
0.000000
0.032629
0.000000
0.000000
0.000000
0.000000
0.033049
0.000000
0.000000
0.000000
0.000000
0.000000
0.000000
0.000000
0.000000
0.000000
0.000000
0.000000
0.000000
0.000000
0.009071
0.382464
0.000000
0.000000
0.326815
0.000000
0.000000
0.000000
0.000008
0.000000
0.000000
0.000000
0.000000
0.000000
0.000000
0.000000
0.000000
0.000000
0.000000
0.000000
0.000000
0.000000
0.075722
0.930840
0.000000
0.000000
0.674854
0.000000
0.000000
0.000000
0.000000
0.000000
0.000000
0.000000
0.000000
0.104324
0.000000
0.000000
0.000000
0.000000
0.000000
0.000000
0.546981
0.000000
0.000000
0.000000
0.000000
0.009856
0.000000
0.091177
0.000000
0.000000
0.000000
0.000000
0.000000
0.000000
0.000000
0.000000
0.000000
0.000000
0.003537
0.000000
0.000000
0.029730
0.013992
0.000000
0.000000
0.893843
0.000000
0.012798
0.000000
0.676953
0.000000
1.000000
0.000000
0.417848
0.002890
0.000000
0.000000
0.000000
0.000000
0.000000
0.390350
0.761769
0.000000
0.000000
0.000000
0.000000
0.000000
0.000000
0.000000
0.000000
0.002032
0.001934
0.000000
0.226133
0.000000
0.000000
0.530830
0.000000
0.000000
0.000000
0.495434
0.222580
0.000000
0.000000
0.578755
0.000000
0.975147
0.000598
0.000000
0.000000
0.000000
0.000000
0.000000
0.000000
0.000000
0.000000
0.010735
0.000000
0.000000
0.000000
0.000000
0.000000
0.000000
0.335230
0.000000
0.000000
0.000000
0.000000
0.000000
0.000000
0.000000
0.000000
0.000000
0.000000
0.000000
0.000000
0.004647
0.000004
0.000000
0.000000
0.000000
0.000000
0.000000
0.000000
0.000000
0.000000
0.000000
0.000000
0.000000
0.000000
0.000000
0.003033
0.000000
0.000000
0.000000
0.000000
0.000000
0.000000
0.000000
0.696221
0.000000
0.027843
0.437252
0.000000
0.888337
0.000000
0.000000
0.000000
0.000000
0.000000
0.000000
0.000000
0.000008
0.000000
0.921349
0.009714
0.041310
0.080038
0.000000
0.000000
0.000000
0.000000
0.000000
0.000000
0.000000
0.000000
0.494742
0.000000
0.244370
0.000000
0.000000
0.000000
0.001524
0.256211
0.000000
0.000000
0.000000
0.000000
0.386869
0.000000
0.000000
1.000000
0.000000
0.000059
0.000000
0.000000
0.000000
0.000000
0.000000
0.000000
0.000000
0.000000
0.000000
0.000000
0.000000
0.000000
0.015093
0.000000
0.285660
0.000000
0.000723
0.000000
0.000000
0.000000
0.000000
0.000000
0.000000
0.000000
0.000000
0.016454
0.000000
0.000000
0.000000
0.000000
0.000000
0.000000
0.000035
0.000000
0.000000
0.671982
0.000000
0.000000
0.000000
0.000000
0.000063
0.041157
0.000000
0.000000
0.000000
0.470838
0.000000
0.000000
0.000000
0.000000
0.000000
0.000000
0.000000
0.000000
0.000000
0.005438
0.584636
0.000000
0.000000
0.000000
0.000000
0.000000
0.000000
0.007294
0.999997
0.000000
0.000000
0.000000
0.000000
0.000000
0.000000
0.000000
0.000000
0.000000
0.000773
0.000000
0.000000
0.000032
0.022547
0.000000
0.000000
0.000000
0.000000
0.000000
0.004731
0.000000
0.000000
0.585367
0.000000
0.000000
0.000000
0.000000
0.000000
0.096152
0.000000
0.000000
0.000000
0.028978
0.000000
0.000000
0.000000
0.000000
0.000000
0.000068
0.000000
0.000000
0.000000
0.000000
0.000000
0.000000
0.290587
1.000000
0.000000
0.000000
0.000000
0.000000
0.000000
0.073604
0.000000
0.000000
0.000000
0.000000
0.000000
0.000000
0.000000
0.913789
0.000000
0.000000
0.000000
0.000000
0.000000
0.000136
0.000000
0.000000
0.000000
0.000000
0.989322
0.000000
0.999916
0.000000
0.000000
0.000000
0.000000
0.000000
0.000000
0.000000
0.651614
0.000000
0.000000
0.001342
0.004443
0.000000
0.109890
0.000000
0.000000
0.599593
0.000003
0.000000
0.000000
0.013938
0.093855
0.000003
0.000000
0.000000
0.000000
0.000000
0.012553
0.000000
0.000000
0.000000
0.000000
0.998974
0.000000
0.000897
0.000150
0.000000
0.007318
0.000000
0.000000
0.000000
0.000000
0.000000
0.000000
0.003835
0.000000
0.000000
1.000000
0.000000
0.000000
0.000000
0.000000
0.000000
0.000000
0.000000
0.000000
0.059720
0.000000
0.000000
0.000000
0.000000
0.000000
0.000000
0.000000
0.000000
0.000000
0.000000
0.000000
0.000003
0.000000
0.000000
0.000000
0.000000
0.000000
0.692137
0.000000
0.000000
0.000000
0.959676
0.000000
0.000000
0.033209
0.000000
0.000000
0.000000
0.000000
0.000000
0.000000
0.000000
0.000000
0.000000
0.000000
0.016124
0.000000
0.000000
0.000000
0.000000
0.000000
0.000000
0.000000
0.000000
0.000000
0.000000
0.000000
0.000000
0.000000
0.000000
0.000000
0.000000
0.000000
0.000000
0.000000
0.000000
0.000000
0.092559
0.000000
0.531834
0.000000
0.000000
0.000002
0.000331
0.000000
0.000000
0.000000
0.000000
0.000000
0.010559
0.000000
0.000000
0.088896
0.000000
0.420654
0.000000
0.000000
0.000000
0.000000
0.000179
0.005578
0.000000
0.000000
1.000000
0.000000
0.000000
0.000000
0.000000
0.000000
0.000000
0.000000
0.000310
0.000000
0.000000
0.000000
0.000000
0.000000
0.000000
0.000000
0.171315
0.000000
0.001181
0.000000
0.000000
0.000000
0.000000
0.000000
0.000000
0.000000
0.000000
0.000000
0.000000
0.000000
0.000000
0.000000
0.000000
0.000000
0.000000
0.051131
0.000000
0.000000
0.000000
0.365499
0.000000
0.000000
0.000000
0.000000
0.000000
0.000000
0.000000
0.000000
0.000000
0.000000
0.000000
0.000000
0.000000
0.000000
0.000000
0.023879
0.000000
0.029274
0.000000
0.000000
0.000000
0.000000
0.000000
0.000000
0.000000
0.174043
0.000000
0.000000
0.030293
0.000000
0.000000
0.535620
0.000000
0.000000
0.070149
0.116071
0.000000
0.000000
0.000000
0.000000
0.000000
0.245514
0.000000
0.029759
0.000000
0.000000
0.000000
0.000000
0.000000
0.000000
0.000000
0.000000
0.000000
0.000000
0.000000
0.000000
0.000000
0.000000
0.098032
0.000000
0.000000
0.000000
0.000000
0.069607
0.000000
0.000000
0.000000
0.000000
0.000000
0.000000
0.000000
0.287275
0.000000
0.000000
0.000000
0.000000
0.000000
0.000000
0.000000
0.000000
0.000000
0.000000
0.000000
0.000000
0.000016
0.000000
0.255029
0.000000
0.000000
0.000000
0.000000
0.000000
0.000000
0.000000
0.000000
0.944166
0.000000
0.019446
0.000000
0.000000
0.000000
0.089118
0.000000
0.000000
0.000000
0.000000
0.000000
0.745218
0.000000
0.000000
0.172766
0.000029
0.000000
0.000000
0.037418
0.000000
0.000000
0.000000
0.000000
0.000000
0.000000
0.000000
0.000000
0.000000
0.000000
0.000000
0.000000
0.000000
0.000000
0.026578
0.000000
0.060036
0.000000
0.000000
0.000000
0.000000
0.000000
0.000000
0.540874
0.000000
0.000000
0.000000
0.177072
0.000000
0.000000
0.000000
0.000000
0.000000
0.000211
0.000000
0.000000
0.000000
0.676962
0.000000
0.000000
0.000000
0.000000
0.014257
0.000000
0.000000
0.000000
0.072573
0.998965
0.000000
0.000000
0.000000
0.000000
0.000000
0.000000
0.045767
0.000000
0.000000
0.885201
0.000003
0.000000
0.000000
0.017799
0.000000
0.000000
0.078679
0.000000
0.006922
0.000000
0.000000
0.000000
0.000000
0.005985
0.000000
0.000000
0.000621
0.000000
0.191289
0.000000
0.000000
0.000000
0.000000
0.000000
0.000000
0.000000
0.000000
0.001970
0.000000
0.000000
0.000000
0.001047
0.915733
0.000000
0.000000
0.000000
0.000000
0.577521
0.000000
0.000000
0.000000
0.000000
0.000000
0.566964
0.000000
0.000000
0.024801
0.000000
0.000000
0.000000
0.000000
0.000000
0.000008
0.207883
0.000000
0.000000
0.000000
0.055471
0.000000
0.000000
0.000000
0.204037
0.000934
0.000000
0.000000
0.000000
0.000000
0.000000
0.000000
0.000000
0.000000
0.081457
0.000000
1.000000
0.000000
0.000000
0.057136
0.000000
0.000000
0.000000
0.000000
0.000000
0.000000
0.176275
0.000000
0.000000
0.000000
0.000000
0.000000
0.000000
0.000000
0.000000
0.000000
0.000000
0.000000
0.007723
0.000000
0.000000
0.000000
0.000000
0.000000
0.097717
0.000000
0.000000
0.000000
0.749120
0.000000
0.000001
0.000000
0.000000
0.000000
0.000000
0.000000
0.000000
0.000000
0.000000
0.000000
0.017457
0.000116
0.000000
0.000000
0.474249
0.000000
0.000000
0.000000
0.000000
0.000000
0.000000
0.000000
0.000000
0.283706
0.000000
0.359544
0.000000
0.000000
0.000000
0.000000
0.000000
0.000000
0.000000
0.000000
0.000000
0.000000
0.000900
0.401223
0.000000
0.000000
0.000000
0.000000
0.012847
0.207592
0.000000
0.000000
0.000000
0.000000
0.000000
0.000000
0.041668
0.998232
0.000000
0.000000
0.000000
0.000000
0.769655
0.000000
0.000000
0.000000
0.000000
0.000000
0.000000
0.000000
0.000000
0.000000
0.000000
0.000000
0.000000
0.000000
0.000000
0.000063
0.000120
0.000000
0.000000
0.000000
0.009300
0.000000
0.000000
0.000000
0.000000
0.000000
0.000000
0.000000
0.001258
0.000000
0.000000
0.000000
0.000000
0.000000
0.000000
0.000000
0.000000
0.000000
0.000000
0.000000
0.000000
0.028043
0.001588
0.000000
0.000000
0.000000
0.000000
0.000000
0.000000
0.000000
0.000000
0.000000
0.000000
0.000000
0.227378
0.000000
0.000000
0.000000
0.000001
0.000000
0.000000
0.000000
0.216047
0.552436
0.000650
0.125485
0.000000
0.000000
0.000003
0.000000
0.000000
0.000001
0.000000
0.000000
0.000000
0.000000
0.000000
0.000000
0.000000
0.000000
0.000000
0.000000
0.000000
0.000000
0.499173
0.000000
0.000000
0.000000
0.000063
0.000000
0.000000
0.000000
0.000000
0.000000
0.117440
0.000000
0.000000
0.000000
0.000000
0.008148
0.000000
0.000000
0.000000
0.000000
0.000000
0.000000
0.000000
0.000000
0.147701
0.070913
0.000000
0.000000
0.000000
0.037430
0.033949
0.000000
0.600727
0.000000
0.000000
0.047935
0.000000
0.000000
0.102801
0.000299
0.000000
0.000000
0.000000
0.000000
0.000000
0.306307
0.000000
0.000000
0.061482
0.000000
0.000000
0.000000
0.000000
0.000000
0.000000
0.000000
0.000000
0.000000
0.000000
0.000000
0.004011
0.000000
0.000602
0.000000
0.000000
0.000000
0.244484
0.000000
0.000000
0.000000
0.006372
0.000001
0.000000
0.000000
0.000000
0.000000
0.038208
0.000000
0.000000
0.000000
0.000000
0.000000
0.417974
0.000000
0.000000
0.000000
0.000000
0.000000
0.000000
0.000000
0.030752
0.000000
0.000000
0.000000
0.971612
0.000000
0.000000
0.000000
0.089107
0.000000
0.000000
0.001408
0.000000
0.057084
0.064150
0.000000
0.070201
0.000000
0.000000
0.000000
0.000000
0.000001
0.000000
0.000000
0.000000
0.000000
0.000000
0.000000
0.016557
0.000000
0.000000
0.000000
0.000000
0.000000
0.000000
0.001154
0.000000
0.000000
0.000000
0.000000
0.000000
0.000000
0.012431
0.000000
0.000000
0.000000
0.076275
0.000000
0.000000
0.000000
0.009993
0.000000
0.000000
0.000000
0.000000
0.000000
0.000000
0.008345
0.000000
0.000000
0.000000
0.000000
0.000000
0.000000
0.000000
0.000000
0.000000
0.000000
0.000000
0.000000
0.000000
0.000000
0.000000
0.000000
0.000000
0.018634
0.000000
0.000000
0.000000
0.000738
0.000000
0.000000
0.000000
0.693278
0.000000
0.000000
0.000000
0.001131
0.854020
0.000000
0.000000
0.000000
0.000000
0.000000
0.000000
0.000000
0.000000
0.070006
0.007156
0.296384
0.000000
0.000000
0.041689
0.000000
0.000000
0.000000
0.000000
0.000000
0.336442
0.000000
0.000000
0.091454
0.000000
0.000000
0.000000
0.000000
0.000000
0.000000
0.000000
0.000000
0.000000
0.001644
0.000000
0.000000
0.000000
0.036298
0.002798
0.000000
0.899963
0.000000
0.000000
0.128573
0.000000
0.020602
0.000000
0.000000
0.000000
0.000000
0.000000
0.004437
0.000000
0.000000
0.000000
0.000000
0.000000
0.000000
0.000000
0.000000
0.000000
0.000000
0.000000
0.000000
0.000000
0.000000
0.000000
0.000000
0.000000
0.000000
0.000000
0.000094
0.000154
0.000000
0.000000
0.000000
0.000000
0.000000
0.000000
0.022280
0.000000
0.000000
0.000000
0.000000
0.000000
0.000000
0.000000
0.000498
0.000000
0.000000
0.999855
0.000000
0.331682
0.000000
0.000000
0.202940
0.000000
0.000000
0.000000
0.000000
0.000523
0.000000
0.597352
0.000000
0.000000
0.000000
0.000000
0.143714
0.102306
0.000000
0.000000
0.000000
0.000000
0.000000
0.000000
0.000000
0.000000
0.000000
0.000000
0.000000
0.000000
0.124585
0.000000
0.000000
0.000000
0.063958
0.000000
0.000000
0.000000
0.000000
0.000000
0.448324
0.000000
0.000000
0.000000
0.000000
0.000000
0.000000
0.000000
0.000000
0.000000
0.000000
0.000000
0.000000
0.000173
0.012120
0.013687
0.000000
0.000000
0.000000
0.000000
0.000000
0.000000
0.000000
0.000000
0.000000
0.000000
0.000000
0.000000
0.124694
0.131777
0.003955
0.000000
0.000000
0.032276
0.000000
0.000000
0.007164
0.000000
0.000000
0.955182
0.000000
0.000000
0.000000
0.000000
0.000000
0.000000
0.000000
0.000000
0.005287
0.543743
0.000000
0.000000
0.000000
0.974787
0.000000
0.000000
0.000000
0.000000
0.000000
0.245305
0.003789
0.000000
0.000000
0.000000
0.000000
0.000000
0.000000
0.000000
0.000000
0.092696
0.000000
0.000000
0.000000
0.000000
0.000000
0.198423
0.007619
0.000000
0.000000
0.027230
0.000000
0.000000
0.000000
0.000000
0.000000
0.000000
0.000000
0.000000
0.000000
0.418595
0.000000
0.000000
0.098296
0.000000
0.000000
0.000000
0.000000
0.000000
0.040528
0.000000
0.000000
0.000000
0.000000
0.000000
0.000000
0.000000
0.129840
0.000000
0.000000
0.011971
0.000000
0.000000
0.000000
0.000000
0.000000
0.000000
0.000000
0.000000
0.000000
0.000000
0.000295
0.014928
0.124950
0.000000
0.000000
0.002483
0.000000
0.000079
0.000000
0.000000
0.000000
0.000004
0.000000
0.000000
0.000000
0.000000
0.000000
0.000000
0.000588
0.000000
0.000004
0.000000
0.000000
0.000000
0.000000
0.000000
0.000000
0.000000
0.000000
0.085868
0.009830
0.000000
0.000000
0.000000
0.000000
0.000000
0.000000
0.008966
0.000000
0.000000
0.002932
0.000000
0.200831
0.000000
0.000000
0.000000
0.000000
0.000000
0.000629
0.000000
0.000000
0.000000
0.000000
0.509683
0.000000
0.000000
0.604843
0.690238
0.000000
0.000000
0.000000
0.000000
0.022098
0.000000
0.000000
0.000000
0.000000
0.000000
0.000000
0.000000
0.000000
0.000000
0.000000
0.000000
0.000000
1.000000
0.000000
0.000000
0.000000
0.000000
0.115286
0.001171
0.000000
0.153843
0.000000
0.000000
0.000000
0.000000
0.000000
0.000000
0.000000
0.000000
0.000000
0.000000
0.000000
0.000000
0.000000
0.000000
0.000000
0.000001
0.000000
0.000000
0.000000
0.000000
0.000000
1.000000
0.000000
0.000000
0.000000
0.000000
0.000000
0.250820
0.000000
0.000000
0.000000
0.000000
0.000000
0.000000
0.000000
0.000000
0.000000
0.001375
0.000000
0.015851
0.000000
0.000002
0.000000
0.000000
0.000000
0.000000
0.000000
0.000000
0.000000
0.000000
0.000000
0.000000
0.000000
0.003908
0.000000
0.000000
0.000000
0.000000
0.000000
0.000000
0.000000
0.000000
0.024846
0.000000
0.000000
0.000000
0.000000
0.000000
0.000000
0.000000
0.000000
0.000000
0.000000
0.000000
0.029357
0.000000
0.000000
0.000000
0.000000
0.000000
0.000000
0.000000
0.000000
0.000000
0.000000
0.105346
0.000000
0.000000
0.001307
0.000000
0.000001
0.000000
0.000000
0.000000
0.077262
0.000000
0.000000
0.317285
0.028615
0.000000
0.000000
0.000000
0.001397
0.000000
0.000000
0.000000
0.000000
0.000000
0.130359
0.136081
0.000000
0.000000
0.000000
0.000000
0.000000
0.000000
0.000000
0.000000
0.000000
0.376550
0.000000
0.000000
0.000000
0.000000
0.000000
0.000000
0.000000
0.376239
0.076071
0.000000
0.997404
0.012171
0.000000
0.000000
0.000000
0.000000
0.005442
0.010478
1.000000
0.503957
0.594986
0.000000
0.000000
0.000000
0.000000
0.000000
0.000000
0.000000
0.000000
0.000000
0.631474
0.000000
0.000000
0.000000
0.000000
0.996888
0.000000
0.000000
0.000000
0.000000
0.000000
0.000000
0.000000
0.000000
0.039949
0.000000
0.015891
0.000000
0.000000
0.000000
0.000000
0.000000
0.872596
0.000000
0.000000
0.000000
0.000001
0.000000
0.000000
0.000000
0.000000
0.032679
0.000000
0.000000
0.000000
0.000000
0.000000
0.000000
0.000000
0.000000
0.631543
0.000000
0.000000
0.000000
0.000000
0.000000
0.000183
0.000000
0.000000
0.000000
0.000000
0.000000
1.000000
0.140849
0.000000
0.000000
0.000000
0.000000
0.000000
0.658008
0.000000
0.000000
0.000000
0.000000
0.029457
0.000000
0.006749
0.000000
0.021905
0.000000
0.002114
0.000000
0.000000
0.000000
0.000000
0.000000
0.006893
0.000000
0.000000
0.023626
0.000000
0.000000
0.000000
0.000000
0.000000
0.000000
0.000000
0.000000
0.000000
0.000000
0.000000
0.000000
0.834874
0.000000
0.018411
0.000000
0.000000
0.000000
0.000000
0.000000
0.000000
0.000000
0.000000
0.000000
0.013448
0.000000
0.000000
0.735579
0.000000
0.000000
0.000000
0.000000
0.000000
0.965879
0.000000
0.000000
0.000000
0.000000
0.000000
0.000000
0.000000
0.000000
0.000000
0.000000
0.000516
0.000000
0.388126
0.000000
0.000000
0.000000
0.000000
0.983267
0.000000
0.000000
0.000000
0.000000
0.000267
0.000000
0.000000
0.000000
0.000000
0.000000
0.000000
0.000000
0.000000
0.014997
0.000000
0.000000
0.002813
0.000000
0.000000
0.000131
0.254043
0.000000
0.000000
0.101482
0.000000
0.000000
0.000000
0.050984
0.000000
0.000000
0.000000
0.000000
0.016260
0.000000
0.000000
0.000000
0.000000
0.000000
0.020681
0.000000
0.280119
0.000000
0.000000
0.000262
0.059473
0.000000
0.051470
0.009202
0.000346
0.337331
0.003498
0.000000
0.000000
0.000000
0.228530
0.000000
0.000000
0.000000
0.000000
0.000000
0.002607
0.925311
0.000000
0.229736
0.444474
0.106960
0.000147
0.000000
0.000000
0.000000
0.000000
0.000000
0.000000
0.004763
0.000000
0.013976
0.000000
0.000000
0.025754
0.000000
0.000000
0.000000
0.000000
0.000000
0.000000
0.000000
0.010882
0.000000
0.000000
0.000000
0.000000
0.000000
0.000000
0.000000
0.000000
0.000000
0.000000
0.000000
0.000000
0.050001
0.000000
0.000000
0.000000
0.000000
0.000000
0.000000
0.275195
0.000000
0.000000
0.322175
0.000000
0.000000
0.000000
0.000000
0.003327
0.000392
0.000000
0.000000
0.000000
0.000000
0.306726
0.200286
0.000000
0.955366
0.036681
0.000000
0.000002
0.000000
0.000000
0.033559
0.113205
0.861635
0.000000
0.000000
0.000000
0.000000
0.000000
0.000000
0.000000
0.000000
0.000000
0.000000
0.000000
0.000000
0.000055
0.000000
