0.828051
0.999944
0.255812
1.000000
0.514502
0.728533
0.504713
1.000000
0.999825
1.000000
0.539786
1.000000
0.000000
0.890112
0.000000
0.049320
1.000000
0.999999
0.999722
0.488298
0.264968
0.939983
0.982660
0.468909
0.269482
0.000000
0.597544
0.902727
0.999939
0.999849
0.923723
0.904456
0.727081
0.743583
0.944282
0.981787
0.782642
0.954097
0.970326
0.997809
0.643123
0.938106
0.999951
0.850439
0.955706
1.000000
0.000000
0.806530
0.858287
0.954007
0.981453
0.638172
0.911545
0.014387
0.999997
1.000000
0.979459
0.799854
1.000000
0.579451
0.998238
0.116707
0.897819
0.344130
0.350047
1.000000
0.076608
0.102360
0.312290
0.930345
0.769969
0.994477
0.937556
0.881841
0.677238
1.000000
0.999785
1.000000
0.731583
0.846650
1.000000
0.943140
0.521784
0.529964
0.000000
0.968446
0.337491
0.983441
0.000000
0.000000
0.000032
0.652817
0.000000
0.020512
0.030993
0.991586
0.244973
0.782176
0.853115
0.051132
1.000000
0.972190
0.005442
0.999886
0.999740
0.972338
1.000000
0.743120
0.998598
0.954095
0.390425
0.928873
0.000000
0.594040
0.918769
0.000444
0.133329
0.295278
0.743092
0.811782
0.944932
1.000000
0.945806
0.999994
0.995363
0.999620
0.976830
0.668740
0.329615
0.558858
0.515429
0.998011
0.921133
0.791041
0.990095
0.957575
0.034989
0.956427
0.319236
0.892742
0.999990
0.576670
0.997976
0.976830
0.000000
1.000000
0.998136
0.000000
0.000000
0.980795
0.000000
0.983500
0.600553
0.968018
0.000000
0.041646
0.997154
0.999609
0.943310
0.943201
0.968112
0.999492
0.135699
0.000000
1.000000
0.811951
0.894484
0.981269
0.000000
0.963817
0.591791
1.000000
0.984378
0.671562
1.000000
0.949518
0.556037
0.805338
0.875703
0.994611
0.821153
1.000000
1.000000
0.288807
0.033887
0.992303
0.475939
0.982605
0.000000
0.000000
1.000000
0.992759
0.985846
0.669572
0.089681
0.549078
0.109440
0.825683
0.999811
0.301393
0.034859
0.000001
0.000000
0.775130
0.939676
0.877688
0.929658
0.633035
1.000000
0.010544
0.808593
0.939409
1.000000
1.000000
0.569799
0.638035
1.000000
0.000000
0.267007
0.468536
1.000000
1.000000
0.183629
0.815016
0.360167
0.000000
1.000000
0.972744
1.000000
0.000000
0.625418
0.504807
0.949051
0.237299
1.000000
0.998910
0.945236
0.851570
0.999810
0.000000
0.968676
0.873957
1.000000
0.968823
0.821345
0.000000
0.001348
0.999728
0.000865
0.000000
0.999751
0.769497
0.999991
0.986373
0.885806
0.384060
0.000000
0.820993
0.062249
0.905630
1.000000
0.836943
0.945267
0.475257
0.664066
0.999102
0.984875
0.684029
0.999960
0.748162
0.996704
0.784188
0.303295
0.999979
0.016754
0.816759
0.544168
0.898103
0.000000
0.000000
0.999881
0.886932
0.000000
0.614292
0.892011
0.828817
0.000000
0.505012
0.916533
0.059428
0.100186
1.000000
0.168026
0.997251
0.906554
0.996632
1.000000
0.000000
0.372413
0.993845
1.000000
0.972376
0.520042
0.000000
0.989659
0.926162
1.000000
0.687175
0.893806
0.375500
0.769963
0.986738
0.982357
0.530740
0.987116
0.000002
0.133103
0.999858
0.182831
0.996847
0.000000
0.670366
0.779893
1.000000
0.532765
0.979013
0.996182
0.996652
0.969197
0.000323
0.000000
0.901739
0.985314
0.147928
0.999007
0.269760
1.000000
1.000000
0.039118
0.861205
0.952379
0.640790
0.861819
1.000000
0.904882
1.000000
0.919669
0.586209
0.984425
0.737608
0.987244
0.999989
0.731443
0.356193
0.902307
0.855053
1.000000
0.000000
0.746207
0.000095
1.000000
0.825977
0.936153
0.936203
0.999961
0.995745
0.193807
0.000000
0.737055
0.974325
0.542984
0.000000
0.547457
0.845313
0.000000
0.000000
0.653782
0.677416
0.999999
0.998472
0.000000
0.936848
0.790060
0.886626
0.999959
1.000000
0.998367
0.999411
0.714824
0.000000
0.000000
0.185999
0.000000
0.456516
0.057842
0.746035
0.764993
0.598843
0.982492
0.200520
0.996693
0.953986
0.357693
0.960551
0.999259
0.839894
0.906885
0.380012
0.000000
0.905176
0.999980
0.999854
0.857007
0.993214
0.927422
0.976181
0.997860
0.532458
0.147866
0.000012
1.000000
0.925053
1.000000
0.506923
0.000000
0.000000
0.998091
0.000000
0.353904
0.196819
1.000000
0.746207
0.999971
0.042939
0.999475
0.943201
0.987205
0.998521
0.330430
0.987617
0.000000
0.991736
0.999999
0.511478
0.933400
0.999991
0.483193
0.492108
0.437035
0.991539
0.000000
0.000000
0.956658
0.752354
0.671395
0.806587
1.000000
0.000000
0.937072
0.000000
0.000000
0.835375
0.092109
0.893461
0.106417
0.026588
1.000000
0.998060
0.754590
1.000000
0.035810
0.524584
0.928467
0.738301
0.000000
0.000000
0.728373
0.970634
0.484224
0.800160
0.893958
0.543344
0.505251
0.258388
1.000000
0.884713
0.443402
0.126148
0.946878
0.987586
0.631666
0.000000
0.871790
0.044081
0.960484
0.967776
0.783090
0.419402
0.199003
0.676953
0.000000
1.000000
0.428132
0.567203
0.958339
0.981354
0.903751
0.888286
0.997631
0.695286
0.915832
1.000000
0.685456
0.351579
0.906596
0.519564
0.973483
0.709158
0.772450
0.998897
0.595368
1.000000
1.000000
0.952684
1.000000
0.085423
0.001148
0.074570
0.000000
0.305578
0.956724
0.572370
0.000000
0.001806
0.971361
1.000000
0.674675
0.960795
0.700374
0.000000
0.987316
0.999647
0.767107
0.014677
0.376138
0.863536
0.818702
1.000000
0.582263
0.834530
0.997730
0.713807
0.995333
0.756126
0.999997
0.964618
0.000000
0.968191
0.000000
0.269937
0.000000
0.721211
0.757442
0.739298
0.702423
0.745202
0.982516
0.000000
0.016889
0.999759
0.731591
0.999448
0.999944
0.509576
0.275866
0.892295
0.999997
0.932579
0.000000
0.831701
0.852220
0.086992
0.650521
1.000000
0.999990
0.988856
0.000000
1.000000
0.241298
0.202479
0.721730
0.650941
0.999803
0.975069
0.911634
0.989016
0.844744
0.971470
0.926575
0.000000
0.996894
0.239471
0.321090
0.566386
1.000000
0.904671
0.200161
0.000000
0.997081
0.763508
0.808052
0.803262
1.000000
0.844578
1.000000
0.470441
0.998173
0.945635
0.000000
0.562752
0.688283
0.998698
0.991976
0.917179
0.131445
0.905054
0.995196
0.996622
0.456707
0.510307
0.994277
1.000000
0.974282
0.701435
0.866445
0.000000
1.000000
0.808287
0.635010
0.905623
0.974304
0.999999
1.000000
0.000000
0.000000
0.982603
0.999430
0.864528
0.007002
1.000000
0.998224
1.000000
0.222661
0.625296
0.999990
0.991818
0.074907
1.000000
0.327587
0.087634
0.000000
0.919696
0.968164
0.000000
0.957219
0.999953
1.000000
0.000000
0.998547
0.990979
0.941602
0.715792
0.000000
0.817821
0.559988
0.000000
0.987557
0.937890
0.797822
0.000000
0.923006
0.331917
0.952452
0.285902
0.968737
0.510056
0.981343
0.724287
0.936348
0.216904
0.606959
0.039619
1.000000
1.000000
0.051037
0.968975
0.797023
1.000000
0.998003
0.525224
0.761097
0.567174
0.902817
0.523425
0.001920
1.000000
0.813920
0.000000
0.995217
0.475618
0.425456
0.880287
0.999557
0.000000
0.167888
0.988557
0.000000
0.996324
1.000000
0.999906
1.000000
0.636150
0.986427
0.000000
0.469763
0.944333
0.959105
0.999991
0.997498
0.274932
0.731289
0.801921
1.000000
0.000769
0.744440
0.988463
0.019711
0.000000
0.908357
0.877927
0.893302
0.533166
0.744309
0.997885
1.000000
0.513952
0.631320
0.859955
0.944055
0.970886
0.720113
0.921085
0.752271
0.055034
0.003740
0.999993
0.989246
0.763732
0.988922
0.999406
0.466044
0.556276
0.000000
0.030700
0.683574
0.644558
0.558323
0.994621
0.999690
0.959942
0.112909
0.719474
1.000000
0.619811
0.414105
1.000000
0.495743
0.000000
0.088440
0.070318
0.677694
0.999962
0.000000
0.585930
0.999585
0.588703
0.087552
1.000000
0.000000
1.000000
0.017874
0.224914
0.000000
0.729220
1.000000
0.000000
0.488313
0.999998
0.366565
0.000000
0.990197
0.745813
0.916093
0.966563
0.558706
0.864688
0.000000
1.000000
0.215073
1.000000
0.000000
0.976186
0.531521
0.000000
0.000000
0.546931
0.156823
0.261622
0.619424
0.987646
1.000000
0.000000
0.844510
1.000000
0.997784
0.204591
0.931854
0.479704
0.000000
0.542369
0.428434
0.797764
0.958657
0.387000
0.998889
0.105059
0.834771
0.879510
0.859047
0.598958
0.715250
0.891630
0.029709
0.971478
0.984932
0.993339
1.000000
0.999976
0.000000
0.394055
1.000000
0.109440
0.734930
0.735719
0.952156
0.982681
0.000231
0.999836
0.934011
0.938106
0.996447
1.000000
0.805230
0.965569
0.000847
0.863119
0.720019
0.802501
0.993209
0.116540
0.000003
0.207548
0.998598
0.935345
0.978116
0.095685
0.970326
1.000000
0.996777
0.706122
0.465067
0.708778
0.000000
0.602401
0.943072
0.731194
0.019320
0.995686
0.999585
0.979044
0.021547
0.018606
0.550794
1.000000
0.989288
0.000000
0.838400
0.714655
0.039637
0.621430
0.995250
0.014864
0.590052
0.000000
0.000000
0.367328
1.000000
0.000000
0.650889
0.933906
1.000000
0.829749
0.998971
0.814601
0.631495
0.491204
0.992836
0.978862
0.993955
1.000000
0.000003
0.977930
0.587142
0.351959
0.872891
0.999597
0.997882
0.493445
0.345890
0.570630
0.000000
0.005221
0.951614
0.533715
0.444357
0.921434
0.999998
1.000000
0.997234
0.905436
1.000000
0.446252
0.500450
0.000000
0.780262
0.170989
1.000000
0.959838
0.239021
0.999810
0.772393
0.631731
0.969647
0.948466
0.028224
0.999875
0.852623
0.000000
0.979360
0.314763
0.999984
0.203871
0.793854
0.607856
0.908987
0.349196
0.484645
0.000000
0.000000
0.999992
0.959361
0.814022
0.585024
0.863662
0.483193
0.980320
0.999544
0.904160
0.006420
0.753396
0.332696
0.072924
0.001728
0.574777
0.999998
0.701009
0.999970
0.253332
1.000000
0.378935
0.000000
1.000000
0.913236
0.548766
0.060916
0.000495
0.688049
0.105112
0.419068
0.990310
0.383590
0.959817
0.992749
0.260922
0.452587
0.830966
1.000000
0.110201
0.999999
0.800391
0.950213
0.968204
0.556597
0.870587
0.091043
0.400743
0.821855
0.731357
1.000000
0.860599
0.758821
0.000000
0.000000
0.998760
0.610322
0.996775
0.000000
0.998136
0.903214
0.635793
0.019193
0.095530
0.312516
0.088158
0.999996
0.000996
0.999153
0.998715
0.999985
1.000000
0.777614
0.724165
1.000000
1.000000
0.051946
0.000000
0.999976
0.000000
0.953861
0.702615
0.680259
0.000000
0.000000
0.510838
1.000000
0.180745
0.248608
0.909327
0.660577
0.959668
0.689474
0.842914
0.000021
0.995533
0.020032
0.000000
0.717332
0.544248
1.000000
0.989735
0.000000
0.961819
0.889641
0.999962
0.557014
0.000136
0.949469
0.000000
0.998046
1.000000
0.641199
0.948796
0.927169
0.865871
1.000000
1.000000
0.508267
0.065658
1.000000
0.493841
0.992502
0.493475
1.000000
0.994929
0.040440
0.943200
0.770875
0.000000
1.000000
1.000000
0.000000
0.999766
0.593042
0.857349
0.997280
0.958373
0.267674
1.000000
0.886605
0.999994
0.768250
0.667167
0.595381
0.968026
0.999689
0.999981
0.950172
0.995963
0.930751
0.350184
0.854340
0.993030
0.403687
0.997145
0.936751
1.000000
0.626734
0.000000
0.955733
0.708075
0.796299
0.795101
0.256592
0.665902
0.816943
0.565891
0.766451
0.997470
0.893001
0.959749
0.316583
1.000000
0.000000
0.923383
0.523691
0.021537
0.999561
0.003418
0.761733
0.063160
0.997625
0.000000
0.943527
0.916233
0.994199
0.733972
0.978974
0.999818
1.000000
0.030408
0.046258
0.076721
0.999497
0.948466
0.871725
0.892381
0.092487
0.998207
0.409164
0.906725
0.949942
0.362531
0.680365
0.998081
0.721338
0.780937
0.578363
0.138437
0.993350
0.185270
0.701709
0.636207
0.419111
0.976981
0.985478
0.363348
0.999995
0.382217
0.898830
0.982381
0.613912
0.418254
0.836648
0.000000
0.990299
0.324935
0.993038
0.000000
0.606164
0.132106
0.969080
1.000000
0.829905
0.527337
0.763468
0.843119
0.750215
0.593126
0.999082
0.999954
0.848132
0.073561
0.043072
0.999782
0.993038
0.999999
0.598639
0.995487
1.000000
0.963025
0.999740
0.000000
0.000000
0.997397
1.000000
0.970138
0.337708
0.989353
0.851303
1.000000
0.997765
0.000000
0.823440
0.019131
0.212429
0.998124
0.803114
0.895615
0.996967
0.000000
0.954465
0.946243
0.000000
0.975357
1.000000
0.988822
0.453143
0.000000
0.973538
0.830561
0.298193
0.071641
0.361123
0.000000
0.274581
1.000000
0.285289
0.996570
1.000000
0.792188
0.870484
0.468839
0.000000
0.707246
0.999973
0.435357
0.000000
0.375885
0.864174
0.867580
0.879226
0.925435
0.239044
1.000000
0.585077
0.999312
0.999930
0.403349
0.337296
0.236769
0.890025
0.569719
0.097834
0.820012
1.000000
0.490608
0.941898
0.854949
1.000000
0.795210
0.000000
0.879594
1.000000
1.000000
0.155890
0.095832
0.000228
0.976816
0.999058
0.588179
0.986598
0.522131
0.998920
0.999999
0.997602
0.007534
0.998026
0.118722
0.480942
0.953658
1.000000
0.377871
0.000000
0.000000
0.693144
0.997805
0.000000
0.622728
0.999978
0.982180
1.000000
0.977338
0.860331
0.995069
0.428689
0.999996
0.696383
0.941485
0.051870
0.711305
0.721948
0.962451
0.795835
0.295099
0.921000
0.943482
0.341340
0.966904
0.998644
1.000000
0.701681
0.485447
0.122150
0.064815
0.807515
0.054929
0.000000
0.846560
0.000000
0.564440
0.997869
0.995697
0.132949
0.871331
0.766847
0.991534
0.719253
0.999010
0.992748
0.998970
0.702638
0.207548
0.000000
0.365697
0.824386
0.292328
1.000000
0.572010
0.999915
0.695368
0.903045
1.000000
1.000000
0.000000
1.000000
0.000000
0.908414
0.000000
1.000000
0.955490
0.020141
0.000000
0.294783
0.991956
0.715653
0.000000
0.930245
0.443069
0.001759
0.992321
0.780910
0.927083
0.968475
0.546438
0.000000
0.641092
0.003862
0.932544
0.055002
0.438652
0.899395
0.097081
0.880534
0.972840
0.849086
0.508156
0.913872
0.000000
0.682506
0.626734
0.000000
0.000000
0.765051
0.642716
0.995054
0.921695
0.999971
0.541445
0.951127
0.100903
0.999497
1.000000
0.999565
0.983112
0.719987
1.000000
0.955879
0.891765
0.215906
1.000000
0.998801
0.607856
0.079922
0.062026
0.011915
0.340576
0.000000
0.323156
0.368459
1.000000
0.621430
0.725779
0.105772
0.982148
0.923368
0.999999
0.587806
1.000000
0.607720
0.812630
0.725140
0.999650
0.125816
1.000000
0.960761
0.442219
0.000000
0.999987
0.275045
1.000000
1.000000
0.000000
0.883206
0.973172
0.995173
0.599074
0.416177
0.504386
0.000000
0.813975
0.755337
0.000000
0.573190
1.000000
0.672752
1.000000
0.972442
0.997242
0.019436
0.999725
0.142478
0.252521
0.693271
0.537392
0.894786
0.000000
0.947706
1.000000
0.083694
0.169344
0.000000
0.917097
0.869232
0.881139
0.000000
0.880399
0.774508
0.975813
0.927154
0.999970
0.815482
0.000000
1.000000
0.868313
0.558858
0.992083
0.000000
0.846684
0.862498
0.816843
0.921137
0.914174
0.997109
0.201972
0.999998
0.596075
0.990708
0.918703
0.468672
0.349158
0.414060
1.000000
0.860286
0.577044
0.723794
0.000000
0.047561
0.907486
0.657846
1.000000
0.988620
0.928671
0.000000
0.000000
0.841397
0.997638
0.818892
0.995551
0.000000
0.685229
1.000000
0.997024
1.000000
0.993005
0.048736
0.999360
0.061256
0.000000
0.989364
0.936166
0.907014
0.810032
0.905938
0.839121
0.601769
0.916636
0.851082
1.000000
0.000097
1.000000
0.689690
0.985985
0.436514
0.000000
1.000000
0.000000
1.000000
0.975900
0.575686
0.981401
0.000696
0.882521
0.917120
0.000000
0.999999
0.992440
0.816021
0.376332
0.636879
0.891075
0.971732
0.004042
0.627171
0.084616
0.835171
0.245860
0.998952
0.558057
0.603446
0.934351
0.000000
0.942338
0.380042
0.949909
0.800562
0.984650
1.000000
0.510821
0.954381
0.897175
1.000000
0.878561
0.194335
0.992940
0.005938
0.847115
0.961097
0.001605
0.916860
1.000000
0.987966
0.023532
1.000000
1.000000
0.264207
0.936022
0.476358
0.000000
0.014198
0.999971
0.835651
0.941244
0.950213
0.999117
1.000000
0.000000
0.152063
1.000000
0.000000
0.014096
0.999443
1.000000
1.000000
0.990600
0.987628
0.578730
0.747021
0.999980
0.999892
0.627113
0.824820
0.668338
1.000000
0.000000
0.158830
0.180918
0.000000
0.000000
0.000000
0.986409
1.000000
0.633049
0.109109
0.951117
0.833364
1.000000
1.000000
0.973258
0.000000
0.475897
0.400167
0.117778
0.000000
0.967572
0.000046
0.071368
0.728400
0.000000
0.858503
0.000000
0.457221
0.954584
0.000000
0.982090
0.000000
0.890488
0.626410
0.205037
0.849953
0.509153
0.218849
0.020973
0.934025
0.970939
0.000000
0.757812
0.528165
0.000000
0.901591
0.685388
0.850831
0.000000
0.786711
0.000000
0.725443
0.977433
0.999911
0.294875
0.998654
0.999611
0.000000
0.000000
0.980271
0.782193
0.997389
0.796206
0.953066
0.050244
0.408635
0.010568
0.912402
0.039118
0.999982
0.862213
0.978128
0.000000
0.998462
1.000000
1.000000
0.952339
0.985548
0.995478
0.912435
0.759339
0.999968
0.104769
0.852210
0.952061
0.597910
0.984626
0.483120
1.000000
1.000000
0.691110
0.268742
0.745808
0.099268
0.187814
0.003514
0.000148
0.418115
0.000000
0.453124
0.981421
0.998838
0.159634
0.000000
0.000000
0.000000
0.451331
0.282921
0.537682
0.000000
1.000000
0.854527
0.903370
0.762905
0.008823
1.000000
0.018089
0.468388
0.233592
1.000000
0.000000
0.999998
0.998262
0.221167
0.442407
1.000000
1.000000
0.994643
0.937445
0.999704
0.999417
0.831245
0.601554
0.343238
1.000000
0.410885
0.998205
0.116759
0.001486
0.986224
0.000000
0.200018
0.999573
0.953520
1.000000
0.848363
0.977572
1.000000
0.919135
0.618008
1.000000
0.878478
0.476187
0.997710
0.247821
0.874313
1.000000
0.999920
0.470364
0.995682
0.979640
0.958892
1.000000
0.841931
0.159634
0.737191
0.833493
1.000000
0.000000
0.000000
0.000000
0.961991
0.692964
1.000000
0.949447
0.003035
0.985022
0.000000
0.999978
0.546235
0.993455
0.940429
0.000000
0.160248
0.835601
0.925700
0.512649
1.000000
0.597395
0.788901
0.000000
0.997471
0.030774
0.003832
0.993042
0.986002
1.000000
0.013141
0.999794
0.491836
0.976712
0.999989
0.951364
0.976360
0.976246
0.914393
0.950361
0.723256
0.436800
0.984215
0.362865
0.464135
0.815038
0.629776
0.846237
0.999979
0.832124
0.846020
0.047047
0.999014
0.646645
0.741030
0.377394
0.935272
1.000000
1.000000
0.907419
0.620030
0.646056
0.000000
0.999998
0.000000
0.955177
0.495882
0.254725
0.995885
0.999987
0.919891
0.294564
0.000000
0.043629
1.000000
0.999999
0.145576
0.602483
0.955705
0.999837
0.855524
0.206737
0.451273
1.000000
1.000000
1.000000
0.289691
0.962167
0.999950
0.942957
0.147014
0.000000
0.793393
0.999975
0.035886
1.000000
1.000000
0.952462
0.941244
0.000000
0.499138
0.316516
0.999988
0.066398
0.621875
0.788220
0.428736
0.753316
0.998983
0.858220
1.000000
0.095837
0.000000
0.000000
0.469763
0.990220
0.612330
0.815101
0.369691
0.999853
0.824882
0.000000
0.000000
0.004974
0.986386
0.552593
0.984173
1.000000
0.895368
1.000000
0.997759
0.069897
0.178426
0.753132
0.854884
0.723759
0.977789
0.000000
0.593432
1.000000
1.000000
0.805772
0.992806
0.438320
0.000000
0.676174
0.971706
0.896340
0.417965
0.317931
0.917809
1.000000
0.363947
0.567022
0.998464
0.000000
0.979889
0.997870
0.039980
1.000000
0.813631
0.824804
0.999070
0.282854
0.940699
0.408239
0.000388
0.000000
0.999992
0.999998
0.786098
0.993943
0.428500
0.894535
0.973924
0.469871
0.880129
0.985057
1.000000
0.829110
0.948848
0.668371
0.956401
0.779593
0.999999
0.968858
0.952048
0.852836
1.000000
0.998133
0.666251
0.861683
0.070583
0.000000
0.556665
0.647630
0.399833
0.787672
0.868069
0.085375
0.000000
1.000000
0.547749
0.836831
0.998536
0.999237
0.405391
0.108329
0.982723
0.620549
0.999985
0.997933
0.996101
0.511698
0.892615
0.856475
0.992138
1.000000
0.107942
0.849956
0.999999
0.700524
0.979013
0.999946
0.855422
0.999959
0.998425
1.000000
0.956346
0.999863
0.414905
0.990502
0.979146
0.700209
1.000000
0.000000
0.002092
0.998922
0.934285
0.995974
0.000000
0.000000
0.873740
0.832177
1.000000
0.000000
1.000000
0.758946
0.969617
1.000000
1.000000
1.000000
0.438299
0.806169
0.933315
0.000000
0.411422
0.022932
0.000000
1.000000
0.434589
0.489039
0.982108
0.978274
0.969975
0.000000
0.992083
0.000000
0.585377
0.839403
0.000000
0.000000
0.064869
0.570376
1.000000
0.951094
0.897791
1.000000
0.716347
0.662403
1.000000
0.120751
0.524307
0.988456
0.887596
0.447726
1.000000
0.974112
0.375763
1.000000
0.712690
1.000000
0.846219
0.500553
0.062657
0.120433
0.023822
0.910111
0.039380
0.000000
0.322919
0.772844
0.955299
0.999986
1.000000
0.086269
0.564134
0.549954
0.657610
0.999140
1.000000
0.650889
0.997555
1.000000
1.000000
0.000000
0.600011
0.999907
0.809912
0.127961
0.823805
0.764156
0.999227
0.697502
0.000000
0.718015
0.000000
0.109354
0.995686
0.932998
1.000000
0.353687
0.999999
0.993272
0.115925
1.000000
0.562620
0.997238
0.999772
0.563987
0.000000
0.595720
0.768590
0.000000
0.733862
0.119114
0.471192
0.999971
0.811123
0.427572
0.348341
0.945427
0.125133
0.085474
0.611107
0.834282
0.999908
0.988399
0.398601
1.000000
0.439320
0.999857
0.546361
0.996454
0.920001
0.034291
0.990018
0.842800
0.865698
0.957260
0.811436
0.987122
0.069499
0.977783
0.726554
0.468165
0.919769
0.999604
0.000000
0.995773
0.443387
0.902395
0.692808
0.918992
0.999561
0.259569
0.993473
0.096935
0.998295
0.969585
0.659695
0.415465
0.900985
1.000000
0.998781
1.000000
0.000239
0.995881
0.999674
0.999675
0.000000
1.000000
0.636042
0.344461
0.153598
0.492160
0.653863
0.000000
1.000000
0.688967
0.468388
1.000000
0.463904
0.595727
0.357544
0.495756
0.991976
0.855438
0.875099
0.971513
1.000000
0.963487
0.230274
0.999945
0.000000
0.345549
0.938191
0.340343
0.026898
0.997925
0.915118
0.038552
0.862534
0.747008
0.979885
0.746470
0.971808
0.989688
0.928313
0.790662
0.982148
0.000000
0.461526
0.603506
0.999999
0.958042
0.880170
0.000000
0.000000
0.264232
0.311678
0.887470
0.999951
0.974299
0.902800
0.003995
0.000006
0.999918
0.996489
0.976625
0.585624
0.392725
0.998691
0.000000
0.021770
0.046770
0.000000
0.926523
0.992835
0.633559
0.844590
0.968240
0.981092
0.997973
0.994824
0.000000
0.000000
0.999571
0.127477
0.965995
0.654618
0.950706
0.999500
0.000000
0.937694
0.000000
1.000000
0.000000
0.999865
0.818343
0.619525
0.873153
0.999967
0.992185
0.706519
0.689125
1.000000
1.000000
0.000000
0.999039
0.960878
0.659526
1.000000
0.973972
0.593340
0.971729
0.998034
0.999561
1.000000
1.000000
0.999976
1.000000
0.999550
0.971441
0.854389
0.127865
1.000000
0.852617
1.000000
0.511478
1.000000
1.000000
0.835243
0.415030
0.999997
0.941333
0.966406
0.914413
0.932986
0.980674
0.000000
0.999200
0.826229
0.801808
0.570849
0.049269
0.510307
1.000000
0.517836
0.479954
0.832384
0.653473
1.000000
0.221442
0.070659
0.994999
1.000000
0.000000
0.077231
0.688860
0.000000
0.642822
1.000000
0.664543
0.316301
0.248520
0.983863
0.999997
0.999405
0.766730
1.000000
0.997868
1.000000
0.998640
0.024525
0.998639
0.884142
0.999973
0.000000
0.000000
0.374679
0.720222
0.996441
0.000000
0.999626
0.055625
0.028910
0.999996
0.021338
0.948598
1.000000
0.506671
0.962704
0.999998
0.102818
0.593210
0.455749
0.866310
0.941557
0.898899
0.969944
0.990376
0.834137
0.829970
1.000000
1.000000
0.966486
0.614292
0.363788
0.140293
0.000003
0.000000
0.000000
0.886063
0.753157
0.526271
0.919430
0.011923
0.994055
0.999990
0.909834
0.950301
0.790013
0.017880
0.930345
0.946236
0.756434
0.850768
0.000000
0.819178
0.000000
0.620880
0.608757
0.985107
1.000000
0.371999
0.957369
0.991861
0.998809
0.803958
0.225922
0.805267
1.000000
0.745005
0.996755
0.618445
0.922729
0.999987
0.779726
0.137049
0.555374
0.439920
0.691496
0.534870
0.979348
0.975559
0.476029
0.805163
1.000000
0.999999
0.523013
0.910824
0.661945
0.780884
0.000000
0.998084
0.409053
1.000000
0.323768
1.000000
1.000000
0.909990
0.812360
0.990696
0.997944
0.132349
0.961887
0.619345
0.549223
0.999900
0.096369
0.955296
0.828775
0.618385
0.828900
0.000000
0.993844
0.845537
0.000473
0.075200
1.000000
0.999851
0.417467
0.436678
0.858793
0.175755
1.000000
0.938748
0.982888
1.000000
1.000000
0.000000
0.999583
0.786166
0.723178
1.000000
0.999735
0.999888
0.540948
0.990749
0.000000
0.997959
0.464745
0.509450
0.598639
0.457694
0.215563
0.999999
0.959803
0.000000
0.995211
0.009739
0.999923
0.475469
0.705634
0.942337
0.999997
0.922087
0.998763
0.723687
0.000000
0.945636
0.898627
0.462337
0.893491
0.879031
0.925873
1.000000
0.998601
0.529279
0.399936
0.998415
0.999975
0.884107
0.993968
0.968520
0.994115
0.960840
1.000000
0.000000
0.999413
0.690945
0.989371
0.552334
0.697035
0.000000
0.327799
0.382402
0.998384
0.734451
0.000000
0.800526
0.954999
0.939179
0.652355
1.000000
0.639504
0.000000
0.482441
0.747798
0.000000
0.829709
0.396654
1.000000
0.999429
0.433173
0.999888
0.021050
0.627748
0.000000
0.627078
0.883098
0.095363
0.997615
0.780835
0.453009
0.999906
0.898319
0.000000
0.999758
0.000001
0.944764
0.985726
0.896460
0.979700
0.515956
0.732949
0.220684
1.000000
0.664199
0.971385
0.999692
0.021353
0.483087
0.908198
0.985795
0.269173
0.975667
0.000000
1.000000
0.847895
0.999993
0.712963
0.265350
0.683376
0.322188
1.000000
0.000000
0.664568
0.972025
0.992934
0.000000
0.562608
0.130344
0.634668
0.533762
0.000000
0.807412
0.853990
0.031209
1.000000
0.999912
0.880370
0.000173
0.090464
0.359735
0.998471
0.000000
0.983482
0.881659
0.343650
0.012973
0.706432
0.920698
0.384943
0.518790
0.998551
0.999575
0.994691
1.000000
0.998034
0.919332
0.778421
0.999999
0.659695
0.801624
1.000000
0.654856
0.999459
0.000000
0.090367
0.867612
1.000000
1.000000
0.909176
0.983353
0.692619
0.995235
0.000000
0.978070
0.000000
0.000000
0.538464
1.000000
0.205085
0.942665
0.000000
0.732646
0.758704
0.995292
0.959493
0.999973
0.000000
0.465948
1.000000
0.067742
0.000757
0.607295
0.999998
0.851383
0.073193
0.487986
0.640422
1.000000
0.971233
0.532627
0.996236
0.918508
0.622590
0.000000
0.243441
0.000000
0.465809
0.759890
0.680811
0.000000
0.852665
0.995189
0.663770
0.354480
0.249853
0.983616
0.999998
0.383615
0.526376
0.998544
0.143116
0.964086
0.979656
0.541053
0.001643
0.000000
0.986696
0.024633
0.956863
0.963192
0.000000
1.000000
0.754807
0.909936
0.750081
0.957046
0.998091
0.000601
0.985042
0.973733
0.332942
0.000000
1.000000
0.000000
0.000000
1.000000
0.999998
0.000000
1.000000
1.000000
0.830004
0.876195
0.999658
0.000999
0.000000
0.174080
0.822963
0.993049
0.000000
0.995244
0.999971
0.754400
0.991977
0.044574
0.999731
0.272275
0.700430
0.127712
0.017194
0.999984
0.800070
0.993267
0.989924
0.219125
0.982992
0.994713
0.802299
0.983956
0.349558
1.000000
0.998073
0.207775
1.000000
0.963752
0.419312
0.878189
0.000000
0.740137
0.999998
0.963165
0.916347
0.329729
1.000000
0.549954
0.999999
0.000000
0.965063
1.000000
0.921557
0.919498
0.999994
0.699502
0.028249
0.000000
0.975434
0.913123
0.000000
1.000000
0.025661
0.935253
0.379148
0.991485
0.213558
0.690213
0.555531
0.712097
1.000000
0.974665
0.996579
0.996464
0.342213
0.975725
0.999444
1.000000
0.822916
0.005867
0.972820
0.078898
0.933346
0.006233
0.591762
0.428402
0.000000
0.664423
1.000000
0.991693
0.999999
0.875971
0.999998
0.363458
0.298901
1.000000
0.996245
1.000000
0.829441
1.000000
0.991083
0.916677
0.000013
0.930188
0.923133
1.000000
0.687566
0.000000
0.996518
0.922809
0.999417
0.999840
0.527072
0.999327
0.908645
0.705085
1.000000
0.767478
0.699842
0.279140
0.809203
0.864604
0.090046
0.999758
0.998745
0.026449
0.396624
0.979755
0.999053
0.626886
0.994355
0.026049
0.000000
0.527439
0.000000
0.618272
0.582605
0.666906
0.938874
0.962704
0.000000
0.672866
0.957295
0.999816
0.991463
0.096363
0.797869
0.003931
0.086423
0.999855
0.000000
0.132733
0.885470
0.000000
0.951293
0.695003
0.224243
0.505738
0.019012
0.967255
0.341437
0.000000
1.000000
0.455126
0.869185
0.962927
0.380193
1.000000
0.995197
0.673349
1.000000
0.677057
0.005410
0.019899
0.997653
0.000000
0.908837
0.000000
0.163767
0.849991
0.566008
1.000000
0.000000
1.000000
0.890510
0.895031
0.442789
0.000018
0.986973
0.864821
0.750130
0.547828
0.981013
0.871671
0.698537
1.000000
1.000000
0.000000
0.803177
0.000439
0.956148
0.679125
0.750073
0.865801
0.999999
0.803133
0.401723
0.656382
0.300900
0.910494
0.252590
0.453440
0.000000
0.509965
0.969464
1.000000
0.658190
0.000000
0.295575
0.003762
0.999997
0.662389
0.000000
0.980154
0.998898
0.999803
0.009422
0.998559
0.000000
0.985586
0.999550
0.063839
0.988989
0.331169
0.959812
0.000000
0.998507
0.669565
0.219880
0.309485
0.972120
0.608525
1.000000
0.476300
0.152891
0.999834
0.145876
0.976891
0.828202
0.418874
0.999926
0.970086
0.556980
0.983273
0.000000
0.003685
0.286237
0.000000
0.997701
0.999613
0.387178
0.806020
0.000000
0.807276
0.882875
0.000000
0.998501
0.999989
0.714351
0.979198
0.796030
0.034456
0.999959
0.664893
0.907211
0.383691
0.999911
0.956048
1.000000
0.842691
0.000000
0.962768
0.697978
0.999647
0.781445
0.687727
0.954123
0.978873
0.132494
1.000000
0.954420
0.844171
0.074603
0.282830
1.000000
0.795689
0.981201
0.185651
0.000000
0.989600
0.045628
0.022985
0.749783
0.026098
0.000000
1.000000
0.634688
0.560017
0.000086
0.031092
0.595226
0.434337
0.999927
0.649502
0.997270
0.831687
0.999311
0.000000
0.764254
0.868128
1.000000
0.992030
0.830635
0.335004
0.787354
0.272979
0.731357
0.347527
0.256677
0.943695
0.012422
0.996783
0.000000
1.000000
0.999999
0.744561
0.952979
0.697571
0.999792
0.000000
0.993156
1.000000
0.012836
0.999951
0.761264
0.981303
0.905388
0.000000
0.600750
0.766629
0.996113
0.243366
0.588031
0.000000
0.172786
1.000000
0.874791
0.999998
0.881445
0.826224
0.957695
0.999843
1.000000
0.000000
0.979571
0.998110
0.000000
1.000000
1.000000
0.999330
0.000000
1.000000
0.996854
0.000097
1.000000
0.998758
0.912111
0.680811
0.487853
0.061029
0.000000
1.000000
0.857186
0.000000
0.339303
1.000000
0.918769
0.000000
0.987411
0.769208
0.005463
0.986281
0.993201
0.616863
0.000017
0.000103
0.682333
0.995842
0.670871
0.950213
0.248114
0.999789
0.989058
0.999972
0.946361
0.284008
0.854389
0.999572
0.997148
0.280917
0.233262
0.998483
0.549641
0.756387
0.829613
0.657321
0.993067
0.999988
0.253003
0.407204
0.381354
0.990144
0.079860
0.018996
0.000000
0.907658
1.000000
1.000000
0.000000
0.979364
0.817900
0.000402
0.489657
1.000000
1.000000
0.403687
0.977928
0.756912
0.798810
0.815432
0.999999
0.000680
0.093058
0.686709
1.000000
0.000000
0.973140
0.216567
1.000000
0.554888
0.999976
0.919443
0.999834
0.002625
0.999959
0.000000
0.995146
0.490227
1.000000
0.000000
0.862943
0.108176
0.950063
0.001843
0.988223
0.552001
0.034594
0.998271
0.882492
0.026741
0.621793
0.060650
0.000000
0.998511
0.351347
0.000000
1.000000
1.000000
0.790443
0.983057
0.136232
0.894592
0.763503
0.980867
0.938732
0.227136
0.000000
0.935272
0.448186
0.991932
0.281965
0.998216
0.912320
0.999974
0.792123
0.018800
1.000000
0.036274
0.997121
0.918532
0.362652
0.908275
0.225538
0.000000
1.000000
0.999798
1.000000
0.883515
0.503374
0.275567
0.000000
0.053956
0.608120
0.858994
0.075499
0.934352
0.834292
0.000000
0.829056
0.933986
0.999998
0.045472
0.993175
1.000000
0.039537
0.613254
1.000000
0.990350
0.843936
0.000000
0.166009
0.789789
0.434525
0.779763
0.998833
0.375977
1.000000
1.000000
0.697471
1.000000
0.995197
0.996089
0.391041
0.000000
0.085957
0.997249
0.985458
0.448936
0.507997
1.000000
0.166548
0.921889
0.780609
0.938131
0.834237
0.998869
0.729079
0.866600
0.224820
0.986544
0.999995
0.833308
0.994840
1.000000
0.934495
1.000000
0.000000
0.000000
0.950830
0.811668
0.990101
0.247845
1.000000
0.513804
0.951906
0.973521
0.998457
0.640305
0.969058
0.998224
0.408490
0.711165
0.999434
0.596028
0.907912
0.232345
1.000000
0.999949
0.549641
0.394566
0.362575
0.933517
1.000000
0.980214
0.990852
0.677860
1.000000
0.996600
0.939433
0.813561
0.421927
1.000000
0.000000
0.102016
1.000000
0.617971
0.929769
0.799033
0.999996
0.000000
0.997881
0.987597
0.000000
0.999094
0.988624
0.309136
1.000000
1.000000
1.000000
0.141513
0.578071
0.000000
0.884542
0.000000
0.920915
0.968847
0.792698
0.367976
0.793246
0.033715
0.469181
0.942869
0.918769
0.946506
0.678605
0.998534
0.001276
0.682007
0.998705
0.985774
0.938834
0.806225
0.999999
0.882905
0.835622
0.459251
0.910407
0.000000
1.000000
0.947345
0.969539
1.000000
0.990927
0.879804
0.644606
0.156842
0.990408
0.904062
0.739297
0.053266
0.999998
0.461599
0.991563
0.562608
0.612943
0.999999
0.751754
0.667999
0.544699
0.733549
1.000000
0.961046
1.000000
0.999985
0.816685
0.688308
1.000000
0.999999
0.431519
0.891286
0.710846
0.000000
0.999999
0.000000
0.000000
0.810489
0.768002
1.000000
0.613234
0.969072
0.883600
0.073172
0.925655
0.398905
0.326058
0.951102
0.999999
0.991483
0.999986
0.999942
0.000000
0.371277
0.995329
0.999999
0.996676
0.993576
1.000000
0.951206
0.871750
0.987427
0.894693
0.467713
0.000000
0.015707
0.989445
0.995771
0.999995
0.696865
0.983022
0.000000
0.000000
0.999979
0.773136
0.030385
0.961664
0.201475
0.999377
0.251783
0.992324
0.991337
0.983004
0.841758
0.815556
0.999483
0.000000
0.011214
0.998369
0.000000
0.036309
0.660407
0.995590
0.462544
0.649379
0.332785
0.007047
0.578801
0.517932
0.619015
0.997307
0.082825
0.834358
0.966643
0.000000
0.998286
0.000000
0.065498
1.000000
0.034456
0.940190
0.316082
0.832029
0.977562
1.000000
0.286475
0.006984
1.000000
1.000000
0.222895
0.999934
0.950040
0.003894
0.018693
0.994281
0.775544
0.000000
0.353576
0.000000
0.000000
0.771023
0.713087
1.000000
0.999776
0.833673
0.969216
0.494044
0.920859
0.434742
0.451326
0.405141
0.972836
0.922879
0.249563
0.270593
0.908938
0.667130
0.813528
0.792229
0.787841
0.993595
0.995709
0.862858
0.629527
1.000000
0.058076
0.950506
0.952132
0.729866
0.999299
0.863948
0.601091
0.321803
0.955031
0.606011
0.999992
0.999999
0.999810
0.717338
0.000000
0.057730
0.993022
0.999240
0.999994
0.872996
0.426139
0.446136
0.876974
0.845424
1.000000
0.670758
0.993233
0.995349
0.043157
0.746353
0.773143
0.997519
0.000000
0.829014
0.337019
0.999875
0.999994
0.990110
0.833157
0.008865
0.913204
0.977351
0.001151
0.051577
0.000000
0.999993
0.272890
0.343619
0.470535
0.005708
0.695440
0.964608
0.907125
0.998292
0.526797
0.449200
0.505105
0.950337
0.980017
0.654856
0.949945
0.358696
0.252433
0.705714
0.332711
0.346797
0.761710
0.336776
0.952033
0.803806
0.420009
0.968516
0.786917
0.000000
0.868599
0.999887
1.000000
0.274494
0.000000
0.723652
0.905415
0.479376
0.953453
0.022985
0.953695
0.333268
0.978652
0.990405
0.991800
0.999730
0.087647
0.878855
0.375348
0.999999
0.975357
0.797742
0.451770
0.999992
0.084961
0.095703
0.985202
0.967190
0.000000
0.984452
0.028887
0.082003
1.000000
0.193224
0.991289
0.997497
0.999919
0.079335
0.752684
0.127499
0.190224
0.999805
0.472926
0.405093
0.280368
0.995115
1.000000
0.578363
1.000000
1.000000
0.000000
0.005017
0.863576
0.949377
0.747102
0.997881
0.788236
0.916755
0.993013
0.000000
1.000000
0.028887
0.000000
0.042149
0.435769
0.000000
0.052001
0.805474
1.000000
0.972339
0.880311
0.328788
0.999654
0.891826
0.596051
0.211379
0.813462
1.000000
1.000000
0.928713
0.872803
0.000000
1.000000
0.000000
0.000000
0.414227
0.533235
1.000000
0.976970
0.563793
0.927582
0.925146
0.617930
0.993799
0.996125
0.951808
0.901982
0.258072
1.000000
0.054962
0.591235
0.472090
0.992857
0.000000
0.000000
0.000000
0.059511
0.992219
0.949471
0.000000
0.998985
0.991726
0.999934
0.998244
0.000000
0.977133
0.000000
0.908117
0.991958
1.000000
1.000000
0.995089
0.541741
0.841475
0.000000
0.999868
0.000000
0.995248
0.871763
0.127215
0.974532
0.004394
0.918165
0.520711
1.000000
1.000000
0.500664
0.985680
0.291561
0.999807
0.883914
0.231161
0.193224
0.462644
1.000000
0.534238
0.000000
0.399760
1.000000
0.932695
0.882899
0.368783
0.964423
0.998972
0.999885
0.171759
0.509491
0.000000
0.586656
0.728047
1.000000
0.839235
0.805355
0.000000
0.360506
0.784448
0.772894
0.759787
0.908494
0.988702
1.000000
0.917120
1.000000
0.999732
0.015946
0.648473
0.971219
0.003398
1.000000
0.810639
0.641993
0.947996
0.523885
0.997137
0.000000
0.734654
0.004445
0.999176
0.000555
0.027984
0.806793
0.999238
0.990785
0.693361
0.853186
0.986293
1.000000
0.385739
0.932781
0.880272
0.998384
0.912574
0.000000
0.701292
0.741560
0.000000
0.982122
0.000000
1.000000
0.028898
0.434120
1.000000
0.992979
0.527083
0.747554
0.409859
0.999695
0.906739
1.000000
1.000000
0.783045
0.758912
0.769980
0.000000
1.000000
0.000000
0.525920
0.988062
0.000000
0.962389
0.015707
0.988126
0.908908
1.000000
0.996756
0.967091
0.683102
0.999770
0.626350
0.289990
0.133095
0.505012
0.605193
0.000000
0.861301
0.933863
0.033486
1.000000
0.078403
0.996500
0.997815
0.889759
0.964984
0.752610
0.000000
0.936600
0.261622
0.999726
0.385631
0.012301
0.974435
1.000000
0.328074
0.835309
0.705402
0.000000
0.408625
0.931454
0.999999
0.997735
0.885081
0.000000
0.095402
0.000000
0.799620
0.564918
0.242544
0.574369
0.895644
0.820221
0.758432
0.000000
0.973253
0.536514
0.027859
0.438496
0.248489
0.160298
0.403786
0.691665
0.000000
1.000000
0.665156
0.578966
1.000000
0.000000
0.984240
0.902323
0.984671
0.772989
0.222595
0.999899
0.217885
1.000000
0.111371
0.998520
0.999999
1.000000
0.999996
0.028493
0.314949
0.111766
0.990751
0.885779
0.000543
0.875748
0.121199
0.996749
0.966572
0.599300
0.989242
1.000000
0.000000
1.000000
0.654010
0.686102
0.428130
0.370737
0.051543
0.840294
0.996990
0.945220
0.688290
1.000000
0.682752
0.000000
0.974111
0.269087
0.895341
0.000000
1.000000
0.741310
0.254964
0.354975
0.515071
0.776713
0.583874
0.384002
0.565666
0.823469
0.841728
0.000000
0.687007
0.999956
0.483488
0.999040
0.994976
0.003084
0.999999
0.743386
0.991080
0.865834
1.000000
0.000000
0.420522
0.930369
0.999654
0.900530
0.999885
0.215705
0.414492
0.639673
0.747912
0.685869
0.521065
0.999995
0.000000
0.000301
1.000000
0.767478
0.998789
0.925911
0.238135
0.974112
1.000000
0.405261
0.410165
0.731122
0.575217
0.933544
1.000000
0.999311
0.331782
0.121186
0.043538
0.999915
0.944436
0.000000
0.997613
0.263287
0.000015
0.282993
0.997329
0.935868
0.411670
0.200381
0.999834
0.990703
0.862803
0.999968
0.997889
0.829981
0.950213
0.985432
0.566102
0.884601
0.890140
0.997756
0.952415
0.851518
0.930642
0.762104
0.876690
0.960329
1.000000
0.994575
0.999948
0.539256
0.783000
0.895967
0.725271
0.972354
0.970287
0.974065
0.983434
0.209184
0.606746
1.000000
0.000000
0.862273
0.735676
0.999787
1.000000
0.922698
0.674863
0.390696
0.993918
1.000000
0.631655
0.999973
0.000000
0.991998
0.169462
0.952021
0.889759
0.408971
0.999910
0.122874
1.000000
0.000000
0.997687
0.978711
0.989429
1.000000
0.110629
0.978475
0.697407
0.932791
0.685466
1.000000
0.514564
0.790856
0.917604
0.493719
0.999538
0.857826
0.218402
0.996093
0.830558
0.000000
0.000000
0.614829
0.666654
0.978322
0.150249
1.000000
0.997270
0.999992
0.954719
0.935971
0.992870
0.967524
0.515406
0.999931
0.999946
0.929275
0.000000
0.801299
0.978753
0.134665
0.000000
0.003331
1.000000
0.999229
0.000000
1.000000
0.998425
0.999997
0.999876
1.000000
0.102316
0.998115
0.999511
0.759440
0.713357
0.310199
1.000000
1.000000
0.000389
1.000000
0.357917
0.904964
0.907405
0.552302
0.380347
0.234914
0.000228
0.989003
0.756749
0.260110
0.335601
0.998745
0.905633
0.761171
0.999971
0.330178
0.991259
1.000000
0.996688
0.436209
0.832741
0.006472
0.965697
0.834752
0.999997
0.985813
0.999789
1.000000
0.999907
0.999609
1.000000
0.513515
0.000000
1.000000
1.000000
0.999568
0.556183
0.992905
0.999998
0.891116
0.996727
0.000000
0.828166
0.000000
0.450734
0.999973
0.900150
0.000000
0.593744
0.017354
0.987837
0.964882
0.069741
0.802089
1.000000
0.834438
0.899594
0.493111
0.915199
0.836522
0.961062
1.000000
0.817233
0.521935
0.852870
0.000000
0.476147
0.092353
0.697076
1.000000
0.978505
0.229985
0.467369
0.400172
0.974256
1.000000
0.990619
1.000000
0.416911
0.966837
0.968186
0.034053
0.663677
0.247157
0.978070
0.934416
0.915194
0.000000
0.000000
1.000000
1.000000
0.000000
0.946955
0.000000
0.000000
0.895715
0.990592
1.000000
0.872633
0.975638
0.918066
0.926011
0.000000
1.000000
0.961913
0.835712
0.880144
0.896063
0.957504
1.000000
0.978472
0.791163
0.997934
1.000000
0.000000
0.974212
0.998657
0.029326
0.000033
0.785398
0.972482
0.452774
1.000000
0.935623
0.793561
0.585573
1.000000
0.694380
0.559472
0.206116
1.000000
0.785568
1.000000
1.000000
0.356798
0.038274
0.838179
0.999038
0.627624
1.000000
1.000000
0.923841
0.525535
0.612372
0.000000
0.700807
0.863886
0.249366
0.973300
0.016280
0.000000
0.974177
0.965521
0.873786
0.999820
0.940696
0.791430
0.955381
0.960741
0.000000
0.014837
0.000376
0.829441
0.550569
0.036930
0.000000
0.285801
1.000000
0.000000
0.534742
0.089156
0.782176
0.918401
0.005153
0.892898
0.021350
0.894596
0.678431
1.000000
0.931699
0.969152
0.973531
0.576772
0.000000
0.768304
0.804476
0.711342
0.372648
0.902559
0.999704
0.981094
0.892469
0.000000
0.890740
1.000000
1.000000
0.742373
0.619633
0.459088
0.125267
0.000171
0.851342
0.835356
0.510171
0.962292
0.927866
0.064145
0.855619
1.000000
0.000000
0.937931
0.998863
1.000000
0.998449
1.000000
0.705956
1.000000
1.000000
0.863844
0.905996
0.742981
0.315353
0.240841
0.960961
1.000000
0.753262
0.991723
0.000000
0.974186
0.812162
0.983751
0.975219
0.339300
0.860119
0.973341
0.818818
0.918101
0.226986
0.997039
0.951240
0.809658
0.971078
0.019279
0.856782
0.000000
1.000000
0.980501
1.000000
0.916640
0.304294
0.868457
0.009025
0.906919
0.000000
0.999980
0.797822
0.498369
0.908904
0.715061
0.792533
0.011550
0.990443
0.865072
0.165732
1.000000
0.686317
0.998789
0.844399
0.450005
0.959792
0.981681
1.000000
0.320574
0.011951
0.642047
0.999998
0.999995
0.996162
0.643972
0.987344
0.855491
0.411160
0.922322
0.251294
0.931299
0.335661
0.019774
1.000000
0.987915
0.229964
0.873911
0.945838
0.994715
0.924788
0.000000
0.877887
0.066503
0.373399
0.878568
0.000000
0.094149
0.712729
0.980149
0.700756
0.913669
1.000000
1.000000
0.000000
0.986525
0.831512
0.894754
0.629989
0.005685
0.980748
0.705896
0.966984
0.775039
0.524241
1.000000
0.524870
0.325352
0.981556
0.921506
1.000000
0.000000
0.958423
0.735284
1.000000
0.684447
0.999800
1.000000
0.973439
0.855544
0.419878
1.000000
0.702705
0.736323
0.998598
0.974160
1.000000
0.000000
0.885935
0.601619
0.592063
0.997521
0.992417
0.000000
0.840134
0.534833
0.836831
0.998248
0.805214
0.999733
0.997834
0.000019
0.335927
0.000000
0.352605
0.998957
0.994545
0.951953
0.000753
0.578326
0.793375
0.876814
0.392519
0.109618
0.808391
0.907404
0.000000
1.000000
0.983298
0.000000
0.946461
0.169258
0.989813
1.000000
0.292465
0.999901
0.619417
0.998445
0.956635
0.997172
1.000000
0.999999
0.479960
0.000000
0.042995
0.481770
0.000546
0.755615
0.000000
0.066277
0.995340
0.957544
0.965169
0.919861
0.317389
0.451816
0.998518
0.000000
1.000000
0.982137
0.995592
1.000000
0.985403
0.881181
0.744415
0.195341
0.962520
0.890682
0.770789
0.148016
0.756969
0.000000
0.998975
0.468481
1.000000
0.642466
0.999999
0.024412
0.725024
0.821570
0.458114
0.949909
0.000000
0.752735
0.000000
1.000000
0.986204
0.000000
0.469871
0.840713
0.592449
0.000341
0.588990
0.510415
0.989093
0.985388
0.555503
0.707040
0.669564
0.254503
0.739137
0.211217
1.000000
0.432894
0.963713
0.147919
0.669235
0.000000
0.000000
1.000000
0.483560
0.863380
0.612459
0.825184
1.000000
0.630110
0.999935
0.992020
0.965091
0.999994
0.996090
0.959393
0.874452
0.234586
0.000000
0.982415
0.000000
0.996148
0.652258
0.593578
0.916374
0.789748
0.352659
0.854734
0.863203
1.000000
0.015528
0.375421
1.000000
0.000000
0.758672
0.123081
0.479290
0.016955
1.000000
1.000000
0.753434
0.999773
0.746199
0.000000
0.733647
0.994424
0.986886
0.714641
0.999629
0.998236
0.655194
0.261705
0.902537
1.000000
0.989870
0.998088
0.000000
0.988512
0.000000
0.035000
0.956180
0.575465
0.992891
0.887875
0.000000
0.961471
1.000000
0.575545
1.000000
0.384104
0.000013
0.854930
1.000000
0.999031
0.406782
0.906269
0.995626
0.978263
1.000000
0.999780
0.722987
0.398364
0.292870
0.831448
0.489170
0.996431
0.999985
0.992420
0.996855
0.772311
0.000000
0.107310
0.635379
0.559916
0.958369
0.598372
1.000000
0.852503
0.000000
0.430004
0.994222
0.989619
1.000000
0.800398
0.999822
0.999707
0.000000
0.428138
1.000000
0.960008
0.752129
0.946341
0.926740
1.000000
0.950380
0.767757
0.998170
0.999983
1.000000
0.043182
1.000000
0.037124
0.621029
0.962292
0.999959
0.000000
1.000000
0.014080
0.995280
0.771176
0.375268
0.992850
0.860947
0.997745
0.430111
0.907431
0.990357
0.424082
0.944833
0.999999
0.191870
0.996216
0.967890
0.999994
0.686433
0.959493
0.427887
0.999148
0.007209
0.959478
0.080981
0.908656
0.865123
0.896833
0.445736
0.726847
0.553646
0.959547
0.000000
0.548951
0.845733
0.993651
0.629264
0.316044
0.998191
0.999487
0.984380
0.919569
0.000000
0.001738
0.704737
0.999836
0.098651
0.093173
1.000000
1.000000
0.910313
0.791938
0.833027
0.968840
0.976760
0.785341
0.349849
0.359553
0.737726
0.271822
0.625743
0.074493
0.344574
0.959878
0.504583
0.998840
0.934340
0.991695
0.989151
0.999926
0.999429
0.775498
0.125564
0.255924
0.487276
0.004236
0.000000
0.827784
1.000000
0.997682
0.792669
0.000000
0.000000
0.177198
0.901185
1.000000
0.655652
0.564627
1.000000
0.689639
0.257391
1.000000
1.000000
0.762646
0.998434
0.999998
0.000000
0.005094
0.061571
0.833032
0.937042
0.018236
0.592580
0.059554
0.543450
0.889629
0.806034
0.845435
0.932176
0.094555
0.203334
0.000000
0.969938
0.000000
0.970352
0.977663
1.000000
0.092090
0.504050
0.308482
0.777834
0.308001
0.974360
0.745811
1.000000
0.953759
0.005467
1.000000
0.132596
0.994637
0.605418
0.854266
0.000000
0.969309
0.267007
0.944027
0.710242
0.999395
0.767629
0.808979
1.000000
0.000000
0.864528
0.909504
0.000000
1.000000
0.956925
0.802773
0.000000
0.999914
0.671177
0.969944
0.948788
0.906430
0.076055
0.884089
0.374979
0.248892
1.000000
0.662410
0.725954
0.411559
0.208312
0.018042
0.015684
0.963021
0.707478
0.756830
0.000000
0.070659
0.531569
0.891537
0.997082
0.999959
0.578071
0.586781
0.813470
0.000000
0.581876
0.106439
0.210174
0.332942
0.674863
0.999998
0.999978
1.000000
0.491867
0.721175
0.998313
0.806132
0.665124
0.000000
0.938669
0.625743
1.000000
0.976618
1.000000
0.648069
0.000000
0.978123
0.999878
0.000000
0.761089
0.714623
1.000000
0.627221
0.937373
0.996580
0.559141
0.976191
0.098472
0.966248
0.727311
0.835460
0.984762
1.000000
0.033221
1.000000
0.869922
0.995934
0.599643
0.994748
1.000000
0.000000
0.168262
0.007509
0.480861
1.000000
0.831818
0.844459
0.627477
1.000000
0.001535
0.999953
1.000000
0.000000
0.454479
0.993169
0.000000
0.076816
0.000000
0.215064
0.877189
0.384346
0.998068
0.000000
0.000000
0.997953
0.953839
0.104437
0.999961
0.981929
0.292622
0.000000
0.833084
1.000000
0.563987
1.000000
0.212953
0.953970
0.001380
0.952147
0.847948
0.000000
0.999998
0.027406
0.285882
0.000000
0.225889
0.980073
0.989827
1.000000
0.990496
0.000000
0.564974
1.000000
0.000000
0.000000
0.991958
0.973934
0.999932
0.907325
0.000000
0.770565
1.000000
1.000000
1.000000
0.666188
0.784917
0.996874
0.982082
0.759464
0.000000
0.995620
0.654359
0.588522
0.056099
0.907932
0.978071
0.785179
0.999998
0.800224
0.993350
0.932129
0.935454
0.910092
0.480972
0.332075
0.968571
0.688855
0.689222
0.015767
0.469660
1.000000
0.698393
0.889455
0.136637
0.989976
0.956017
0.999984
0.200346
0.817814
0.000000
0.898104
0.907090
0.026991
0.045612
0.661947
0.675735
0.972996
0.226424
0.436415
0.966801
0.919391
0.514009
0.410791
0.617746
0.997982
0.000000
0.884966
0.972829
0.855676
0.000000
0.898290
0.913411
0.993849
0.853172
0.384890
0.368642
0.744951
0.187999
0.312710
0.845095
1.000000
0.996080
0.999752
0.000000
0.496799
0.620446
0.973153
0.995031
0.998995
0.749126
0.385371
0.515616
0.000296
0.174363
0.832522
1.000000
1.000000
0.791731
1.000000
0.951793
0.828793
0.000000
0.452725
0.999938
0.000000
0.828726
0.065780
1.000000
0.957710
0.999997
0.660313
0.999833
0.600417
0.329383
0.074710
1.000000
0.359125
0.837255
0.977889
0.000000
1.000000
1.000000
0.970462
0.000000
0.547374
0.988829
0.874025
1.000000
0.268711
0.987424
0.000000
0.440208
0.940861
0.999650
0.979995
0.808731
0.590518
1.000000
0.999240
0.833962
1.000000
0.783114
0.776637
0.575632
0.952465
0.761628
0.998936
0.127724
0.638815
0.645025
0.967206
0.846246
0.765027
1.000000
0.060863
0.957729
0.890315
0.999853
0.315743
0.998915
0.999883
0.481430
0.945355
0.391464
0.000000
0.267369
0.000399
0.503274
0.998650
0.843205
0.830416
0.990347
1.000000
0.236088
0.160765
0.952940
0.000000
0.995050
0.931940
1.000000
0.000000
0.999428
0.977040
1.000000
0.913972
0.976246
0.986981
0.174073
1.000000
0.652726
0.238448
0.000000
0.979877
0.000000
0.991457
0.999773
1.000000
0.636727
0.226548
0.312504
0.993098
0.000000
0.014025
0.927686
0.000000
0.894293
0.991253
0.972957
0.999526
1.000000
0.970397
0.442190
0.342747
1.000000
0.235719
0.312627
0.603322
0.438284
0.687654
0.214749
0.535299
0.418985
0.783377
0.954473
0.928406
0.910898
1.000000
0.530473
0.999897
0.763550
0.977037
0.297824
0.975705
0.529653
0.000000
0.391604
0.132485
0.584739
0.000000
0.176968
0.827102
0.334871
0.426286
0.406847
0.958339
0.098011
0.996200
0.864535
0.741434
0.998972
1.000000
0.536117
0.391343
0.000000
0.584931
0.992086
0.944707
0.602814
0.818583
0.691389
0.973243
0.867986
0.798236
0.987200
0.000000
0.974629
0.999965
0.617090
0.949764
0.986172
0.000000
0.919241
0.407967
0.771610
0.987551
0.019222
0.346690
0.999980
1.000000
0.582736
0.044280
0.682991
1.000000
1.000000
0.901115
0.991463
1.000000
0.407670
0.981678
0.999998
0.995634
0.285023
0.000093
0.999974
0.819002
0.969892
0.995535
0.984478
1.000000
0.863084
0.780028
0.318837
0.798128
0.999121
0.384732
0.000000
0.557272
0.002471
0.944164
0.674779
0.445148
0.885725
1.000000
0.774752
0.641393
0.943006
0.999980
0.766798
0.937931
0.991672
1.000000
0.964561
0.674428
0.999893
0.999999
0.999739
0.999936
0.852870
0.740726
0.999020
0.009646
0.881922
0.997824
0.778772
0.537079
0.862285
0.999977
0.291618
0.997788
0.784905
0.020137
0.953306
0.225401
0.983433
0.390439
0.944806
0.855427
0.564012
0.811436
0.453768
0.151570
0.982638
0.152018
0.000000
0.000000
0.000000
0.998449
0.691802
0.258083
0.982180
1.000000
0.868756
0.072168
0.904756
0.800308
0.583604
0.000000
0.000000
0.903680
0.724426
1.000000
0.424774
0.987754
1.000000
0.000000
0.997320
0.999971
0.993649
0.778503
0.994035
0.814472
0.012715
0.991927
0.970517
0.000952
0.811782
1.000000
1.000000
0.982992
0.210347
0.000000
0.616642
0.769451
0.325816
0.416888
0.999389
0.629692
0.787391
1.000000
0.085567
0.990730
0.000459
0.948476
1.000000
0.996724
0.000000
0.654593
0.553631
0.928640
0.994116
0.139797
0.249739
0.999870
0.013302
0.999910
0.945403
0.914197
1.000000
1.000000
0.854096
0.999174
0.000000
0.965854
0.000000
0.000000
1.000000
0.508325
0.615998
0.987328
1.000000
0.974829
0.973299
0.999999
0.519287
0.638951
0.922185
1.000000
0.999680
0.418921
1.000000
0.000201
0.997289
0.000000
0.886221
0.000000
0.864019
1.000000
0.536800
0.872662
0.461820
0.779561
0.632678
0.386164
0.994865
0.196427
1.000000
0.997350
0.095837
0.766114
0.954743
0.982357
0.169454
0.453529
0.455961
0.997620
0.894674
0.744916
0.459653
0.977394
0.999210
0.875412
0.000000
0.000000
1.000000
0.963935
0.665524
0.404898
0.869268
0.179924
0.110105
0.161667
0.173514
0.835601
0.999982
0.999974
0.000000
0.714475
0.997786
0.065246
0.998584
0.578059
0.917977
0.992639
0.976334
0.998479
0.679308
1.000000
0.999974
0.999833
0.999981
1.000000
0.899752
1.000000
1.000000
0.992315
1.000000
0.063869
0.000142
0.000000
1.000000
0.988179
0.287936
0.269501
0.000017
1.000000
0.312150
0.000000
0.575612
0.998187
0.537509
0.511307
0.984181
0.466158
0.822109
0.937497
0.948127
0.737437
0.583358
0.999992
0.956602
0.983630
0.684919
0.401035
0.942723
1.000000
0.146491
0.468839
0.999998
0.598571
0.976114
1.000000
0.349012
0.862861
1.000000
0.999317
0.719942
0.118277
0.805723
0.912524
0.993649
0.999521
0.981164
0.790267
0.010610
0.918687
0.989371
0.982938
0.000000
0.013394
0.999031
0.034968
0.668833
0.395352
0.000187
0.505839
0.976973
0.925042
0.534777
0.000000
0.928119
0.823125
0.878389
0.232201
0.988129
0.000000
0.316044
0.989200
0.927185
0.722470
0.534377
1.000000
0.106710
0.412526
0.000000
0.685842
0.998195
0.560706
0.988298
0.025928
0.736399
0.998105
0.751909
0.513127
0.314493
0.684138
1.000000
1.000000
0.853710
0.990817
0.633572
0.000000
0.780676
0.979305
0.999350
0.913863
0.019848
0.579739
0.000000
1.000000
0.270902
0.094247
0.999997
0.000000
0.999007
0.635312
0.753001
0.329937
0.914964
0.840289
0.279373
0.646880
0.292647
0.079720
0.158918
1.000000
0.000000
0.999985
0.985015
1.000000
0.888774
0.016377
0.996773
0.603446
0.000000
0.000000
0.616697
0.000000
0.967066
0.914440
0.384939
0.832936
0.706155
0.000000
0.342153
1.000000
1.000000
0.000000
0.136306
0.975675
0.324369
0.097065
0.001752
1.000000
0.984736
0.125072
0.436215
0.000000
0.280829
0.619425
0.966246
0.340647
0.000000
0.862534
0.918274
0.013937
0.257338
1.000000
0.000000
0.649223
0.999293
0.946909
0.871787
0.673430
0.793944
0.850320
0.936496
0.645855
0.000000
0.995813
0.000000
0.000000
0.534970
0.299487
0.000000
0.372295
0.755480
0.759247
0.427306
0.999998
0.999990
0.776580
0.000000
0.674643
0.998912
0.197082
0.880501
0.950213
0.956593
0.976950
0.955824
0.381280
1.000000
0.553389
0.816926
0.975851
0.554835
0.892402
0.000000
1.000000
0.000000
0.828048
0.988705
0.999686
0.963844
0.000000
0.000000
0.310472
0.857723
0.886937
1.000000
0.864852
0.000000
0.953549
0.999924
0.998097
0.716664
0.000002
0.601313
0.993865
0.890058
0.000000
0.266651
0.000000
0.999949
0.803860
0.889346
0.825185
0.000000
0.772763
0.971631
0.998640
0.512195
0.997750
0.946006
0.999982
0.959637
0.964848
0.984318
0.924362
0.885479
0.716870
0.000000
0.664838
0.999649
0.959027
0.367216
0.999814
0.053469
0.996149
0.612869
0.999959
0.678768
1.000000
0.678928
0.999914
0.002861
0.370872
0.987474
0.988959
0.003075
0.825870
0.449664
0.001328
0.859456
0.916068
0.076405
0.851540
0.000000
1.000000
0.000000
0.966188
0.961607
0.983372
0.999611
0.000149
1.000000
0.151467
0.312241
1.000000
0.465788
0.343504
0.823062
0.999954
0.813141
0.955840
0.785139
0.169173
0.167090
0.978967
0.755531
0.969660
0.327370
0.533215
0.070226
0.858801
0.998330
0.705643
1.000000
0.997912
0.999575
0.873047
0.000000
0.727408
0.251834
0.969265
0.982770
1.000000
0.494894
0.636732
0.996705
0.692336
0.869534
0.000005
0.997960
0.855345
0.828506
0.853160
0.999758
0.264542
0.980683
0.932821
0.367907
0.928989
1.000000
0.311516
0.927401
1.000000
1.000000
0.011099
0.665659
0.871763
0.000000
0.000000
0.000000
0.788816
0.981516
0.971555
0.777208
0.999999
0.804537
0.000000
0.228770
0.993829
0.582041
0.498870
0.713957
0.000000
0.946881
0.999995
0.241249
0.368706
0.994503
0.562574
0.049687
0.895655
0.761089
1.000000
0.164194
0.808441
0.882233
0.000000
0.903715
0.903495
0.999953
0.962373
0.795766
0.967575
1.000000
0.990748
0.683477
0.007452
1.000000
0.000000
0.000115
0.038364
0.000000
0.999579
0.904482
0.895814
0.983928
0.954535
0.855856
0.984996
0.983323
0.999866
0.009181
0.222224
0.781609
0.283895
0.824188
0.999934
0.919306
0.912011
0.860778
0.999962
0.000019
0.949576
0.983482
0.559698
0.936583
0.737047
0.311891
0.873241
0.800053
0.000000
0.574453
0.034548
0.983235
0.563556
0.294976
0.000000
0.979422
0.552775
1.000000
0.616260
0.028007
0.948990
0.801168
1.000000
0.115060
0.009667
0.066567
1.000000
1.000000
0.986616
0.986366
0.793979
0.473852
0.999970
0.229241
0.000000
1.000000
0.023978
0.999247
0.896295
1.000000
0.000000
0.295993
0.237496
0.804918
0.730771
0.189417
0.670522
0.999999
0.956050
0.999915
0.552750
0.996743
0.897585
0.745785
0.418326
0.030707
0.999961
0.009168
0.875748
0.999506
0.734194
0.999998
0.424774
0.779740
0.942254
0.948528
0.046160
0.340044
0.864662
0.748653
0.787131
0.928467
0.976067
0.889575
0.018593
0.867619
0.324511
0.906100
0.463447
0.818804
0.658331
0.332890
0.518344
0.977430
0.205695
0.000000
0.401035
1.000000
0.910184
0.999999
0.998307
0.000000
0.960133
0.056255
0.991970
0.981508
0.687890
0.968360
0.234930
0.951000
1.000000
1.000000
0.958031
0.622096
0.246387
0.780162
0.347501
0.911678
0.956098
0.967171
0.541488
0.922809
0.999999
0.000000
1.000000
0.733425
0.585671
0.998774
0.000000
0.921832
1.000000
0.999294
0.999944
0.000000
0.913289
0.000000
0.650037
0.118329
1.000000
0.560399
0.680159
0.815383
0.999999
0.000043
0.582883
1.000000
0.004591
0.000000
0.644503
0.735036
1.000000
0.731461
1.000000
0.439998
0.325789
0.024009
1.000000
0.708415
0.999883
1.000000
0.655233
0.999288
0.621404
0.081378
0.637472
0.968847
0.341522
0.020141
0.395973
0.999971
0.514748
0.078675
0.049764
0.000277
0.999986
0.870799
0.000000
0.993488
0.992440
0.000000
0.119720
0.997754
0.988129
0.198472
0.708593
1.000000
0.903224
0.485226
0.544433
0.184662
0.054938
0.306024
0.711419
0.999438
0.999411
0.957053
0.998984
0.990588
0.999902
0.999874
0.596839
0.368778
0.513969
0.828146
0.069725
1.000000
0.194400
0.938318
0.000000
0.996580
0.944596
1.000000
0.647346
0.285756
0.871191
0.998799
0.031872
0.012578
1.000000
0.064595
0.475623
0.914331
1.000000
0.975081
0.986460
0.993414
0.612754
0.945487
1.000000
1.000000
0.926834
0.999733
0.907519
0.072577
0.000000
0.965105
0.998985
0.000000
0.999863
0.897349
0.112421
0.566455
0.248597
0.624119
0.159202
0.348739
0.952533
0.802532
0.007302
1.000000
1.000000
0.999713
0.942168
0.000000
0.665749
0.641759
0.974909
0.003952
0.114307
0.893366
0.194500
0.995788
1.000000
0.585486
0.989319
0.787932
1.000000
0.130576
0.560403
0.000000
0.972629
0.969647
1.000000
1.000000
0.404332
0.529011
0.639429
1.000000
0.000000
0.000000
0.894748
0.994715
1.000000
0.348194
0.087586
0.697278
0.809022
1.000000
0.475939
0.918120
0.753373
0.285467
0.661186
0.082384
0.999999
0.289911
0.105741
0.993920
0.886732
0.937735
0.997419
0.815656
0.895611
0.620811
0.846610
0.808048
1.000000
0.000000
0.712963
0.850805
0.000000
0.966839
0.999343
0.389133
0.146784
0.215035
0.579518
0.732542
0.999223
0.440296
0.045953
0.998691
0.933670
0.129814
0.063562
0.935054
0.000000
0.696736
0.934895
1.000000
0.797360
0.925723
0.999910
0.982052
1.000000
1.000000
0.000000
1.000000
0.663624
0.718303
0.271280
0.997242
0.637021
0.436727
0.064038
0.997484
0.938106
1.000000
0.384002
0.505897
0.995036
0.841937
0.727262
0.000155
0.513931
0.000000
0.690705
0.994634
0.941990
0.984354
0.935453
0.931541
0.637729
0.000991
0.300193
0.257095
0.959768
0.967909
0.535472
0.358335
0.743654
0.509656
0.130742
0.685058
0.652744
0.999998
0.106343
1.000000
0.244990
0.000000
0.669363
0.464147
0.998225
0.333818
0.893659
0.294685
0.000000
0.891096
0.530466
0.000000
0.281414
0.994156
1.000000
0.749456
0.933655
0.030986
1.000000
0.949665
0.999815
0.999797
0.185092
1.000000
0.993249
0.999989
0.928824
0.965266
0.365585
0.565477
0.236980
1.000000
0.330927
0.571339
0.499646
0.966961
0.996743
1.000000
0.797900
1.000000
0.819367
1.000000
1.000000
0.832341
0.687545
0.000994
0.997185
0.856393
0.000000
1.000000
0.473501
0.976034
0.885886
1.000000
1.000000
0.707830
0.952256
0.155336
0.896146
0.000000
0.999814
0.617894
0.999883
0.996651
0.998271
0.593956
0.003106
0.367437
0.732976
1.000000
0.679069
1.000000
0.035705
0.809504
0.463027
0.000000
0.988559
0.978026
0.161675
0.737178
0.993559
0.999958
0.435228
0.052075
0.000000
0.923535
0.931842
0.102206
0.854014
0.941632
0.966748
0.946865
0.435761
0.405978
0.751169
0.825952
0.000000
0.835324
0.026701
0.066510
0.999973
0.992805
0.441782
0.999985
0.816923
0.000000
0.999972
0.972797
1.000000
1.000000
0.529305
0.897902
0.977447
0.318500
0.999999
0.000000
0.000051
0.222935
0.999500
0.375645
1.000000
0.998013
0.907005
0.000000
1.000000
0.956738
0.686341
0.999992
0.523426
0.525873
1.000000
0.392685
0.545003
0.000000
0.996202
0.652369
0.835180
0.000000
0.999930
0.817461
0.960528
1.000000
0.794566
0.036051
0.000000
0.000000
1.000000
0.660634
0.000000
0.999837
0.806998
0.936354
0.987724
0.970887
0.999814
0.000000
1.000000
0.000000
0.999845
0.596734
1.000000
0.000000
0.928690
0.926615
0.967629
0.981643
0.982487
0.708378
0.936837
0.300968
0.395575
0.874936
1.000000
0.060717
0.000000
0.335432
0.000000
1.000000
1.000000
0.514528
0.000000
0.979621
0.999929
0.951366
0.326675
0.671151
0.000000
0.999761
0.000000
0.827584
0.592463
0.069064
0.111725
0.000000
0.000000
0.093518
1.000000
1.000000
0.999993
1.000000
0.961886
0.999539
0.642277
0.850202
0.877741
0.882420
0.000243
0.773355
0.000000
0.163907
0.750996
0.935174
0.981288
0.845378
0.018804
0.705148
0.995273
0.852353
0.999946
0.516260
0.000000
0.000000
0.999931
0.000000
0.000000
0.995434
0.150581
0.150111
0.846785
0.947613
0.000000
0.482517
0.999999
0.999136
0.829970
0.793375
0.959889
0.891054
0.815666
0.000000
0.006843
0.356205
0.092153
0.000000
0.977869
0.912626
1.000000
0.756499
0.637784
0.830275
0.830383
0.245080
0.606112
0.559698
0.820282
0.662141
0.000000
0.331981
0.777221
0.623486
0.505109
0.000000
0.990418
0.844400
0.996429
1.000000
0.446211
0.000000
0.998877
0.948883
0.483087
0.985706
0.999984
0.877927
0.962534
0.998586
0.801110
1.000000
0.837723
0.877024
0.000000
0.597518
0.901040
0.407636
0.786019
0.747649
0.954548
1.000000
0.887566
0.979603
0.979655
0.000000
0.999976
0.993705
0.908020
0.401152
0.518429
1.000000
0.985829
0.000000
0.701461
1.000000
0.979168
0.960507
1.000000
0.000000
0.489039
0.705233
0.628932
0.183763
0.229632
0.984444
0.936831
0.213943
0.999918
0.000000
0.894379
0.944183
0.000000
0.987547
0.767293
0.791731
0.000000
1.000000
1.000000
0.000000
0.893353
1.000000
1.000000
0.998942
0.587306
0.871324
0.900354
0.999992
0.003445
0.404086
0.599815
1.000000
0.898607
1.000000
0.021091
0.967026
0.775271
0.077805
1.000000
0.198906
0.007880
1.000000
1.000000
0.287438
0.707484
0.835497
0.675960
0.811599
0.030174
0.808245
0.894336
0.288927
0.998559
0.869652
0.032824
0.971413
0.369538
0.978931
0.818311
0.362783
0.808854
0.999987
1.000000
0.914216
0.914438
0.997525
0.000000
0.716981
1.000000
1.000000
0.487736
0.890591
0.639607
0.883900
0.928845
0.753110
0.000000
0.760689
0.986683
0.999538
0.995379
0.999934
0.000000
0.925032
0.000000
0.998981
0.000000
0.002139
0.931941
0.999903
0.999887
0.999959
0.541158
0.007854
0.760162
1.000000
0.992835
0.998907
0.501861
0.959403
1.000000
0.578067
0.895667
0.075749
0.799370
1.000000
0.015478
0.981156
0.999827
0.000000
0.924191
0.072642
0.996504
0.999844
0.192413
0.630348
0.558276
0.975336
0.999991
0.578964
1.000000
0.000000
1.000000
0.726015
0.998882
0.905154
0.000000
0.639439
0.739851
0.716870
1.000000
0.917386
0.025442
0.959044
0.907133
0.326298
0.000000
0.998279
0.410165
0.969736
0.003022
0.999849
0.999998
0.306912
0.048775
0.788760
0.999928
0.902942
0.979733
0.999807
0.734518
0.520871
0.953372
0.052570
0.145959
0.838543
0.790867
0.001480
0.711880
0.999988
0.764461
0.675373
0.041828
0.000000
0.999594
0.909724
0.852605
0.309843
0.719815
0.830669
1.000000
0.999067
0.999594
0.996410
0.549770
0.057072
0.999566
1.000000
0.000000
0.998262
1.000000
0.238232
0.999962
1.000000
0.891871
1.000000
0.401397
0.000000
0.013466
0.024507
0.942608
0.620811
0.390739
0.627617
0.108675
0.000000
0.659153
0.864478
0.916011
0.393221
0.999958
0.556390
0.867762
0.826113
0.057220
0.587458
0.974042
0.932006
1.000000
0.007908
0.292930
1.000000
0.028163
0.806821
1.000000
0.917183
0.915005
0.999999
0.675412
0.769704
0.165449
0.324403
0.000000
0.999933
0.935208
0.656684
0.000000
0.936925
0.719004
0.627406
0.000000
1.000000
0.013141
0.788760
0.826113
0.107373
0.546488
0.884546
0.587725
1.000000
0.908129
0.980059
0.403681
0.395360
0.897293
0.198289
0.979364
0.889758
0.297775
0.765466
0.315671
0.000000
0.952132
0.973491
0.985690
0.928258
0.925473
0.108760
0.735921
0.666689
0.530927
0.845435
0.000191
0.999840
0.781516
0.949753
0.878557
0.536242
0.999995
0.280853
0.070017
0.926668
0.973873
0.297673
0.999140
0.535874
0.720529
0.968196
0.978177
0.692241
0.999969
0.848690
0.997599
0.013953
1.000000
0.313107
0.000000
1.000000
0.945898
0.767733
0.736989
0.372286
0.086668
0.000000
0.912847
0.851159
1.000000
0.999058
0.019711
0.610949
0.971573
0.252796
0.765037
0.977332
0.633698
0.260632
0.000000
0.491978
0.823149
0.080378
0.997416
0.999999
0.000000
0.019119
0.572074
1.000000
0.896162
1.000000
0.000000
0.997682
0.967203
0.944605
1.000000
0.628645
0.802465
0.940189
0.227776
1.000000
0.852836
0.000000
0.824965
0.578071
0.042244
0.965779
0.000000
0.449004
0.702135
0.974299
0.135350
0.000000
0.329615
0.896050
0.198625
0.870016
0.000000
0.994009
0.401006
1.000000
0.402886
1.000000
0.292623
0.462142
0.000000
0.894555
0.990491
0.881533
0.000000
0.691878
0.897106
0.998925
0.249881
0.000000
0.967404
0.932496
0.318839
1.000000
0.534282
0.999669
0.784366
0.723364
0.047625
0.752684
0.004382
0.000000
0.757163
0.000000
0.539675
0.558738
0.000000
0.579408
0.892543
1.000000
0.305564
0.185061
0.995844
0.000000
0.560310
0.861301
0.985552
0.988543
0.950430
0.643961
1.000000
0.846015
0.732828
0.644832
0.000000
0.227926
0.898776
0.840014
0.689931
0.999997
0.956017
0.572955
1.000000
0.854243
0.868519
0.836275
0.994651
0.940796
0.000000
0.204672
0.998926
0.334423
1.000000
0.996531
0.050773
0.999935
1.000000
0.993843
0.380462
0.873821
0.556551
1.000000
0.999995
0.543388
0.950073
0.999865
0.461502
0.986877
0.988980
0.977667
0.487137
0.079226
0.000000
0.952700
0.970514
0.000000
0.012527
1.000000
0.767316
0.934399
0.980268
0.997896
0.989780
0.331771
0.637905
0.871347
0.586251
0.998729
0.999994
0.000001
0.404678
0.975427
0.993924
0.678736
0.811358
0.965644
0.000000
1.000000
0.996059
0.646224
0.491796
0.002917
0.000000
0.994014
0.761690
0.561196
0.502890
0.999995
0.980046
0.988326
0.965266
0.999579
1.000000
1.000000
0.860621
0.766906
0.534680
0.252593
0.156978
0.996604
0.998856
0.996876
0.943047
0.039094
0.452014
0.104983
1.000000
0.964900
0.808899
0.474192
0.073761
0.958680
1.000000
0.684274
0.042709
0.743500
0.875906
0.769134
0.621828
0.023417
0.714963
0.473995
0.670303
0.971497
0.954758
0.946393
1.000000
0.735334
0.106661
0.973575
0.165411
0.999547
1.000000
0.648659
1.000000
0.821419
0.101751
0.780208
0.192755
0.661317
0.125087
0.995812
0.000000
0.886163
1.000000
0.544037
0.999999
0.879277
0.518101
1.000000
0.876298
0.000254
0.000000
1.000000
0.979318
0.994313
0.999993
0.449608
0.000000
0.005077
0.639143
0.997539
0.554542
0.822414
0.000000
0.999951
0.993244
0.968537
0.999999
0.000000
1.000000
0.594143
1.000000
0.723691
0.324268
0.999664
1.000000
0.771582
0.366983
0.999353
0.653269
0.459776
0.516042
0.868161
0.943459
0.653425
0.318406
1.000000
0.000000
0.892935
0.280654
0.972089
0.854389
0.278759
0.008999
0.873368
0.969150
0.451138
0.868128
0.346745
0.999959
0.926578
0.803806
0.978666
1.000000
1.000000
0.003249
1.000000
0.004432
0.924262
0.587432
0.072176
0.999812
0.369643
0.288102
0.536618
0.053279
0.679308
0.566484
0.159202
0.620357
0.978093
0.640296
1.000000
1.000000
0.987934
0.912153
0.996807
0.999230
0.429176
0.974767
0.000000
0.988532
1.000000
0.502758
0.387774
0.979699
0.842282
0.996617
0.408403
0.928887
0.306621
0.999999
0.999961
1.000000
0.907925
1.000000
0.837594
0.212247
0.999926
0.065684
0.246261
0.000000
1.000000
0.784384
0.888608
0.495257
0.907094
0.976267
0.999620
0.999607
0.777000
0.964618
0.218421
0.651548
1.000000
0.783730
0.000000
0.885347
1.000000
0.005463
1.000000
0.211454
0.993477
0.746353
1.000000
0.999722
0.747261
0.971616
0.460043
0.003837
0.663406
0.775785
0.999769
1.000000
0.972338
0.218356
0.541630
0.354160
1.000000
0.997297
0.820271
0.961268
0.772762
0.004267
0.997211
0.999980
0.486089
0.000000
0.940015
1.000000
0.895836
0.000000
0.785252
0.994014
0.999623
0.438033
1.000000
0.643010
0.871867
0.935652
0.159789
0.618831
0.994706
0.852114
1.000000
0.892337
0.912732
0.115901
0.999999
0.976508
0.983734
0.999957
0.999069
0.000000
0.193214
1.000000
0.485922
0.999815
0.257463
0.775837
0.720153
0.000000
0.657588
0.971979
0.999849
0.940785
0.999836
0.999780
0.000000
0.987256
0.969265
0.692763
0.999998
1.000000
0.711827
0.000000
0.197602
0.395938
0.996575
1.000000
0.999999
0.000000
1.000000
0.613308
0.994336
1.000000
0.445042
1.000000
0.963909
0.018760
0.998510
0.896184
0.910536
1.000000
0.659467
0.907217
0.990012
0.502956
0.945635
0.400572
0.003267
0.468058
1.000000
0.219633
0.000000
0.736989
0.952104
0.753890
0.951883
0.926590
0.000000
0.988194
0.981507
0.983144
1.000000
0.920098
0.221159
0.871549
1.000000
0.846174
0.999968
0.930724
0.000000
0.974978
1.000000
0.896102
0.980898
0.418933
0.395670
0.494483
0.470035
1.000000
0.033556
0.979901
0.562752
0.138139
0.895799
0.977391
0.997591
1.000000
0.995798
0.821181
0.999878
0.996093
0.456534
0.952455
0.995922
0.246737
0.998176
0.711449
0.820366
0.631928
1.000000
0.905178
0.999950
0.998270
0.957752
1.000000
0.003207
0.990332
0.528197
0.585984
0.485350
0.927180
0.983863
0.000000
0.999999
0.000000
0.529956
1.000000
0.466784
0.000000
0.587109
0.995988
0.881210
0.999999
0.836163
1.000000
0.125755
0.522594
0.617351
0.000000
0.498258
0.979277
0.999421
0.281127
0.542756
1.000000
0.000000
0.687285
0.942992
0.109091
0.439628
0.994802
0.516636
0.903370
0.680612
1.000000
0.000000
0.076826
0.997710
0.975673
0.398915
0.941817
0.461874
0.750316
1.000000
0.974107
0.527387
0.994592
0.986460
1.000000
0.323557
1.000000
0.685170
0.138861
0.999205
0.818554
0.991665
0.991929
0.911314
0.612411
1.000000
0.169050
0.536158
0.889303
0.996148
1.000000
0.000084
0.738725
0.209873
0.999874
0.973813
0.998197
0.539786
0.092293
0.090213
0.999966
1.000000
0.644431
0.988326
0.511189
0.324270
0.938232
0.996678
0.377365
0.731787
0.203670
0.770403
0.999676
0.995030
1.000000
0.819661
0.306334
0.967396
0.306094
0.031364
0.999999
0.999979
0.798177
0.636751
0.722014
0.661450
0.751916
0.281446
0.003204
0.000000
0.063681
0.835756
0.641598
0.000000
0.839370
0.881643
0.619197
0.862240
0.932631
0.346367
0.205606
0.997482
1.000000
0.650525
0.999952
0.801990
0.882552
0.975098
0.901771
0.897238
0.000024
0.234882
0.984710
0.519968
0.860621
0.060717
0.999979
0.980157
0.757870
0.857459
0.261181
0.835535
0.814350
0.411122
0.000000
0.199801
0.999492
0.998598
1.000000
0.374261
0.999875
0.000000
0.000000
0.993073
0.999916
0.612260
0.998827
0.006083
0.997900
0.032762
0.026140
0.012501
0.997802
0.999177
0.000000
0.000000
0.999999
0.999999
0.917593
0.954808
1.000000
0.587310
0.247487
0.724393
1.000000
0.000000
0.001946
0.258045
1.000000
0.999928
0.999921
0.000000
0.684746
0.790579
0.728180
0.933423
0.991216
0.723999
0.857075
0.000000
0.612579
1.000000
0.000653
1.000000
0.009190
0.747449
0.000000
0.000000
0.018650
0.960773
0.624533
0.722252
0.103022
0.996708
0.827749
0.896819
0.000000
1.000000
0.959116
0.910734
0.549140
0.999977
0.998745
0.878710
1.000000
1.000000
1.000000
0.999103
0.609478
0.992800
0.999780
0.595381
0.983238
0.293085
0.953312
0.002578
0.879262
0.000000
0.024761
0.000000
0.999628
0.247721
0.000000
0.114632
0.624884
0.814957
0.877957
0.997327
0.303782
0.995043
0.224919
0.641918
0.818971
0.970464
0.999989
0.837370
0.906738
0.747381
0.948939
1.000000
0.106773
0.178155
0.436654
0.040490
0.902309
0.000000
0.358066
0.999014
0.993647
0.620333
1.000000
0.361123
0.000000
0.993680
1.000000
0.030879
1.000000
0.274286
0.978643
0.999990
1.000000
0.000000
0.600393
0.999933
0.998910
0.000000
0.371553
0.208498
0.994706
0.837485
0.000000
0.021699
0.916428
0.000000
0.033564
1.000000
0.711427
0.999805
0.470153
0.999977
0.994444
0.374276
0.000000
0.989761
0.997161
0.994108
0.890101
1.000000
0.616626
0.009458
1.000000
0.999853
0.525310
0.981280
0.999660
0.770813
0.000761
1.000000
0.942553
1.000000
0.987536
0.999548
0.936094
0.864972
1.000000
0.512589
0.730424
0.935451
0.861500
0.949714
0.000000
0.889455
0.917120
1.000000
1.000000
0.334235
0.881054
0.874674
0.844851
0.671395
1.000000
1.000000
0.483521
0.544943
0.276763
1.000000
0.794939
0.653396
0.098457
0.317106
0.221741
0.752198
0.000000
0.000000
0.827498
1.000000
0.491836
0.926784
0.999007
0.375699
0.314051
0.999979
0.999531
0.856946
0.921968
0.995083
0.323654
0.508555
0.810579
0.315854
0.854214
0.997154
0.000000
0.966309
0.056493
0.917825
0.711468
0.994587
0.027191
0.775428
0.731737
0.956617
0.791615
0.922527
0.424082
0.690945
0.846324
1.000000
0.896713
0.717398
0.000734
0.999894
0.957105
0.999176
0.712531
0.524584
0.728768
0.586214
0.953949
0.999854
0.695714
0.776486
0.002553
0.421896
0.960602
0.096918
0.541355
0.928955
0.000000
0.630188
0.253390
0.427119
0.010694
0.000000
0.999228
0.988639
0.000000
0.896573
0.941196
0.936742
0.975863
0.000000
0.000000
0.002567
0.519015
0.994059
0.011225
0.992569
0.779646
0.000000
0.707934
0.953904
0.000000
0.975357
0.642757
0.955879
1.000000
0.363359
0.801322
1.000000
0.761322
0.930837
0.948383
0.564909
0.045801
0.954020
0.997733
1.000000
0.513053
0.994131
0.987075
0.152439
0.611571
0.387341
0.435886
0.217566
0.918264
0.000000
0.785628
0.467120
0.864340
0.946390
0.000000
0.088828
0.602114
0.863740
0.891513
0.867453
1.000000
0.999240
0.833931
0.409053
0.953614
0.952636
0.466379
0.318312
0.900430
0.985541
0.976583
0.999999
0.990881
0.910908
0.999961
0.999888
1.000000
0.900724
0.972662
1.000000
1.000000
0.986393
1.000000
0.943937
0.772641
1.000000
0.000000
0.708703
0.039988
0.402410
0.002735
0.717267
1.000000
0.844608
0.974446
0.999527
0.945814
0.822275
1.000000
0.961684
0.000000
0.815370
0.967010
0.903838
0.388025
0.996126
1.000000
0.672607
0.731296
0.215073
0.581339
1.000000
0.000000
0.981342
0.998975
0.991146
0.000000
0.950601
0.031298
0.012150
0.707616
0.525697
0.999261
0.975812
0.908878
0.436417
0.826354
0.999816
0.494432
0.832399
0.000000
0.000916
0.844579
0.099994
0.850690
1.000000
0.999865
0.854216
0.955013
0.838485
1.000000
1.000000
0.998198
0.999989
0.458556
1.000000
0.876860
1.000000
0.209301
0.138266
0.889158
1.000000
0.115843
0.000000
0.985207
0.907661
0.120727
0.999899
1.000000
0.908414
0.609991
0.057008
0.873179
0.998051
0.092865
0.677683
0.997388
0.999615
0.000000
1.000000
0.249242
0.993757
0.400743
0.997366
0.281249
0.807073
0.002907
0.961629
0.446556
0.734475
0.006174
0.991981
0.999678
0.987116
0.995235
0.808979
0.000000
1.000000
0.949538
0.912892
0.480972
0.238835
0.972817
0.812037
0.981385
0.716981
0.919849
0.999875
0.930492
0.975679
0.623764
0.792208
0.889278
1.000000
0.955204
0.994503
0.521331
0.572830
0.983139
0.000000
0.906075
0.649691
1.000000
0.975541
0.504926
0.000000
0.987551
1.000000
0.000099
0.999675
0.000000
0.722004
1.000000
0.999996
0.999970
0.999991
0.501254
0.611264
0.783272
0.980061
0.999305
0.690278
0.986968
0.085053
0.682239
0.990587
0.887070
0.983401
0.977527
0.382954
0.269462
0.713283
1.000000
0.965091
0.352074
0.375716
0.819295
0.948316
1.000000
0.273344
1.000000
0.085216
0.870717
0.482171
0.917094
0.999222
0.848258
0.001003
0.662075
0.969920
0.975427
0.655307
0.359053
0.993771
0.960252
0.928035
0.500114
0.898727
0.782235
0.000000
0.949583
0.974133
0.451386
0.979057
0.817611
0.539299
0.767386
0.998752
0.925477
0.981179
0.957182
1.000000
0.890662
0.999264
0.966921
0.876690
0.965770
0.000000
0.063902
0.789491
0.830368
0.000000
0.481897
0.921752
0.263186
0.928917
0.999008
0.284925
0.226670
0.999888
0.000000
0.822963
0.907167
1.000000
0.000000
0.544241
0.143118
0.683857
0.000000
0.399833
1.000000
0.999807
0.000000
1.000000
0.940380
0.768223
1.000000
0.060304
1.000000
0.719678
0.733933
0.715192
0.239802
0.000000
0.976770
0.999999
0.231176
0.944891
0.380230
0.242190
1.000000
0.999876
0.000000
0.999500
0.685229
0.981359
0.993751
0.647445
0.967861
0.999998
0.499583
0.270252
0.000000
0.212079
1.000000
0.700855
0.602513
0.931236
0.000000
0.971308
0.000000
0.978187
0.902957
0.000000
0.868313
0.431011
0.995738
1.000000
0.986547
0.987247
0.979380
1.000000
0.842536
0.000000
0.004579
0.999953
0.672686
0.958262
0.325489
0.848077
0.618940
0.387993
0.943644
0.605085
0.646221
0.977087
0.057281
0.632121
0.766354
0.885779
0.001743
0.911769
0.874224
0.000000
1.000000
0.978631
0.132111
0.667923
0.988055
0.887846
0.687992
0.832204
0.813745
0.588134
1.000000
0.387413
0.477450
0.354024
1.000000
0.623748
0.999661
0.854881
0.250422
0.988223
0.790942
0.177034
0.829759
0.795614
0.972037
0.892810
0.371407
0.360150
0.989141
0.970690
0.675122
0.661688
0.763954
0.877447
0.986721
0.062815
0.889759
0.956245
0.900086
0.000000
1.000000
1.000000
1.000000
0.325607
0.680811
0.979889
0.702388
0.999790
0.245283
1.000000
0.284925
0.039889
0.000032
0.306764
0.087356
0.000000
0.969938
0.000073
0.000000
0.973381
0.000000
0.994700
0.493795
0.849629
0.923531
0.000000
1.000000
0.999986
0.806243
0.336421
0.998892
1.000000
0.831085
0.809704
1.000000
0.885258
0.949005
1.000000
0.993959
0.753850
0.999405
0.624933
0.080735
0.372901
0.659290
0.735566
0.689639
0.960895
0.999999
0.697632
1.000000
0.999923
0.006788
0.999517
0.142053
0.016952
0.959624
1.000000
0.000000
0.610868
0.959093
0.999999
0.999773
0.000000
0.998525
0.689984
0.508054
0.841834
0.000000
0.972211
0.721743
0.892337
0.000000
0.512450
0.000000
0.667504
0.000000
0.897772
0.622523
0.038428
0.432727
0.931612
0.824306
0.466290
0.660905
0.834464
0.996091
0.999999
0.931051
0.520052
0.992865
1.000000
0.000000
0.850612
0.835448
0.795797
0.169274
0.585730
0.000103
0.999997
0.731955
0.989105
0.030174
0.205619
0.199848
0.545290
1.000000
0.556760
0.062657
0.929118
1.000000
0.000000
0.606554
0.091874
0.999571
0.321233
0.000000
0.972388
0.000000
0.000000
0.996433
1.000000
0.423504
0.999230
0.148038
1.000000
0.473433
0.020229
0.998925
0.316280
0.978644
0.491877
0.940813
0.579408
0.721798
0.000000
1.000000
0.656221
1.000000
0.641705
0.999644
0.997544
1.000000
0.905415
0.029662
0.879169
0.885603
0.999688
0.923954
0.000000
0.828769
0.963262
1.000000
0.999798
0.036044
0.070984
0.055024
0.395516
0.000000
0.000000
0.298678
0.238480
0.481835
0.761404
0.770695
0.000000
0.548818
0.964833
0.000000
0.786020
0.132226
0.833734
0.782310
0.713652
0.865537
1.000000
0.996429
0.912287
0.925655
0.935868
0.185004
0.507868
0.145391
0.169061
0.272878
0.990587
0.491048
0.998594
0.481844
0.831778
0.501569
0.985215
0.624102
0.990357
0.514365
0.999921
0.319594
0.710077
0.433809
0.702680
0.999964
0.254897
0.000000
0.965258
0.959442
0.893575
0.874052
0.906906
0.000000
1.000000
0.028174
0.999633
0.064726
0.546494
1.000000
0.161420
0.800308
0.991710
0.529734
0.941609
0.260728
0.658808
1.000000
0.999999
0.970580
1.000000
0.000000
0.798459
0.072821
0.093081
1.000000
0.990911
0.393703
0.998983
1.000000
0.113150
0.099646
0.811909
0.732255
0.000000
0.913570
0.946838
0.069225
0.999966
0.966848
0.688353
0.480926
0.000058
0.998807
0.072573
1.000000
1.000000
0.947562
0.001563
0.383590
0.000000
0.952149
0.686880
0.830192
0.773250
0.999999
1.000000
0.905643
1.000000
0.785908
0.846335
0.936013
0.679858
0.253353
0.499009
0.025911
0.000000
0.968194
0.992963
0.000556
0.114406
0.738440
0.580039
0.998919
0.809704
0.967495
0.890471
0.999767
0.787459
0.185551
0.996433
0.000000
0.601290
0.996743
0.050497
0.954095
0.808607
0.996041
0.000000
0.137187
0.349471
0.099466
0.860820
0.003589
1.000000
0.975851
0.478953
0.999870
1.000000
0.094295
0.999940
0.537553
0.998649
0.000000
0.451175
0.996284
0.000395
0.835023
1.000000
0.954879
0.005574
0.315372
0.436904
0.956125
0.001732
0.491816
0.862349
0.924034
0.852836
0.994880
0.332232
1.000000
0.996618
1.000000
0.979104
0.996459
0.830792
0.418852
0.999995
0.717298
0.580216
0.119864
0.000000
0.999990
0.997541
0.779646
0.736989
0.000000
1.000000
0.780533
0.619126
0.995243
0.000492
1.000000
0.342901
0.296600
0.871836
0.386746
0.988613
0.754984
0.879836
0.935253
0.888519
0.501289
1.000000
0.000000
0.999198
0.980826
0.677965
0.999425
0.004895
0.321617
0.968236
0.955694
1.000000
0.993199
1.000000
0.024507
1.000000
0.985355
0.985382
0.388640
0.979640
0.004044
0.426139
0.986986
0.000000
1.000000
0.999616
0.000000
0.999753
0.853651
0.466850
0.000000
0.998542
0.496681
1.000000
0.617112
0.937026
0.851263
0.783349
0.182092
0.965570
0.022845
0.973258
0.734715
0.827843
0.954571
1.000000
0.222336
0.951982
0.000000
0.999999
1.000000
0.000000
0.762260
0.163932
0.919980
0.000000
0.945877
0.152560
0.984312
0.000000
1.000000
0.531362
0.855856
0.974801
0.986779
0.000000
0.254063
0.751172
0.887285
0.000000
0.985024
0.692909
0.750852
0.000000
1.000000
0.443468
0.692861
0.634750
0.996210
0.000995
0.543913
0.871988
0.999991
0.434034
0.000000
0.953859
0.088963
0.916168
0.981278
0.997151
0.999820
0.000000
1.000000
0.409138
0.998830
0.995506
0.979634
0.724805
0.753674
0.934449
0.952590
0.904872
0.791877
0.081538
0.241657
0.999502
0.147573
0.990862
0.309592
0.954554
0.262345
0.999995
0.978089
0.848569
0.000000
0.975325
0.950689
0.979678
0.885221
0.993820
0.988517
0.769657
0.865520
0.887822
0.531464
0.975704
0.906113
0.630291
0.950213
0.051198
0.999437
0.672723
0.940133
0.000000
0.983748
0.795830
0.000000
0.838169
0.000000
0.194746
0.999991
0.355086
0.813978
0.968571
0.982986
0.999228
0.531736
1.000000
0.999668
0.832945
0.474263
0.773179
0.999997
0.659587
0.996614
0.000000
0.354337
0.040244
0.618288
0.830804
0.000000
0.937913
1.000000
0.926503
0.815288
0.722707
0.997916
0.000000
0.036902
0.497910
0.606574
0.000000
0.952083
0.569719
0.342954
0.000000
0.356520
0.991464
0.991222
0.119003
0.537290
0.860830
0.591289
0.941691
0.659257
0.878024
0.809043
1.000000
0.926351
0.000000
1.000000
1.000000
1.000000
1.000000
0.484482
0.032710
0.835450
0.814287
0.584117
1.000000
1.000000
0.687878
0.999487
0.805746
0.944644
0.000000
0.978745
0.794933
0.240265
0.764010
0.147250
0.999987
0.824600
0.565677
0.021658
0.942132
1.000000
0.213927
0.294787
1.000000
0.000000
0.523569
0.000000
0.000019
0.830803
0.000000
1.000000
0.979877
0.999480
0.856444
1.000000
0.985005
0.014874
0.000203
0.979575
0.997308
0.997042
0.659596
0.999815
0.999997
1.000000
0.395250
0.531497
0.999889
0.982553
0.973330
0.384018
0.776349
0.987484
0.000000
0.004974
0.992778
0.013762
0.939304
1.000000
0.830774
0.383642
0.053917
0.857823
1.000000
0.951514
0.789673
1.000000
0.999998
0.757442
0.000000
1.000000
0.988504
0.949753
0.000000
1.000000
0.393736
0.700079
0.944197
0.981908
0.910562
0.999900
0.998270
0.849070
0.931227
0.932821
0.990764
0.750522
1.000000
0.944164
0.596561
0.813604
0.983683
0.980619
0.670594
0.000000
0.675696
0.326689
0.997228
0.365543
0.979211
0.498073
0.996186
0.990446
0.830126
0.464208
0.733515
0.780939
0.957481
0.659417
0.945929
0.263999
0.094500
0.890740
0.834772
1.000000
0.999976
0.970122
1.000000
0.993077
