1.000000
0.999985
0.951778
0.341492
0.999988
0.000000
1.000000
1.000000
0.966984
0.989019
0.990411
1.000000
1.000000
1.000000
0.806782
1.000000
1.000000
0.997289
0.793483
0.989036
0.823540
0.537880
0.999414
0.985547
0.490310
0.999989
0.000000
1.000000
0.992706
1.000000
1.000000
0.853329
0.998216
0.995266
1.000000
0.850986
0.978387
0.999430
0.990329
0.981645
1.000000
1.000000
1.000000
0.728151
0.655690
1.000000
0.000000
1.000000
0.562693
0.935248
0.884999
1.000000
0.977930
0.898389
1.000000
0.000000
0.990427
0.856220
0.000000
0.999880
0.994082
0.944966
1.000000
0.996875
0.374481
0.668357
0.821888
0.766619
0.925187
0.000000
1.000000
1.000000
0.997479
0.999441
1.000000
0.765825
0.809642
0.000000
1.000000
0.999941
0.509851
0.902447
0.999039
0.823420
1.000000
0.000000
1.000000
1.000000
1.000000
0.999988
0.000000
0.998599
1.000000
0.924355
1.000000
0.979922
0.944660
0.000000
0.902903
0.985500
0.362655
1.000000
0.829094
1.000000
0.999297
0.717992
0.999220
0.785393
0.953951
0.998904
0.999834
0.850710
1.000000
0.886463
0.868266
0.819089
0.950105
0.000000
0.997426
1.000000
1.000000
0.932645
0.983857
1.000000
0.000000
0.949222
0.996737
0.986686
1.000000
0.920079
0.990243
0.999997
0.000000
0.999474
0.619298
0.965169
0.982680
0.050655
0.734371
0.965499
0.785355
0.000000
1.000000
0.999994
1.000000
0.946726
0.898971
0.767013
1.000000
0.754689
0.000000
1.000000
0.671381
0.996477
0.464769
0.357603
0.909151
0.971675
1.000000
0.904064
0.136121
0.954708
0.000000
1.000000
0.517664
1.000000
0.787059
0.999652
0.828544
0.930972
0.910519
1.000000
0.611593
0.906756
1.000000
0.999294
0.830641
1.000000
0.948230
0.403274
0.000000
0.000000
0.996681
0.993640
1.000000
1.000000
1.000000
0.000000
1.000000
0.000000
0.564719
0.887303
1.000000
1.000000
0.950809
0.997528
0.990455
0.764839
0.962694
0.949072
1.000000
0.744899
0.949816
0.632293
0.996718
0.991452
0.945526
1.000000
0.831815
0.000000
0.954369
0.996276
0.725180
1.000000
0.933015
0.950604
0.521483
0.744809
0.911906
0.937813
0.960686
0.988458
0.998166
0.272816
0.000000
0.735129
0.376037
0.000000
1.000000
0.807211
0.982386
0.751312
1.000000
0.997746
0.000000
0.795017
0.736681
1.000000
0.382439
0.999513
1.000000
0.641281
0.999995
0.429883
0.909782
0.909723
0.998962
0.973788
0.994905
0.294884
0.839184
0.087565
1.000000
0.906540
0.940738
0.192516
0.000000
0.986666
0.992905
0.725732
0.000000
0.557349
0.726478
0.000000
0.999982
0.846772
1.000000
0.933492
0.996160
0.838089
0.792117
0.925708
0.000000
1.000000
0.967004
1.000000
1.000000
1.000000
0.923852
0.596933
1.000000
0.914818
0.887806
0.880741
0.351490
0.865947
0.849433
1.000000
1.000000
0.649663
0.999761
1.000000
0.904768
0.557991
0.888313
0.999591
1.000000
0.210788
0.975452
1.000000
0.956336
0.073007
0.663021
1.000000
0.998558
0.999978
0.298828
0.991586
0.748768
0.977677
0.996655
1.000000
0.756393
0.000000
1.000000
0.709539
1.000000
0.971450
0.746439
1.000000
1.000000
0.783878
1.000000
0.996545
0.903185
0.801328
0.959470
0.999996
1.000000
1.000000
0.289492
0.997909
1.000000
1.000000
0.779395
0.999994
0.966960
0.979855
0.000000
0.963919
0.866220
0.845223
0.999980
0.574936
0.835799
0.695703
0.999697
0.960905
0.886922
0.897088
1.000000
0.991343
0.968227
0.568500
0.000000
0.997418
1.000000
0.870559
0.901089
1.000000
1.000000
0.864540
0.750414
0.941499
0.730981
0.000000
0.989075
0.726441
1.000000
1.000000
0.999999
0.995313
1.000000
0.000000
1.000000
1.000000
1.000000
0.959210
0.999409
0.975910
0.000000
0.925092
0.847710
0.955226
0.885168
0.834419
0.754160
0.984129
0.896423
1.000000
0.937712
0.600760
0.950253
0.277365
1.000000
0.524022
0.980040
0.000000
0.901872
0.000000
0.999343
0.964459
0.798271
0.532582
1.000000
1.000000
0.998787
0.999305
0.629145
0.767198
0.834418
0.980986
1.000000
1.000000
1.000000
0.725614
0.194470
0.885682
0.765190
0.757763
1.000000
0.000000
0.920672
0.980403
1.000000
0.992405
0.742330
0.936720
0.000000
1.000000
0.991225
0.909195
1.000000
0.986580
1.000000
0.125018
0.996251
0.701370
0.976564
0.000000
0.970479
0.999763
0.000000
0.728226
0.997331
1.000000
1.000000
0.959757
1.000000
1.000000
0.989211
0.989949
0.913640
0.960915
1.000000
1.000000
0.000000
0.959902
0.793476
0.999900
0.971788
0.994078
0.841323
0.918015
0.820510
0.999759
0.913796
0.523156
0.000000
0.999999
0.000000
0.797768
0.878976
0.994235
0.947857
1.000000
0.839871
0.868052
0.744118
0.911722
0.955697
0.978101
1.000000
0.722977
0.670022
0.000000
0.809520
0.000000
0.998146
0.998385
0.999982
1.000000
1.000000
0.984290
0.925784
0.152340
0.994947
0.370873
0.999848
0.515517
0.982307
1.000000
0.000000
0.961275
0.000000
0.866057
0.927803
1.000000
0.750250
1.000000
0.929516
0.871369
0.931409
0.983202
0.963869
0.992431
0.000000
0.997872
0.868214
0.699517
0.999707
0.999502
1.000000
0.570644
1.000000
0.938352
0.975468
0.925164
0.920290
0.834720
0.782321
0.998336
0.000000
0.978559
0.984289
0.925636
1.000000
0.988536
0.982072
1.000000
1.000000
0.976339
0.000000
0.851754
0.885110
0.000000
0.987553
0.000000
0.901952
0.924299
0.449256
0.987902
1.000000
1.000000
0.756481
0.773111
0.000000
1.000000
0.999915
0.999100
0.000000
1.000000
0.837580
0.791451
0.903746
0.999584
0.928222
0.809073
0.966632
0.777509
0.989974
0.925513
0.834370
0.992647
1.000000
0.690345
1.000000
1.000000
0.000000
0.979216
1.000000
0.969193
0.539228
0.976939
1.000000
1.000000
0.967304
1.000000
0.981573
0.961593
0.381004
0.000000
0.000000
0.656079
0.897532
0.000000
0.337205
0.378766
0.000000
0.626965
1.000000
0.995480
0.979249
0.000000
0.996926
1.000000
1.000000
0.000000
0.000000
0.992841
0.000000
0.896365
0.710198
0.944880
1.000000
0.435969
0.978867
0.575604
0.997157
0.000000
0.897426
0.834830
1.000000
0.943549
0.999227
0.408996
0.925942
0.582643
0.501994
0.946896
0.000000
0.654096
0.737502
0.993360
0.943712
0.989462
0.918625
0.984631
0.980047
1.000000
1.000000
0.829508
0.000000
0.997392
0.917014
0.306925
0.925944
0.948634
0.946939
0.177904
0.754480
0.898260
0.611745
1.000000
0.200569
0.940660
1.000000
1.000000
0.887835
0.918660
0.949993
1.000000
1.000000
0.996285
0.962055
1.000000
0.996947
1.000000
0.000000
0.791604
1.000000
0.999852
1.000000
0.885366
0.000000
0.846882
0.692281
0.000000
0.460946
0.000000
0.854177
1.000000
0.999346
0.503760
1.000000
1.000000
1.000000
1.000000
0.465876
0.999776
0.994745
0.000000
0.988973
1.000000
1.000000
0.991074
0.987566
0.000000
0.989657
0.995650
0.000000
1.000000
1.000000
0.987751
1.000000
0.812299
1.000000
0.665106
0.988231
0.999809
0.472506
0.996891
0.845350
0.962184
0.318620
0.451892
0.109924
0.951471
1.000000
1.000000
1.000000
0.992328
0.986298
1.000000
0.936596
0.345080
0.925177
0.000000
0.000000
0.000000
0.994841
0.673539
0.882787
1.000000
1.000000
0.982872
0.922597
0.972140
0.596384
0.000000
0.984510
0.983919
0.000000
0.830876
0.595272
0.891354
0.840896
0.000000
0.000000
0.983865
0.897174
0.000000
0.999972
1.000000
0.919190
0.910452
0.591385
1.000000
0.856834
0.931857
1.000000
1.000000
0.999305
0.648016
1.000000
0.876357
0.305002
0.424468
0.701280
0.997508
0.155876
0.970609
0.072640
0.885733
0.935824
0.810672
0.993703
0.992604
0.922343
0.985906
0.925123
0.375150
0.881761
0.897320
0.052691
0.916916
0.876226
1.000000
0.586329
0.998255
0.998730
0.946550
1.000000
1.000000
0.997958
0.994816
0.000000
0.766929
0.999414
0.983637
0.996486
1.000000
0.585003
0.123458
0.596532
1.000000
0.932399
0.000000
0.917295
0.788210
1.000000
0.892609
0.975509
1.000000
0.769479
0.732549
0.971166
0.909865
0.935971
0.536688
1.000000
0.941077
0.931411
0.697430
0.944438
0.922533
1.000000
1.000000
0.927773
0.994128
1.000000
0.709730
0.988446
1.000000
0.899959
1.000000
0.924137
0.941128
0.798852
1.000000
0.911412
1.000000
0.000000
0.919545
0.393461
0.000000
0.969427
0.997274
0.000000
0.000000
1.000000
0.746083
0.999998
0.967013
0.983077
0.996113
0.943365
0.514318
0.887893
0.921172
0.640362
1.000000
0.999206
0.960840
0.000000
0.965295
0.998031
0.998703
0.478732
0.000000
1.000000
0.800120
0.995053
1.000000
0.995300
0.999695
1.000000
0.953880
0.374744
0.997889
0.783049
0.000000
0.989508
0.789211
0.847394
0.253813
0.641787
0.999982
0.000000
0.000000
1.000000
0.998447
1.000000
0.946349
0.938815
0.992809
0.996437
0.000000
0.782883
0.609698
0.976180
0.957216
0.000000
1.000000
0.000000
0.986561
0.998601
1.000000
0.915086
0.000000
0.490482
0.923118
1.000000
1.000000
0.000000
0.655766
0.980980
0.932930
0.818852
0.834356
1.000000
0.963534
0.997048
1.000000
0.974852
0.980389
0.604486
0.000000
0.668244
0.987400
0.000000
0.953788
0.984978
0.978156
0.983919
1.000000
0.886702
0.895177
0.000000
0.971649
1.000000
0.717472
0.952382
0.444871
0.659122
0.973126
0.988297
0.987216
0.508675
0.993314
1.000000
1.000000
1.000000
0.486260
0.999483
0.904840
1.000000
0.951562
0.832724
0.994175
0.996487
0.919488
0.820159
0.962844
0.959276
0.386092
0.000000
0.999781
0.998824
0.443984
0.943545
1.000000
0.556946
1.000000
0.937901
0.560848
0.999858
0.571646
0.000000
0.409068
1.000000
1.000000
1.000000
0.999995
0.311426
0.998666
1.000000
0.701727
0.792291
1.000000
1.000000
0.910555
0.923067
0.998122
0.926223
0.605953
0.967174
0.849211
0.781308
0.945846
0.990548
0.920289
1.000000
0.950449
0.922710
0.992473
0.000000
0.968747
1.000000
0.995723
0.999794
0.655115
0.999241
0.978996
0.964444
0.984683
0.909797
0.730625
0.998274
0.928205
0.395285
0.972581
0.950484
0.000000
0.999069
0.930993
0.000000
1.000000
0.932984
0.088732
0.794676
1.000000
0.000000
0.000000
0.000000
0.889203
0.965687
0.003342
0.351397
0.894604
1.000000
0.522770
0.935232
0.966873
0.711986
0.686271
0.987110
1.000000
0.994337
0.700672
0.985167
0.761936
0.755498
0.477924
0.937748
1.000000
0.998685
0.993203
0.777341
0.920132
0.999231
0.875513
0.984483
0.849938
0.999910
1.000000
0.000000
0.000000
0.631208
0.596272
0.770031
0.984646
1.000000
0.981570
0.789582
0.776776
1.000000
0.000000
0.999485
1.000000
0.999916
0.989898
0.744668
0.812614
1.000000
1.000000
1.000000
0.945328
0.970756
1.000000
0.000000
0.872049
1.000000
1.000000
0.996362
0.000000
0.145533
0.000000
0.326525
0.000000
1.000000
1.000000
0.911676
0.722767
0.661403
0.000000
0.999185
0.000000
0.581034
0.000000
0.992046
1.000000
0.748919
1.000000
0.471258
0.705923
1.000000
0.969770
0.845348
0.582815
1.000000
0.000000
1.000000
0.999998
0.999826
0.997836
1.000000
1.000000
0.000000
1.000000
1.000000
1.000000
0.978888
1.000000
0.966967
0.603579
0.692995
0.995232
0.985626
0.981402
1.000000
0.991295
1.000000
0.994745
1.000000
1.000000
0.536246
0.975462
0.942366
0.722131
1.000000
0.625959
0.996341
0.000000
0.935204
0.987663
0.000000
1.000000
0.854128
1.000000
0.000000
1.000000
0.883938
0.890957
0.995596
0.452622
0.511756
1.000000
0.946796
0.907489
0.949647
0.985463
0.598743
0.999821
0.980236
0.999999
1.000000
0.971822
1.000000
0.865444
0.910128
1.000000
0.000000
0.602174
1.000000
0.980275
0.456889
0.000000
1.000000
0.997946
1.000000
0.988812
0.972487
0.994078
0.760899
0.939806
0.777509
0.000000
0.999525
0.762234
0.401645
0.991123
0.726324
0.000000
0.991440
0.868569
0.691608
0.627673
0.853135
0.779285
0.000000
0.985409
0.883696
0.935461
1.000000
0.958339
1.000000
0.831296
0.632707
1.000000
1.000000
1.000000
0.991222
0.000000
0.774728
0.935630
0.661948
0.909336
0.999538
0.830205
0.992655
0.937269
1.000000
0.999028
1.000000
0.784600
0.872116
0.473902
0.984462
1.000000
0.507317
0.929090
0.999977
0.969941
1.000000
0.826282
0.943824
0.965861
0.975010
0.996896
0.964733
1.000000
0.992301
1.000000
1.000000
0.000000
0.000000
0.918941
1.000000
0.887581
0.987520
0.999070
0.998700
0.999684
0.713224
0.971752
1.000000
0.999976
0.991619
0.000000
1.000000
0.722179
0.859855
0.727333
0.987908
0.975023
1.000000
0.994137
1.000000
0.971979
1.000000
0.999999
0.915113
1.000000
1.000000
1.000000
0.827137
0.936032
0.000000
0.955082
0.954035
1.000000
0.903782
0.019687
0.000000
0.000000
0.898484
0.999797
0.988077
0.996553
0.999924
0.843477
0.038658
0.998139
1.000000
0.936695
0.825764
0.384082
0.873966
0.487999
0.592601
0.999962
0.993250
0.951006
0.895141
1.000000
0.689911
0.973798
1.000000
0.997569
0.971226
0.953930
0.997112
0.997943
0.999429
0.997568
0.995437
1.000000
1.000000
1.000000
0.876132
0.999843
0.496710
1.000000
1.000000
0.975742
0.000000
0.995147
1.000000
0.811864
0.882701
1.000000
0.999705
0.943620
0.508871
0.919622
0.816397
0.747017
0.998193
1.000000
1.000000
0.717752
1.000000
0.789849
1.000000
0.996886
1.000000
0.327941
0.998331
0.000000
0.839794
0.877164
0.905393
0.848181
0.943441
0.985502
0.975801
1.000000
0.999878
0.821096
0.685282
0.000000
0.764451
0.826404
0.951243
0.996293
0.955726
0.999704
1.000000
0.613727
1.000000
1.000000
1.000000
1.000000
0.853296
1.000000
0.531274
0.915251
1.000000
0.000000
0.316663
0.849929
0.736429
0.824228
1.000000
0.360615
0.000000
1.000000
0.882723
1.000000
0.976155
0.722157
0.965447
0.990972
0.914431
0.000000
1.000000
0.995100
1.000000
0.683294
1.000000
1.000000
0.653705
0.000000
0.532521
1.000000
0.000000
1.000000
0.772578
0.998816
0.829026
1.000000
0.989431
0.940205
1.000000
0.995382
1.000000
0.968989
1.000000
0.998720
0.916607
0.000000
0.883732
0.648321
0.651251
0.842561
1.000000
0.000000
0.000000
0.962867
0.722134
1.000000
1.000000
0.934409
0.970834
0.795644
0.999587
0.997451
0.509325
1.000000
0.735493
0.999877
0.991091
0.845211
0.000000
0.992381
0.981073
0.995352
0.911661
0.981112
0.000000
1.000000
0.000000
0.922314
0.999527
0.953437
0.000000
0.106687
0.000000
1.000000
0.999069
0.934324
0.592560
1.000000
0.919893
0.930608
1.000000
0.937713
0.989978
1.000000
0.798289
0.000000
0.862078
0.339300
0.953943
1.000000
1.000000
0.912446
1.000000
0.553979
0.235297
1.000000
0.998487
0.332898
0.306925
0.884736
0.961913
0.991221
0.909302
0.000000
1.000000
0.985688
0.876514
0.803959
0.999364
1.000000
1.000000
0.993129
0.908904
0.999232
0.997806
0.981076
0.993736
1.000000
0.828945
0.856699
0.805662
0.831347
0.996744
0.802957
1.000000
0.508517
1.000000
1.000000
0.967682
0.378702
0.419919
0.991910
0.674376
1.000000
0.000000
0.971348
1.000000
0.992070
0.989906
0.907464
1.000000
0.616392
0.994084
0.750019
0.267804
0.866662
1.000000
1.000000
0.903911
1.000000
0.998973
1.000000
0.999607
1.000000
0.983840
0.990067
0.998883
0.971275
0.000000
0.849394
0.999956
0.786979
0.704248
0.934436
0.838842
0.000000
0.960063
0.759898
0.984283
0.989688
0.000000
0.837470
0.000000
1.000000
0.937987
0.999402
0.960405
0.738921
1.000000
0.999549
0.680911
1.000000
0.788139
1.000000
0.995025
0.999847
0.956282
0.000000
0.989594
0.776963
0.983356
0.283712
0.937826
0.713826
1.000000
0.000000
0.922455
0.877630
1.000000
0.921322
1.000000
0.000000
0.759817
0.713733
0.942655
0.891642
0.995896
0.999870
0.921916
0.764734
0.701501
0.826456
1.000000
0.643674
0.335407
0.630221
0.379675
0.778100
1.000000
1.000000
0.740454
0.686761
0.000000
0.913919
0.997956
0.843953
0.964732
0.000000
0.999569
0.921528
0.000000
0.980873
0.000000
1.000000
1.000000
0.810666
0.833040
1.000000
0.846692
0.710481
0.961779
1.000000
0.999999
1.000000
0.997396
0.561698
0.992345
1.000000
0.000000
0.989884
1.000000
0.676788
1.000000
1.000000
0.936239
0.908956
0.999922
0.935145
0.931621
0.908948
0.212866
0.321784
1.000000
1.000000
0.999986
0.916761
0.971979
0.982864
0.000000
1.000000
0.968056
0.970868
1.000000
0.999951
1.000000
1.000000
0.918302
0.992230
0.000000
0.951408
0.679762
0.368413
0.695366
0.556254
0.431468
0.985941
0.461973
0.962260
0.676134
1.000000
1.000000
0.433179
0.000000
0.960993
0.443077
0.000000
0.983490
0.764582
0.871086
0.986290
1.000000
0.000000
1.000000
0.978770
1.000000
1.000000
1.000000
0.989518
0.990177
0.856776
1.000000
1.000000
1.000000
0.999944
0.891981
0.430585
0.999850
1.000000
1.000000
0.995848
0.712630
0.996055
0.457026
0.881751
1.000000
0.780303
0.805278
0.930915
0.945959
1.000000
0.999474
0.989683
0.986304
0.921155
0.971915
0.999160
0.831236
0.540600
1.000000
0.000000
0.999766
0.000000
1.000000
1.000000
0.757148
1.000000
0.991159
1.000000
0.733340
0.761515
0.713423
1.000000
0.992980
0.000000
0.738285
0.759913
0.000000
1.000000
0.966189
0.587522
0.852758
1.000000
1.000000
1.000000
0.971902
0.906797
1.000000
0.703323
1.000000
0.111298
0.762506
0.999800
1.000000
1.000000
0.968362
0.995627
0.999543
1.000000
0.861328
0.981974
0.886596
0.714834
0.851090
0.801988
0.960817
0.881777
0.999713
0.999787
1.000000
1.000000
0.997451
0.868700
0.995569
0.844567
0.981274
1.000000
0.978750
0.822519
0.625863
1.000000
0.993086
0.000000
0.998199
0.941737
0.831503
0.000000
0.434912
0.000000
0.999636
0.537808
0.869034
0.976645
0.861909
0.000000
0.000000
0.976264
0.930793
1.000000
0.657624
0.000000
0.930991
0.990275
1.000000
0.662595
1.000000
0.770922
0.849035
0.000000
0.739942
0.000000
0.999282
0.000000
0.440671
0.620520
0.448896
0.000854
0.000000
0.000000
0.892497
1.000000
0.998019
1.000000
1.000000
0.926473
1.000000
0.981642
0.974466
0.988231
0.992143
0.000000
0.529857
0.707440
0.907473
0.616706
0.760369
0.998740
0.000000
0.792537
0.379162
0.655156
0.504629
0.000000
0.734756
1.000000
0.842370
1.000000
0.999040
0.937378
1.000000
1.000000
0.931396
0.866454
0.958801
0.613910
0.953136
0.000000
0.949464
0.932951
0.946832
0.978889
0.000000
0.945034
0.995746
0.700381
0.000000
1.000000
1.000000
1.000000
0.596627
0.478156
0.563766
0.859678
0.941922
0.000000
0.999293
0.947853
0.853569
0.943354
0.783339
1.000000
0.000000
0.000000
0.572219
0.730296
0.000000
0.644414
0.000000
0.945642
0.896875
0.972205
0.995021
0.996609
0.999895
0.830694
0.966686
0.998886
0.900750
0.818466
0.703229
1.000000
0.831008
0.866789
0.999653
1.000000
0.000000
1.000000
0.964284
0.842744
0.999884
0.905955
0.975138
0.998372
0.952123
1.000000
0.000000
0.792732
0.854694
0.997459
0.000000
0.971791
0.986788
0.952760
1.000000
0.673463
0.982523
0.931222
0.984978
0.694562
0.696363
0.999324
0.994040
0.675913
0.831756
1.000000
0.626965
0.995418
0.000000
0.998577
0.972327
0.994940
0.000000
1.000000
0.000000
0.000000
0.922826
1.000000
1.000000
0.941029
0.154711
0.000000
1.000000
0.953299
0.000000
0.660888
0.903970
0.888149
0.693777
0.943583
0.000000
0.675169
0.999885
0.929396
0.946850
0.000000
0.848022
0.691831
0.978540
1.000000
0.631480
1.000000
1.000000
0.873014
0.996260
0.000000
0.995412
0.945379
0.996751
0.893034
0.342608
1.000000
0.335882
0.000000
0.911937
0.999139
0.926984
0.852652
0.900420
0.942264
0.000000
0.917593
0.975252
0.000000
1.000000
1.000000
0.000000
0.973016
1.000000
0.997702
0.967198
0.956627
0.367522
0.990869
0.884947
0.653935
0.962739
0.776640
0.996877
0.973054
0.608122
0.878140
0.664442
0.992285
0.951820
0.000000
0.000000
0.719792
0.842848
0.398011
0.999893
1.000000
0.994810
0.935258
0.977416
1.000000
0.918547
0.998574
1.000000
0.709242
0.981254
0.999224
1.000000
0.990410
0.995458
0.839258
0.997065
0.977220
0.838248
0.956676
1.000000
0.989292
0.861575
0.710122
0.979922
0.000000
1.000000
0.572263
0.992372
0.907165
0.000000
0.783050
0.980636
1.000000
0.952132
0.991934
0.796294
0.000000
0.999734
0.838628
0.985626
1.000000
0.926677
0.808869
1.000000
1.000000
0.647032
1.000000
0.205497
1.000000
0.818303
0.999760
1.000000
0.973675
0.929101
1.000000
0.711038
0.000000
0.000000
0.999994
0.295732
0.788911
0.779762
1.000000
0.756884
0.000000
0.999517
0.943466
0.999800
0.939379
1.000000
0.991181
0.741034
0.996444
0.916465
0.851525
0.907757
0.000000
1.000000
0.958923
0.367298
0.000000
1.000000
0.993624
0.872133
0.636313
0.975640
0.000000
1.000000
0.984252
0.000000
0.745021
0.667776
0.837640
0.900980
1.000000
0.957687
0.875239
0.984280
0.901647
1.000000
0.830975
1.000000
0.000000
0.996398
0.926866
0.000000
0.585583
1.000000
0.914311
1.000000
0.000000
0.844672
0.659640
0.920882
0.988291
0.798540
0.930096
0.000000
1.000000
0.609556
0.999452
0.863080
0.798147
1.000000
0.994119
0.000000
0.938044
1.000000
1.000000
0.564825
1.000000
0.988196
1.000000
0.684997
0.810223
0.697482
0.653242
0.483150
0.810620
0.650884
1.000000
0.996230
0.988666
0.720672
0.575279
0.000000
0.404994
0.937336
0.953622
1.000000
0.973430
0.999745
1.000000
0.974545
1.000000
0.999776
0.994120
0.415783
0.000000
0.844407
0.705497
0.490628
1.000000
0.678999
0.737652
0.972174
0.000000
0.000000
0.000000
1.000000
0.959429
0.999922
0.746594
0.000000
0.936710
0.973464
0.630299
0.995772
1.000000
0.965724
0.933083
0.000000
0.859809
0.979021
1.000000
0.884470
0.862246
0.998626
1.000000
1.000000
1.000000
0.000000
0.570469
0.999604
0.995399
1.000000
0.932209
0.993938
1.000000
0.952361
0.613727
0.858880
0.000000
0.489860
0.823007
0.965518
0.471852
0.000000
0.907395
1.000000
0.852963
0.999944
0.999451
0.714181
0.981201
1.000000
0.957725
1.000000
0.981484
0.994664
0.779158
0.816304
0.996514
0.928628
0.130464
0.000000
0.821533
0.999726
1.000000
0.306553
0.939845
0.000000
1.000000
0.914137
0.994938
0.704800
0.934021
0.000000
0.998977
0.589559
0.809168
0.000000
1.000000
0.641731
0.772837
0.800545
0.765098
0.954001
0.725275
0.999561
0.609886
1.000000
0.891864
1.000000
0.989732
0.000000
0.782983
0.400466
0.999926
0.822510
0.000000
0.989353
0.997415
1.000000
0.999961
1.000000
0.872381
0.230291
0.663056
0.000000
0.690664
0.554152
1.000000
0.000000
0.994943
1.000000
0.406688
0.737158
0.638583
0.000000
0.974616
0.956075
0.000000
1.000000
1.000000
0.987998
0.016509
0.999569
0.993611
1.000000
0.731311
0.942158
1.000000
1.000000
0.000000
0.000000
0.972866
0.865487
0.968317
1.000000
0.959167
1.000000
1.000000
0.995613
0.969876
0.999769
0.999957
0.431241
1.000000
0.000000
0.926566
0.688584
1.000000
0.999957
0.852248
0.941247
1.000000
0.666280
0.997155
0.782477
0.000000
0.998312
0.964746
0.000000
0.988844
1.000000
0.954354
0.997026
1.000000
1.000000
0.949815
0.995324
0.392249
0.997563
0.997434
0.699899
0.993586
1.000000
0.971421
0.722324
0.788927
1.000000
0.000000
0.859274
0.000000
0.928392
0.999974
0.956830
0.953269
0.000000
0.991585
0.600906
0.949508
0.978251
1.000000
0.991236
0.000000
0.995319
0.769068
0.933349
1.000000
0.905923
1.000000
0.996052
0.826611
0.000000
0.938242
1.000000
0.754593
0.994490
1.000000
0.000000
0.868098
0.731957
1.000000
0.674568
0.320200
0.514274
0.000000
0.456020
0.000000
0.992419
0.789367
0.971931
1.000000
0.999804
0.922935
1.000000
0.999970
0.985627
0.643311
0.934966
1.000000
0.396121
0.948749
0.661667
0.288025
0.980744
0.846798
0.000000
0.731446
0.957603
1.000000
0.000000
0.000000
0.000000
1.000000
0.284234
0.860117
0.947867
0.856555
0.998466
1.000000
0.162177
0.000000
0.860394
0.934163
0.000000
0.999860
0.697055
1.000000
0.976236
0.915141
0.937573
0.874731
0.000000
0.995517
0.995730
1.000000
0.912933
0.962055
0.996054
0.000000
0.795842
0.496091
0.794617
0.993389
0.000000
0.859297
0.253327
0.000000
0.477596
0.777854
0.990799
1.000000
0.989365
0.978200
0.882725
0.993567
0.950875
1.000000
0.874597
0.980112
0.000000
0.980182
0.969263
0.000000
1.000000
1.000000
0.972555
0.000000
0.987253
0.971511
0.056468
1.000000
1.000000
0.977924
0.999967
0.000000
0.986699
0.000000
0.826113
0.988203
0.775638
1.000000
1.000000
0.997318
0.947684
0.878450
0.952169
1.000000
1.000000
0.993076
0.000000
0.784182
0.813260
0.989709
0.954462
0.891764
0.935117
0.682899
0.978011
1.000000
1.000000
0.992591
0.976828
0.568285
0.997954
1.000000
0.991068
1.000000
0.976581
0.864602
0.945789
0.999907
0.999999
1.000000
0.653137
0.912865
0.000000
1.000000
0.995747
0.344973
0.483180
0.737585
0.000000
0.999978
1.000000
0.973776
0.000000
0.440898
0.725792
0.998435
0.995103
0.849766
0.952599
0.933595
1.000000
1.000000
0.968319
0.974661
0.858023
0.999989
0.984494
0.977492
1.000000
0.703716
0.774689
0.999102
0.953906
0.000000
0.000000
1.000000
0.919582
1.000000
0.896395
0.000000
0.976011
0.000000
0.671355
0.744216
0.499595
0.896425
0.000000
0.889649
0.869619
0.294213
1.000000
0.970777
1.000000
0.000000
1.000000
1.000000
0.869546
1.000000
1.000000
0.535442
0.999343
1.000000
0.848001
1.000000
0.000000
0.900808
0.498176
0.887622
0.762184
0.000000
0.988678
0.556614
1.000000
0.940461
1.000000
1.000000
1.000000
0.000000
0.956699
0.998911
0.983497
0.999904
1.000000
1.000000
0.909509
1.000000
0.902083
0.984239
0.752113
0.874932
1.000000
1.000000
1.000000
0.938716
0.000000
0.946506
1.000000
0.509044
0.794140
0.897544
0.960880
0.832231
0.999821
0.883043
0.904766
0.549496
0.967983
0.998339
0.811518
1.000000
0.997060
0.993098
0.993799
0.823488
0.881927
0.996178
0.992632
1.000000
0.696548
0.607241
1.000000
0.595184
0.000000
0.000000
1.000000
1.000000
0.953434
0.000000
0.969607
1.000000
0.649110
1.000000
0.932597
0.666192
0.979011
0.732785
1.000000
0.518155
1.000000
0.987858
0.750609
0.000000
0.843992
0.999986
1.000000
1.000000
0.998065
1.000000
0.994859
0.988341
0.000000
0.000000
1.000000
0.999936
0.463022
0.917228
0.990015
0.933559
1.000000
1.000000
0.994287
0.619735
1.000000
1.000000
1.000000
0.619962
0.958200
0.897453
0.000000
0.995909
0.962580
0.902898
0.936628
1.000000
0.760093
0.986728
0.713294
1.000000
0.769032
0.000000
0.943912
1.000000
0.789809
0.996705
1.000000
0.999704
0.000000
0.886775
0.725355
1.000000
0.987968
0.718243
0.282798
0.695537
0.842127
1.000000
1.000000
0.990492
0.781514
1.000000
0.893464
0.912735
0.778238
0.997759
0.000000
0.996167
1.000000
1.000000
1.000000
1.000000
0.152767
0.892547
0.872096
0.995663
1.000000
0.999988
0.999893
0.932056
0.999697
0.000000
0.887872
1.000000
0.000000
0.000000
0.667844
1.000000
0.000000
0.998729
0.918937
0.864527
1.000000
0.941063
0.501451
0.974675
1.000000
0.890422
1.000000
0.336509
0.792118
0.960446
0.666767
0.958505
0.738563
0.831137
0.771267
0.863986
0.907322
0.994956
0.835464
0.973915
1.000000
0.777040
0.357424
0.539620
1.000000
1.000000
1.000000
0.000000
0.615470
0.836984
0.944432
0.782139
0.000000
0.642696
0.772841
0.997294
0.979751
0.865454
0.926208
0.729146
0.000000
0.949209
0.730273
1.000000
0.000000
1.000000
0.642696
1.000000
0.000000
1.000000
0.979954
0.863412
1.000000
0.946160
0.880259
0.998795
0.638396
0.951491
0.982900
0.999991
0.950908
0.936424
1.000000
0.966917
0.920632
1.000000
0.999999
0.910414
0.983010
0.927953
1.000000
0.601141
0.390958
0.554074
0.468802
0.821744
0.000000
0.000000
0.795821
0.521281
0.717012
0.878343
0.000000
0.000000
0.626919
0.000000
0.935986
0.604364
0.998569
1.000000
0.860094
0.954208
1.000000
0.992381
0.854414
0.787028
1.000000
1.000000
0.970976
0.552377
0.358410
0.948862
1.000000
0.993404
0.000000
1.000000
0.999987
0.000000
0.928049
0.000000
0.970609
0.688046
1.000000
0.974001
0.836586
0.000000
0.995666
0.998968
1.000000
0.000000
1.000000
0.091720
0.999847
0.474553
1.000000
0.974308
1.000000
0.777144
0.966438
0.668357
0.973722
0.650180
0.987537
1.000000
0.823949
1.000000
1.000000
0.982767
1.000000
0.530655
1.000000
0.999243
0.999706
0.782393
0.999936
1.000000
0.593365
1.000000
1.000000
0.628894
0.792381
1.000000
0.939930
0.995264
0.000000
0.969756
1.000000
0.977533
0.999030
1.000000
0.989467
1.000000
0.902820
0.897518
1.000000
1.000000
0.940835
1.000000
1.000000
0.716706
0.988227
0.770193
0.947394
0.996461
0.975930
0.551588
0.979360
0.833628
0.851990
0.999997
0.834509
0.000000
1.000000
1.000000
0.649682
0.990727
0.893138
1.000000
0.494944
1.000000
0.961512
0.802765
0.990838
0.545301
1.000000
1.000000
0.967268
0.768576
1.000000
0.000000
0.700755
0.000000
0.946154
1.000000
0.000000
1.000000
0.994173
0.252098
1.000000
1.000000
0.000000
1.000000
1.000000
0.669967
1.000000
0.781570
1.000000
0.000000
0.890900
0.980745
0.886056
1.000000
0.863771
1.000000
1.000000
0.930509
0.999512
0.999812
0.646603
0.937842
0.568570
0.860442
0.974751
0.994585
0.979900
0.819488
1.000000
0.962242
0.924924
0.914246
1.000000
0.691089
0.776955
0.576458
0.851008
0.443526
1.000000
0.000000
0.912938
0.991735
0.778368
0.000000
1.000000
1.000000
0.999917
0.827006
0.569793
0.837688
0.325463
0.000000
1.000000
0.996288
0.542850
0.997862
1.000000
0.953415
1.000000
1.000000
1.000000
0.824820
1.000000
0.988461
0.990268
0.986387
0.996475
0.789014
0.863702
0.790763
1.000000
1.000000
0.949763
0.411210
1.000000
0.000000
0.996322
0.909963
1.000000
0.455686
0.991456
0.669401
0.691709
0.984280
0.999426
0.996252
0.956522
1.000000
0.998206
0.998902
0.999945
0.958656
0.972243
0.996669
0.928572
0.998831
0.000000
0.925189
0.685892
0.741484
0.000000
0.929516
1.000000
1.000000
0.999977
0.736879
0.934259
1.000000
1.000000
0.991155
0.935054
0.000000
0.955592
1.000000
0.000000
0.933841
0.993262
0.000000
0.000000
0.221342
1.000000
0.986347
1.000000
0.000000
0.920545
0.950842
1.000000
0.999773
0.882227
0.941565
0.778177
0.982257
0.947054
0.796909
0.680594
0.999996
0.867766
1.000000
1.000000
0.985676
0.874199
0.999992
0.851086
1.000000
1.000000
0.968783
0.958719
1.000000
0.997683
0.343943
0.706619
0.601908
0.924124
1.000000
0.996647
0.032911
0.000000
1.000000
0.998750
0.090188
0.905281
1.000000
0.994351
0.184503
0.984443
0.997151
0.733185
0.000000
0.000000
0.000000
0.963471
0.000000
0.000000
0.000000
0.869705
0.960099
0.999185
0.915467
0.000000
1.000000
0.977456
0.987813
0.000000
0.975620
0.000000
0.999922
0.000000
1.000000
0.710546
0.997785
0.896556
0.873447
0.686518
0.586798
1.000000
0.000000
0.999927
0.949386
0.993819
0.999212
1.000000
0.000000
1.000000
1.000000
0.959209
0.822738
0.594598
0.978426
0.998404
1.000000
0.961294
0.804208
1.000000
1.000000
0.821264
1.000000
0.547437
0.965231
1.000000
0.945643
0.916550
0.940234
0.864512
0.953561
1.000000
0.847842
0.974014
0.493786
1.000000
0.973387
0.999934
1.000000
1.000000
1.000000
1.000000
0.999956
0.575149
1.000000
0.998068
1.000000
0.999783
0.115222
0.996745
0.986897
0.994278
0.000000
0.560221
1.000000
0.816801
0.286842
0.753473
0.743856
0.796118
0.944393
0.912415
0.693003
0.869501
0.750385
0.410746
0.986013
1.000000
0.997838
1.000000
0.824886
0.000000
0.000000
0.576688
0.000000
0.830182
0.510251
1.000000
0.986295
1.000000
1.000000
0.278253
0.911250
1.000000
1.000000
1.000000
0.000000
1.000000
0.996577
1.000000
0.984755
0.836983
0.949261
0.899333
1.000000
0.910047
1.000000
0.999916
0.955553
0.890718
0.983910
0.437354
0.000000
0.959642
0.712989
1.000000
1.000000
1.000000
0.948942
0.972377
0.678023
0.589036
0.998411
0.596688
0.963919
0.000000
1.000000
0.978541
1.000000
0.000000
0.873842
0.988275
0.999465
0.980513
0.914398
1.000000
0.919615
0.583829
0.970596
1.000000
0.996798
0.742679
0.982435
1.000000
0.947402
1.000000
0.879510
0.994416
0.950191
0.321697
0.997836
0.781119
1.000000
0.554625
1.000000
0.954949
1.000000
0.685945
1.000000
1.000000
0.000000
0.839406
0.968650
0.996368
0.887269
0.452702
0.000000
0.841973
0.999196
0.841971
0.511530
0.979145
1.000000
0.974985
1.000000
0.897511
1.000000
0.964212
0.000000
0.000000
0.985778
0.886534
0.950478
0.809828
0.990598
0.739309
1.000000
1.000000
0.469835
1.000000
0.998756
0.863444
0.663199
0.949258
0.969999
0.848180
0.763365
1.000000
0.313070
0.925177
0.995987
0.992131
0.976852
0.994148
0.972848
0.584296
0.000000
0.753576
0.628200
0.602897
1.000000
0.000000
0.611908
1.000000
0.962419
0.946954
0.971923
0.842046
1.000000
0.930431
0.967930
0.999644
0.773692
0.427778
0.689826
1.000000
0.988591
0.986354
0.000000
1.000000
0.814807
0.996722
0.000000
0.962016
0.652259
1.000000
0.999509
0.999858
0.744458
0.957035
0.992175
0.000000
0.773451
0.911494
1.000000
0.954153
0.965528
1.000000
0.999996
1.000000
0.999249
0.966145
0.797513
0.982680
0.921856
0.999978
0.255559
0.990213
0.975052
0.911196
0.793511
1.000000
1.000000
0.000000
1.000000
0.886114
0.997797
1.000000
0.799794
0.950339
0.918330
0.886032
1.000000
1.000000
0.798723
1.000000
0.999976
0.999922
0.995974
0.000000
0.804950
0.999995
0.963237
0.430653
1.000000
0.936014
0.978659
0.000000
0.987374
1.000000
1.000000
0.843058
0.000000
0.000000
0.940311
0.972070
0.985981
1.000000
0.990151
0.883130
0.991992
0.999947
0.854052
0.897435
0.999261
0.936455
0.973714
0.889424
0.974947
0.989696
0.791429
0.986387
0.999127
0.000000
0.999995
0.799092
0.000000
1.000000
0.992374
1.000000
0.754273
0.900182
0.000000
0.997059
0.987658
0.915935
0.138723
0.526983
0.751951
0.990353
0.875167
0.926103
0.000000
0.000000
1.000000
0.666759
0.991324
0.858206
0.999498
0.994556
0.000000
0.996549
1.000000
0.916546
0.997277
0.483862
0.854094
0.903238
0.978589
0.000000
0.964846
0.810624
0.643015
0.588557
0.932105
0.946383
0.720322
0.624413
0.479488
0.997873
0.995399
0.997798
0.999867
0.636631
0.988179
0.000000
0.824624
0.935668
0.631208
0.513858
0.999945
1.000000
0.000000
0.115408
1.000000
0.624999
0.988436
0.000000
0.000000
1.000000
0.874853
1.000000
0.999024
1.000000
0.000000
0.999994
0.900700
0.919433
0.999909
1.000000
0.518265
0.000000
0.605010
0.999829
0.965194
0.979245
0.679085
0.999540
0.000000
0.974167
0.741386
0.989092
0.812860
0.994231
0.997598
1.000000
0.999862
0.999628
0.695646
0.097477
0.973341
0.973954
0.965574
0.745121
0.967796
0.892510
0.000000
0.000000
0.980969
1.000000
0.999998
0.490088
0.962101
1.000000
1.000000
0.000000
0.000000
0.000000
0.000000
0.000000
0.160661
0.000000
0.900750
1.000000
0.974744
0.937936
0.989114
0.830431
0.975408
0.000000
0.947199
1.000000
1.000000
0.988395
0.992130
0.967289
0.751587
1.000000
0.982882
0.996172
1.000000
0.983789
0.999988
0.267423
0.948590
1.000000
1.000000
0.705021
0.824886
0.000000
1.000000
0.938710
0.999884
0.994503
0.796181
0.999961
0.990972
1.000000
0.998858
0.993045
1.000000
0.800870
0.648870
1.000000
0.782321
0.885755
0.993289
0.766016
0.368538
0.763999
0.982107
0.454927
1.000000
1.000000
0.951146
0.638504
1.000000
0.848935
0.985500
0.945839
0.000000
0.956598
0.000000
0.598205
0.914067
0.999071
0.700310
1.000000
0.939861
1.000000
0.893930
1.000000
0.753413
0.898665
0.869005
1.000000
0.741429
0.989822
0.577217
1.000000
1.000000
0.998017
0.973037
0.999991
0.651635
0.962558
1.000000
0.999188
0.894664
0.898835
1.000000
0.959864
1.000000
1.000000
0.823429
0.816550
0.709807
0.952373
1.000000
0.637824
0.987154
0.974211
0.722122
0.928653
0.875149
0.997319
0.651285
1.000000
0.974566
0.416013
0.943478
1.000000
1.000000
0.987975
0.997131
0.994759
0.980275
0.927543
0.792179
0.000000
0.972914
0.998801
1.000000
1.000000
1.000000
0.959640
0.000000
0.970074
0.000000
0.946967
1.000000
0.924375
0.232838
0.886543
0.783403
1.000000
1.000000
0.000000
0.936772
0.000000
0.999294
0.966438
0.767493
0.999994
0.859842
0.797015
0.000000
0.862601
0.997698
0.996051
1.000000
0.000000
0.531105
0.999059
0.828372
1.000000
1.000000
0.988614
0.897532
0.998693
0.966518
0.008368
0.914984
0.999990
1.000000
0.720360
0.998206
0.915695
0.899689
0.955991
1.000000
0.934694
0.998632
0.967401
0.965756
0.000000
1.000000
0.742881
1.000000
0.984380
0.819898
0.987676
0.892180
0.987703
1.000000
0.731056
0.808615
0.941737
0.879242
0.805059
0.980265
0.937076
1.000000
0.999826
1.000000
0.977800
0.913861
1.000000
0.000000
0.987325
0.983284
0.991608
1.000000
1.000000
0.999918
1.000000
1.000000
0.222734
0.722903
0.996101
0.000000
0.999940
0.954003
0.734674
0.995966
0.000000
0.962195
0.587256
0.890448
0.989868
1.000000
1.000000
0.764304
0.468897
1.000000
1.000000
1.000000
1.000000
0.990911
0.000000
0.400899
0.991143
0.810292
0.624162
0.996591
0.000000
0.000000
0.948581
1.000000
0.000000
0.959096
0.000000
0.998812
0.992405
0.971579
0.574179
1.000000
0.135028
0.975706
1.000000
0.984384
1.000000
0.667712
0.000000
0.993246
0.972821
0.666393
0.990922
0.997801
1.000000
0.000000
0.752508
1.000000
1.000000
0.795736
0.925664
0.845058
1.000000
0.994309
0.969726
0.000000
0.993705
0.000000
0.934337
0.993938
0.402802
0.215091
0.863234
1.000000
0.914197
0.329757
0.423628
0.999100
0.000000
1.000000
0.962267
0.990289
0.999999
0.930510
1.000000
0.936005
0.712155
0.987774
0.968571
0.000000
0.000000
0.999997
0.991466
0.443718
0.708018
0.960496
0.996495
0.946832
0.326111
0.827203
0.992667
0.000000
1.000000
0.932938
0.164416
0.831934
0.000000
0.664972
0.875298
1.000000
0.985253
0.783908
0.582153
0.999186
0.996851
0.742952
1.000000
0.843509
0.593761
0.830133
0.999897
1.000000
0.994188
0.992227
1.000000
0.941823
0.855888
0.748837
1.000000
0.891442
1.000000
1.000000
1.000000
0.720453
0.622469
0.757076
1.000000
0.992073
1.000000
0.843513
0.999493
1.000000
0.975823
0.887945
0.964819
0.999899
1.000000
0.000000
1.000000
0.999269
0.377270
1.000000
1.000000
0.982428
0.000000
1.000000
1.000000
1.000000
0.719604
0.000000
0.889652
0.760725
1.000000
0.948975
0.986680
0.964898
1.000000
0.942878
0.954430
0.993309
0.861442
1.000000
0.042829
0.837798
0.941498
1.000000
0.963229
0.525271
0.774704
0.931848
0.997568
0.988399
0.693064
0.719390
0.920558
0.999824
1.000000
0.478686
1.000000
0.810677
0.749023
0.747519
0.000000
0.982286
0.946303
0.584588
0.861484
0.851374
0.922433
0.385399
1.000000
0.154161
0.946425
0.826252
0.883262
0.000000
1.000000
1.000000
0.000000
1.000000
0.670199
1.000000
0.000000
0.985444
0.000000
0.000000
0.919288
0.994453
0.801988
0.894435
0.908557
0.742476
0.797465
0.998830
0.991197
0.943435
0.000000
0.000000
0.958739
0.986289
0.999993
0.874579
0.999454
0.986576
0.886703
1.000000
0.910899
0.000000
0.000000
0.000000
1.000000
1.000000
0.766282
0.975558
0.000000
0.962991
1.000000
0.995024
1.000000
0.000000
0.992087
0.998536
0.333498
1.000000
1.000000
0.874262
1.000000
0.620808
0.999582
1.000000
1.000000
0.938907
0.260104
0.999999
0.957890
0.999987
0.999708
0.999542
0.999490
0.929092
0.885021
0.794191
0.925635
1.000000
0.794774
1.000000
0.997278
0.000000
0.673223
0.978569
0.999985
0.408735
0.000000
0.934367
0.000000
0.998153
0.935813
0.992976
0.151599
0.999981
0.423112
0.999145
0.312843
0.893375
1.000000
0.000000
1.000000
0.959928
0.594226
0.868781
1.000000
0.993772
1.000000
1.000000
1.000000
0.999825
0.000000
0.854524
0.839648
0.991434
0.999079
0.531727
0.905893
0.931018
0.830324
0.962484
0.799268
0.913707
0.989200
1.000000
0.981907
1.000000
1.000000
1.000000
0.996099
1.000000
1.000000
0.999206
0.902266
0.858321
0.999818
0.452961
0.960057
0.979855
0.894032
0.998061
1.000000
1.000000
0.962918
0.868569
0.997538
0.954273
0.000000
1.000000
0.909836
0.699896
1.000000
0.998899
1.000000
0.945757
0.849847
1.000000
0.000000
0.577393
1.000000
0.982981
0.961615
0.982466
0.879209
0.994402
0.933944
0.997376
0.000000
0.999458
0.961117
0.999964
0.917397
0.000000
1.000000
0.999681
0.707919
0.511475
0.995204
0.000000
0.972455
0.772677
0.873938
0.063557
0.998736
0.981973
0.752847
0.981370
0.971865
0.999992
1.000000
0.929699
1.000000
0.999874
0.744672
0.954597
0.952092
0.927756
0.987918
0.581350
1.000000
0.000000
0.000000
0.963760
1.000000
0.722695
0.815538
0.594605
0.000000
1.000000
0.995998
0.984164
0.822988
1.000000
0.726717
0.489876
0.877571
0.966449
0.892076
0.432737
0.970699
0.985381
1.000000
0.904440
0.958337
0.978422
0.719453
0.919670
1.000000
0.993777
0.935241
0.835260
0.834948
0.000000
0.964193
0.460438
0.795950
0.459347
0.797070
0.876550
0.982789
0.205137
0.833130
0.938856
0.962448
0.991606
0.013460
0.979090
0.847417
0.941330
0.576658
0.999998
0.684535
0.915509
0.751889
0.000000
0.854469
1.000000
0.877901
0.986209
0.998180
0.000000
0.828090
0.981441
0.889189
0.965824
0.645403
0.752992
0.999172
1.000000
0.416426
0.967110
1.000000
0.541061
0.000000
0.998548
0.828477
0.770007
0.770959
0.739689
0.000000
0.862071
0.972914
0.000000
0.755048
1.000000
0.999184
1.000000
0.786644
0.967174
0.837470
1.000000
0.940793
0.000000
0.980534
0.999997
0.000000
0.996646
0.982385
0.823430
0.939560
0.316222
0.981375
0.792758
0.911733
0.754028
0.000000
0.934365
0.302286
1.000000
0.956769
0.999412
0.941591
0.810986
0.993439
0.994383
0.927684
0.477945
0.000000
0.994046
0.999861
0.827593
0.997060
0.000000
0.920129
1.000000
1.000000
0.686487
0.446940
0.874504
0.861737
0.728559
0.996988
1.000000
0.836704
1.000000
0.998672
0.964275
0.965468
0.586265
0.963090
0.985373
0.982160
0.000000
0.000000
0.990503
0.950454
0.871650
0.993239
0.000000
0.640328
0.797109
0.759803
0.968579
0.962177
1.000000
0.999655
0.989167
0.600368
1.000000
0.988703
0.933889
0.747715
0.977428
0.999879
1.000000
