0.000000
0.155719
0.000000
0.000000
0.000000
0.000000
0.000642
0.000000
0.000000
0.004705
0.000000
0.000000
0.034802
0.000000
0.000000
0.000000
0.000000
0.000000
0.000000
0.000000
0.000000
0.000000
0.000000
0.000000
0.000000
0.000000
0.000000
0.060333
0.188172
0.000000
0.002899
0.029281
0.000000
0.000000
0.001222
0.000000
0.000000
0.000000
0.000000
0.000000
0.000000
0.000000
0.000000
0.000000
0.000000
0.355473
0.000000
0.000000
0.000000
0.000000
0.000000
0.000000
0.000000
0.283033
0.000000
0.000000
0.000000
0.000000
0.000000
0.000000
0.000000
0.000000
0.000000
0.009000
0.000000
0.000288
0.000000
0.000000
0.000000
0.627768
0.000000
0.000692
0.000000
0.000000
0.000000
0.000000
0.000000
0.000000
0.000000
0.137942
0.000000
0.000000
0.000000
0.000000
0.000000
0.000009
0.000000
0.000000
0.000000
0.001848
0.000000
0.000000
0.000000
0.000000
0.000000
0.000000
0.000000
0.000414
0.000000
0.000000
0.000000
0.000000
0.000000
0.000000
0.000000
0.000000
0.000000
0.795968
0.000000
0.000000
0.000882
0.000000
0.026214
0.000000
0.000088
0.000697
0.000000
0.000000
0.000000
0.468238
0.000000
0.000000
0.000000
0.000000
0.000000
0.000000
0.000000
0.000001
0.000000
0.000000
0.000000
0.151204
0.000000
0.000000
0.000000
0.000000
0.000000
0.000000
0.998533
0.000000
0.000000
0.000000
0.000000
0.000000
0.000000
0.000000
0.000000
0.000000
0.000000
0.000000
0.000000
0.000000
0.000000
0.000000
0.000000
0.960332
0.000000
0.000000
0.000000
0.000000
0.000000
0.000000
0.999993
0.002436
0.658946
1.000000
0.000000
0.997573
0.002413
0.043047
0.000000
0.000000
0.000000
0.001218
0.000920
0.000000
0.000000
0.000000
0.000000
0.999659
1.000000
0.000000
0.000000
0.000000
0.000000
0.000000
0.000000
0.000000
0.000000
0.000000
0.000000
0.000000
0.000000
0.000000
0.000000
0.000000
0.000000
0.000000
0.000000
0.062825
0.000000
0.000234
0.006387
0.010495
0.156453
0.000000
0.000000
0.996166
0.000000
0.000000
0.000000
0.000000
0.000000
1.000000
0.000000
0.000000
0.000000
0.000000
0.000000
0.000000
0.000000
0.000856
0.000000
0.000000
0.000000
0.000000
0.199899
0.000000
0.000000
0.000000
0.000903
0.000000
0.000000
0.000000
0.000276
0.000598
0.000000
0.000426
0.000000
0.000000
0.368325
0.000000
0.117805
0.946185
0.000000
0.000713
0.000000
0.000000
0.000000
0.004886
0.000000
0.000195
0.000000
0.479703
0.000000
0.000000
0.000000
0.000000
0.000000
0.000000
0.000000
0.238040
0.000000
0.613228
0.226446
0.000000
0.000000
0.000000
0.000000
0.000000
0.000000
0.000387
0.194215
0.000000
0.000000
0.077403
0.000000
0.049822
0.000000
0.000000
0.000000
0.000000
0.064977
0.021133
0.000000
0.000000
0.002292
0.001159
0.003338
0.000000
0.000000
0.000000
0.000000
0.005548
0.000000
0.000000
0.000000
0.000000
0.000000
0.000000
0.000000
0.000000
0.002092
0.000000
0.000000
0.000000
0.000000
0.000000
0.000000
0.000000
0.000000
0.000000
0.000000
0.000000
0.000000
0.000000
0.000000
0.000000
0.000000
0.000000
0.000000
0.000000
0.000000
0.000000
0.000000
0.000000
0.000138
0.000087
0.000000
0.000000
0.000000
0.015659
0.000000
0.000000
0.000000
0.000000
0.000000
0.000000
0.000000
0.000000
0.000000
0.000000
0.000000
0.000000
0.000000
0.000047
0.000000
0.020144
0.000000
0.000000
0.000000
0.000000
0.000000
0.000000
0.000000
0.619777
0.000000
0.972722
0.000000
0.000000
0.000000
0.000342
0.000000
0.000000
0.000000
0.000000
0.000000
0.038391
0.000000
0.000000
0.000000
0.000000
0.000000
0.000000
0.000000
0.000000
0.000000
0.000000
0.000000
0.000000
0.002579
0.000000
0.000000
0.000000
0.000000
0.000000
0.000000
0.000000
0.000000
0.000000
0.000000
0.000000
0.000000
0.000000
0.000000
0.000000
0.000000
0.000000
0.000000
0.000000
0.000000
0.000000
0.000000
0.000000
0.000000
0.000000
0.000000
0.130965
0.000000
0.000000
0.000000
0.000000
0.000000
0.000000
0.038525
0.000000
0.000000
0.000000
0.000000
0.000000
0.000000
0.000000
0.000000
0.000000
0.000085
0.000000
0.000537
0.000000
0.000000
0.000220
0.000000
0.000000
0.000000
0.000000
0.000000
0.000000
0.000000
0.000000
0.000000
0.000000
0.522722
0.229351
0.000000
0.000000
0.000000
0.297965
0.000000
0.000000
0.000000
0.000000
0.000000
0.000000
0.000000
0.594297
0.000000
0.000000
0.000000
0.000000
0.000000
0.077657
0.000000
0.000000
0.000000
0.000000
0.000000
0.000000
0.000000
0.321733
0.000000
0.043667
0.000000
0.000000
0.000000
0.000000
0.000000
0.000000
0.000000
0.000000
0.639355
0.000000
0.000000
0.000000
0.693148
0.013443
0.000000
0.000000
0.287925
0.000000
0.000640
0.000000
0.000003
0.000000
0.003228
0.000000
0.000000
0.000047
0.000000
0.000000
0.000000
0.000000
0.000000
0.007120
0.122918
0.000000
0.000000
0.000000
0.000000
0.000000
0.000000
0.000000
0.000240
0.000000
0.000000
0.000000
0.000000
0.000640
0.000000
0.000019
0.006905
0.000000
0.000000
0.000000
0.000000
0.000000
0.000000
0.000000
0.000000
0.000000
0.000000
0.000000
0.000000
0.000000
0.000000
0.000000
0.000000
0.000000
0.000000
0.000000
0.999869
0.000000
0.000000
0.000000
0.000000
0.000000
0.000012
0.000000
0.000000
0.000000
0.000000
0.084125
0.000111
0.000000
0.000000
0.000000
0.000000
0.000000
0.000000
0.000000
0.000000
0.000000
0.000000
0.000000
0.000010
0.000000
0.000000
0.000000
0.000000
0.586342
0.000000
0.000000
0.000000
0.000000
0.000000
0.000000
0.000000
0.000000
0.001754
0.000000
0.000000
0.000000
0.006422
0.000000
0.000000
0.000000
0.000000
0.000000
0.375168
0.305298
0.020847
0.000000
0.000000
0.000000
0.000000
0.007266
0.011061
0.000000
0.032313
0.000000
0.019737
0.000000
0.000000
0.000001
0.000000
0.000000
0.000000
0.000000
0.000000
0.000000
0.000000
0.000000
0.000000
0.014580
0.000000
0.000000
0.000000
0.848058
0.000000
0.000000
0.000000
0.000000
0.000000
0.002084
0.000000
0.000000
0.000000
0.000000
0.046877
0.000000
0.000000
0.000000
0.000000
0.000000
0.000000
0.000000
0.972407
0.000000
0.000000
0.000000
0.000000
0.000000
0.000000
0.000000
0.000000
0.393274
0.000000
0.000000
0.000000
0.000000
0.000000
0.000000
0.000000
0.000000
0.000000
0.000000
0.000000
0.000000
0.000000
0.000169
0.000000
0.000000
0.000000
0.000000
0.000000
0.000000
0.000000
0.001257
0.000000
0.000000
0.000000
0.000000
0.000000
0.000000
0.000000
0.000000
0.000000
0.000000
0.000000
0.000000
0.000000
0.000000
0.000000
0.073076
0.000000
0.000000
0.000000
0.000412
0.000000
0.000000
0.000000
0.000000
0.000000
0.000000
0.000000
0.000000
0.000000
0.000000
0.000000
0.765793
0.000000
0.000000
1.000000
0.000000
0.000000
0.000000
0.000000
0.000000
0.000000
0.000000
0.003142
0.000000
0.000000
0.000000
0.000000
0.000000
0.001370
0.000000
0.000000
0.000000
0.005001
0.003170
0.000000
0.000000
0.036273
0.000000
0.000000
0.000000
0.017459
0.000000
0.000000
0.000000
0.262191
0.000000
0.000000
0.000000
0.000000
0.000000
0.000000
0.107550
0.423045
0.000000
0.003040
0.000000
0.000000
0.000000
0.000000
0.000000
0.000000
0.000000
0.000000
0.000000
0.000000
0.000000
0.010888
0.000000
0.000000
0.000000
0.466333
0.000000
0.000001
0.000000
0.000000
0.000000
0.000000
0.000054
0.000000
0.000000
0.000000
0.000000
0.000000
0.000000
0.000000
0.000000
0.000000
0.000000
0.000000
0.000000
0.178468
0.000000
0.000000
0.000000
0.000000
0.011299
0.000000
0.000000
0.000000
0.000000
0.000000
0.000000
0.088931
0.000001
0.000000
0.263151
0.000000
0.064133
0.000000
0.000000
0.000000
0.000000
0.000000
0.000000
0.000000
0.000000
0.000000
0.000000
0.000000
0.000000
0.009811
0.000000
0.000000
0.000000
0.000000
0.000000
0.998542
0.999879
0.000000
0.000000
0.000000
0.001577
0.000000
0.000000
0.000000
0.000000
0.000000
0.000000
0.000000
0.000000
0.034082
0.000000
0.000000
0.000000
0.000000
0.000000
0.000000
0.245770
0.000000
0.000000
0.000000
0.000000
0.000000
0.000000
0.000000
0.000000
0.000000
0.000000
0.000000
0.000000
0.000000
0.000000
0.000000
0.000000
0.000000
0.000000
0.000000
0.000000
0.000000
0.000000
0.000000
0.000000
0.000000
0.000000
0.000161
0.000000
0.000000
0.059153
0.000000
0.000000
0.000000
0.000000
0.000000
0.000000
0.000000
0.391352
0.000000
0.000000
0.000000
0.000000
0.000000
0.000000
0.000000
0.000000
0.000000
0.000000
0.000000
0.000000
0.000000
0.000000
0.000000
0.000000
0.000000
0.702512
0.000010
0.305656
0.000000
0.000000
0.000000
0.000000
0.392549
0.000000
0.000000
0.000000
0.000021
0.000000
0.000000
0.000000
0.000000
0.000000
0.012345
0.000000
0.000000
0.000000
0.031351
0.000000
0.000000
0.000000
0.000000
0.000000
0.000000
0.129238
0.000000
0.000000
0.000000
0.000000
0.000000
0.000000
0.000000
0.000000
0.000000
0.000000
0.070047
0.000000
0.001104
0.000000
0.000000
0.000000
0.000001
0.000000
0.000000
0.000000
0.000000
0.000000
0.001228
0.000000
0.000000
0.000000
0.000002
0.000000
0.000137
0.000000
0.000000
0.000000
0.000000
0.000000
0.000000
0.000000
0.000000
0.000000
0.000000
0.000000
0.000000
0.000000
0.000000
0.000000
0.000000
0.000000
0.084495
0.000000
0.007217
0.000000
0.000000
0.002703
0.001932
0.074219
0.000000
0.000000
0.000000
0.000000
0.000000
0.000000
0.000000
0.000000
0.000000
0.000000
0.000000
0.000000
0.000000
0.000000
0.000000
0.000000
0.000000
0.000000
0.000000
0.000000
0.000000
0.000000
0.000000
0.000000
0.000000
0.953452
0.000000
0.089568
0.000000
0.000000
0.000000
0.000000
0.000328
0.000000
0.000000
0.000000
0.000000
0.346327
0.000000
0.000000
0.000000
0.000000
0.000000
0.000000
0.000000
0.000000
0.005046
0.000000
0.000000
0.000000
0.000000
0.000000
0.012820
0.000000
0.000000
0.000000
0.000000
0.000000
0.000000
0.000000
0.000000
0.000000
0.000000
0.000000
0.000000
0.000000
0.000000
0.000000
0.000000
0.000000
0.000000
0.000000
0.000000
0.000000
0.000000
0.046869
0.000000
0.000000
0.000000
0.000000
0.000000
0.000000
0.000000
0.000000
0.000000
0.000000
0.999568
0.000000
0.000000
0.000000
0.000000
0.000000
0.000000
0.000000
0.000000
0.000000
0.002085
0.000000
0.000000
0.000000
0.000000
0.000011
0.000000
0.000000
0.000000
0.000000
0.000000
0.148208
0.000000
0.000000
0.000000
0.000000
0.032035
0.000000
0.000000
0.000000
0.000000
0.000000
0.000000
0.000000
0.000000
0.001784
0.000000
0.000000
0.000436
0.000000
0.000000
0.000000
0.000000
0.000000
0.000000
0.000000
0.000000
0.000000
0.000000
0.000000
0.000000
0.000000
0.110175
0.000000
0.000000
0.000000
0.000000
0.000000
0.000000
0.245633
0.000000
0.000000
0.000000
0.000000
0.000000
0.000000
0.000000
0.000000
0.000000
0.000000
0.000000
0.000000
0.000000
0.000000
0.000000
0.000000
0.000000
0.000000
0.000000
0.000000
0.000000
0.000000
0.000000
0.000000
0.000000
0.000000
0.000000
0.017360
0.031655
0.000000
0.000000
0.000000
0.000000
0.370420
0.000000
0.000000
0.000000
0.000000
0.000000
0.000000
0.000000
0.000000
0.007287
0.000000
0.287017
0.000000
0.000000
0.000000
0.000000
0.000000
0.000000
0.000000
0.000000
0.000000
0.000000
0.000000
0.000000
0.000000
0.000000
0.000000
0.000000
0.000000
0.000000
0.000000
0.000000
0.000000
0.000000
0.000000
0.000000
0.000000
0.000000
0.000000
0.000000
0.000000
0.516192
0.000407
0.000000
0.000000
0.258203
0.000000
0.000000
0.000000
0.000000
0.000000
0.000000
0.000008
0.000000
0.024417
0.000000
0.000000
0.000000
0.000000
0.000000
0.000000
0.000000
0.000000
0.000000
0.000000
0.000000
0.000000
0.000000
0.018759
0.695704
0.000000
0.000000
0.000000
0.000000
0.000000
0.000000
0.000000
0.001906
0.000000
0.000000
0.000000
0.001438
0.000000
0.000000
0.000000
0.000000
0.000000
0.058695
0.000000
0.000000
0.340394
0.000000
0.000000
0.000000
0.000000
0.000000
0.000000
0.000000
0.000000
0.000000
0.000000
0.028700
0.000000
0.000000
0.000000
0.000000
0.000000
0.000000
0.000000
0.058987
0.000000
0.000000
0.000000
0.000000
0.000000
0.000000
0.000000
0.000000
0.000000
0.000000
0.031326
0.000000
0.000000
0.000000
0.000000
0.000000
0.000000
0.000000
0.000000
0.000000
0.000000
0.001177
0.000000
0.000000
0.000000
0.000000
0.000000
0.000000
0.000000
0.000000
0.000000
0.000000
0.000000
0.000000
0.000000
0.000000
0.000000
0.000000
0.000000
0.000000
0.000000
0.000000
0.000000
0.000000
0.000000
0.000000
0.000000
0.000000
0.000000
0.000004
0.000000
0.012716
0.000000
0.000000
0.000000
0.000000
0.000000
0.000000
0.000000
0.000000
0.000000
0.000000
0.000000
0.000000
0.000000
0.000000
0.000000
0.000000
0.052515
0.000000
0.000019
0.000000
0.000000
0.000000
0.000138
0.000000
0.000000
0.450588
0.000000
0.193240
0.000000
0.000000
0.000200
0.000000
0.000003
0.000000
0.000000
0.000000
0.000000
0.000000
0.000000
0.000000
0.000000
0.000000
0.000000
0.000000
0.000000
0.000000
0.000000
0.000000
0.000000
0.000000
0.000000
0.000000
0.000000
0.000000
0.000000
0.000000
0.000000
0.000000
0.000000
0.000000
0.000000
0.081583
0.000288
0.000000
0.001647
0.000000
0.000000
0.000000
0.875351
0.000000
0.000000
0.000000
0.000000
0.000000
0.000000
0.000000
0.000000
0.000000
0.000000
0.000000
0.000000
0.000000
0.000000
0.000000
0.000000
0.000000
0.000000
0.000000
0.000000
0.000000
0.000000
0.000000
0.000000
0.000000
0.000000
0.000000
0.000000
0.050228
0.000000
0.000000
0.805953
0.000000
0.000000
0.000000
0.000000
0.000000
0.000000
0.000000
0.000000
0.000000
0.000000
0.000000
0.000000
0.000000
0.000000
0.000000
0.000000
0.000000
0.000000
0.000000
0.000000
0.000000
0.000000
0.001652
0.000000
0.000000
0.000000
0.000000
0.336167
0.000000
0.000000
0.000000
0.000000
0.000000
0.000000
0.000000
0.000000
0.000000
0.000000
0.000000
0.000000
0.003336
0.000000
0.000000
0.000248
0.001987
0.000000
0.000000
0.142005
0.000000
0.000000
0.000000
0.994205
0.000000
0.000000
0.265804
0.000000
0.000000
0.000000
0.000000
0.000000
0.000270
0.000000
0.000000
0.000000
0.000000
0.179803
0.000000
0.000000
0.000000
0.000000
0.000000
0.000000
0.000000
0.000000
0.000000
0.000000
1.000000
0.000000
0.000000
0.000000
0.049871
0.000000
0.000000
0.000000
0.000000
0.000000
0.000000
0.000000
0.000000
0.000006
0.000000
0.000000
0.000007
0.469273
0.000000
0.000000
0.000000
0.000000
0.000000
0.000001
0.019167
0.000000
0.000000
0.000019
0.000000
0.000000
0.000000
0.000000
0.000000
0.000000
0.000000
0.000000
0.000000
0.000063
0.000000
0.000000
0.011135
0.000000
0.000000
0.000000
0.000000
0.000000
0.000000
0.000000
0.000000
0.000000
0.000000
0.000000
0.000000
0.308626
0.000000
0.000000
0.000000
0.000000
0.000027
0.000000
0.000000
0.000000
0.000000
0.000000
0.000000
0.000000
0.000000
0.000000
0.000000
0.000000
0.000000
0.000000
0.000000
0.000000
0.000000
0.000000
0.012251
0.000000
0.000000
0.000000
0.000000
0.000000
0.000000
0.000000
0.000000
0.000000
0.000000
0.000000
0.000000
0.000000
0.000000
0.000000
0.066565
0.000000
0.000000
0.000000
0.000000
0.000000
0.000000
0.000000
0.000000
0.000000
0.000642
0.000000
0.258773
0.000000
0.000000
0.000000
0.018670
0.000000
0.000000
0.000000
0.000000
0.000000
0.000000
0.000000
0.000000
0.000000
0.000000
0.000000
0.000000
0.000000
0.000000
0.000000
0.000000
0.000000
0.000000
0.000000
0.000000
0.000000
0.000000
0.000065
0.000000
0.410102
0.000000
0.000000
0.000000
0.000200
0.000000
0.000000
0.008234
0.000000
0.000000
0.000000
0.976179
0.000000
0.000000
0.000000
0.000000
0.000035
0.000000
0.005818
0.000000
0.000000
0.000000
0.000000
0.999564
0.000000
0.244786
0.051514
0.000000
0.104230
0.000000
0.000000
0.000000
0.019292
0.077484
0.074917
0.000000
0.423231
0.000000
0.150569
0.000000
0.000000
0.000000
0.000000
0.000000
0.999999
0.000000
0.000941
0.000000
0.000000
0.000000
0.000000
0.000000
0.000000
0.000000
0.000000
0.000000
0.000000
0.000000
0.000000
0.000000
0.000000
0.904650
0.004195
0.000000
0.000000
0.000000
0.000000
0.000000
0.000000
0.000000
0.000000
0.000000
0.000000
0.000000
0.000000
0.000000
0.000000
0.003661
0.000000
0.000253
0.000000
0.000000
0.000000
0.000000
0.000000
0.000000
0.000000
0.000000
0.000000
0.018581
0.000000
0.999983
0.000000
0.000000
0.000000
0.000000
0.000000
0.722080
0.139544
0.000000
0.000000
0.689424
0.000000
0.000000
0.000000
0.000000
0.013550
0.000000
0.000000
0.000000
0.000000
0.000000
0.000000
0.000000
0.000000
0.000000
0.000000
0.000000
0.000000
0.000000
0.042127
0.000000
0.000000
0.000000
0.000000
0.000000
0.000000
0.000000
0.000000
0.000000
0.000000
0.000000
0.000000
0.000000
0.000020
0.570782
0.000000
0.003219
0.000000
0.000000
0.009758
0.000000
0.000000
0.000000
0.000000
0.000000
0.001982
0.000000
0.000000
0.000000
0.000000
0.000000
0.000000
0.047105
0.000000
0.000000
0.000000
0.000000
0.000000
0.000000
0.000000
0.704862
0.001715
0.000000
0.000001
0.000000
0.058670
0.000000
0.000000
0.000000
0.000000
0.000000
0.000000
0.000557
0.034724
0.000000
0.024022
0.001832
0.000000
0.000000
0.000024
0.000000
0.120646
0.000000
0.003872
0.000000
0.000000
0.000000
0.000000
0.000000
0.000000
0.000000
0.000000
0.086027
0.011976
0.000000
0.000000
0.000000
0.000000
0.000000
0.028491
0.000000
0.000000
0.000000
0.000000
0.000000
0.000000
0.000000
0.000000
0.000000
0.002302
0.000000
0.000000
0.000152
0.000003
0.000000
0.000000
0.000000
0.000000
0.000000
0.000000
0.000000
0.000000
0.000000
0.000000
0.000000
0.000000
0.000000
0.000000
0.000000
0.000000
0.046136
0.000000
0.000000
0.600445
0.331342
0.000000
0.000000
0.000000
0.000000
0.000000
0.000005
0.000000
0.001229
0.000000
0.000000
0.000000
0.000000
0.032229
0.716325
0.028262
0.000000
0.000000
0.000000
0.000000
0.000000
0.000000
0.000000
0.000000
0.000000
0.000000
0.000000
0.000000
0.000000
0.000000
0.000000
0.000000
0.000000
0.000000
0.000000
0.000000
0.000000
0.000000
0.000000
0.000000
0.601468
0.000000
0.000000
0.000000
0.000000
0.143868
0.046559
0.000049
0.000000
0.000000
0.000000
0.000000
0.000012
0.234456
0.013597
0.000000
0.000000
0.000000
0.000000
0.000000
0.000000
0.000000
0.000000
0.000007
0.000000
0.000000
0.000000
0.929700
0.000000
0.000000
0.049607
0.003739
0.000000
0.002278
0.000000
0.000000
0.000000
0.000000
0.000000
0.000000
0.000000
0.001192
0.000000
0.000000
0.003499
0.000000
0.015122
0.000000
0.000000
0.189735
0.000000
0.055523
0.000000
0.000000
0.000000
0.000012
0.124940
0.000000
0.000000
0.000000
0.000000
0.000000
0.000000
0.000000
0.039878
0.197392
0.000000
0.000000
0.000000
0.000000
0.000000
0.000000
0.000000
0.000000
0.000000
0.000000
0.003067
0.064158
1.000000
0.000000
0.000000
0.000000
0.000000
0.000000
1.000000
0.000000
0.000000
0.000000
0.000000
0.253090
0.000000
0.000000
0.000010
0.000000
0.000000
0.000000
0.000000
0.000000
0.000000
0.000000
0.000000
0.000000
0.000000
0.000000
0.000000
0.000004
0.000000
0.000000
0.000000
0.000000
0.000000
0.001357
0.022260
0.000000
0.000000
0.000000
0.000000
0.000737
0.000000
0.000000
0.000000
0.000000
0.000000
0.000010
0.000199
0.000000
0.000000
0.001094
0.034274
0.000965
0.000000
0.000000
0.108525
0.000639
0.000000
0.000000
0.000000
0.000000
0.154527
0.000000
0.000000
0.000000
0.000000
0.000005
0.000000
0.000000
0.000000
0.000000
0.000000
0.000000
0.000000
0.000000
0.041693
0.000000
0.008458
0.000354
0.000000
0.000000
0.000000
0.000000
0.000000
0.000000
0.000000
0.000000
0.000000
0.000000
0.000000
0.000000
0.000000
0.000000
0.000000
0.437465
0.000000
0.004736
0.000000
0.032383
0.000000
0.000000
0.000000
0.009258
0.000000
0.035561
0.000000
0.000000
0.000367
0.240764
0.000000
0.000000
0.000000
0.000000
0.000000
0.000000
0.000013
0.013058
0.000000
0.000000
0.316102
0.000000
0.000000
0.000000
0.000000
0.000000
0.000000
0.000000
0.000000
0.000000
0.000000
0.660650
0.109795
0.017145
0.000000
0.000000
0.075581
0.000000
0.000000
0.055540
0.000000
0.000000
0.000000
0.000000
0.000000
0.000000
0.000000
0.000000
0.000291
0.000000
0.000000
0.000000
0.000000
0.000000
0.000000
0.000000
0.000000
0.000000
0.000000
0.000000
0.000000
0.348012
0.000000
0.173466
0.003803
0.000000
0.000000
0.000000
0.000026
0.000000
0.158761
0.000000
0.000000
0.000000
0.000000
0.000000
0.000000
0.000000
0.000000
0.039709
0.000000
0.000000
0.000000
0.000000
0.000000
0.000165
0.000000
0.096658
0.000000
0.000000
0.000000
0.000000
0.000337
0.000000
0.000000
0.226542
0.934362
0.000000
0.000000
0.000000
0.000000
0.000000
0.000000
0.000000
0.000000
0.001399
0.000000
0.000000
0.000000
0.000000
0.197176
1.000000
0.000000
0.000000
0.000000
0.000001
0.000000
0.000000
0.304391
0.000000
0.000000
0.000000
0.000000
0.000000
0.000000
0.000000
0.000000
0.000000
0.000000
0.066336
0.000000
0.010467
0.000599
0.002444
0.000977
0.000000
0.000000
0.000000
0.000000
0.000000
0.000000
0.000000
0.000000
0.000370
0.000000
0.000000
0.000387
0.000000
0.000000
0.118636
0.000000
0.000000
0.000000
0.000000
0.000000
0.000000
0.999978
0.000000
0.000000
0.000000
0.000000
0.000000
0.000000
0.000000
0.085720
0.000000
0.000000
0.000000
0.000000
0.000000
0.000000
0.000099
0.000000
0.000000
0.000000
0.000000
0.000000
0.000000
0.000000
0.000000
0.000000
0.000000
0.000000
0.000000
0.000000
0.000000
0.000181
0.000000
0.000000
0.000000
0.000000
1.000000
0.000000
0.000000
1.000000
0.000000
0.000000
0.000000
0.000000
0.000000
0.000000
0.000000
0.000000
0.000000
0.000000
0.000000
0.000000
0.000000
0.000000
0.000000
0.000000
0.002351
0.000000
0.000000
0.973301
0.000000
0.000000
0.655303
0.000000
0.000000
0.000000
0.000000
1.000000
0.000000
0.000000
0.119951
0.000000
0.000000
0.000000
0.000000
0.000000
0.000000
0.000000
0.000000
0.000000
0.000000
0.000000
0.119881
0.000000
0.000000
0.000000
0.000533
0.000000
0.238238
0.000000
0.000000
0.000000
0.000000
0.000000
0.000000
0.000000
0.000000
0.000000
0.457294
0.000000
0.000000
0.022725
0.000000
0.000000
0.000000
0.000000
0.000000
0.000000
0.000000
0.000000
0.000000
0.000000
0.000012
0.000000
0.000000
0.000000
0.000000
0.000000
0.000000
0.000000
0.000000
0.000000
0.000000
0.000000
0.000000
0.000000
0.000000
0.000000
0.000000
0.000000
0.000000
0.000000
0.000000
0.075853
0.000000
0.000000
0.000000
0.000000
0.000000
0.001405
0.000000
0.000000
0.000000
0.000000
0.000000
0.000000
0.000000
0.002377
0.000000
0.000000
0.000000
0.519475
0.000000
0.000000
0.013110
0.000000
0.000000
0.005171
0.102012
0.000000
0.000000
0.000000
0.000000
0.057060
0.000000
0.000000
0.000000
0.000000
0.020513
0.000000
0.000000
0.000000
0.000000
0.000000
0.000000
0.000000
0.000000
0.000000
0.000000
0.000000
0.000000
0.147505
0.000000
0.000000
0.000000
0.000000
0.000000
0.005024
0.000000
0.000000
0.000000
0.000000
0.000000
0.000000
0.000000
0.001451
0.000000
0.000000
0.000000
0.000000
0.000000
0.000000
0.000000
0.000000
0.000000
0.000000
0.000000
0.000002
0.000000
0.000000
0.095828
0.000000
0.000000
0.000000
0.000000
0.000000
0.000000
0.000000
0.000000
0.000000
0.000000
0.000000
0.000000
0.000000
0.000000
0.046089
0.007604
0.000233
0.000000
0.000000
0.000000
0.000000
0.000000
0.000000
0.038213
0.000000
0.000000
0.000000
0.000000
0.000000
0.000000
0.006695
0.001696
0.106937
0.001188
0.000000
0.000000
0.000000
0.000000
0.000000
0.000000
0.004573
0.000000
0.000290
0.000000
0.000000
0.000000
0.000000
0.000000
0.000000
0.000000
0.000000
0.000000
0.000000
0.001322
0.000000
0.000000
0.000000
0.000000
0.000000
0.000000
0.000000
0.000000
0.000000
0.000000
0.000000
0.000000
0.000000
0.000000
0.000000
0.000000
0.000000
0.000000
0.000000
0.000000
0.000000
0.000000
0.000000
0.000000
0.000000
0.000000
0.000000
0.000000
0.000000
0.000000
0.000000
0.000000
0.000000
0.000000
0.000000
0.000000
0.000000
0.000000
0.000000
0.000000
0.000000
0.005333
0.000000
0.000000
0.000000
0.000347
0.000000
0.007760
0.000145
0.200030
0.000000
0.000000
0.008675
0.000000
0.000000
0.000000
0.000000
0.000000
0.000000
0.108047
0.000000
0.000000
0.000000
0.000000
0.000000
0.000000
0.000000
0.000000
0.000000
0.000000
0.000000
0.000000
0.000000
0.000000
0.000000
0.000000
0.000000
0.000000
0.000000
0.289621
0.000000
0.000000
0.000000
0.000000
0.002796
0.000000
0.000000
0.000000
0.000000
0.000000
0.000000
0.000000
0.068358
0.000000
0.000000
0.000000
0.000000
0.000001
0.000000
0.000000
0.000000
0.000000
0.005644
0.000000
0.000000
0.020106
0.000020
0.000000
0.000039
0.000000
0.000000
0.000000
0.000000
0.000000
0.000000
0.000000
0.000000
0.000000
0.000000
0.000000
0.000000
0.000000
0.000000
0.000000
0.773524
0.000000
0.000000
0.000000
0.241890
0.196879
0.000000
0.000000
0.000000
0.000000
0.000000
0.000001
0.006851
0.011109
0.000000
0.000000
0.000000
0.000000
0.000000
0.000195
0.000010
0.000000
0.000000
0.000000
0.000000
0.000000
0.000000
0.000000
0.980345
0.000000
0.000000
0.007577
0.000411
0.078817
0.000000
0.000000
0.109191
0.000000
0.000000
0.000000
0.000000
0.000000
0.000000
0.238914
0.000000
0.000000
0.014798
0.000000
0.000000
0.000000
0.000000
0.000000
0.000000
0.108585
0.000000
0.000000
0.000000
0.000000
0.000000
0.000000
0.000000
0.000000
0.000000
0.020775
0.000000
0.000000
0.000000
0.000000
0.000000
0.000000
0.000000
0.000000
0.672074
0.000000
0.000000
0.000000
0.000000
0.000000
0.000000
0.000000
0.000000
0.000000
0.000019
0.000000
0.000000
0.000000
0.000000
0.000069
0.000000
0.000000
0.000000
0.000000
0.008203
0.000000
0.000000
0.000593
1.000000
0.000000
0.000000
0.025607
0.000000
0.000000
0.000000
0.225776
0.000000
0.000079
0.000000
0.000000
0.000000
0.000000
0.128253
0.000000
0.000000
0.000000
0.000000
0.488449
0.000000
0.312848
0.000000
0.000000
0.000000
0.000000
0.000000
0.000000
0.000000
0.000000
0.000000
0.000000
0.000000
0.000000
0.000000
0.000000
0.000000
0.005193
0.000000
0.000000
0.000000
0.000653
0.000000
0.000000
0.000000
0.000000
0.000000
0.957261
0.000000
0.000000
0.002468
0.000000
0.028764
0.037975
0.000000
0.000000
0.000000
0.007443
0.000000
0.000000
0.000000
0.000000
0.857548
0.000167
0.000000
0.000000
0.000000
0.263443
0.060127
0.000000
0.000000
0.000000
0.000000
0.000000
0.000000
0.000000
0.000000
0.000000
0.000000
0.000000
0.000000
0.000000
0.004712
0.000000
0.275639
0.000000
0.000000
0.000000
0.000000
0.000000
0.000000
0.000000
0.714907
0.000000
0.000000
0.000000
0.000000
0.000000
0.000000
0.001013
0.000000
0.000000
0.000000
0.068087
0.000000
0.000000
0.000000
0.000000
0.001600
0.000000
0.000000
0.000000
0.039198
0.000000
0.000000
0.966025
0.000598
0.003752
0.000000
0.000000
0.030856
0.000000
0.000000
0.000000
0.068940
0.000398
0.000000
0.000000
0.000000
0.000000
0.000000
0.000000
0.000000
0.148018
0.000000
0.000000
0.000000
0.047250
0.000000
0.000000
0.000000
0.000000
0.000000
0.002541
0.000000
0.000000
0.000000
0.000000
0.000000
0.000000
0.000000
0.000000
0.000000
0.349153
0.000247
0.000000
0.000000
0.657984
0.000000
0.000000
0.000000
0.202639
0.246718
0.000000
0.000000
0.000000
0.000000
0.000000
0.003796
0.000000
0.019469
0.000000
0.000000
0.000000
0.000000
0.000000
0.000000
0.000000
0.044454
0.000112
0.000000
0.000000
0.000000
0.005286
0.000000
0.000000
0.000000
0.000000
0.000000
0.000000
0.000000
0.000000
0.117836
0.000000
0.045784
0.000000
0.000000
0.004437
0.000000
0.000000
0.000000
0.000000
0.000000
0.004941
0.000000
0.000000
0.000000
0.000000
0.000000
0.000000
0.000000
0.000000
0.000000
0.392876
0.000539
0.000035
0.002225
0.000000
0.000000
0.000000
0.000000
0.000000
0.000000
0.000000
0.000000
0.000000
0.000000
0.000030
0.000052
0.000000
0.000008
0.000000
0.000000
0.000000
0.000000
0.000000
0.000001
0.000000
0.000273
0.000000
0.000000
0.000000
0.000000
0.000000
0.000000
0.000000
0.000000
0.051790
0.008071
0.000000
0.000000
0.406326
0.000000
0.000000
0.000000
0.057648
0.000000
0.000000
0.508757
0.339497
0.003685
0.000000
0.000000
0.000013
0.000000
0.000000
0.000000
0.000000
0.308922
0.000000
0.000000
0.687464
0.000000
0.000000
0.000000
0.000000
0.000000
0.000000
0.000000
0.000000
0.000000
0.000000
0.000000
0.000000
0.000000
0.000000
0.006139
0.000000
0.000000
0.000000
0.000000
0.000000
0.001071
0.019885
0.000000
0.199281
0.000000
0.000000
0.000000
0.000000
0.999991
0.000000
0.000000
0.000000
0.000000
0.000000
0.000000
0.000000
0.000000
0.000000
0.000001
0.000000
0.000000
0.000000
0.000000
0.000000
0.000000
0.000000
0.000000
0.000000
0.000000
0.000012
0.000000
0.000000
0.000000
0.000000
0.000000
0.002173
0.000000
0.000000
0.000000
0.000000
0.000000
0.000000
0.000000
0.000000
0.000000
0.000000
0.000000
0.000000
0.000000
0.000000
0.000000
0.000000
0.000000
0.000000
0.000000
0.000000
0.000000
1.000000
0.000000
0.000000
0.000000
0.000000
0.000000
0.000000
0.000000
0.000000
0.000000
0.000000
0.000000
0.000000
0.000000
0.000000
0.000000
0.005697
0.000000
0.000000
0.000000
0.000000
0.000000
0.000000
0.000000
0.000000
0.000000
0.000000
0.000000
0.000000
0.000000
0.000173
0.000000
0.009159
0.000000
0.000000
0.000000
1.000000
0.000000
0.000000
0.000004
0.000000
0.000000
0.000000
0.011007
0.000000
0.000000
0.000000
0.000000
0.000000
0.000000
0.000000
0.000000
0.000000
0.000000
0.000000
0.000000
0.000000
0.000000
0.000000
0.000452
0.000000
0.987193
0.000000
0.000000
0.000000
0.000000
0.000000
0.000000
0.000000
0.000000
0.000000
0.000000
0.000000
0.116789
0.000000
0.000000
0.000000
0.000000
0.000006
0.002532
0.035993
0.000000
0.000000
0.000000
0.000000
0.000000
0.000000
0.002487
0.000000
0.000000
0.000000
0.446832
0.000000
0.000000
0.000000
0.000000
0.247305
0.000000
0.000000
0.000000
0.000000
0.049579
0.000000
0.000000
0.000000
0.000000
0.000000
0.000000
0.656885
0.000000
0.000000
0.000003
0.000000
0.000000
0.000000
0.000000
0.000000
0.000000
0.000000
0.000000
0.000000
0.000000
0.386294
0.000000
0.011769
0.000000
0.999981
0.000000
0.000000
0.000000
0.000000
0.000000
0.000000
0.000000
0.000000
0.000000
0.153514
0.000000
0.000000
0.000000
0.000143
0.000000
0.000000
0.325574
0.000000
0.000000
0.000005
0.000000
0.000000
0.000000
0.000000
0.000000
0.000000
0.000000
0.025845
0.000235
0.000000
0.069036
0.000000
0.011705
0.169654
0.000000
0.006134
0.000000
0.000000
0.000000
0.000000
0.000000
0.000000
0.000000
0.000000
0.000000
0.000000
0.003339
0.025186
0.000000
0.000000
0.000000
0.000000
0.000000
0.244598
0.000000
0.000000
0.000000
0.000000
0.000000
0.000000
0.000000
0.000000
0.000000
0.008816
0.000000
0.000000
0.000000
0.000000
0.183095
0.000000
0.000000
0.000000
0.000000
0.000000
0.000000
0.000000
0.000000
0.000000
0.000000
0.000000
0.000000
0.000000
0.000000
0.000000
0.000000
0.000000
0.000016
0.000000
0.000000
0.000000
0.042797
0.000000
0.000000
0.000000
0.000000
0.048245
0.000000
0.564900
0.000000
0.000000
0.000000
0.000000
0.000000
0.005763
0.000000
0.000000
0.000000
0.000000
0.000000
0.000000
0.000000
0.000000
0.000000
0.000000
0.000000
0.000000
0.000000
0.000000
0.000000
0.000000
0.000000
0.000062
0.000000
0.000000
0.000000
0.000000
0.000000
0.000000
0.000000
0.000000
0.000000
0.000000
0.000000
0.000000
0.000000
0.000000
0.000000
0.139037
0.000000
0.013321
0.000000
0.000000
0.000000
0.000000
0.000000
0.000000
0.000000
0.000000
0.000000
0.000000
0.000000
0.000224
0.000001
0.000000
0.000000
0.000000
0.000000
0.001297
0.007062
0.000000
0.000000
0.000000
0.000000
0.000000
0.000000
0.000000
0.000000
0.000000
0.003821
0.000000
0.000034
0.000000
0.000000
0.003072
0.000000
0.005473
0.000000
0.000000
0.000000
0.000000
0.030602
0.000000
0.000000
0.000000
0.000000
0.056933
0.000000
0.000000
0.000672
0.006363
0.000000
0.000000
0.000000
0.999933
0.000000
0.000000
0.000000
0.000000
0.000000
0.000000
0.000000
0.000000
0.000000
0.329939
0.000000
0.000000
0.000000
0.000000
0.000000
0.000000
0.000000
0.000000
0.011991
0.000000
0.000000
0.000000
0.000000
0.005284
0.000000
0.000000
0.000000
0.000000
0.000000
0.007244
0.000000
0.000000
0.000000
0.000000
0.000851
0.000000
0.000000
0.000000
0.000000
0.000000
0.000000
0.000000
0.000000
0.000000
0.000000
0.000000
0.000000
0.000000
0.000000
0.049238
0.000000
0.000000
0.000000
0.000000
0.000000
0.000000
0.000000
0.280917
0.000000
0.000000
0.000000
0.000000
0.000000
0.000000
0.000000
0.000000
0.000000
0.000000
0.017129
0.000000
0.000000
0.000000
0.000000
0.000000
0.000000
0.000000
0.000000
0.000000
0.000000
0.000000
0.000000
0.000000
0.000000
0.000000
0.112496
0.000000
0.000000
0.187734
0.000000
0.000035
0.000000
0.000000
0.000000
0.002019
0.000000
0.000000
0.000000
0.000000
0.000000
0.000000
0.753006
0.000000
0.000000
0.000000
0.000000
0.000000
0.000000
0.000000
0.000000
0.000000
0.000000
0.000000
0.000000
0.000000
0.000000
0.000000
0.000000
0.000000
0.000000
0.053614
0.000000
0.000000
0.000000
0.000000
0.000000
0.000000
0.000000
0.000000
0.000000
0.000000
0.000000
0.000000
0.261281
0.000000
0.000000
0.423230
0.000000
0.000000
0.000000
0.000000
0.000000
0.000000
0.000000
0.000000
0.000000
0.050139
0.000000
0.000000
0.000000
0.000000
0.035790
0.000000
0.000000
0.000000
0.000000
0.000000
0.000449
0.000000
0.000000
0.000000
0.023324
0.000000
0.000000
0.655149
0.000000
0.149781
0.000000
0.000000
0.000000
0.000000
0.000000
0.000000
0.000000
0.000000
0.000000
0.000000
0.000000
0.000000
0.000000
0.000000
0.000000
0.000000
0.000165
0.095893
0.000000
0.000000
0.000000
0.000000
0.000000
0.497658
0.000000
0.176336
0.000000
0.000000
0.000000
0.000000
0.000000
0.000000
0.000000
0.000000
0.005121
0.000000
0.829424
0.000000
0.000000
0.000000
0.000508
0.000000
0.000000
0.000000
0.000000
0.000000
0.000000
0.000000
0.000000
0.000000
0.000000
0.000000
0.000000
0.372175
0.000000
0.000000
0.000000
0.000000
0.000000
0.005986
0.000000
0.000000
0.000000
0.000000
0.000000
0.000000
0.000000
0.000000
0.000834
0.000000
0.000000
0.000000
0.000000
0.000000
0.000000
0.000000
0.000000
0.000000
0.000000
0.000000
0.000000
0.000000
0.000000
0.000000
0.000000
0.000000
0.000000
0.080988
0.019471
0.000000
0.275207
0.000000
0.000000
0.161843
0.000000
0.000000
0.000000
0.000000
0.000000
0.000000
0.927993
0.000000
0.000000
0.000000
0.000000
0.000000
0.000000
0.000000
0.000000
0.000000
0.000000
0.000000
0.000000
0.000000
0.000000
0.000000
0.003279
0.000000
0.000000
0.000000
0.220820
0.911041
0.000000
0.061478
0.000000
0.000000
0.090826
0.000000
0.000000
0.000000
0.058321
0.000000
0.000000
0.000000
0.000000
0.000000
0.000000
0.000000
0.000000
0.000000
0.000000
0.000000
0.000000
0.000000
0.000000
0.000000
0.000000
0.000000
0.000000
0.002732
0.000000
0.000000
0.000000
0.000000
0.004708
0.000000
0.000000
0.000000
0.000000
0.000312
0.000000
0.022581
0.000000
0.039836
0.009049
0.000000
0.000000
0.000000
0.000494
0.000000
0.080863
0.000000
0.000000
0.000000
0.000000
0.000000
0.000000
0.000000
0.000000
0.438757
0.000000
0.000000
0.000000
0.000000
0.000000
0.000000
0.000000
0.000000
0.004209
0.000000
1.000000
0.037135
0.000000
0.000000
0.090152
0.000000
0.000000
0.381849
0.000000
0.000000
0.000000
0.000000
0.000000
0.000000
0.000000
0.005074
0.000000
0.021245
0.000000
0.000000
0.000000
0.000000
0.000000
0.000000
0.000000
0.061102
0.000000
0.000000
0.000000
0.000000
0.000000
0.000000
0.000000
0.000000
0.000000
0.000000
0.000000
0.000000
0.000000
0.000000
0.000000
0.000000
0.000000
0.841147
0.000000
0.000000
0.000000
0.000000
0.000000
0.008985
0.000000
0.000000
0.000000
0.000000
0.000000
0.000000
0.881107
0.000000
0.000000
0.000000
0.000000
0.000000
0.000000
0.365990
0.000000
0.000000
0.000000
0.000000
0.998580
0.000000
0.699078
0.000000
0.000000
0.000000
0.000000
0.000000
0.000000
0.000000
0.000059
0.989626
0.000000
0.001797
0.000000
0.000000
0.000000
0.071209
0.180641
0.000000
0.000000
0.000000
0.000000
0.000000
0.000000
0.000059
0.000000
0.000000
0.000000
0.136701
0.000039
0.015154
0.000000
0.000000
0.000002
0.000000
0.000000
0.000000
0.000000
0.000000
0.000000
0.000000
0.000000
0.108920
0.000000
0.000000
0.037154
0.000000
0.000000
0.000000
0.000000
0.000000
0.000000
0.000000
0.000000
0.000000
0.000000
0.000000
0.000000
0.064063
0.000000
0.000000
0.967200
0.000000
0.000000
0.000000
0.000000
0.000000
0.000000
0.000000
0.000000
0.000000
0.000160
0.000000
0.000000
0.000000
0.852365
0.000000
0.000000
0.000000
0.000000
0.000000
0.000000
0.000000
0.000000
0.000000
0.230272
0.000000
0.000000
0.000000
0.000000
0.000033
0.000000
0.000000
0.000000
0.000000
0.442828
0.010493
0.000000
0.000000
0.041711
0.000000
0.000000
0.000000
0.000000
0.000000
0.000000
0.000000
0.000000
0.028231
0.000000
0.000000
0.000000
0.000000
0.000000
0.000000
0.000000
0.000000
0.000000
0.000000
0.000000
0.000000
0.000000
0.000000
0.000000
0.000000
0.000000
0.025854
0.000000
0.000000
0.000000
1.000000
0.000000
0.000000
0.000000
0.000000
0.000000
0.000000
0.000000
0.040266
0.000000
0.000000
0.745352
0.000000
0.000000
0.000000
0.000000
0.000000
0.000000
0.000000
0.000000
0.000000
0.000000
0.000000
0.000000
0.000000
0.000000
0.000000
0.000000
0.000000
0.000000
0.000000
0.000000
0.000000
0.013198
0.000000
0.294780
0.000000
0.000000
0.042669
0.000000
0.000000
0.000000
0.000000
0.005815
0.000000
0.000000
0.000000
0.000000
0.001493
0.000000
0.000000
0.000000
0.000000
0.000000
0.000000
0.000000
0.000000
0.000000
0.000000
0.000000
0.000000
0.000000
0.000000
0.000000
0.000000
0.000000
0.000000
0.000000
0.000000
0.848077
0.000000
0.000000
0.000000
0.000000
0.000000
0.000000
0.028207
0.000000
0.000000
0.541723
0.007621
0.000000
0.000000
0.000000
0.000250
0.000000
1.000000
0.000000
0.000000
0.022318
0.000000
0.014748
0.000000
0.000000
0.000000
0.000000
0.000000
0.000000
0.000719
0.000000
0.000000
0.000000
0.000000
0.000000
0.000000
0.000000
0.000000
0.000000
0.000000
0.000000
0.001656
0.000000
0.008171
0.000000
0.000000
0.000000
0.000000
0.000000
0.000000
0.000000
0.000000
0.000000
0.008451
0.000000
0.000000
0.000000
0.000000
0.666743
0.000000
0.000000
0.000000
0.000000
0.039696
0.000000
0.003364
0.000000
0.000000
0.000000
0.000000
0.044860
0.000000
0.000000
0.106145
0.000000
0.000000
0.032415
0.000000
0.000000
0.000000
0.000000
0.000000
0.000000
0.000000
0.022363
0.000000
0.036277
0.000000
0.000000
0.000000
0.000000
0.000000
0.000000
0.000000
0.000000
0.027695
0.000000
0.000000
0.000000
0.000000
0.000000
0.000002
0.000000
0.000000
0.000000
0.000000
0.000000
0.000000
0.000000
0.000000
0.000000
0.000000
0.000000
0.000000
0.000000
0.000000
0.000000
0.000000
0.000000
0.000000
0.000000
0.000000
0.000000
0.000000
0.000000
0.000000
0.000000
0.000000
0.022068
0.000000
0.004363
0.000000
0.000000
0.000000
0.000000
0.003410
0.000000
0.000000
0.000000
0.000000
0.000000
0.000000
0.000000
0.000000
0.000000
0.343900
0.000000
0.000527
0.000078
0.000000
0.096186
0.000000
0.000000
0.004727
0.000000
0.000000
0.000000
0.000000
0.000000
0.000000
0.000000
0.000000
0.000000
0.000000
0.002123
0.000000
0.000000
0.000000
0.028872
0.000008
0.000000
0.000000
0.000000
0.258692
0.143618
0.000000
0.000000
0.000000
0.128295
0.456735
0.000000
0.000000
0.000000
0.000294
0.000000
0.000000
0.000000
0.000000
0.000000
0.000000
0.000000
0.000000
0.000000
0.000000
0.000000
0.000895
0.000000
0.000000
0.029400
0.012621
0.000000
0.000000
0.000000
0.000000
0.000000
0.000000
0.000000
0.000000
0.000000
0.000000
0.000000
0.004407
0.000000
0.053588
0.000000
0.000000
0.000000
0.000000
0.000000
0.000000
0.000000
0.000000
0.000000
0.000125
0.000000
0.000000
0.000000
0.000000
0.013855
0.000000
1.000000
0.018450
0.000000
0.000000
0.000000
0.000000
0.000000
0.000000
0.000000
0.000000
0.067031
0.000000
0.000000
0.000000
0.000000
0.000000
0.000000
0.000226
0.000000
0.000000
0.001674
0.000000
0.000000
0.000000
0.000000
0.114667
0.000000
0.000000
0.000000
0.000000
0.000000
0.000000
0.999992
0.000000
0.000000
0.000000
0.000000
0.000000
0.000000
0.000000
0.000000
0.000000
0.000699
0.000000
0.000000
0.000000
0.000000
0.000000
0.000000
0.000000
0.000000
0.000000
0.000000
0.000000
0.000000
0.000000
0.000000
0.000000
0.000000
0.000000
0.000000
0.000000
0.000000
0.000000
0.000000
0.000000
0.008155
0.000000
0.000000
0.000000
0.000000
0.000000
0.000000
0.008143
0.000000
0.016235
0.000000
0.000000
0.000000
0.000000
0.000000
0.000000
0.000000
0.000000
0.000000
0.000000
0.000000
0.000000
0.000000
0.242123
0.000000
0.000000
0.000000
0.000000
0.000000
0.002349
0.000000
0.000000
0.000000
0.000000
0.183127
0.000000
0.000000
0.000000
0.000000
0.000000
0.000000
0.000000
0.000000
0.000000
0.000000
0.000000
0.000000
0.000000
0.000000
0.000000
0.000000
0.216230
0.026533
0.030143
0.000000
0.000000
0.000000
0.000000
0.000000
0.000000
0.000000
0.000000
0.000000
0.000000
0.000000
0.000000
0.000000
0.000613
0.000000
0.000000
0.000000
0.000000
0.000000
0.000000
0.000000
0.000000
0.000000
0.000008
0.000000
0.000090
0.000000
0.000000
0.000000
0.000000
0.000000
0.000000
0.000000
0.000000
0.000000
0.000000
0.000000
1.000000
0.000000
0.000000
0.000000
0.000000
0.000000
0.000000
0.000000
0.000000
0.000000
0.000000
0.000000
0.000000
0.000000
0.080245
0.000000
0.000856
0.000000
0.000000
0.000000
0.000000
0.007752
0.000000
0.000000
0.000000
0.000000
0.000000
0.000000
0.000000
0.276715
0.000000
0.000000
0.023825
0.000000
0.000000
0.000000
0.000000
0.000000
0.000000
0.000000
0.000000
0.000000
0.007974
0.000000
0.043528
0.000000
0.000000
0.000000
0.046848
0.000000
0.000000
0.000000
0.000000
0.000000
0.064385
0.000000
0.000000
0.000000
0.000000
0.000000
0.000000
0.000000
0.000000
0.000000
0.000000
0.000000
0.708312
0.000000
1.000000
0.000000
0.027563
0.000000
0.000000
0.000000
0.000000
0.000000
0.000000
0.000000
0.000000
0.000000
0.000000
0.000000
0.000000
0.024743
0.000000
0.000000
0.000000
0.528916
0.000000
0.000000
0.007759
0.004602
0.001689
0.000000
0.000000
0.000000
0.000000
0.000000
0.000000
0.000000
0.000000
0.010845
0.000000
0.000674
0.000000
0.000000
0.000000
0.000000
0.000000
0.000000
0.000000
0.000000
0.000000
0.046336
0.000000
0.000000
0.000000
0.000000
0.007690
0.245989
0.000000
0.881873
0.000000
0.000000
0.000000
0.000000
0.000000
0.000000
0.000000
0.000000
0.470407
0.000000
0.000000
0.000000
0.041714
0.000000
0.000000
0.000000
0.000585
0.000000
0.000000
0.000000
0.000000
0.000000
0.000000
0.000000
0.000000
0.000000
0.000000
0.000000
0.000000
0.000000
0.000000
0.000000
0.000000
0.000000
0.000000
0.000000
0.000000
0.094625
0.000000
0.000000
0.002072
0.000000
0.000000
0.000000
0.000000
0.000004
0.000000
0.000000
0.000000
0.000000
0.000000
0.000000
0.000000
0.000000
0.000000
0.000000
0.000000
0.000000
0.000000
0.000000
0.000000
0.000000
0.000000
0.000000
0.000221
0.289829
0.000000
0.000000
0.000000
0.000000
0.000000
0.000000
0.000000
0.000000
0.000000
0.000000
0.000000
0.000000
0.053155
0.000000
0.000000
0.000000
0.000000
0.000000
0.000000
0.000000
0.000000
0.000000
0.000000
0.000000
0.000000
0.000000
0.000000
0.000000
0.000000
0.000000
0.000000
0.000000
0.000000
0.000000
0.000000
0.000000
0.000000
0.727877
0.000000
0.000000
0.118765
0.000000
0.000000
0.000000
0.000000
0.000000
0.000000
0.000000
0.000000
0.000000
0.004686
0.000000
0.026311
0.000000
0.000000
0.309194
0.000000
0.001520
0.000000
0.000000
0.000000
0.015577
0.000000
0.000000
0.000000
0.000000
0.000000
0.000000
0.000000
0.000000
0.000000
0.000000
0.000000
0.000000
0.000000
0.000000
0.000000
0.156117
0.000000
0.000000
0.000000
0.000000
0.000000
0.000000
0.000000
0.000000
0.000000
0.000000
0.000000
0.000000
0.000000
0.000000
0.000000
0.000000
0.000000
0.000000
0.000000
0.000000
0.000000
0.000000
0.000000
0.000000
0.000000
0.000000
0.000000
0.000000
0.000000
0.000000
0.000000
0.000000
0.000000
0.000000
0.000000
0.000000
0.000000
1.000000
0.000000
0.001369
0.000000
0.000000
0.000000
0.000000
0.000000
0.000000
0.000000
0.000000
0.000000
0.000000
0.000000
0.000000
0.000000
0.000645
0.000000
0.000000
0.000000
0.000000
0.000000
0.000000
0.000000
0.762445
0.000000
0.000000
0.000000
0.042917
0.000001
0.000000
0.000000
0.000000
0.000000
0.000000
0.000000
0.000000
0.000000
0.431046
0.000000
0.000000
0.000000
0.000102
0.000000
0.000000
0.000000
0.000000
0.000000
0.000001
0.021251
0.000000
0.000000
0.000000
0.000000
0.000000
0.000000
0.000000
0.000000
0.000000
0.212257
1.000000
0.000000
0.000011
0.000000
0.000000
0.000000
0.000000
0.000000
0.000000
0.000000
0.000000
0.250837
0.000000
0.000000
0.000000
0.080489
0.069185
0.000004
0.013385
0.000000
0.000000
0.000000
0.000000
0.000000
0.000000
0.000000
0.000000
0.000000
0.000000
0.000000
0.000000
0.000000
0.000000
0.000000
0.000000
0.000000
0.000000
0.000713
0.000000
0.000000
0.000000
0.000000
0.000000
0.000000
0.000000
0.000000
0.000000
0.000000
0.000000
0.000000
0.000033
0.000000
0.000000
0.000000
0.000000
0.000000
0.000000
0.000000
0.000000
0.000000
0.000000
0.000000
0.000000
0.000000
0.000000
0.000000
0.000000
0.000000
0.000000
0.000000
0.000000
0.241588
0.000000
0.000000
0.000000
0.000000
0.000000
0.004315
0.000000
0.000000
0.118773
0.055324
0.000000
0.000000
0.000000
0.755339
0.000000
0.000000
0.000000
0.000000
0.000000
0.000000
0.000000
0.000000
0.000000
0.000000
0.000000
0.000000
0.000000
0.000000
0.000000
0.000000
0.000000
0.000000
0.000000
0.000000
0.000000
0.000000
0.000000
0.000000
0.000000
0.000000
0.000267
0.002677
0.000000
0.000000
0.000000
0.000000
0.002754
0.190404
0.000000
0.000000
0.000000
0.000029
0.000000
0.000000
0.000000
0.003091
0.000000
0.000000
0.000000
0.000000
0.000000
0.000000
0.000000
0.000000
0.002092
0.000000
0.000000
0.000000
0.000000
0.000000
0.000000
0.006301
0.000000
0.000000
0.000000
0.000000
0.000000
0.136530
0.000000
0.000000
0.000000
0.000000
0.000000
0.000000
0.000069
0.000000
0.000000
0.000000
0.000000
0.000000
0.000000
0.000000
0.000000
0.000000
0.000000
0.000000
0.000000
0.000000
0.189967
0.000000
0.000000
0.000000
0.000000
0.000000
0.000000
0.000000
0.000000
0.000000
0.000000
0.000908
0.000000
0.000000
0.000000
0.000000
0.000000
0.000000
0.000000
0.000000
0.000000
0.000000
0.000000
0.000000
0.000000
0.000000
0.000000
0.000000
0.000000
0.000000
0.000000
0.094879
0.000000
0.000000
0.000000
0.000000
0.000000
0.000000
0.171621
0.000000
0.000000
0.000000
0.000000
0.000000
0.413401
0.000000
0.000000
0.000000
0.000000
0.000000
0.000000
0.000000
0.000000
0.000000
0.000000
0.000000
0.000000
0.000000
0.000000
0.000000
0.000000
0.000000
0.000000
0.000000
0.000000
0.000000
0.000000
0.000000
0.000000
0.000000
0.006754
0.000000
0.000000
0.000000
0.000000
0.000000
0.000000
0.000000
0.000047
1.000000
0.000000
0.089246
0.110424
0.000000
0.000000
0.000000
0.000000
0.000000
0.000000
0.000000
0.000039
0.000000
0.000000
0.000000
0.000000
0.000000
0.000000
0.000000
0.000000
0.000000
0.000000
0.000000
0.000000
0.000000
0.000000
0.000000
0.000044
0.000000
0.000000
0.000276
0.000000
0.000000
0.038277
0.000000
0.269367
0.000000
0.000000
0.000000
0.000000
0.000000
0.075884
0.048091
0.000000
0.014441
0.083349
0.149393
0.000000
0.000000
0.000000
0.000000
0.000025
0.000000
0.000000
0.000000
0.000900
0.000000
0.000000
0.078122
0.000000
0.000000
0.000000
0.000015
0.000000
0.000000
0.000000
0.000000
0.000000
0.000000
0.725183
0.011531
0.000000
0.000000
0.000000
0.000000
0.000000
0.000000
0.000000
0.000295
0.000000
0.000000
0.000000
0.000000
0.000000
0.383029
0.000000
0.000000
0.000000
0.000000
0.000000
0.000000
0.000000
0.000000
1.000000
0.000000
0.000000
0.000000
0.000000
0.012219
0.076113
1.000000
0.000000
0.000043
0.000000
0.000000
0.000000
0.030383
0.000000
0.000000
0.000000
0.000000
0.000123
0.714299
0.000000
0.000000
0.000000
0.000000
0.000000
0.203121
0.000000
0.000000
0.000002
0.000000
0.000000
0.000000
0.000000
0.000000
0.000000
0.000000
0.000000
0.000000
0.000000
0.175528
0.000000
0.004951
0.000000
0.000000
0.000000
0.000000
0.001338
0.325030
0.000000
0.000000
0.260775
0.000000
0.000000
0.000000
0.000000
0.000000
0.000000
0.001045
0.000000
0.000000
0.000000
0.000000
0.000000
0.000000
0.000000
0.000000
0.000000
0.000000
0.000000
0.000000
0.000000
0.000000
0.000000
0.000000
0.000000
0.000000
0.000017
0.043857
0.000000
0.000000
0.782547
0.000000
0.000000
0.000000
0.000000
0.000000
0.000000
0.000000
0.000000
0.000000
0.000000
0.000000
0.000000
0.000000
0.000000
0.000000
0.133695
0.000000
0.000000
0.000000
0.000964
0.000000
0.000000
0.000000
0.000000
0.000000
0.697604
0.000000
0.000000
0.000000
0.037251
0.000000
0.000000
0.081720
0.000000
0.006090
0.000000
0.000000
0.000073
0.000000
0.000000
0.000000
0.000000
0.000000
0.000000
0.000000
0.000000
0.000000
0.000105
0.000000
0.000000
0.000000
0.000000
0.000000
0.000000
0.000000
0.000000
0.000000
0.000000
0.003352
0.000000
0.000000
0.006383
0.000000
0.000000
0.000000
0.067799
0.000000
0.000000
0.000000
0.208214
0.000000
0.000000
0.000000
0.989296
0.692016
0.000794
0.000000
0.000000
0.000000
0.000000
0.000000
0.000000
0.000000
0.000000
0.912749
0.000000
0.000001
0.000000
0.000000
0.756442
0.000000
0.000000
0.002735
0.124055
0.000000
0.000000
0.000000
0.000000
0.000000
0.000000
0.000000
0.000000
0.000066
0.000000
0.597097
0.487145
0.000000
0.000059
0.000000
0.000000
0.000000
0.000000
0.400864
0.000000
0.000000
0.000000
0.000000
0.000000
0.000000
0.000000
0.000000
0.000000
0.000000
0.000000
0.000000
0.000000
0.002733
0.000000
0.000000
0.000000
0.007473
0.000000
0.000000
0.000000
0.000000
0.043485
0.000000
0.000000
0.000000
0.000000
0.000000
0.110004
0.057180
0.000000
0.000000
0.000000
0.005782
0.000000
0.000000
0.000000
0.000000
0.000000
0.037891
0.000000
0.000000
0.000000
0.000000
0.000000
0.000000
0.000000
0.000000
0.000000
0.000000
0.000000
0.000000
0.000000
0.000000
0.000000
0.000000
0.000002
0.000000
0.000000
0.000000
0.000000
0.000000
0.000000
0.000000
0.000000
0.000000
0.000000
0.004877
0.000000
0.000000
0.000000
0.015822
0.000000
0.000000
0.000000
0.000000
0.000000
0.000000
0.000000
0.000000
0.039098
0.681447
0.000013
0.000000
0.000000
0.000000
0.000000
0.000749
0.000000
0.000000
0.000000
0.000000
0.000000
0.000000
0.000000
0.000000
0.000000
0.000000
0.000000
0.004827
0.004253
0.110618
0.000000
0.000000
0.000000
0.000000
0.007165
0.012495
0.000000
0.000000
0.000000
0.000000
0.000000
0.000000
0.000000
0.135122
0.000000
0.000000
0.000000
0.000000
0.000000
0.268150
0.000000
0.000000
0.000000
0.000000
0.000000
0.000008
0.000000
0.000000
0.000000
0.000132
0.000000
0.000000
0.000000
0.000000
0.000000
0.995145
0.000000
0.012087
0.000000
0.000000
0.000000
0.000000
0.017674
0.009425
0.000000
0.000000
0.000000
0.000000
0.000000
0.000000
0.000000
0.000000
0.000000
0.000000
0.000000
0.000000
0.000000
0.000000
0.000000
0.000000
0.000000
0.000000
0.000000
0.000000
0.000000
0.000000
0.000000
0.000000
0.000000
0.000000
0.000000
0.000000
0.000000
0.000000
0.000000
0.284175
0.000000
0.000000
0.000000
0.000000
0.987086
0.000000
0.000000
0.000978
0.000000
0.000000
0.000000
0.000000
0.000000
0.000000
0.000001
0.000000
0.000000
0.000000
0.552296
0.000000
0.000001
0.000000
0.003323
0.000000
0.000000
0.000000
0.000000
0.000000
0.000000
0.000000
0.000000
0.000000
0.000000
0.000000
0.000000
0.000000
0.000000
0.000000
0.000324
0.000000
0.017660
0.000000
0.000000
0.027561
0.000000
0.000000
0.000000
0.000000
0.000000
0.000000
0.000000
0.000000
0.000000
0.000000
0.000000
0.000000
0.000000
0.000000
0.000000
0.000000
0.011679
0.064865
0.000000
0.000000
0.000000
0.000000
0.000000
0.000000
0.000000
0.000000
0.000000
1.000000
0.000000
0.000000
0.000000
0.000000
0.000114
0.000000
0.000000
0.000000
0.000000
0.000000
0.000000
0.155280
0.000000
0.000000
0.000000
0.000000
0.000000
0.000000
0.000000
0.000000
0.000000
0.000000
0.002620
0.000000
0.040371
0.000417
0.000000
0.006848
0.000000
0.000000
0.000000
0.000000
0.000000
0.000000
0.000000
0.000000
0.015590
0.000000
0.012951
0.000000
0.000000
0.000000
0.000000
0.000000
0.000000
0.000000
0.000000
0.000000
0.000019
0.000000
0.630119
0.000000
0.000000
0.000000
0.000000
0.364437
0.000000
0.000114
0.000001
0.000000
0.000000
0.000000
0.000000
0.758332
0.000000
0.000000
0.518532
0.000000
1.000000
0.000000
0.025966
0.000000
0.000000
0.000000
0.000000
0.000000
0.000000
0.000000
0.000000
0.000000
0.000000
0.000000
0.086900
0.352207
0.000024
0.002851
0.000000
0.000000
0.000000
0.000000
0.000000
0.000000
0.999408
0.000000
0.000000
0.000000
0.000000
0.000000
0.000000
0.000000
0.893792
0.000000
0.000000
0.000000
0.000000
0.056248
0.000000
0.000000
0.000000
0.000000
0.003144
0.000000
0.016055
0.000000
0.000063
0.000000
0.000000
0.000000
0.000000
0.000000
0.000000
0.000000
0.000000
0.000000
0.000000
0.000000
0.005722
0.000000
0.000000
0.000000
0.400790
0.000000
0.002879
0.513371
0.000000
0.116446
0.000000
0.000000
0.000000
0.000000
0.000000
0.000000
0.000000
0.000000
0.000000
0.964302
0.000000
0.000000
0.000000
0.000000
0.000000
0.014384
0.000000
0.000000
0.000000
0.000000
0.000000
0.000000
0.000000
0.000000
0.000000
0.000000
0.000000
0.000000
0.000000
0.000000
0.000000
0.000000
0.000000
0.000000
0.000000
0.000000
0.079558
0.000279
0.000000
0.000000
0.000000
0.000000
0.000000
0.004303
0.000000
0.000000
0.000000
0.000000
0.000000
0.000000
0.000000
0.000000
0.000000
0.001164
0.000000
0.000000
0.000000
0.000000
0.000000
0.000000
0.000000
0.849919
0.000000
0.000000
0.000000
0.002306
0.000000
0.000000
0.000000
0.000000
0.000000
0.000000
0.000000
0.000000
0.000000
0.000000
0.000000
0.000000
0.000000
0.000000
0.000000
0.006149
0.000000
0.000000
0.000000
0.000000
0.000001
0.000000
0.023821
0.000000
0.000000
0.000000
0.003157
0.975923
0.000000
0.000000
0.000000
0.000000
0.000000
0.000000
0.000000
0.000000
0.000000
0.092108
0.000000
0.000000
0.010301
0.000000
0.000000
0.000000
0.000000
0.000000
0.000068
0.000000
0.000000
0.000000
0.000000
0.000000
0.000000
0.003207
0.000000
0.000000
0.000000
0.000000
0.000000
0.000000
0.000000
0.000000
0.000000
0.000000
0.000000
0.011131
0.091372
0.000000
0.000000
0.025128
0.000000
0.000000
0.000000
0.917466
0.000000
0.000000
0.000000
0.000000
0.000000
0.000000
0.000000
0.000000
0.000006
0.000000
0.000000
0.003535
0.000000
0.000000
0.000000
0.357061
0.000000
0.000000
0.000000
0.000000
0.000000
0.998216
0.000000
0.000000
0.000000
0.000000
0.000000
0.000000
0.000000
0.000000
0.000000
0.000000
0.000000
0.000000
0.000000
0.702079
0.000000
0.231863
0.000000
0.000000
0.000000
0.000000
0.001528
0.000000
0.000000
0.000000
0.000000
0.000000
0.000000
0.111264
0.000000
0.000000
0.000000
0.000000
0.035366
0.000000
0.004670
0.000000
0.000000
0.000000
0.000000
0.000000
0.000000
0.838051
0.000000
0.000000
0.000000
0.000000
0.000000
0.000000
0.011951
0.002583
0.392776
0.000000
0.000000
0.000000
0.000000
0.000000
0.000000
0.189391
0.000000
0.000000
0.000000
0.000000
0.000000
0.000000
0.000000
0.000000
0.000000
0.000000
0.000000
0.000000
0.000000
0.190953
0.114375
0.000000
0.000000
0.811018
0.000000
0.016503
0.000000
0.290879
0.349318
0.000000
0.000000
0.000000
0.000003
0.000000
0.000000
0.000000
0.000000
0.000000
0.000000
0.000000
0.000000
0.000000
0.000000
0.000000
0.000000
0.000000
0.000000
0.000000
0.000000
0.000000
0.000000
0.000000
0.000000
0.002470
0.000000
0.000000
0.000032
0.000000
1.000000
0.000013
0.000000
0.000000
0.000000
0.000000
0.049685
0.000000
0.000005
0.000000
0.000000
0.000000
0.000000
0.000000
0.000000
0.000000
0.000000
0.000000
0.000186
0.000000
0.000000
0.000000
0.000210
0.000000
0.000000
0.000000
0.000000
0.000000
0.000000
0.000000
0.000000
0.000000
0.932322
0.000000
0.078758
0.000000
0.000000
0.000000
0.000000
0.000000
0.000000
0.000000
0.000000
0.000000
0.000000
0.000000
0.000000
0.000000
0.000000
0.000000
0.000000
0.000000
0.000000
0.000000
0.000000
0.004896
0.000000
0.000000
0.000000
0.000000
0.000000
0.000000
0.000000
0.012378
0.000000
0.000000
0.000000
0.000000
0.000000
0.000000
0.000000
0.000000
0.000000
0.000000
0.000000
0.000000
0.000000
0.000000
0.000000
0.000000
0.000000
0.000000
0.000000
0.000000
0.000000
0.000000
0.000000
0.000000
0.000000
0.000000
0.000000
0.243775
0.000000
0.000000
0.000000
0.000000
0.000000
0.000000
0.000000
0.000000
0.354859
0.000000
0.000000
0.000000
0.000000
0.000000
0.000000
0.000000
0.000000
0.000000
0.000000
0.000257
0.000000
0.000000
0.152581
0.000000
0.000000
0.000000
0.000000
0.000000
0.000001
0.000000
0.000000
0.000000
0.000000
0.000000
0.000000
0.000357
0.000000
0.000000
0.000000
0.000000
0.000000
0.000000
0.000000
0.000000
0.000000
0.100398
0.000000
0.048619
0.000000
0.000000
0.000000
0.039501
0.000000
0.000731
0.000000
0.000000
0.000000
0.000000
0.000000
0.000000
0.000000
0.000000
0.000000
0.000000
0.000000
0.000000
0.000000
0.000000
0.000000
0.030866
0.001906
0.000000
0.000000
0.000000
0.000000
0.000000
0.000000
0.000000
0.000063
0.000000
0.000000
0.000000
0.718240
0.000000
0.000000
0.000000
0.000000
0.000000
0.000684
0.538781
0.000000
0.000000
0.000000
0.000000
0.000000
0.930338
0.000000
0.000000
0.000000
0.000000
0.000000
0.000000
0.000000
0.000000
0.000000
0.016720
0.000000
0.000000
0.000000
0.000000
0.999990
0.000000
0.000000
0.000000
0.000069
0.000000
0.000000
0.000000
0.000000
0.000000
0.000000
0.000000
0.000000
0.000000
0.061912
0.000000
0.000039
0.000000
0.000000
0.000000
0.000000
0.000000
0.000000
0.022949
0.000000
0.000000
0.000000
0.000000
0.000000
0.000000
0.000000
0.000000
0.000000
0.000000
0.110251
0.006400
0.000000
0.000079
0.000000
0.000000
0.000000
0.000000
0.000000
0.000000
0.000000
0.000000
0.000000
0.000000
0.000000
0.000000
0.000000
0.000000
0.265293
0.027480
0.000000
0.000000
0.000000
0.000000
0.000000
0.000000
0.000000
0.000000
0.439495
0.000000
0.000000
0.000000
0.000000
0.214982
0.000000
0.000000
0.000000
1.000000
0.000000
0.000000
0.000000
0.000016
0.000000
0.000000
0.000000
0.000000
0.000000
0.708890
0.037432
0.000000
0.000000
0.000000
0.000247
0.092257
0.000000
0.000000
0.000000
0.000000
0.000000
0.000000
0.000000
0.000000
0.000000
0.000000
0.000000
0.000000
0.000000
0.000000
0.000000
0.000000
0.000000
0.000000
0.000000
0.000000
0.000000
0.000000
0.001466
0.016376
0.000000
0.000000
0.000000
0.000000
0.000000
0.000000
0.000000
0.000000
0.000000
0.000000
0.000000
0.000000
0.000000
0.000000
0.000000
0.000000
0.264973
0.010081
0.182029
0.048468
0.000000
0.000000
0.000000
0.004182
0.000000
0.000000
0.000000
0.000000
0.000000
0.000000
0.686087
0.051397
0.403991
0.000000
0.450584
1.000000
0.000000
0.512736
0.002867
0.000000
0.030698
0.000000
0.513524
0.006299
0.000000
0.000000
0.000000
0.000000
0.000000
0.000000
0.000000
0.000000
0.000000
0.012308
0.000000
0.000000
0.000000
0.000000
0.000000
0.000000
0.000000
0.000000
0.000000
0.000000
0.000000
0.983098
0.000000
0.000000
0.000000
0.132139
0.000000
0.000000
0.000000
0.000000
0.000000
0.000000
0.000000
0.000000
0.000000
0.000000
0.000000
0.000000
0.000000
0.007833
0.054550
0.000000
0.000000
0.000000
0.000849
0.000000
0.000000
0.000000
0.000000
0.000000
0.000000
0.000000
0.000000
0.000000
0.000000
0.552332
0.000000
0.000000
0.000000
0.258047
0.000000
0.000000
0.000000
0.000000
0.000000
0.000000
0.000000
0.005336
0.001769
0.000000
0.013379
0.000000
0.000000
0.000000
0.000000
0.000000
0.000000
0.064649
0.000000
0.000000
0.000064
0.000000
0.002095
0.000000
0.052724
0.000001
0.333077
0.000000
0.000000
0.000000
0.000000
0.000000
0.000000
0.000000
0.000000
0.000000
0.000000
0.000000
0.000000
0.000000
0.000000
0.961389
0.000000
0.000000
0.000000
0.000000
0.000000
0.001359
0.000000
0.000000
0.188771
0.000000
0.000000
0.000000
0.000000
0.005979
0.134376
0.000000
0.000000
0.000000
0.000000
0.000000
0.000000
0.000000
0.000000
0.000000
0.000000
0.000000
0.000000
0.000000
0.456082
0.000000
0.000000
0.000000
0.003600
0.000000
0.126858
0.000000
0.000000
0.000000
0.000000
0.000000
0.000000
0.000000
0.000000
0.000000
0.000000
0.000000
0.000000
0.054484
0.000000
0.000000
0.000000
0.000000
0.026929
0.059377
0.000000
0.000000
0.000000
0.000223
0.124480
0.000000
0.000000
0.380631
0.000000
0.000000
0.067864
0.000000
0.000000
0.000000
0.000000
0.000000
0.000000
0.000000
0.000000
0.000000
0.000000
0.000000
0.000000
0.000000
0.000000
0.000000
0.000000
0.000000
0.000000
0.000000
0.000000
0.000000
0.000000
0.000000
0.000000
0.000000
0.000000
0.000000
0.194906
0.278424
0.062827
0.000000
0.000000
0.000347
0.831792
0.000000
0.381057
0.000000
0.000000
0.000000
0.000000
0.000000
0.000000
0.000000
0.000000
0.000000
0.000000
0.000000
0.486524
0.000000
0.876745
0.000000
0.000000
0.000000
0.000000
0.000372
0.000000
0.000000
0.000000
0.000000
0.000000
0.000000
0.000000
0.000000
0.000000
0.000000
0.000000
0.000000
0.000000
0.000000
0.000000
0.000000
0.000000
0.000000
0.000000
0.000000
0.000000
0.000000
0.972553
0.000000
0.000000
0.004751
0.000000
0.000000
0.000000
0.000000
0.000000
0.000000
0.000661
0.000000
0.000000
0.000000
0.000000
0.000000
0.000000
0.000000
0.000000
0.000000
0.000000
0.000000
0.000000
0.000000
0.000006
0.000000
0.000000
0.000000
0.000000
0.000003
0.000000
0.000000
0.000000
0.000000
0.000000
0.010268
0.000000
0.000000
0.287153
0.000000
0.000000
0.000000
0.000000
0.000000
0.000000
0.000000
0.000000
0.000000
0.046441
0.000000
0.614568
0.013939
0.000000
0.000000
0.000042
0.000000
0.000000
0.024685
0.017213
0.000000
0.000000
0.314992
0.000000
0.000000
0.000000
0.551881
0.000000
0.000000
0.000000
0.000350
0.000000
0.000000
0.233093
0.000000
0.000000
0.000000
0.000000
0.000000
0.000000
0.000000
0.000000
0.004351
0.000000
0.000000
0.000000
0.000000
0.000000
0.000000
0.000000
0.062018
0.013036
0.000000
0.000000
0.000000
0.000000
0.000000
0.000000
0.076548
0.000000
0.000000
0.000000
0.000000
0.000000
0.000000
0.000000
0.000000
0.120432
0.000000
0.000000
0.000000
0.000000
0.000000
0.000000
0.000000
0.000000
0.000000
0.000000
0.000000
0.747737
0.000000
0.000000
0.000000
0.000000
0.000000
0.000000
0.000000
0.000000
0.000000
0.000000
0.006439
0.000000
0.000000
0.000000
0.000000
0.000000
0.050478
0.000000
0.000003
0.061074
0.000000
0.000000
0.000101
0.000000
0.000000
0.000000
0.000000
0.000000
0.000000
0.004708
0.000000
0.000003
0.000000
0.444645
0.000000
0.000000
0.000000
0.000000
0.000000
0.000000
0.000000
0.197435
0.000000
0.000000
0.000000
0.000000
0.000000
0.000000
0.000000
0.000000
0.000000
0.000000
0.000000
0.068444
0.000000
0.000000
0.000000
0.000000
0.000000
0.000000
0.000000
0.000000
0.000000
0.000000
0.000000
0.000000
0.000000
0.000000
0.000000
0.000000
0.000000
0.000003
0.000000
0.000000
0.127968
0.006068
0.000000
0.000000
0.000000
0.000000
0.000000
0.000000
0.000000
0.000000
0.122651
0.001917
0.000000
0.000000
0.000000
0.000000
0.998224
0.000033
0.000000
0.000000
0.301625
0.000000
0.132240
0.000000
0.000761
0.000000
0.000000
0.000000
0.000605
0.000000
0.000000
0.000013
0.000000
0.000000
0.000000
0.000000
0.000000
0.000000
0.000000
0.152250
0.000000
0.000000
0.000018
0.000000
0.688111
0.000000
0.000000
0.000000
0.000194
0.000000
0.000000
0.000000
0.000000
0.000000
0.079409
0.000000
0.000000
0.000000
0.000000
0.133080
0.000000
0.000000
0.000000
0.000000
0.071926
0.000000
0.000000
0.000000
0.000000
0.000000
0.000000
0.000000
0.000000
0.000000
0.000000
0.000000
0.000000
0.000000
0.000000
0.000000
0.000000
0.000000
0.012629
0.000000
0.000000
0.000000
0.000000
0.000000
0.000000
0.000000
0.000161
0.000000
0.000000
0.000000
0.000000
0.000000
0.000000
0.000000
0.000000
0.000000
0.000000
0.892587
0.000000
0.000000
0.000000
0.000000
0.002764
0.034144
0.000000
0.000000
0.000000
0.000000
0.000000
0.000000
0.148832
0.000000
0.000000
0.000000
0.000116
0.000000
0.000000
0.000000
0.000000
0.994356
0.000000
0.000000
0.000000
0.000000
0.003085
0.000000
0.000000
0.000000
0.000000
0.000000
0.000000
0.000000
0.000000
0.000000
0.000000
0.000000
0.000000
0.000000
0.000000
0.000000
0.000000
0.002031
0.000000
0.000138
1.000000
0.693987
0.000000
0.000000
0.000000
0.000000
0.000000
0.000000
0.000032
0.000000
0.000426
0.000000
0.000000
0.000000
0.011800
0.000000
0.000000
0.261057
0.837786
0.000000
0.000000
0.000000
0.064598
0.000000
0.512896
0.000000
0.152350
0.000000
0.000000
0.000000
0.000000
0.000000
0.000000
0.000000
0.000000
0.000000
0.000000
0.000000
0.000000
0.000000
0.000301
0.000000
0.000000
0.000000
0.000000
0.000000
0.000000
0.000000
0.000000
0.004099
0.000000
0.000000
0.000000
0.000000
0.000000
0.000000
0.000000
0.000000
0.000000
0.000000
0.000000
0.000000
0.000000
0.000000
0.001615
0.000000
0.000000
0.000000
0.000000
0.000000
0.000000
0.000000
0.000000
0.000000
0.000000
0.000000
0.000000
0.000000
0.000000
0.000000
0.000000
0.000000
0.000000
0.000000
0.000000
0.000469
0.000000
0.000000
0.000000
0.000000
0.000000
0.000000
0.000000
0.000000
0.000000
0.520811
0.000000
0.000000
0.000000
0.000000
0.130382
0.000000
0.000000
0.000000
0.000000
0.000000
0.000000
0.017216
0.313688
0.216668
0.000000
0.974314
0.000000
0.000000
0.000000
0.000000
0.000000
0.000000
0.000000
0.000000
0.000000
0.002548
0.000000
0.000000
0.009772
0.062294
0.000000
0.000325
0.000000
0.000000
0.000000
0.000000
0.000000
0.000000
0.000000
0.000000
0.000000
0.000000
0.000000
0.000788
0.000000
0.005985
0.000000
0.000000
0.000000
0.000000
0.000000
0.000000
0.000000
0.000000
0.000000
0.870008
0.000000
0.067733
0.000000
0.000000
0.000000
0.008355
0.000000
0.000000
0.000000
0.000000
0.000000
0.015282
0.000000
0.000000
0.000000
0.001183
0.000000
0.018446
0.019128
0.000000
0.000000
0.000000
0.000000
0.000000
0.000000
0.000000
0.066249
0.002080
0.000000
0.241785
0.000000
0.198344
0.000000
0.000000
0.054581
0.000000
0.000000
0.000000
0.000000
0.000000
0.000000
