0.708650
0.745744
0.998318
0.125598
0.918413
0.325341
0.322619
0.000301
0.980093
0.992788
1.000000
0.087015
0.462755
0.971058
1.000000
0.999990
0.982713
0.754104
0.163980
0.946982
0.992646
0.965131
0.710337
0.680011
0.014882
0.000000
1.000000
0.918595
0.906339
0.198382
0.918326
0.975655
0.896450
1.000000
0.975631
0.846518
0.986111
1.000000
0.934447
0.013020
0.934659
0.934459
0.022950
0.932860
0.000000
0.999998
0.899516
0.997469
0.750785
0.985368
0.992459
1.000000
0.993918
0.899463
0.001241
0.000000
0.124151
0.940439
1.000000
0.000000
0.012018
0.904250
0.877341
0.514497
0.961983
0.474254
0.004595
0.995991
0.649830
0.998852
0.766886
0.997640
0.732353
0.081452
0.771927
1.000000
0.833083
0.958270
0.707478
1.000000
1.000000
0.993530
0.907822
0.038161
0.899971
0.552898
0.258316
0.496319
0.045549
0.999486
0.981936
0.991783
0.971393
0.991974
0.999903
0.776918
0.000000
0.164879
0.994270
0.841170
0.474027
0.847080
0.886455
0.842474
0.959827
0.999643
0.967618
0.990486
0.000000
1.000000
0.000000
0.883568
1.000000
0.525557
0.821023
0.984078
0.586568
0.956349
0.794475
0.000000
0.858807
0.489388
0.000000
0.998899
0.935678
0.005373
0.029925
0.645955
0.623375
0.985169
0.791826
0.992130
0.232523
0.128879
0.000000
0.995520
0.870112
0.000000
0.731216
0.783896
0.000041
0.000000
1.000000
0.061282
1.000000
0.000421
0.927876
0.713603
0.796212
0.800426
0.013607
0.007828
1.000000
0.582868
0.528068
0.000000
0.000000
0.743096
0.021775
0.000041
0.979106
0.789171
0.987146
1.000000
0.999923
0.026397
0.331019
0.982154
0.999693
0.873459
0.881425
1.000000
0.682248
0.906966
0.496359
1.000000
0.297439
0.621906
0.000000
0.999975
1.000000
0.016444
0.000000
0.998093
0.959518
0.000000
0.998868
0.969667
0.999222
0.999994
0.940549
0.000000
0.968242
0.954043
1.000000
0.453135
0.000000
1.000000
0.248147
0.999982
0.994442
0.989736
0.999996
0.000000
0.999600
0.000000
0.078020
0.817368
0.811626
1.000000
0.998682
0.291815
0.145110
0.000000
0.999506
0.867931
0.087225
0.935275
0.919163
0.859859
0.991818
0.999973
0.900964
0.007007
0.987138
0.979716
0.521502
0.000000
0.936964
0.000000
0.441655
0.836220
1.000000
1.000000
0.984766
0.009376
0.616338
0.193350
0.925756
0.000000
0.000000
0.991415
0.359963
1.000000
0.935620
0.185258
1.000000
0.000000
1.000000
0.000000
0.996461
0.754060
0.968957
0.834927
0.582278
0.951876
0.870167
0.844959
0.815773
0.999992
0.019030
0.995171
0.407419
0.940311
1.000000
0.954181
0.999237
0.757242
0.737280
0.533031
0.073359
0.000000
0.299371
0.972974
0.640401
1.000000
0.998941
1.000000
1.000000
0.649869
0.992887
0.000000
0.990509
0.977765
0.846262
0.999209
0.995569
0.792530
1.000000
0.960535
0.999462
0.376872
0.998469
0.967314
0.999058
0.999999
0.743528
0.980942
0.814622
0.622903
0.934786
0.376911
0.730186
0.999902
0.735215
0.996287
0.999971
0.994800
0.090293
0.999961
0.855966
0.992928
0.217156
0.000000
0.995427
1.000000
0.974852
0.970021
0.980691
0.077427
0.990430
1.000000
0.553860
1.000000
0.966886
0.832678
0.000000
1.000000
0.000000
0.195124
0.770421
0.999627
0.999852
1.000000
0.912387
0.975185
1.000000
0.913589
0.998473
0.986290
0.999691
0.369406
0.999997
0.998934
0.638177
1.000000
0.155594
0.981848
1.000000
0.940485
0.995406
0.997123
0.835577
0.614546
0.479103
0.968066
0.957845
0.963200
1.000000
0.978264
0.999906
0.000000
0.000000
0.996693
1.000000
0.951601
0.960464
0.990641
0.451974
0.874013
0.895349
0.989239
0.972401
0.999848
0.905604
0.938870
0.997092
0.999351
0.613065
0.861952
0.934494
0.947686
0.999351
0.114315
0.000088
1.000000
1.000000
0.815872
0.170765
0.527436
0.645815
0.999130
0.998955
0.793278
0.852930
0.999983
0.311285
0.896785
0.002527
0.999887
0.386934
0.004873
0.999294
0.000612
0.999814
1.000000
0.999336
0.946078
0.005310
1.000000
0.768089
0.798331
0.991414
0.924960
0.999999
1.000000
0.995790
0.999950
1.000000
0.002662
0.476370
0.130981
0.435474
0.998094
0.999888
0.176765
0.988025
0.997317
1.000000
0.999042
0.986843
0.000000
1.000000
0.148878
1.000000
0.961482
0.357814
1.000000
0.903383
0.202160
0.993357
0.999816
0.999788
0.985097
0.646361
0.943875
0.990882
0.000000
0.978223
0.998289
1.000000
0.612652
1.000000
0.000000
0.783795
0.999999
0.355834
0.000000
0.999996
0.000000
0.800187
0.989247
0.986431
0.004181
0.856718
0.994767
0.539010
0.230241
0.870535
0.000000
0.165843
0.882580
0.074436
1.000000
0.358801
0.123459
0.832871
0.867985
0.230037
0.979511
0.000000
1.000000
0.984044
0.834829
1.000000
0.000000
0.999993
0.988611
0.996461
0.005560
0.961963
0.000181
0.977011
0.999993
1.000000
0.968006
0.323351
0.021769
0.994080
0.999552
0.926722
0.414079
0.461444
0.987097
1.000000
0.000000
0.999312
0.000000
0.999994
0.000000
0.992676
0.884060
0.859725
1.000000
0.999432
0.999893
0.552856
0.999997
0.999638
0.999962
0.000000
0.839683
0.709156
1.000000
0.993792
1.000000
0.992307
0.002175
0.999952
0.000000
0.999998
0.999996
0.999971
0.975077
0.000000
0.007714
0.998095
0.951186
0.000000
0.000000
0.757562
0.000000
0.000000
0.646110
0.943335
1.000000
0.005268
0.593620
0.764478
0.999572
0.585126
0.937076
0.999419
0.178911
0.999734
0.000000
0.000353
0.451980
0.851698
0.929800
0.278920
0.999896
0.909274
0.350566
0.949641
0.002409
0.021672
1.000000
1.000000
0.000000
0.888590
1.000000
0.892961
0.937767
0.911795
0.000473
0.999818
0.961235
0.859090
0.888960
0.993959
0.002237
0.000000
0.935904
0.000000
0.985129
0.000000
0.897050
0.559898
0.963733
0.313020
0.968221
0.000000
0.000000
0.174146
0.944683
0.697428
0.365371
0.000000
0.999764
0.999153
0.542671
0.586918
0.999102
0.991667
0.569006
0.872235
0.960500
0.499081
0.594612
0.718844
1.000000
0.999310
0.697243
1.000000
0.091331
0.933078
0.995501
0.992643
0.959670
0.653723
0.975759
0.959706
0.999694
0.999932
1.000000
0.070718
0.000000
0.999886
0.934034
0.997870
0.780066
0.807594
0.980140
0.038049
0.783162
0.999706
0.000000
0.789887
0.006905
0.999270
1.000000
0.697292
0.988245
0.989575
0.999999
0.000000
0.910212
0.999101
0.003117
0.604014
0.977551
0.984056
1.000000
1.000000
0.999995
0.882269
0.677753
0.000234
0.999815
0.856109
0.999992
0.464455
0.874128
0.999584
0.999987
0.706404
1.000000
0.973647
0.982536
0.076872
0.986267
0.934625
0.361908
1.000000
0.718508
0.990112
0.818372
0.971372
0.748687
1.000000
0.999868
1.000000
0.948327
0.036626
0.842485
0.290130
0.801078
0.000000
0.999884
0.002891
0.995142
0.966013
0.977964
0.986018
0.999567
0.714612
0.988218
1.000000
0.352593
0.999838
0.998941
0.858108
0.000000
0.888609
0.446859
1.000000
0.876154
1.000000
0.995814
0.999853
0.951957
0.933419
0.106182
0.583852
0.995697
1.000000
0.877946
1.000000
0.854137
0.997447
0.318273
1.000000
0.000000
1.000000
1.000000
0.999969
0.794397
0.808218
0.995212
0.997601
0.999431
0.999903
0.918831
0.996100
1.000000
1.000000
0.001593
1.000000
0.999992
0.981458
0.769382
0.702781
0.998880
0.976534
0.756208
0.910458
0.980540
0.018156
0.181735
0.396259
0.000000
0.646957
1.000000
0.983252
0.999458
1.000000
0.926394
0.523353
1.000000
0.983144
0.985886
0.000000
0.999828
0.960750
1.000000
0.919568
0.999785
0.880861
0.781559
0.000000
0.999873
0.968465
0.000000
1.000000
0.999297
0.015535
0.978656
0.833137
0.875726
0.994200
0.987599
0.000000
0.962070
0.000056
0.364415
0.999577
0.000000
0.000000
0.000000
0.875834
0.646853
1.000000
0.785205
0.000000
0.000000
0.995065
0.999977
1.000000
0.950358
0.999237
0.000000
0.000000
0.987618
1.000000
1.000000
0.987248
1.000000
0.889998
0.980575
0.783830
0.121278
0.904392
1.000000
0.922178
0.011382
0.612041
0.994079
0.253909
0.943034
0.000000
0.996039
0.796441
0.817826
0.736508
0.999980
0.951612
0.642669
0.584712
1.000000
0.100616
0.999959
0.952538
0.961943
0.186917
0.998660
0.998161
0.007048
0.889274
1.000000
0.790153
0.047126
0.071428
0.996208
1.000000
1.000000
0.342615
1.000000
0.448114
0.999979
0.000000
0.955635
0.969684
1.000000
0.000000
0.997550
0.997742
0.978994
0.000000
0.998385
0.998273
1.000000
1.000000
0.036593
0.651587
0.829733
0.998273
0.999974
0.003202
0.999971
0.598400
0.968278
0.338434
0.999504
0.831298
0.929333
0.999988
0.000000
0.097436
0.993033
0.945643
0.000030
1.000000
1.000000
0.724566
0.155471
0.996747
0.981564
0.603935
0.929760
0.999300
0.114705
0.351634
0.981071
0.999975
0.750750
0.996853
0.995783
0.907947
0.999351
1.000000
0.919675
0.000000
0.000000
0.803421
1.000000
0.000000
0.998926
0.783751
0.919386
0.999090
0.946867
1.000000
1.000000
0.216847
0.702447
0.990689
0.281775
0.000000
1.000000
0.938163
0.915685
0.923372
0.412344
0.999779
0.966666
0.916961
0.999116
0.093708
0.850055
0.805832
0.000036
0.989423
0.999997
1.000000
0.929330
0.981268
0.003371
0.164681
0.450900
1.000000
0.001163
0.983329
0.771185
0.681967
0.985089
0.884573
0.995185
0.000008
0.000000
0.882491
0.899052
0.863216
0.999687
0.972228
0.879787
0.999955
0.901289
0.999737
0.000000
0.868926
0.186041
0.116365
0.725738
0.000000
0.729784
0.245085
0.842842
0.999926
0.999501
1.000000
0.770077
0.858738
0.999996
0.994233
1.000000
0.993654
0.999236
1.000000
0.000000
0.978074
0.980483
0.975473
0.661241
0.999910
0.985956
1.000000
0.000000
0.702676
0.999836
0.450304
0.963157
0.000000
0.996745
1.000000
0.654285
0.789327
0.301473
0.000000
0.910618
1.000000
0.945348
0.721609
0.000000
0.000000
0.999786
0.048433
0.390085
0.998473
1.000000
0.972192
0.907540
0.609133
0.973926
0.999999
0.684920
0.627795
0.000000
0.741244
1.000000
0.863083
0.736985
0.096880
0.220653
1.000000
0.000000
0.857163
0.999764
1.000000
0.995109
0.999400
0.802806
1.000000
0.999217
0.000000
0.000098
0.000000
1.000000
1.000000
1.000000
0.578170
1.000000
0.000439
0.126269
0.263755
0.931618
0.999235
0.665513
0.999945
0.090187
0.993353
1.000000
0.000000
0.973676
0.439156
0.916952
0.000000
0.865547
0.122381
0.000000
0.521464
1.000000
0.995126
0.480694
0.000000
0.646421
0.975632
0.999830
0.745840
0.999976
0.676985
0.977882
1.000000
1.000000
0.999946
1.000000
0.105230
0.984563
0.996480
0.839282
0.000000
0.395141
0.997538
0.789391
0.525359
0.987092
0.000000
0.000705
0.363902
1.000000
0.962375
0.351067
0.000000
0.496994
1.000000
0.000000
0.999829
0.581614
0.012699
0.998298
1.000000
0.000000
0.564752
0.247180
0.987546
1.000000
0.765768
0.000000
0.918982
1.000000
0.998784
0.999831
0.811396
0.996694
0.489297
0.436819
1.000000
0.327657
0.984325
0.000000
0.000000
0.041620
0.899541
1.000000
0.490414
0.989315
1.000000
0.906939
0.861747
0.998816
0.000024
0.318094
0.999553
0.999999
1.000000
0.056658
0.941525
1.000000
0.741362
0.000014
0.976455
0.988810
1.000000
0.385256
0.971454
0.938888
0.935114
0.843259
0.100632
0.000047
0.051635
1.000000
0.028026
0.898284
0.894836
1.000000
0.761731
0.908567
0.804702
0.093505
0.000000
0.000000
0.691696
0.000000
0.000000
0.884328
0.999163
0.999113
0.999992
0.442084
0.986483
0.829522
0.999995
0.994258
0.989421
0.927421
0.954693
0.167587
1.000000
0.980287
0.999708
0.782890
0.965131
0.000000
0.625857
0.450073
0.972758
0.967340
0.605890
0.000000
0.940357
0.000000
1.000000
0.578668
0.212478
0.951964
0.597832
0.998928
0.923969
1.000000
0.845047
0.995632
0.820082
0.999455
0.691310
0.948110
0.866143
0.999903
0.996409
0.736951
0.954521
0.000000
0.999990
0.937980
0.932224
0.936458
0.978648
0.659889
0.889304
0.971804
0.984661
0.000000
0.999955
0.996260
0.000000
0.116196
0.942613
0.000000
0.913031
0.972002
0.534288
0.000312
0.999995
0.019377
0.061850
0.807952
1.000000
0.011520
0.000000
0.763271
0.006186
0.934313
0.999912
1.000000
1.000000
0.929788
0.000000
0.938168
0.000000
0.175759
0.335543
0.969043
0.976455
0.993449
0.049445
0.963484
0.937827
0.999954
0.794206
1.000000
0.897760
0.600677
1.000000
0.791617
0.655273
0.955810
0.567237
1.000000
0.001018
0.981499
0.000000
0.993281
0.947915
1.000000
0.521866
1.000000
1.000000
0.999952
0.986428
0.996443
0.471063
0.956240
0.000000
0.997935
0.884162
0.120630
1.000000
0.999595
0.999533
0.933059
1.000000
0.992024
0.006137
0.559117
0.407345
1.000000
0.713380
0.982727
0.014338
0.966886
1.000000
0.028920
0.252523
1.000000
0.988740
0.000000
0.000000
0.821280
0.692789
0.026397
0.998375
0.000000
0.942817
0.999992
0.000000
0.629077
0.612041
0.999669
0.795058
0.932138
0.664487
0.669873
0.940080
1.000000
0.664465
0.415147
0.999661
0.000000
0.509615
0.952880
0.132663
0.998925
0.000000
0.000000
1.000000
0.762527
0.831117
0.846878
0.981561
0.950883
0.000000
0.000000
0.000000
0.583802
0.909705
0.385804
0.947790
1.000000
0.963230
0.729092
0.964342
1.000000
0.999666
0.946982
0.567890
0.992058
0.625447
0.647328
0.825223
0.000000
0.997502
0.002317
0.906346
1.000000
1.000000
0.864051
0.818063
0.622067
0.993832
0.984304
0.000000
0.982777
0.075632
0.984579
0.000000
1.000000
0.000000
0.984572
0.000000
0.629869
1.000000
1.000000
1.000000
0.839518
0.841629
0.000000
0.715136
0.000000
0.986753
0.925150
0.981118
0.985881
0.994945
0.254539
0.981713
0.987060
1.000000
0.998877
0.945571
0.000000
0.967353
0.987814
0.999993
0.969042
0.981071
0.000000
0.937909
0.000000
0.998509
0.758772
0.000000
0.828981
1.000000
1.000000
0.000000
0.942729
0.999485
0.654634
0.111989
0.136451
0.984696
1.000000
0.945946
0.000150
0.826950
0.000000
1.000000
0.959363
0.867078
0.877183
0.974172
0.978572
0.000000
0.999975
0.363902
0.984724
0.964941
0.845431
0.990901
0.675906
0.072869
0.973010
0.000000
0.762537
0.554824
1.000000
0.970176
0.997412
0.713060
1.000000
0.999844
0.866237
0.949799
0.010410
0.987970
0.000000
0.998235
0.998564
0.000000
1.000000
1.000000
0.985348
0.999365
0.006243
0.992444
0.999053
0.997130
0.393077
0.892033
0.937768
0.999998
1.000000
1.000000
1.000000
0.000000
0.998076
0.269550
1.000000
0.999718
1.000000
0.015562
0.876962
0.996119
0.090244
0.999638
0.001170
0.655250
0.421973
0.729092
0.000000
0.979642
0.921559
0.965316
0.998525
0.849245
0.999994
1.000000
0.208350
0.872167
0.000000
0.000000
0.320944
0.999955
0.090454
0.680213
0.018754
0.003544
0.869583
0.981291
0.115155
0.931235
0.777591
0.099164
0.162308
0.000000
0.000000
0.875647
1.000000
0.000000
0.000000
0.744785
0.540902
0.086482
0.214431
0.285522
0.943535
1.000000
0.908527
0.233559
0.999589
1.000000
0.189774
0.661744
0.689399
1.000000
0.570605
1.000000
0.650934
0.603880
1.000000
0.698925
0.521044
1.000000
0.990392
0.988543
0.193445
0.930729
0.708950
0.998811
0.897234
1.000000
0.460693
0.195188
1.000000
0.094958
0.000000
0.968697
0.975269
0.897080
0.955623
1.000000
0.017062
0.998387
0.999998
1.000000
0.007626
0.955483
0.926424
0.347709
0.857304
0.966202
0.124619
0.954228
0.115813
0.810818
0.000000
0.748754
0.929478
0.999055
0.999527
0.000000
0.304675
0.436951
0.015870
0.987991
0.233798
0.000000
0.389771
0.744634
0.545110
0.990594
0.984110
0.254721
0.013208
0.259955
0.965614
0.988093
0.980996
0.999563
0.000000
0.000000
0.000000
0.963371
0.995001
0.994654
0.830798
0.999999
0.693125
0.990285
0.043568
0.841455
0.020946
0.981819
0.999999
0.759147
1.000000
0.998557
0.999616
1.000000
0.858066
1.000000
0.000000
0.261674
0.983363
0.999511
0.950549
1.000000
0.000000
1.000000
0.169047
0.000117
0.918765
0.615594
0.948196
0.989625
0.715767
0.986477
0.893301
0.577633
1.000000
0.954732
0.986008
0.999999
0.807284
0.515882
0.925140
0.762341
0.929760
0.840333
0.000000
1.000000
0.732620
1.000000
0.000000
0.999995
0.510091
0.896335
0.003330
0.999997
0.999436
0.983592
0.919986
0.828714
0.000000
1.000000
1.000000
1.000000
0.997018
0.964509
0.746382
0.733491
0.216241
0.198352
0.408110
0.356586
0.000000
1.000000
1.000000
0.937792
1.000000
1.000000
0.319665
0.865687
0.999993
0.946814
0.988759
0.331454
0.999960
0.992927
1.000000
0.999996
0.918487
0.000000
1.000000
1.000000
0.000000
0.000000
0.000000
0.000000
0.353259
0.861027
0.123076
0.999699
0.896231
0.200929
0.979329
0.012960
0.999999
0.708592
0.415050
0.009485
0.693200
0.000000
0.043679
0.933599
0.000000
0.000000
0.143232
0.984299
0.081535
0.000000
0.957835
0.323147
0.227469
0.904412
0.000000
0.999213
0.863596
0.978138
0.297439
0.992632
0.926820
0.917429
0.700525
0.877664
1.000000
1.000000
0.649818
0.005688
0.925486
0.682331
0.400117
1.000000
0.990552
1.000000
0.883149
0.716698
0.998947
0.995179
0.619637
0.987196
0.429204
0.818474
0.999959
0.830369
0.517712
0.790270
0.165627
0.999230
0.441044
0.000000
0.000000
0.640085
0.999999
0.000000
0.999235
0.253831
1.000000
0.000000
0.992737
1.000000
1.000000
0.886925
0.990740
0.919069
0.985779
0.599138
0.891287
0.912748
0.870308
0.004003
0.023895
0.000000
0.999902
0.619400
0.043628
0.029746
0.064985
0.869756
0.999965
0.959924
0.996719
0.998035
0.142243
0.999999
0.000000
0.471184
0.000000
0.997858
0.187042
1.000000
0.138101
0.000000
0.036839
1.000000
0.812241
0.882811
0.782823
0.066215
1.000000
0.036809
0.689595
0.806438
0.734451
0.000000
0.000000
1.000000
0.000000
1.000000
0.000000
0.000000
0.128082
1.000000
0.999603
0.000013
0.969062
0.007344
0.883744
0.185022
0.453026
0.000000
0.997741
0.901795
0.987639
0.002003
0.017952
0.263954
0.584920
0.983049
1.000000
0.835577
0.039196
0.908418
0.528423
0.997831
0.999611
0.000000
1.000000
0.627236
0.059630
0.611025
0.970988
0.388549
1.000000
0.939355
1.000000
0.414377
1.000000
1.000000
0.971227
0.974083
0.139402
0.814980
0.151954
0.000000
0.669036
0.967215
0.987331
0.347760
0.785003
0.779232
0.298019
0.999998
0.678306
0.806277
0.456766
0.000000
0.991858
0.914373
0.999992
0.866242
0.991782
0.931209
0.627679
1.000000
0.874715
0.342746
0.960961
0.998856
0.814717
0.972342
0.000000
0.999978
0.000000
0.471039
0.671240
1.000000
0.934370
0.999871
0.774062
1.000000
0.687776
0.000000
0.035222
0.000000
0.000000
0.000000
0.567890
0.832739
1.000000
0.001457
0.960459
0.997734
0.695281
0.003213
0.896193
1.000000
0.013356
0.999916
0.999997
0.669255
0.999996
1.000000
0.999631
0.000000
0.967906
1.000000
0.996901
0.945767
0.000000
0.932696
0.996212
0.891027
0.970227
0.573247
1.000000
0.991104
0.982015
0.917257
1.000000
0.952832
0.541182
0.000000
1.000000
1.000000
0.000000
1.000000
0.561901
0.945563
0.730975
0.000000
0.154760
0.775620
0.959044
0.134241
0.983604
0.717691
0.807948
1.000000
0.956159
0.971599
0.541318
0.966492
0.992746
0.933193
0.037043
0.891953
0.092153
0.994262
0.910912
0.000000
0.976205
0.988292
0.990509
0.999884
0.557003
0.000000
0.927605
0.000692
0.944859
0.948253
0.701026
0.692193
1.000000
0.941790
0.670460
0.475930
0.984719
0.000344
0.998060
0.148744
0.959501
0.999291
0.967363
0.000000
0.648420
0.985791
0.997207
0.061089
0.000000
0.958942
0.385804
0.995183
0.417955
0.976963
1.000000
1.000000
0.619881
0.907656
0.929674
0.959706
0.990091
0.711843
0.006167
0.991050
0.985779
0.152763
0.555646
0.000000
0.000000
0.961587
0.999780
0.000000
0.965613
0.586716
0.830665
0.323440
0.790227
0.000000
0.999903
0.274295
0.994938
0.029522
0.998894
1.000000
0.997695
0.000000
0.794606
0.000000
0.619890
0.999295
0.000000
1.000000
0.823492
0.936358
0.999998
0.966948
0.887271
0.318618
0.992750
0.999999
0.455320
0.359120
1.000000
1.000000
0.138480
0.881261
1.000000
0.998820
0.052385
0.952050
0.851835
0.845646
0.599022
0.927868
0.001145
0.115518
0.999999
0.981228
0.858853
0.535615
0.005512
0.970122
0.885146
0.030064
0.000000
0.056003
0.194160
0.989491
0.997349
0.000000
0.961043
0.285088
0.553465
0.999895
0.067771
0.573033
0.996444
0.971996
0.965553
0.000000
0.952535
0.000000
1.000000
0.386738
0.971293
0.446547
0.004338
0.962184
0.999994
0.982055
1.000000
0.980091
0.997521
0.909922
0.999988
0.880796
0.999791
0.583233
0.645004
0.990076
0.939092
0.027513
0.999563
0.640018
0.550646
0.093857
0.000000
1.000000
1.000000
0.499303
0.999999
0.905925
0.499611
0.999813
0.408199
1.000000
1.000000
0.988341
0.000000
0.785704
0.999996
0.888530
0.978821
0.804638
0.000061
0.999980
0.754804
0.993876
1.000000
0.000000
0.798110
0.813744
0.999895
0.999999
0.823215
0.770067
1.000000
1.000000
0.987903
0.793386
0.231449
0.999680
0.755528
0.000000
0.999974
0.000000
0.866067
0.000000
0.636343
0.982041
0.674564
0.996510
0.997048
0.000000
0.006349
0.892961
0.924104
0.676886
0.101683
0.975507
0.000000
0.029779
0.996025
0.870848
0.000000
0.893478
0.742485
0.000000
0.955636
0.000000
1.000000
1.000000
0.985225
0.000355
0.999729
1.000000
0.423391
0.001522
0.000000
0.942474
0.000000
1.000000
1.000000
0.993615
0.999987
0.000000
0.000000
1.000000
0.611313
0.882705
0.867567
0.002054
0.999999
0.874036
0.670421
0.030039
0.982555
0.012812
0.979634
0.000000
0.962595
0.208779
0.559352
1.000000
0.925427
0.000000
0.933554
0.987224
0.000000
0.998862
0.998820
0.845925
0.995491
0.000000
0.500678
0.000000
0.438553
0.624013
0.000000
0.944393
0.805131
0.842899
0.910535
0.947269
0.000688
0.205702
0.999524
0.911191
1.000000
0.844959
0.418467
0.999999
0.758909
0.946492
1.000000
0.999565
0.743467
0.999999
0.836904
0.999709
0.932324
0.429674
0.999243
0.000000
0.999985
0.000000
0.676585
0.000000
0.574130
1.000000
0.963556
0.961467
0.000000
0.998510
0.998926
1.000000
0.004700
0.000000
0.881663
0.000000
0.998498
0.994646
0.938435
0.027513
0.948071
0.988150
0.906890
0.899343
0.997218
1.000000
0.766178
0.000000
0.452445
0.000000
0.217205
0.999986
1.000000
0.869752
0.923077
0.000698
0.999997
1.000000
0.963602
0.999985
0.915818
0.995488
1.000000
0.000000
0.000000
0.999997
0.594756
0.000000
0.000000
0.834891
1.000000
0.591117
0.000000
0.000000
1.000000
0.927096
0.936310
1.000000
0.973008
1.000000
0.002602
1.000000
0.794034
1.000000
0.844875
0.948610
0.999906
0.998156
0.966236
0.745209
0.351148
1.000000
0.999230
1.000000
0.655006
0.796394
1.000000
0.980445
0.761300
0.000000
0.000000
1.000000
0.722389
0.271730
0.861177
1.000000
0.973415
0.931985
0.914839
0.011253
1.000000
0.656609
0.934777
1.000000
0.105060
0.995965
0.979129
0.660240
0.842584
0.993245
0.998560
0.996366
0.612355
0.001889
1.000000
1.000000
0.983163
0.970901
0.985501
0.701937
0.949874
0.023401
0.006774
0.823718
0.738506
0.009230
0.000003
0.018350
0.197385
0.962406
1.000000
0.000000
0.999987
1.000000
0.999999
0.962921
0.915804
0.999962
0.002774
1.000000
0.995732
1.000000
0.786672
0.000000
0.947132
0.999461
1.000000
0.782281
0.022620
0.659180
0.999705
0.999996
0.987980
0.350894
0.497373
0.999954
0.534014
1.000000
0.550057
0.000000
0.016036
0.762811
0.296643
0.246947
0.827746
1.000000
1.000000
0.000000
1.000000
0.889151
0.999624
0.674020
0.000098
0.996840
1.000000
0.999522
0.953072
0.999965
0.990938
0.379456
0.132515
0.999812
0.471474
1.000000
0.670334
0.311868
0.139552
0.945626
0.999990
0.649329
0.518447
0.000000
0.978863
0.970720
0.003671
0.000597
1.000000
0.999505
0.228714
0.991548
0.009806
0.000000
0.003327
1.000000
0.000000
0.000000
0.000000
0.636222
0.042439
0.702909
0.382422
0.999968
0.998343
0.999830
0.009864
0.893369
0.944459
0.000000
0.000000
1.000000
0.952067
0.753846
0.999249
0.000000
0.999866
0.061278
0.934698
0.801190
1.000000
0.904411
0.000000
0.094501
0.010131
0.997727
0.922585
0.902301
0.994146
0.000000
1.000000
0.937456
1.000000
0.456436
0.669262
0.027291
0.950634
0.882365
0.000000
0.999897
0.708644
1.000000
0.976630
0.966081
0.000000
0.536417
0.813641
0.010633
0.563392
0.999336
0.987334
0.152876
1.000000
0.994212
0.867511
0.945666
0.966922
1.000000
0.837435
1.000000
0.845600
0.524401
0.941764
0.997541
0.710380
0.585701
0.150475
0.991219
0.046654
1.000000
0.588157
0.223133
0.000000
0.999926
0.998992
0.972226
1.000000
0.000000
0.000000
0.997980
0.909867
0.863825
0.970395
0.001002
0.999629
0.942244
1.000000
0.952880
0.023301
0.835803
0.995574
0.000000
0.663245
1.000000
0.999963
0.972567
0.002256
0.485673
0.000000
0.865784
0.000000
0.930196
0.891996
0.440392
0.970780
0.845569
0.484771
1.000000
0.531650
0.999231
0.922109
0.000000
0.704669
0.748321
0.961002
0.432582
0.989667
0.999988
0.000000
0.969694
0.818949
0.993666
1.000000
1.000000
0.527436
0.850244
0.965016
0.000000
0.997385
0.983345
0.000000
0.921273
0.975684
0.989228
0.999279
0.809065
0.991312
0.995503
0.924898
0.000775
0.997661
0.000000
0.999888
0.603731
1.000000
1.000000
0.330300
0.999662
0.961662
0.999989
0.414647
1.000000
0.259191
0.000000
0.747944
1.000000
0.777363
0.881905
0.929689
0.000055
0.873296
0.999992
0.663245
0.999994
0.998323
0.998878
0.281029
0.865784
0.106589
0.788037
0.999994
0.978573
0.038101
0.542357
0.437646
1.000000
0.922393
0.696822
0.918660
0.000000
0.999815
0.988170
0.887038
0.000000
0.124461
0.040716
0.454335
0.001748
0.609047
1.000000
0.989055
0.610406
0.998889
0.557432
0.868536
0.000000
0.241521
0.859114
0.000000
0.990126
0.510343
0.000000
0.829221
0.993983
0.000003
0.996552
0.000000
0.000000
0.950282
0.000000
0.869910
0.000000
0.990237
0.940121
0.727576
0.999903
0.533448
0.882706
0.634926
0.348747
0.852357
0.000000
0.000095
0.844875
1.000000
0.000000
0.988189
0.993333
0.898265
0.996583
0.948503
0.740423
0.000000
0.827931
0.896227
0.677328
0.965516
0.998456
0.999825
0.937889
0.000000
0.039235
0.995164
0.783142
1.000000
0.806348
0.897142
0.609875
0.970021
0.007248
0.600704
1.000000
0.026404
0.649781
0.000000
0.842485
0.874557
0.196078
0.998734
0.880854
0.395202
0.999853
0.000000
0.950930
0.798655
0.000000
0.956555
0.000000
0.229687
0.996980
0.000000
0.998136
0.992022
0.937944
1.000000
0.799413
0.935525
0.966250
0.999900
0.919972
0.999819
0.815750
0.037351
0.000000
1.000000
0.000000
0.211283
0.912403
0.000000
0.584863
1.000000
0.247159
0.985513
0.901886
0.988025
0.981409
0.000000
0.106106
0.568265
0.427402
0.005598
0.980659
1.000000
0.666934
0.972193
0.861959
0.718790
0.377600
0.000000
0.962599
0.000000
0.996048
1.000000
0.995158
0.580177
0.912789
0.999839
0.469876
0.996791
1.000000
0.988842
0.679341
0.735815
0.060713
0.000000
0.462490
0.268132
0.000764
0.777471
0.998375
0.559306
0.555752
0.999952
0.609303
1.000000
1.000000
1.000000
1.000000
0.000000
0.216646
0.826475
0.071479
0.834358
0.007436
1.000000
1.000000
0.907646
0.550735
0.998292
0.857744
0.998605
0.987980
0.923660
0.941309
0.842946
0.974052
1.000000
0.060242
0.743442
0.060986
0.957604
0.000000
0.832670
0.001646
0.054992
0.876161
0.967760
0.000000
0.611921
0.999432
0.000741
0.451390
0.695753
0.000000
0.895714
0.998361
0.896789
0.919903
0.687347
0.998545
0.999994
0.324576
0.996009
1.000000
0.895378
0.010870
0.649012
0.000000
0.989813
0.004792
1.000000
0.999333
0.000000
0.995851
0.487816
1.000000
0.933554
0.013994
0.493390
1.000000
0.919758
0.932020
1.000000
0.977721
0.616874
0.999873
0.618541
0.787967
0.001361
0.000000
0.995682
0.711496
0.901041
0.949075
0.000000
0.986683
0.017638
0.990871
0.000000
0.526159
0.858472
0.000000
0.327896
0.000000
0.992764
0.918408
0.000000
0.881358
0.666611
0.000000
0.000000
0.975759
0.992991
0.792961
0.991329
0.000000
0.000000
0.984242
0.999994
0.881064
0.998756
0.000000
0.007302
0.044642
0.881392
0.027829
0.999982
0.999803
0.000000
0.501581
0.952260
0.979774
0.000140
1.000000
0.734058
0.981511
0.881415
0.000182
1.000000
0.594025
0.999667
0.814533
0.999940
0.000000
0.998602
0.591574
0.000000
0.994108
0.821750
0.703045
1.000000
0.632578
0.909476
0.998341
0.000000
0.988528
0.871889
0.964757
0.997420
0.997767
0.987839
0.042906
0.998370
0.983940
0.997532
0.999130
0.999991
0.770711
0.987441
0.166252
0.013773
1.000000
0.778072
0.998683
0.998147
0.837882
0.999262
1.000000
0.804580
0.188657
0.859640
1.000000
0.957232
0.000000
0.999920
0.000000
0.035692
1.000000
0.961723
0.000000
1.000000
0.000000
0.974274
0.672711
0.916847
0.007690
0.173365
0.708821
0.843455
0.998748
0.000000
0.994591
0.701109
0.136534
0.187273
0.999743
0.173409
0.994726
1.000000
0.999978
0.891708
0.999806
0.021876
0.944522
1.000000
0.254645
0.724198
0.084376
0.000000
0.739431
0.708724
0.842417
1.000000
0.975672
0.947544
0.999749
0.546807
0.000000
0.843468
0.877745
0.000001
0.983804
1.000000
0.550093
0.667115
0.980830
1.000000
1.000000
0.998888
0.386035
0.673396
0.000000
0.988484
0.254206
1.000000
0.999971
0.000000
0.000000
0.172285
0.936643
0.734502
0.972764
0.041250
0.995981
0.000000
1.000000
0.953700
0.981039
0.676536
0.141362
1.000000
0.854749
0.919245
0.520849
1.000000
0.899815
0.981598
0.810871
0.183058
1.000000
0.000000
0.800496
0.000000
0.063858
0.893489
1.000000
0.946049
0.043025
0.017522
0.694392
0.117136
0.001951
0.047958
0.002463
0.047719
0.824395
1.000000
0.892021
0.811171
0.825558
0.998133
0.999250
0.000000
0.215346
0.663447
0.950474
0.996333
0.677096
1.000000
1.000000
0.922874
0.989771
0.857117
0.999889
0.073013
0.865716
0.831670
0.000000
0.333160
0.999825
0.000000
0.715510
0.988520
0.002081
0.004561
1.000000
0.833242
0.960372
0.923831
0.997605
0.000222
0.000000
0.940359
0.711605
0.756020
0.899278
0.994876
0.932400
0.000000
0.948528
0.929760
1.000000
0.899865
0.527838
0.159810
0.793646
0.010861
0.563379
0.171308
0.818930
0.227609
0.995107
0.989493
0.999999
0.999918
1.000000
0.999997
0.530039
0.538696
1.000000
0.429440
0.999986
0.968370
0.025407
0.839883
0.118451
0.999860
0.805977
1.000000
0.301251
0.000000
1.000000
0.987874
0.986714
0.982945
1.000000
0.998784
0.899112
0.089404
0.999866
0.815542
0.864696
0.988312
0.890452
0.902165
0.990401
0.066934
0.956484
0.000000
0.000000
0.000000
0.972559
0.584384
1.000000
0.040507
1.000000
0.999960
0.963254
0.000000
1.000000
0.987695
0.000673
0.677326
0.930853
0.996653
0.903977
0.648491
0.798246
0.000000
0.000000
0.125863
0.000000
0.979487
0.099661
0.303244
0.960127
0.000000
1.000000
0.004334
0.751018
0.674802
0.999222
0.998160
1.000000
0.963026
0.798657
0.000000
0.999697
0.999730
0.465300
0.995195
0.071747
0.000305
0.938725
0.986219
0.999999
1.000000
0.986165
1.000000
0.623967
0.695144
0.690907
0.658206
0.000000
0.030012
0.972493
0.953621
0.918587
0.030225
1.000000
0.999877
0.925046
1.000000
0.989864
0.894246
0.999862
1.000000
0.895129
0.996718
0.006616
1.000000
0.870888
0.773087
0.884207
1.000000
0.934232
1.000000
0.065410
0.002813
0.097664
0.999830
0.997965
1.000000
1.000000
0.491422
0.999988
0.999124
0.945515
0.004389
0.057095
0.845340
0.000000
0.980493
0.981303
0.997632
1.000000
0.905707
0.000000
0.036054
1.000000
0.915079
0.600987
0.973183
0.999960
1.000000
0.163932
0.000185
0.999547
0.999999
1.000000
0.999918
0.964555
0.000000
0.685945
0.953892
0.000000
0.969642
0.973039
0.044015
1.000000
0.985089
0.799566
0.003613
0.869859
0.450386
0.951633
0.971195
0.680747
1.000000
0.000000
0.855187
0.048777
0.004757
0.959142
0.243031
0.998658
0.997920
0.604891
0.673922
0.000000
0.952398
0.999542
0.995361
0.000000
0.975397
0.968977
0.002571
1.000000
0.909873
1.000000
0.988408
0.142553
0.153477
0.000000
0.900361
0.999995
0.999999
0.995464
0.001015
0.996723
0.624857
1.000000
0.790818
0.857793
0.705492
1.000000
0.870670
0.000000
0.895037
1.000000
0.958311
0.999984
0.969348
1.000000
0.999986
0.316503
0.277386
0.991066
0.999968
1.000000
0.873199
0.044281
0.775299
0.751346
0.045816
0.000000
0.967069
0.936262
0.943135
0.820414
0.999950
1.000000
1.000000
0.495274
1.000000
0.999993
0.060505
0.934718
0.000000
0.572658
0.844050
0.999295
0.988717
0.000000
0.842878
0.952736
0.994342
0.999882
0.598388
1.000000
0.340400
0.933560
0.000000
0.999978
0.375437
1.000000
0.962699
0.863680
0.286115
0.999825
0.999998
0.213702
0.999970
0.995322
0.786593
0.000000
0.732159
0.823857
0.997423
0.983482
0.706411
0.000000
0.999781
0.999718
0.868795
0.942809
0.761392
0.976482
0.021391
0.478095
0.426147
1.000000
0.878683
0.999992
0.539510
0.720097
0.989541
0.755455
0.951413
0.950079
0.999241
0.910597
0.855473
0.442068
0.410369
0.978441
1.000000
0.574899
0.000000
0.000000
0.954438
0.705251
1.000000
0.999795
0.000000
0.230970
0.564132
0.595704
0.998631
0.997139
0.993920
1.000000
0.040467
0.536599
0.999437
0.566015
0.000000
0.581553
0.000684
0.970965
0.720968
0.999770
0.926854
0.873436
0.928935
0.447664
0.961960
0.050655
0.995216
0.760804
0.000000
1.000000
0.997616
1.000000
0.999365
0.826168
0.223455
0.998283
0.999999
0.985748
0.995988
0.992577
0.000000
0.982667
0.999999
0.977103
1.000000
0.796558
0.997734
0.000000
0.000000
0.590174
0.852476
0.765556
0.740414
0.000000
0.993186
0.000242
0.004191
0.005643
0.816560
0.000000
0.000000
0.881886
0.911432
0.994932
0.569506
0.937379
0.000000
0.993951
0.996662
1.000000
0.994157
0.999999
0.650857
0.582333
1.000000
1.000000
0.996758
0.726537
0.999954
0.924532
0.987198
0.067634
1.000000
0.504719
0.999852
0.992394
1.000000
0.998836
0.999803
0.055351
1.000000
0.057802
0.991819
0.968619
1.000000
0.417473
0.999199
0.055337
0.999756
0.000000
0.999717
0.000000
0.968245
0.874011
0.992496
1.000000
0.999997
1.000000
0.885686
0.882780
0.000000
0.999973
0.999822
0.720651
1.000000
0.110479
1.000000
0.271228
0.663341
0.673922
0.987596
1.000000
0.529745
0.921255
0.999789
0.759660
0.002730
0.069718
0.854610
0.000000
0.952678
0.042390
0.000000
0.000000
0.951962
1.000000
0.940738
0.984139
0.956744
0.000000
0.000000
0.867574
0.872513
0.000000
0.913403
0.401994
0.999999
0.871066
0.000000
0.980283
0.174124
0.652877
0.994057
1.000000
0.999916
0.000000
1.000000
0.999999
0.710505
0.938017
0.987586
0.871170
0.996247
1.000000
0.000000
0.061732
0.912598
0.980042
0.000000
0.890537
0.791258
0.999134
0.402844
1.000000
0.005545
0.007679
0.121868
0.991651
0.999996
0.892922
0.000000
0.522383
0.037427
0.996415
0.000000
0.992766
1.000000
0.869595
0.959821
0.996121
0.806390
0.000000
0.984044
1.000000
0.999465
0.042390
0.686626
0.269210
0.646223
1.000000
0.967430
0.100404
0.978630
1.000000
0.005382
0.000000
1.000000
0.993219
1.000000
0.860183
0.999636
0.582113
0.633512
0.586182
0.994149
0.000000
0.000000
0.993074
1.000000
0.000000
0.999974
0.955153
0.981687
0.934940
0.615116
0.000000
0.281779
1.000000
0.999819
0.412684
1.000000
0.973556
0.000000
0.997497
0.000000
0.296006
0.861854
0.000000
0.979661
0.598772
0.570927
0.000000
0.987907
0.000000
0.986419
0.965494
0.961475
0.991854
0.428063
0.000000
0.998589
0.000000
1.000000
0.968991
0.856491
0.427203
0.999943
0.519487
0.634926
0.749603
0.894032
0.508948
0.999974
0.000000
0.775359
1.000000
0.000000
0.000211
0.871486
0.000000
1.000000
0.000000
0.819781
0.976021
0.042426
0.000000
0.000243
1.000000
1.000000
0.571772
0.079096
1.000000
0.870145
0.930158
0.270255
0.959849
0.997520
0.999225
0.990943
0.904381
0.999999
0.849437
0.492607
0.997502
0.961252
0.998560
0.087815
0.780506
0.000000
0.630586
1.000000
0.999301
0.993077
0.000000
0.971576
0.000000
1.000000
0.977094
0.999996
0.718976
0.305363
0.990710
1.000000
0.999999
0.999499
0.989608
0.888367
0.998571
0.989071
0.974577
0.998757
0.999947
0.799638
0.783350
0.994851
0.012898
0.829446
1.000000
0.980308
0.007586
0.024582
0.000076
0.131283
0.888646
0.843025
0.000000
0.534670
0.997598
0.751254
0.986485
0.986612
0.999972
0.974532
0.275168
0.905763
0.999629
1.000000
0.717249
0.897913
0.795047
0.999258
0.000000
0.719360
0.902908
0.624259
0.734260
0.896812
0.000008
0.999946
1.000000
0.860778
0.997742
0.999572
0.603642
0.552030
0.995865
0.850622
0.999990
0.946502
0.999997
0.631661
0.999989
0.936644
0.995584
0.983847
1.000000
0.405786
0.855656
0.622035
0.995269
0.982583
0.970452
0.809307
0.161215
0.983715
0.972084
0.937678
0.014774
0.827456
0.999764
0.998827
0.000000
0.000000
0.784261
0.988620
0.801842
0.785157
0.550553
0.793452
0.999992
0.267013
0.000000
1.000000
0.880046
0.000000
0.890312
0.848553
1.000000
0.000152
0.000000
0.971143
0.779557
0.999983
0.999321
1.000000
1.000000
0.922832
0.000000
1.000000
0.997655
0.777542
0.906721
0.868956
0.005681
0.999999
0.485131
0.996490
0.999894
0.971677
0.962407
0.110468
0.999980
0.981961
0.905925
0.999972
0.882041
0.350843
0.237711
0.968507
1.000000
0.000000
0.000000
0.741486
0.013054
0.999964
1.000000
0.967289
0.983892
0.792723
0.000000
0.999822
1.000000
0.753830
0.917294
0.993948
0.912463
1.000000
1.000000
1.000000
0.842749
0.594238
0.000000
0.000004
0.773748
1.000000
0.866306
1.000000
0.365015
0.729095
0.000000
0.983043
0.924442
0.969697
0.211440
0.000000
0.380002
0.225180
0.007007
0.656646
1.000000
1.000000
0.000000
0.999751
0.999781
0.990463
0.622427
0.050921
0.948714
1.000000
0.903245
0.000000
0.916034
0.967214
0.000000
0.984606
0.024735
0.716069
0.897234
0.775490
0.957821
0.969577
0.000000
0.882811
0.000000
0.923550
0.835689
0.917601
0.574608
0.999457
0.980302
0.550869
0.000000
1.000000
0.997710
0.999991
0.985243
0.999759
0.000000
0.000000
0.000000
0.000000
0.000000
0.910554
0.999626
0.083876
0.951510
0.000000
0.000000
0.923184
0.955227
0.023404
0.999992
0.000000
0.811886
0.893498
0.179235
0.959515
0.925950
0.999255
0.644152
0.672864
0.996372
0.999973
0.076475
0.984343
0.032069
0.386738
0.699573
1.000000
0.591015
0.000000
0.000000
0.582329
0.941620
0.939281
0.979061
0.832900
0.925426
1.000000
0.792741
1.000000
0.429339
0.037431
0.931568
0.082395
1.000000
0.839243
0.999996
1.000000
1.000000
0.957636
0.999808
0.999998
0.998477
0.999996
0.000000
0.991962
0.085335
1.000000
0.624200
0.942653
0.999884
0.958266
0.995490
0.000000
0.000000
0.996660
0.974262
0.999548
0.000000
0.981993
0.000000
0.861605
0.999998
0.998341
0.641681
0.000000
1.000000
0.999933
0.999987
0.999360
0.036695
0.909430
0.998553
0.999894
0.680579
0.135838
0.999409
0.954546
1.000000
0.999006
0.999999
0.845184
0.878383
0.999962
0.999998
0.000000
0.079076
0.667201
0.897918
0.932077
0.999201
0.950035
0.999726
0.995890
0.941078
0.049875
0.966787
0.961051
0.011804
0.998139
1.000000
0.999902
0.999549
1.000000
1.000000
0.960538
0.994419
0.000000
0.844466
0.973010
0.000000
1.000000
0.951601
1.000000
0.948843
0.916034
0.883297
0.890471
0.000944
1.000000
0.889534
0.919296
0.468875
0.102752
0.526722
0.719082
0.952547
0.600956
0.997259
0.192107
0.143964
0.976359
0.000000
0.000000
0.981684
0.780430
1.000000
0.897464
0.482261
0.923830
0.916709
0.994556
0.252676
0.000000
0.959171
0.930648
1.000000
0.593782
0.972932
0.953623
0.599427
0.986650
0.803000
0.845220
0.279953
0.953208
1.000000
0.955075
0.999761
0.986064
0.978062
0.000000
1.000000
0.996593
0.939298
0.999916
1.000000
1.000000
0.898683
1.000000
0.000000
0.728253
0.271304
0.552553
0.999909
0.998875
0.931011
0.915685
0.000569
0.953322
0.048061
0.645825
0.996039
0.791799
0.997172
0.989122
0.000000
0.049053
0.830722
0.947893
0.005144
0.090888
0.000000
0.998931
0.999980
0.450579
0.000000
0.999463
0.000000
0.949941
0.878822
0.999999
0.935890
0.869448
0.935742
1.000000
0.964207
0.999977
1.000000
0.994524
0.999982
1.000000
1.000000
0.441111
1.000000
0.999926
0.943270
0.000000
0.903030
0.997213
0.197185
0.702856
0.999907
0.564878
0.276576
0.791604
0.999960
1.000000
0.979125
0.052717
0.998952
0.000000
0.411359
0.606082
1.000000
0.996457
0.900989
0.870336
0.999721
0.223328
1.000000
0.580677
0.997098
0.793885
0.984343
0.000000
0.126269
0.000000
0.999444
0.999964
0.935330
0.803077
0.000000
0.000000
0.000000
0.915668
0.990709
0.000000
0.712957
0.465071
0.414723
0.000000
1.000000
0.965754
0.892578
0.775047
0.997953
0.624784
0.998076
0.953957
0.000000
0.000000
0.937468
0.427263
0.982332
0.751709
0.989247
0.008899
0.996828
0.954513
0.868439
0.060928
0.260368
0.867718
0.543766
0.064014
1.000000
0.000000
0.808949
0.993911
0.241865
0.744942
0.946575
1.000000
0.999455
0.028629
0.000000
0.535953
0.999999
0.000000
0.996051
0.000000
0.999509
0.000000
1.000000
1.000000
0.872167
0.000000
0.999616
0.535725
0.993251
0.578269
0.000000
0.000000
0.998878
0.900916
0.582507
1.000000
0.999989
0.344533
0.995191
0.467212
0.999920
0.000000
0.972084
0.999153
0.999750
0.885072
0.853540
0.998314
0.906337
0.000000
0.000000
1.000000
0.969556
0.816325
1.000000
0.000000
0.493971
0.968734
0.993728
0.000000
0.703832
0.999243
0.999994
0.999931
1.000000
0.990194
0.157907
0.998686
0.907849
0.940437
0.945743
0.875920
0.869756
0.552738
0.914230
0.999997
0.201139
0.085819
0.999911
0.000000
0.276001
0.956596
0.834648
0.994657
0.993988
0.999166
0.778095
0.000851
0.000000
0.228076
1.000000
1.000000
0.000000
0.000000
0.907478
0.936879
0.915903
1.000000
0.999999
0.823343
0.635784
0.385407
0.919569
0.837526
0.458154
1.000000
0.630722
0.998473
0.985637
0.626386
0.998959
0.998889
0.901948
1.000000
0.956638
0.966837
0.974327
0.186041
0.983731
0.982714
1.000000
0.000000
0.845800
0.113537
0.999747
1.000000
0.862061
0.678906
0.528647
1.000000
0.817826
0.979737
0.974491
0.838683
0.984410
0.967438
0.999991
0.612208
0.273583
0.508622
1.000000
0.816946
1.000000
0.149473
0.999199
0.006644
0.196627
0.000000
1.000000
0.903288
0.343477
0.863963
1.000000
0.087308
0.010114
0.001693
0.740745
0.047091
0.997749
0.999692
0.999435
0.893485
1.000000
0.957497
0.347562
0.413724
0.999985
0.444224
0.354489
0.999703
0.654865
0.999469
0.999999
0.999903
0.000000
0.000000
0.999953
1.000000
0.000000
0.999670
1.000000
0.000000
0.053684
0.232236
1.000000
0.999997
0.000029
0.999844
0.999829
0.000000
0.996549
0.882106
0.000000
0.000000
0.956191
0.464958
1.000000
0.648338
0.000000
0.999994
0.184319
0.000000
0.356756
0.162801
0.879289
0.996934
0.931687
0.957361
0.000000
0.309100
0.003689
0.906553
0.999933
0.999036
1.000000
0.000000
0.006266
0.987639
1.000000
1.000000
0.985673
0.000000
1.000000
0.904166
0.568199
0.955512
0.912213
0.991470
0.990693
0.979579
0.999068
0.000000
0.535145
0.228159
0.000000
0.859950
1.000000
0.009896
0.889147
0.404568
0.909765
0.996313
1.000000
0.998808
0.909861
0.317341
0.381239
0.781533
0.014613
0.674437
0.968376
0.929802
1.000000
1.000000
0.313909
0.487913
0.514697
0.081776
0.999990
0.940738
0.971202
0.000000
1.000000
0.000000
0.999848
0.993741
0.000000
0.729095
0.995672
0.960198
0.989247
0.789638
0.000000
0.000000
1.000000
0.841239
0.000000
0.000000
0.974186
0.801521
0.000000
0.999961
1.000000
0.926647
1.000000
0.837638
0.000803
0.999724
0.000000
0.473979
0.817758
0.929238
0.996099
0.714856
1.000000
0.981950
0.007420
0.997786
0.933014
0.999995
0.820863
0.952636
0.079416
0.801419
0.922689
0.999998
0.101694
0.040383
0.999981
0.930268
0.998369
0.534267
1.000000
0.145893
0.668286
0.794271
0.898927
0.669149
0.000150
1.000000
0.319176
1.000000
0.995181
0.921713
0.073907
0.350909
0.990475
0.000140
0.999936
0.000000
1.000000
0.977703
0.000000
0.999995
0.000000
0.998893
0.798083
0.992577
0.000000
0.234161
0.961418
1.000000
0.999516
0.999870
0.000000
0.978093
0.000000
0.781455
0.991367
0.001756
0.999323
0.144617
0.012812
0.000000
0.984632
0.891030
0.000000
0.999488
0.001030
0.999831
0.000000
1.000000
0.992103
0.939880
0.967985
0.000000
0.755975
0.894385
0.885883
0.000665
0.134554
0.897546
0.999911
0.000000
0.752605
0.287677
0.000000
0.000000
0.971944
0.641341
0.999997
0.996344
0.017903
0.998662
0.926375
1.000000
0.513930
0.910110
0.000752
0.732564
0.646505
0.997614
0.327272
0.000000
0.904113
0.898149
0.992882
0.030393
0.996142
0.966322
0.989041
0.097225
0.984826
0.498586
0.986739
1.000000
0.000000
0.889792
1.000000
0.557991
0.994591
0.075084
0.996295
0.998326
0.005989
0.979488
0.921841
0.999243
0.885292
0.970461
0.000000
0.000000
0.999996
0.959649
1.000000
0.995243
0.763472
0.000000
0.998330
0.999999
0.047983
0.000000
0.937539
0.322016
0.000000
0.832566
0.990598
0.318232
0.000000
0.988198
0.022030
0.269281
0.799979
0.712161
0.163891
0.988978
0.572818
0.442350
0.999932
0.000382
0.986276
1.000000
0.995080
0.735240
0.715685
0.944114
0.943389
0.177309
0.004783
0.992233
0.087206
0.974965
0.983573
0.999906
0.688032
0.999951
0.562068
1.000000
0.956272
1.000000
0.949244
0.018109
0.833241
0.171170
0.000000
0.832871
0.960282
0.965356
0.972988
0.998978
0.864516
0.764947
0.009116
0.814717
0.983131
0.996684
0.801432
0.940272
0.876351
0.707759
1.000000
0.941403
0.386128
0.445223
0.208279
0.816325
0.598388
0.013915
0.003242
0.870646
0.988322
0.999985
0.877083
0.003249
0.721429
0.000000
0.810319
0.898914
0.618713
0.000000
0.055971
0.997589
0.182461
1.000000
0.048645
0.967894
1.000000
0.166275
0.990418
0.999507
0.799107
0.989742
0.918690
0.748342
0.000000
0.975589
0.999999
0.816732
0.000000
0.980561
0.999996
0.961193
0.999968
0.223438
1.000000
0.998005
1.000000
0.046244
0.758766
0.178267
0.000000
0.980233
0.991512
1.000000
0.761224
0.523020
0.535863
0.710467
0.207308
0.977152
0.920074
0.558713
0.000000
0.924797
0.332696
0.099401
0.904331
0.999939
0.000000
0.640170
0.914422
0.462297
0.108163
0.983344
0.996216
1.000000
0.995538
0.949706
1.000000
0.409542
1.000000
0.996782
0.176789
0.947559
0.964488
0.869296
0.124461
0.584323
0.982522
0.085071
0.998686
0.794753
0.000000
0.781767
0.000000
0.771339
0.175612
0.716038
0.974596
0.956334
0.035405
0.712798
0.682193
0.998213
0.000000
0.988740
1.000000
0.764467
0.602476
0.999320
0.637041
0.000000
0.823605
0.000000
1.000000
0.000000
0.032631
0.628620
0.002205
0.999658
0.999552
0.994170
0.000000
0.667891
0.992559
0.917383
0.072386
0.000000
0.888277
0.000478
0.897203
0.782120
0.999999
0.678962
0.017322
0.836437
1.000000
0.994188
0.923741
0.942306
0.000000
1.000000
0.000000
0.973414
0.970965
0.627124
0.183705
0.851459
0.893272
0.966335
0.984597
0.000228
0.360157
0.033243
0.942279
0.120590
0.999971
0.999994
0.999988
0.999225
0.997997
1.000000
0.490158
0.713494
0.000000
0.988731
0.913815
0.190703
0.254017
0.000155
0.974291
0.980762
0.876006
0.104686
0.964853
0.863604
0.013137
0.187752
0.078047
1.000000
1.000000
0.999999
0.000349
0.755919
0.078442
0.869595
0.808415
0.996633
0.000000
0.999437
0.018955
0.000000
0.322938
0.736331
0.766843
0.815564
0.000000
0.861019
0.254216
0.301043
0.331053
0.000000
0.998189
0.958986
0.756454
0.999719
0.000000
0.999978
0.979482
0.602476
0.999970
0.999686
1.000000
0.000000
0.936843
1.000000
0.000173
0.025694
0.999694
0.840685
0.006050
0.000000
0.583094
0.522367
0.868167
0.726327
0.808099
0.901723
0.599890
0.000000
0.005895
0.014132
0.533877
0.003003
0.999830
0.000000
0.087232
0.275906
0.266767
0.325949
0.000000
0.955353
0.999968
0.893208
0.000000
1.000000
0.909365
0.075713
0.867644
0.406116
0.993154
0.971576
0.000000
1.000000
0.707243
0.970902
0.772274
1.000000
0.494465
0.966878
0.000000
0.612669
0.338575
0.954143
1.000000
0.000000
0.351338
0.489621
0.346324
0.012370
0.000000
0.999997
1.000000
0.926557
0.850045
0.965553
0.979075
0.867383
0.000000
0.000000
0.994216
0.180005
0.973954
0.999676
0.909094
0.125619
0.912316
0.897562
0.987923
0.003269
0.995398
0.998619
0.000000
1.000000
1.000000
0.975678
0.999509
0.999983
0.894032
0.000083
0.840545
0.924533
0.960178
0.965516
0.566840
0.505258
0.897078
0.009508
0.000000
0.000000
0.208987
0.000002
0.480472
0.982964
0.408404
0.024823
0.436718
0.995474
0.910101
0.999983
0.753765
1.000000
0.057080
0.000000
0.000780
0.922887
0.993175
0.995464
0.999993
0.997125
0.826005
0.548164
0.914238
0.000000
0.982279
0.627000
0.880796
0.891968
0.977033
1.000000
1.000000
0.999725
0.974844
0.633437
0.936585
0.216519
0.874725
0.991093
0.766962
0.996288
1.000000
0.999711
0.968122
0.000859
0.994791
0.561787
0.003623
0.481384
0.479160
0.999265
0.519394
0.000000
0.984451
0.910916
0.954482
0.852458
1.000000
0.664465
0.271914
0.000000
0.999787
0.098252
0.703765
0.002786
0.967268
0.000000
0.804330
0.858740
0.990539
0.753254
0.997805
0.000000
0.265402
0.969750
0.026404
0.999987
0.594275
0.590174
0.007183
0.786309
0.703377
0.986125
0.957687
0.772110
0.783494
1.000000
0.000000
0.861230
0.000000
0.996718
0.952927
0.000000
0.982172
0.000000
0.908863
0.796645
0.645022
0.963258
0.459127
0.167873
0.996490
0.943684
1.000000
0.955211
0.897699
0.781924
0.000000
0.337199
0.993411
0.003209
0.794913
0.644325
0.993839
0.948484
0.000000
1.000000
0.831824
0.986654
0.000000
0.153748
0.998114
0.000000
1.000000
0.999997
0.775572
0.249439
0.843338
0.801005
0.000000
0.984899
1.000000
0.999472
0.000000
0.941630
0.027358
0.882987
0.999997
0.921966
0.900722
1.000000
0.877005
0.962096
0.991042
0.349378
0.674614
0.999999
0.521031
0.999448
0.000000
0.553609
0.088849
0.011076
0.993800
0.990895
0.599862
0.964137
0.000000
0.585879
0.638691
0.000000
0.234752
0.668741
0.848921
0.999959
0.997733
1.000000
0.000000
1.000000
0.226225
0.832873
0.998971
1.000000
0.819462
0.000000
0.000000
0.977412
0.968933
0.993446
0.936402
0.000035
1.000000
0.021629
0.999644
1.000000
1.000000
0.000000
0.322016
0.000000
0.987975
0.872446
0.620897
1.000000
0.999983
0.888661
0.802488
0.000000
0.703663
0.539114
0.980790
0.996828
0.793056
0.055655
0.362481
0.764582
0.187042
1.000000
0.949331
0.944393
0.943691
0.013593
0.991977
0.999999
0.949846
0.962847
0.998436
0.999922
0.926195
1.000000
0.995880
0.974723
0.806949
0.934607
1.000000
0.999994
0.833467
0.000000
0.604565
1.000000
0.560162
0.968462
0.130624
0.994960
0.998157
0.789391
0.000000
0.589780
0.915482
0.142946
0.998208
0.999822
0.991288
1.000000
0.825188
0.993835
0.982592
0.965725
0.876192
0.948736
0.994796
0.999831
0.000000
0.999255
0.120532
0.929760
1.000000
0.997499
0.993942
0.659692
0.999067
0.434132
1.000000
0.999873
0.999842
0.038275
0.813883
0.999478
0.995632
0.000000
0.462797
0.000000
0.999945
0.000000
0.954609
0.996650
0.325332
0.000719
0.982191
0.994751
0.998117
0.781812
0.156087
0.669180
0.999498
1.000000
0.000000
1.000000
0.999693
0.052757
0.000000
0.999999
0.915468
0.990421
0.999213
0.957251
0.998367
0.664752
0.901289
0.998210
1.000000
0.059789
0.910870
0.999951
0.991672
0.999266
0.991187
0.419562
0.040589
0.957897
0.964241
0.999796
0.949791
0.989721
0.770813
0.994585
0.964706
0.445617
0.999977
0.000000
0.890824
0.951710
0.215462
0.937602
0.000000
0.999976
0.986241
0.066766
0.000000
0.990518
0.976424
0.998168
1.000000
0.945173
0.000000
0.865741
0.506673
0.999365
0.994524
0.999777
1.000000
0.246363
0.998911
0.999991
0.935904
0.995582
0.999845
0.981374
0.049259
0.999918
0.068916
0.000000
1.000000
1.000000
0.999973
0.993352
0.000000
0.999997
0.623430
0.999999
0.970870
0.250440
0.958292
0.000000
0.882811
0.002083
0.999729
0.985958
0.998659
1.000000
0.999089
0.078355
1.000000
0.905597
0.781359
0.409068
0.993486
0.912734
0.999980
0.000000
1.000000
0.003152
0.000000
0.000000
0.000000
1.000000
0.785586
0.996513
0.827460
0.978866
0.909922
0.289489
0.004669
0.999843
0.994571
0.997497
0.095298
0.680857
0.483087
0.897935
0.774561
0.598925
0.946391
0.000453
0.003677
0.958611
0.000921
0.800294
0.102616
0.132727
0.996178
0.999990
0.938447
0.986014
0.921004
1.000000
0.999468
0.999031
0.846281
0.000000
0.683104
0.403639
0.276371
0.999998
0.906518
0.280339
0.954152
0.997461
0.705046
0.884268
0.692858
0.980578
0.098025
0.979129
0.976081
0.868339
0.999581
0.999996
0.045728
0.959586
0.999999
0.342406
0.441269
0.132865
0.955644
1.000000
0.000000
0.344331
0.999991
0.999897
0.000000
0.999883
0.016747
0.999997
1.000000
0.000000
0.639984
1.000000
1.000000
0.122481
0.000370
0.299442
0.000000
0.931861
0.999994
0.688853
0.999081
0.550929
0.751361
0.998893
0.171378
1.000000
0.810256
0.266460
0.999499
0.000000
0.897221
0.992962
1.000000
0.997604
0.933208
0.980760
0.987444
0.949706
0.011802
1.000000
0.000000
1.000000
0.361682
0.955057
0.275785
0.013078
0.918215
0.998166
0.854430
0.942096
0.951510
1.000000
0.894211
0.000000
0.929045
0.999934
0.846758
0.423768
0.937033
0.945329
0.775300
0.764747
0.000000
0.403979
0.969334
0.974032
0.997727
0.001724
0.369209
0.005661
0.929524
1.000000
0.344855
0.070795
0.989259
1.000000
0.694530
0.279789
0.860832
0.999818
0.997043
0.076374
0.278520
0.560274
0.000000
0.786465
0.997273
0.861791
0.782342
0.000000
0.497295
0.000737
0.000000
0.218521
0.648703
0.758690
0.000020
1.000000
0.671014
0.988004
1.000000
1.000000
0.019551
0.729441
0.972978
0.426059
1.000000
0.701927
0.357987
0.936557
0.359810
0.000000
0.762537
0.799665
0.991240
0.039313
0.010529
0.933628
0.836904
0.103219
0.973524
0.999989
1.000000
0.590604
0.138160
0.996035
1.000000
0.948410
0.999936
0.873381
0.000000
0.766942
0.844789
0.658874
0.898453
0.869992
1.000000
0.994010
0.998398
1.000000
0.577633
0.900548
1.000000
0.000000
0.992877
0.765151
0.998671
0.657555
0.806475
0.753250
0.985817
1.000000
0.046857
0.999987
0.000000
0.000000
0.944083
1.000000
0.999981
0.994249
1.000000
0.984642
0.969793
0.873870
0.322826
0.823215
0.372679
0.999938
0.985602
0.406908
0.504556
0.063936
0.026143
0.998868
0.845494
0.953730
0.000000
0.103796
1.000000
0.049518
0.999926
0.000114
0.997383
0.824658
0.000000
0.996465
0.609133
0.985825
1.000000
0.999988
1.000000
0.989255
1.000000
1.000000
0.825413
1.000000
0.999961
0.033255
0.912802
0.996709
1.000000
0.864729
0.989347
0.016616
0.913318
0.068658
0.000029
0.094251
0.882732
0.808711
0.902569
0.605123
1.000000
0.000000
0.520570
0.927752
0.968311
0.971149
0.886010
0.996537
0.544030
0.997814
0.066840
0.999917
0.999929
0.074583
0.985426
0.842759
0.039397
0.896661
0.999609
0.995801
0.847799
0.824556
0.725469
1.000000
0.000000
0.910637
1.000000
0.993036
0.000000
0.999073
0.996642
0.775862
0.831971
0.995374
0.602016
0.000003
0.967526
0.999840
0.852988
0.953199
0.996845
0.027108
0.000000
0.783615
0.690624
0.348132
0.999954
0.999166
0.143794
1.000000
1.000000
0.045213
0.006232
0.996042
1.000000
0.999587
0.977074
0.999775
0.946482
0.913857
1.000000
0.999992
1.000000
1.000000
0.279448
1.000000
0.964987
0.999895
0.994236
1.000000
0.996977
0.628043
0.348276
0.000000
0.149405
0.964963
0.031413
0.180547
0.828943
0.408672
0.761043
0.952324
0.981683
0.999624
1.000000
0.999991
1.000000
0.999103
0.000473
1.000000
0.991245
1.000000
0.999985
0.822427
0.998989
0.918717
1.000000
0.809507
0.000000
0.023539
0.999077
0.000000
0.000000
0.828283
0.000000
0.965455
0.418427
0.989188
0.769222
0.000000
0.070462
0.605561
0.877449
1.000000
0.008569
0.999148
0.674278
0.982764
0.655720
0.442223
0.000000
0.999991
0.887173
0.999450
0.983222
0.477112
0.586174
0.998289
0.000000
0.992936
0.998916
0.623430
0.989745
0.034832
0.924259
1.000000
0.835288
0.833963
0.999048
0.975427
0.995215
0.000000
0.285015
0.457794
0.063666
0.916845
0.237378
0.933514
0.399811
1.000000
0.745072
0.000000
0.548460
0.857154
0.489263
1.000000
0.737663
0.861477
0.997961
0.955469
0.995426
1.000000
1.000000
0.954202
1.000000
0.121489
0.000000
0.000000
1.000000
0.000000
0.675151
0.000000
0.963045
0.326463
0.995534
0.909536
0.997229
0.471830
0.966263
0.203467
0.889146
1.000000
0.987927
0.999968
1.000000
0.219553
0.780060
0.757915
0.992769
0.000000
0.554320
0.151676
0.019046
0.996791
0.991102
0.626624
0.296140
0.999998
0.325029
0.946455
0.993491
0.707478
1.000000
0.918196
1.000000
0.042977
0.000000
0.999984
0.785727
0.843914
0.980060
0.880904
0.956132
0.923980
0.914660
0.999973
1.000000
0.999881
0.979154
0.999208
0.161728
0.876163
0.994256
0.000000
0.002392
1.000000
0.999926
0.795003
0.982041
0.269927
0.971376
0.827219
0.729410
0.999883
0.978436
0.961436
0.794606
0.141602
0.730864
1.000000
1.000000
0.586011
0.056670
0.774790
0.749089
0.158894
0.886644
0.000000
1.000000
0.985361
0.992611
1.000000
0.220272
0.995566
0.999996
0.999888
1.000000
0.999478
0.004012
1.000000
0.969892
0.000000
0.659506
0.000037
0.985782
0.000000
1.000000
1.000000
0.915804
0.996125
0.999997
0.000000
0.549242
0.997868
0.688448
0.999751
0.987190
0.977059
1.000000
0.705979
1.000000
0.960559
0.309399
1.000000
1.000000
0.808861
0.999577
0.998506
0.926826
0.631965
0.987509
0.000000
0.659200
0.755941
0.969923
0.000000
0.069185
0.875009
0.090652
0.978412
0.978801
0.883224
0.000000
0.986808
0.897157
0.002959
0.999703
0.960357
0.989709
0.747969
0.851829
0.504409
0.155428
1.000000
0.999981
0.978023
0.998567
0.012176
0.999629
0.000402
0.998570
0.967021
0.991338
0.973585
0.999647
0.078287
0.853540
0.528830
0.999668
0.951002
0.999992
0.000000
0.999580
0.000330
0.006966
0.996610
0.343268
0.922681
0.927212
0.890312
0.607083
1.000000
0.995503
0.999895
0.999994
1.000000
0.999797
0.996671
0.000000
0.927993
0.999862
0.730795
0.999987
0.000000
0.890970
0.000000
0.999557
0.982449
0.994033
0.931458
0.000000
0.999011
0.848762
0.408798
0.999552
0.000000
0.968984
0.165828
0.954262
1.000000
0.779989
0.683658
0.000000
0.457602
0.208479
0.995584
0.082245
0.494426
0.863820
0.979196
0.000000
0.999447
1.000000
0.000000
0.000000
0.992300
0.761231
0.999795
0.000000
0.000000
0.225865
0.000000
0.725994
0.999965
0.991603
0.016980
1.000000
0.540384
0.978702
0.974902
0.570816
0.073548
0.904000
0.000000
0.979067
0.000000
0.988894
1.000000
0.882448
0.999137
0.913267
1.000000
0.001584
0.073355
0.858358
0.053816
0.997919
0.115884
0.000000
1.000000
1.000000
1.000000
0.870288
1.000000
1.000000
0.063207
0.999753
1.000000
0.000000
0.972497
0.893049
0.605691
0.999978
0.692374
0.388774
1.000000
0.297089
0.000000
1.000000
0.844735
0.944214
0.931604
0.894003
0.986483
0.000000
0.810204
0.909792
0.720716
0.979361
0.000000
0.998809
0.999404
1.000000
1.000000
0.998299
0.806291
0.698238
0.000000
0.995298
0.301893
0.000000
0.999998
0.659000
0.999990
0.999998
0.968203
0.044718
1.000000
0.999516
0.651081
0.995647
0.999904
0.988805
0.995304
0.907181
0.984817
1.000000
0.000000
1.000000
0.000000
0.409044
0.000344
0.000000
0.000349
0.094628
0.999874
0.962025
0.404135
0.023781
0.830832
0.965317
0.000000
1.000000
0.612088
0.446957
0.982388
0.876768
0.092524
0.996434
0.916647
0.051766
0.999804
0.999996
0.961811
1.000000
0.395202
0.999895
0.212579
0.587564
1.000000
0.462709
0.884859
0.996360
0.674802
0.928459
0.160803
0.920979
0.999259
0.000000
0.784360
1.000000
0.988534
0.000000
0.342025
0.082451
0.000000
0.006813
0.890058
0.980245
0.965932
0.000000
0.993830
0.999054
0.000000
0.956555
0.003083
0.876873
0.736508
0.989294
0.999429
0.963729
1.000000
0.917720
0.838528
0.998584
0.357814
1.000000
0.935904
0.999897
0.999945
0.041045
0.937808
0.990205
0.729480
0.000129
1.000000
1.000000
0.008571
1.000000
1.000000
0.731866
0.000000
0.386098
0.653133
0.863820
0.999513
0.716070
0.668016
0.000000
0.999937
0.974083
0.998628
0.376732
0.999510
0.915205
0.239454
0.999921
1.000000
0.000000
0.724311
0.908970
0.000000
0.000000
0.997511
0.610090
0.000000
0.913338
0.730307
1.000000
0.725046
0.985168
0.983486
1.000000
0.994772
1.000000
0.999809
0.000000
0.311942
0.985185
0.894032
0.000000
0.923051
1.000000
0.817264
0.557200
1.000000
0.977984
0.673250
0.837337
0.000000
0.938955
0.999826
0.382718
0.999951
0.000000
0.999267
0.101360
0.012535
0.993199
0.987533
0.000000
0.995314
0.980624
0.251266
0.569687
0.994630
0.881826
0.949931
0.999999
0.996004
0.986612
0.998383
0.183028
0.813656
0.997858
0.999657
0.859564
0.000000
0.990700
0.995328
0.856126
0.999238
0.961638
1.000000
0.999980
0.175919
0.000288
0.999500
0.995566
0.999231
0.000000
0.443205
0.934678
0.743528
0.980004
0.000000
0.000329
0.997855
0.987636
0.999897
0.969097
0.999969
0.999964
0.477239
0.989126
0.761045
0.953814
0.980324
0.998863
0.297439
0.780342
0.783175
0.002005
1.000000
0.311956
0.999843
0.947836
0.216867
0.937335
0.150779
0.029746
0.824136
1.000000
0.941411
1.000000
0.000000
0.000388
1.000000
0.179754
1.000000
0.705152
0.695068
0.121273
0.000000
0.999999
0.621221
0.962206
0.913556
0.055792
0.740501
0.000000
0.740175
0.000000
0.000000
0.577652
0.752934
0.941175
1.000000
0.000000
0.999130
0.489388
0.888927
0.999987
0.000000
0.862568
0.999202
0.000000
0.422106
0.955508
0.945288
0.000000
0.000000
0.959966
0.000000
0.019165
0.212238
0.999431
0.996477
0.462429
0.999583
0.131921
0.999870
0.951439
1.000000
0.971930
0.929488
1.000000
0.948067
1.000000
0.999738
1.000000
0.033472
0.999457
0.017870
0.000000
0.999993
0.999487
0.999859
0.912595
0.988448
0.316545
0.977424
0.919686
0.876720
0.518969
1.000000
0.975829
0.632121
0.723980
1.000000
0.712034
0.999917
1.000000
1.000000
0.954557
0.927607
0.998738
0.995205
0.086781
0.000000
0.949034
0.999984
0.000000
0.703306
0.965785
0.026423
0.847131
0.538207
0.891230
0.995022
0.847188
0.000000
1.000000
0.000000
1.000000
0.958676
0.776918
0.999966
0.000000
1.000000
0.997891
0.986161
0.000000
0.999807
0.784929
1.000000
1.000000
1.000000
0.918854
0.999994
0.539878
0.206103
0.948520
0.998626
0.997507
0.973850
0.005890
0.990769
0.901438
0.994829
0.860007
0.999978
0.995434
1.000000
0.990595
0.000000
0.980091
0.991972
0.897892
0.994633
0.767852
0.848203
0.992100
0.999431
0.000004
0.517591
0.934159
0.724130
0.984384
0.706406
0.996505
0.970999
0.999970
0.849920
0.978920
0.861271
0.999994
0.998571
0.999952
0.999999
0.704773
0.000000
0.765217
0.977678
0.997354
0.049416
0.153916
0.141318
0.000001
0.758508
0.997672
1.000000
0.987293
0.438075
0.999983
0.506976
1.000000
0.557099
0.377069
0.936550
0.999680
0.000000
0.610168
1.000000
0.628149
0.893877
0.961840
0.999999
0.879345
0.698776
0.180486
0.919675
0.999853
0.960365
0.072869
0.896578
0.988418
0.993595
0.056328
0.000000
0.813295
0.945416
0.970452
0.985942
0.810700
0.930463
0.000031
0.000000
0.087383
0.988994
1.000000
0.007633
0.954262
0.000610
1.000000
0.989392
0.019659
0.000000
0.978046
0.993490
0.999120
0.000000
1.000000
0.642135
1.000000
0.929760
0.649710
0.457690
0.912496
0.999958
0.999430
0.995653
0.000000
0.999913
0.993904
1.000000
0.423161
0.366929
1.000000
0.918073
0.970346
0.999977
0.080522
0.999727
0.758987
0.972725
0.990104
0.902250
0.993864
1.000000
0.972231
0.547077
0.999496
0.999999
0.998372
0.925233
1.000000
0.000000
1.000000
0.869068
0.305235
1.000000
0.883361
0.849919
0.981201
0.912596
0.985831
0.987080
0.000000
0.997154
0.250026
0.767418
0.000000
0.698414
0.992483
1.000000
0.425315
0.773941
0.236452
0.007705
0.998720
0.983723
0.796212
0.804836
1.000000
0.939804
0.992557
1.000000
0.918660
0.952933
0.767856
1.000000
1.000000
0.806186
0.000000
0.196626
0.004054
1.000000
0.020278
0.990965
0.981909
0.993381
0.000000
0.846579
1.000000
0.699036
0.962197
0.998900
0.523256
0.831895
0.926705
0.956291
0.993366
0.984388
0.000000
0.999640
0.618007
0.983144
0.993952
0.000000
0.999999
0.000000
1.000000
1.000000
0.000552
0.997016
0.701523
1.000000
1.000000
0.377105
0.766260
0.000000
1.000000
0.680847
0.000000
0.847469
1.000000
0.000000
0.892836
0.282141
0.981463
1.000000
0.000000
0.998960
0.831361
0.883280
1.000000
0.640392
0.751433
0.971506
0.950627
0.000000
0.875360
0.128195
0.000000
0.945009
0.999707
0.089091
0.961364
0.768515
0.998777
0.870454
0.975075
0.000000
0.913282
0.980830
0.000000
0.057603
1.000000
1.000000
0.362347
0.000000
0.912467
0.990862
0.373462
0.999992
0.773096
0.803389
0.991192
0.995458
0.989119
0.872419
0.951749
0.012288
0.833767
1.000000
0.000000
0.000000
0.062222
0.000000
0.200450
0.990381
0.994906
0.964824
1.000000
0.999133
1.000000
0.999999
0.997834
0.981889
0.009414
0.932171
0.973913
0.000000
0.987370
0.957627
0.441624
0.617377
1.000000
0.689459
0.966348
0.753064
0.978662
0.869992
0.832924
1.000000
0.136112
0.951601
0.688405
0.942033
0.749551
0.999924
0.981979
0.997348
1.000000
0.753187
1.000000
0.000000
0.579711
0.937032
0.011930
0.995271
0.966087
0.868833
0.992903
0.981171
0.999072
0.997675
0.999998
0.739319
0.080681
0.150807
0.982435
0.988712
0.892662
0.974341
0.987150
0.000000
0.955052
0.847867
0.000000
0.000000
0.817762
0.976784
0.833280
0.971907
0.000000
1.000000
0.999843
1.000000
0.999999
0.999990
0.000000
0.980861
0.999937
0.994714
0.822454
0.587628
0.000144
1.000000
0.776918
0.907174
0.254462
0.000000
0.954659
0.580177
0.947571
0.072833
0.998490
0.995343
0.000000
0.133678
0.000000
1.000000
0.916155
1.000000
0.888511
0.939261
0.994509
0.000000
0.000000
0.999818
0.023513
0.677738
0.734141
0.842310
0.995397
0.893448
0.000453
0.993311
0.901672
0.427854
0.147359
0.457794
0.228700
0.426602
0.155765
0.934567
0.968226
0.488985
0.237631
0.977829
0.682248
1.000000
0.651316
0.000429
0.688092
1.000000
0.095817
0.991709
1.000000
0.958932
0.003494
1.000000
0.199851
1.000000
0.880695
0.139674
0.995226
1.000000
1.000000
0.998562
0.665011
0.000000
0.999912
0.939772
0.174040
0.982214
0.950477
0.307477
0.852221
0.623607
0.999494
0.999841
0.992927
0.999996
0.782123
0.367341
0.897648
0.999887
0.999964
1.000000
0.000000
0.590233
0.343624
0.858571
0.968372
0.233414
0.000000
0.960656
0.887492
0.244953
0.991967
0.999994
0.667019
0.869912
0.950272
1.000000
0.731156
0.999363
0.999999
0.938767
0.000076
0.891867
0.871055
0.000661
0.997686
0.794856
0.355069
0.000000
0.954534
0.742751
0.364080
0.760540
0.596439
0.248713
0.447909
0.237090
0.000000
0.000000
1.000000
1.000000
0.999988
0.000000
1.000000
0.327000
0.000000
0.734322
0.691310
1.000000
0.000000
0.977928
0.976004
0.617009
0.671412
0.752343
0.784239
0.999999
0.618111
0.000000
0.918691
0.900518
0.000000
0.652398
0.865940
0.874790
0.592303
0.999994
0.779484
0.948791
0.999328
0.000000
1.000000
0.000000
0.999049
0.083605
0.996358
0.890757
0.999930
0.393547
0.839950
1.000000
0.000000
0.999985
0.858081
1.000000
0.998797
1.000000
0.268642
1.000000
0.005258
0.952030
0.507850
0.937096
0.325341
0.843254
0.069442
0.999301
0.999987
0.999400
0.000000
0.996426
0.780671
0.000000
0.779997
1.000000
0.472237
0.625685
0.183164
0.000000
0.077668
0.000000
0.243698
0.000000
0.405331
1.000000
0.199273
0.095960
0.966362
0.000000
0.022414
0.970545
0.999991
0.001875
0.622226
0.000000
0.644921
1.000000
0.999259
0.963187
0.000258
0.771312
0.954517
0.665257
0.980163
1.000000
0.000714
0.790982
0.567254
0.032321
0.809328
0.998036
0.707537
0.983156
0.999999
0.000000
0.050050
1.000000
0.988492
1.000000
0.999403
0.993544
0.161565
0.902609
1.000000
1.000000
0.999991
0.047119
0.863133
0.701435
0.999703
0.998790
0.983951
0.024502
0.999990
0.995526
0.364864
0.999999
0.053930
0.955311
0.999994
0.000000
0.594052
0.030962
