0.993348
0.000000
0.999924
1.000000
0.000000
0.999969
0.999993
0.020512
0.998162
0.983832
0.023535
0.987693
0.994770
0.000000
0.691517
0.289053
0.994478
0.995578
1.000000
0.999979
0.846489
0.604042
0.998547
0.999904
0.208601
0.970337
0.481357
0.981132
0.328281
0.000277
0.755359
0.292571
0.000193
0.825858
0.371270
0.981261
0.838692
0.217001
0.664358
1.000000
0.277615
0.999966
0.002730
0.999945
0.995464
0.049364
0.525807
0.995883
0.115670
0.085759
0.756144
0.000000
0.904778
0.714142
0.139652
0.980730
0.916536
0.656422
0.982549
0.988013
0.725488
1.000000
0.941010
0.273325
0.122314
1.000000
0.817274
0.003008
0.855248
0.994069
0.996619
0.987845
0.989558
0.005298
0.999689
0.026559
0.819560
0.006305
0.000113
0.995756
0.007932
0.566521
0.140831
0.846460
0.996820
0.800792
0.558815
0.973502
0.000000
0.931903
0.091341
0.958013
0.611663
0.000000
0.986012
0.999864
0.000000
0.999969
0.992470
0.995344
0.140540
0.938972
0.999893
0.000000
0.000708
0.200179
0.011993
0.947905
0.995863
1.000000
0.085729
0.841153
0.963708
0.000000
0.761387
0.785840
0.000004
1.000000
0.943233
0.938401
0.992507
0.999996
0.009191
0.214749
0.986452
0.982113
0.768081
0.818471
0.062660
0.010932
0.595734
0.000000
0.101947
0.209116
0.039869
0.368709
0.000000
0.824665
0.030092
0.956489
0.670288
0.247621
0.978686
0.955675
0.000000
0.000000
0.790278
0.999993
0.000000
0.975883
0.002503
0.906309
0.043024
0.490340
0.987227
0.580154
0.999119
0.000000
0.999896
0.854897
0.997350
0.738107
0.706192
0.306459
0.000000
0.156123
0.997942
0.986700
0.999929
0.101152
0.940541
0.936982
0.989077
0.000000
0.344871
1.000000
0.000000
0.974122
0.031353
0.236606
0.000000
0.999884
0.999906
0.018047
0.871223
0.433092
0.000844
0.946994
0.000000
0.999519
0.999526
0.694428
0.787064
0.999316
0.974392
0.223882
0.920022
0.876247
0.000000
0.999948
0.532026
0.934783
0.972204
0.999979
0.239817
0.998478
0.996279
0.689727
0.924662
0.921804
0.980056
0.998962
0.000000
0.989858
0.001381
0.798329
0.424532
0.566327
0.003056
0.776298
0.006721
0.550396
0.911465
0.036841
0.020364
0.437909
0.859367
0.995878
0.024165
0.952031
0.980602
0.000000
0.984991
0.999975
0.993310
0.711595
0.978529
0.000000
0.976485
0.875426
0.227422
0.798951
0.171805
0.999756
0.936502
0.000000
0.000000
1.000000
0.999999
0.970317
0.576915
0.999125
0.000000
0.999981
1.000000
0.068374
0.972916
0.000000
0.798990
1.000000
0.705657
0.395398
0.962039
0.000539
0.029278
0.311463
0.150577
0.990221
0.931900
0.839541
0.840031
0.985667
0.723043
0.000000
0.929085
0.782434
0.920645
0.000000
0.913251
0.997407
0.751854
0.867942
1.000000
1.000000
0.707110
0.999995
1.000000
1.000000
0.882276
0.850160
0.007628
0.028203
0.704675
0.917652
1.000000
0.969954
0.868269
0.677182
0.000358
0.999643
0.967404
0.000000
0.574408
0.903136
0.000852
0.008802
0.999317
0.966182
0.893251
0.000000
0.001172
0.986433
0.538659
0.971563
0.000000
0.006179
0.042210
0.999599
0.394705
0.000000
0.000000
0.751180
0.097017
0.226516
0.848442
0.688303
0.030301
1.000000
0.000000
0.992662
0.857891
0.470259
0.999730
0.138738
0.904937
0.988371
0.886418
0.680253
0.949947
0.525310
0.028763
0.984836
0.200705
0.232738
0.000000
0.000000
0.311306
0.840619
0.001561
1.000000
0.999987
1.000000
0.000000
0.000032
0.999999
0.000026
0.000206
0.000000
0.895682
0.959000
0.829781
0.957652
0.000000
0.127366
0.999722
0.957695
0.981330
0.573680
0.966596
0.988137
0.999999
0.855005
0.766186
0.897585
0.914239
0.071321
0.992662
0.008202
0.989905
0.925577
0.674682
0.889892
0.957530
0.975021
0.965656
0.998848
0.999976
0.267688
1.000000
0.110815
0.998610
0.999716
0.973487
0.062922
0.999892
0.732494
0.999786
0.955292
0.043215
0.962608
0.944776
0.861990
1.000000
0.985159
1.000000
0.000000
0.060396
1.000000
0.999207
0.997954
0.703139
0.101185
0.963304
0.999999
0.954277
0.976907
0.446419
0.601450
0.994570
0.978037
0.903936
0.999998
0.931419
0.611622
0.325622
0.378059
0.000000
0.989377
0.588281
0.356934
1.000000
0.999884
0.998515
0.000000
0.056922
0.998195
0.024660
0.683072
0.956029
0.813007
0.718046
0.928819
0.897815
0.956063
1.000000
1.000000
0.934134
1.000000
0.999988
0.878486
0.029461
0.728676
0.999855
0.153908
0.947493
0.906581
0.999932
0.985249
0.981255
0.839438
0.975614
0.998908
0.678712
0.000067
0.999958
0.876759
0.986140
0.911077
0.862688
0.464681
0.931916
0.999991
0.000000
0.602888
0.000000
0.000000
0.925700
0.024102
0.999426
0.977809
0.971271
0.926117
0.007274
0.996126
0.999770
0.955539
0.633405
0.999938
0.998019
0.711014
0.028652
0.000000
0.515716
0.832010
0.457880
0.000000
1.000000
0.687755
0.998644
0.948552
0.000050
0.841907
0.000000
0.958555
0.145412
0.288288
0.918135
0.956920
0.999966
0.977489
1.000000
0.951184
0.000000
0.995226
0.050915
0.984393
1.000000
0.985259
0.924804
0.999177
0.994221
0.999503
0.988782
0.995200
1.000000
0.942666
0.999630
1.000000
0.472154
0.591979
0.997082
1.000000
0.760822
0.000000
0.141063
0.987357
0.999725
0.000000
0.044696
0.000000
1.000000
0.840765
0.046835
0.887073
0.063986
0.973530
0.875082
0.636818
0.999976
0.807636
0.000000
0.999955
0.000019
0.000000
0.001550
0.978525
0.993117
0.478012
0.000058
0.000388
0.889977
0.009201
1.000000
0.612001
0.173444
0.968759
0.543774
0.999999
0.999998
0.000000
0.863728
0.834064
0.001217
0.998531
1.000000
0.685859
0.889928
0.953321
0.778937
0.984629
0.025941
0.976015
0.343162
0.227638
0.999841
0.998339
0.000000
0.895063
0.999470
0.999969
0.822576
0.999999
0.999745
0.097064
0.956260
0.000099
0.007135
0.838593
0.961769
0.943824
0.000000
1.000000
1.000000
0.982233
0.994351
0.998717
0.989067
0.315231
0.984296
0.999220
0.991735
0.713055
0.016648
0.035061
0.932929
1.000000
0.256945
0.000000
0.963392
0.944043
0.999737
0.000000
1.000000
1.000000
0.000000
0.236114
0.868649
0.999114
0.986106
0.000000
0.565555
0.103619
0.860302
0.365016
0.901947
0.000000
0.911749
0.955528
0.948541
0.992862
0.990824
0.218763
0.912110
0.999799
0.000000
0.000000
0.000620
0.168281
0.999898
0.331404
0.973911
0.999607
0.992285
0.918247
0.963468
0.998724
0.999998
0.000000
0.999987
0.999821
0.000029
0.962408
1.000000
0.012003
0.863528
0.999988
0.000000
0.999853
0.999884
0.001060
0.000000
0.940958
0.914774
0.817348
1.000000
0.005690
0.369729
0.038119
0.049087
0.934153
0.999989
0.840933
0.815675
0.984135
0.344895
0.059589
0.763141
0.888191
0.940825
1.000000
0.940147
0.000978
0.488818
0.933440
0.816933
0.990577
0.000000
0.786494
0.805835
0.808229
0.996612
0.956029
0.940184
0.947864
0.008099
0.569424
0.999840
0.985482
0.000000
0.993157
0.000000
0.884953
0.288699
0.688416
1.000000
1.000000
0.031110
0.682001
0.987351
1.000000
0.964619
0.999724
1.000000
0.978647
1.000000
0.834882
0.979581
0.490923
0.000000
0.976537
0.000000
0.982640
0.708358
0.728453
0.999975
0.961635
0.193524
0.986079
0.813854
0.503985
0.000000
0.977683
0.007398
0.999545
0.948368
0.000000
0.997437
0.999940
0.998524
0.000000
0.255201
0.677657
0.062908
0.000000
0.992899
0.964857
0.960736
0.755065
0.998532
0.000479
0.967236
0.999842
0.679398
0.005216
0.000000
0.982152
0.925294
0.000000
0.883773
0.977672
0.657599
0.316947
0.979982
0.998487
0.744476
0.860187
1.000000
0.604672
1.000000
1.000000
0.019823
0.999999
0.000000
0.095625
1.000000
0.884768
0.887545
0.586282
1.000000
0.964846
0.825201
0.850104
1.000000
0.995616
0.806288
0.546197
1.000000
0.589998
0.180183
0.999665
0.861040
1.000000
0.953055
1.000000
0.969417
0.977716
0.000000
0.140294
0.996325
1.000000
0.000000
0.818660
0.458078
0.000000
0.994025
0.427872
0.987044
0.898630
0.870409
0.003157
0.890133
0.999813
0.997661
0.610141
1.000000
0.985121
0.000000
0.976015
0.312812
0.958491
0.000000
0.713308
0.999985
0.780648
0.553817
0.993159
0.999962
1.000000
1.000000
0.008251
0.073581
0.996738
0.960523
0.082249
0.142012
0.966920
0.976190
0.995104
0.993529
1.000000
0.533616
0.914253
0.000000
0.988895
0.984903
0.000000
0.970768
0.999910
0.000000
0.018678
0.000000
0.859219
0.731752
0.034366
1.000000
0.999999
0.918906
0.977286
0.484437
0.061138
0.982694
0.904546
1.000000
0.805890
1.000000
0.999888
1.000000
0.993319
0.275334
0.057520
0.994522
0.050894
0.735044
0.988565
0.020527
0.817243
0.792000
0.986874
0.999546
0.977868
0.116071
0.000296
0.000038
0.398380
0.919523
0.758102
0.888352
0.699666
0.277397
0.994209
0.000000
0.984772
1.000000
0.617832
0.046346
0.998983
0.999887
0.399489
0.061445
1.000000
0.912616
0.000000
0.997354
0.000168
0.001863
0.066714
0.000849
0.999730
0.000039
0.816574
0.001603
0.456673
0.940472
1.000000
0.960305
0.024717
0.931051
0.981824
0.999622
1.000000
0.987443
0.916373
0.999063
1.000000
0.416477
0.194674
0.900465
0.949821
0.005397
0.887857
0.508050
0.000000
0.999887
0.861309
0.002752
0.000000
0.966499
0.981688
0.766256
0.998637
0.684003
1.000000
0.032870
0.998022
0.000000
0.940488
0.999964
0.000000
0.051277
0.986530
1.000000
0.007424
0.999469
0.012766
0.485901
0.995709
0.918715
0.035063
0.000000
0.979261
0.763417
0.307852
0.962272
0.694652
0.177549
0.999959
0.978172
0.002115
1.000000
0.000000
0.610141
0.210796
0.999840
0.993793
0.000000
0.000148
1.000000
0.003634
0.914908
0.000000
0.998147
0.023569
0.999942
0.808764
0.559464
1.000000
0.000000
0.000000
0.977255
0.999929
0.976158
0.067970
0.743936
0.980806
0.531105
0.999376
0.982425
0.000000
0.000000
0.999998
1.000000
0.999574
0.983926
0.000021
0.000000
0.028580
0.000000
0.999830
0.999999
0.003572
0.479569
0.824179
0.173820
0.725772
0.014267
0.980696
0.645520
1.000000
0.761585
0.953431
0.911873
0.087081
0.922760
0.000000
0.595752
0.999371
0.000058
0.981868
0.664075
0.028776
1.000000
0.035873
0.834277
0.997413
0.061126
0.410885
1.000000
0.967747
0.942666
0.022494
0.910054
0.027931
0.781450
0.002044
0.000000
0.002159
0.989908
0.993251
0.771483
0.065092
1.000000
0.953736
0.000000
0.040402
0.730176
0.000000
0.915221
0.881423
0.001018
0.748976
0.000000
0.553144
0.985431
0.590827
0.999863
0.906309
0.817641
0.914431
0.999999
0.998938
0.679105
0.000000
1.000000
0.000000
0.000376
0.884690
0.001500
0.999997
0.521824
0.007601
0.993296
0.981076
0.991243
0.010311
0.999948
1.000000
0.990534
1.000000
0.762416
0.991749
0.992312
1.000000
0.260785
0.477879
0.022265
0.848882
0.999915
0.966984
0.938074
0.842211
0.697287
0.999999
0.000000
0.316668
0.981597
0.778922
0.971197
0.952116
0.857228
0.002254
0.626516
0.959857
0.000130
0.964516
0.975210
0.100676
0.907544
0.000000
0.009058
0.935921
0.000298
0.955539
0.371151
0.897465
1.000000
0.999891
0.848686
0.201161
0.250029
0.992509
0.000000
0.000013
0.000000
0.749103
0.999965
1.000000
0.949417
0.996551
0.000000
0.000000
0.907539
0.630149
0.906420
0.969014
0.556295
0.558073
0.000000
0.000471
0.999927
0.000000
0.000000
0.000000
0.232369
0.695496
0.994498
0.234163
0.013021
0.537209
0.052509
0.994144
0.998536
0.986850
0.997081
0.748566
0.782820
0.142276
0.984539
0.991773
0.000000
0.994950
0.056901
0.038888
0.020103
0.069806
0.217945
0.838244
0.984912
0.880380
1.000000
0.516398
0.962962
0.609521
0.079520
0.027381
0.256074
0.994124
0.828861
0.000137
0.736270
0.122260
0.997822
0.806759
0.000008
0.310502
0.730693
0.156523
0.729429
0.997115
0.999318
0.225562
0.000000
0.998854
0.018864
0.030206
0.999984
0.997467
0.999999
0.998879
0.909696
0.514499
0.021317
0.999807
0.000041
1.000000
0.980168
0.908463
0.999998
0.791530
0.030096
0.092913
0.576915
0.010516
0.999568
0.864884
0.844501
0.997900
0.325636
0.000020
0.935150
0.755307
0.615818
0.003425
0.231890
0.948762
0.999998
0.934908
0.082160
1.000000
0.936914
1.000000
1.000000
0.058035
0.821968
0.806347
0.996749
0.973061
0.922350
0.000004
0.776366
0.869536
0.999690
0.449021
0.876839
0.000000
1.000000
0.995633
0.986757
0.000000
0.992620
0.095862
0.892971
0.942214
0.696128
0.000000
0.002072
0.979791
0.986835
0.926418
0.000000
0.968930
0.969017
0.916858
0.042768
0.851666
0.993942
0.996147
0.994904
0.026984
0.984779
0.995604
0.877368
0.966920
0.997093
0.959902
0.000000
0.997496
0.991758
0.000000
0.992988
0.717923
0.793820
0.000467
0.044968
0.000000
0.002427
1.000000
0.036713
0.008934
0.000000
0.544369
0.658295
0.979771
0.958858
0.068669
0.675027
0.997644
0.988231
0.000318
0.001839
0.131723
0.998962
0.640774
0.844128
0.065835
0.000607
0.801945
1.000000
0.550819
0.937794
0.097689
0.981423
0.560533
0.000000
0.661341
0.039390
0.998181
0.389473
0.000000
0.747656
0.000000
0.541266
0.900204
0.937463
0.832310
1.000000
0.589701
0.662577
0.501428
0.226974
0.000186
0.988072
0.040676
0.995034
0.999986
0.944887
0.980311
0.010243
0.897220
0.947065
0.913470
0.000000
0.000899
1.000000
1.000000
0.999999
0.764952
0.159634
0.917264
0.087562
0.062103
0.115914
0.999877
0.006010
0.999855
0.999897
0.450338
0.965499
0.658457
0.000000
0.999665
1.000000
0.999331
0.954970
0.005422
0.859234
0.961035
0.000000
0.993174
0.020545
0.725862
0.997489
0.198056
0.993934
0.137179
0.000000
0.000000
0.999999
0.825432
0.185711
1.000000
1.000000
0.933566
0.001208
0.000000
0.000000
0.309651
0.948639
0.988114
0.810118
0.019037
0.999764
0.064189
0.295781
0.763434
0.946442
0.062851
0.931084
0.808488
0.977324
0.999154
0.022030
0.017234
0.811457
0.994894
0.040916
0.900002
0.000000
0.999643
0.959035
0.549337
0.000000
0.086949
0.894876
0.999965
0.992264
1.000000
1.000000
0.945121
0.739454
0.965818
0.627597
0.997654
1.000000
0.974372
0.803266
0.555689
0.122247
0.705049
0.625566
0.000000
0.001170
0.000000
0.999739
0.977281
0.866393
0.969339
0.960439
0.999566
0.035055
0.961007
0.000000
0.109814
1.000000
0.062790
0.929484
0.802757
0.048222
0.476634
1.000000
0.977462
0.015604
0.997588
0.351026
0.230241
1.000000
0.016325
0.999341
0.999913
0.624376
0.000000
0.971931
0.961719
0.058708
0.600362
1.000000
0.980143
0.994887
0.888562
0.755873
0.910557
0.965609
0.998392
0.025358
0.022255
0.017627
0.657809
0.695241
0.999973
0.000828
0.866497
1.000000
0.856224
0.771688
0.000000
0.999999
0.862415
0.998631
0.000000
0.857442
0.629695
0.000000
0.618423
0.776303
0.757826
0.130517
0.003095
0.420526
0.934134
0.782137
0.043883
0.997384
0.983931
0.938068
0.356644
0.846880
0.933917
0.177453
0.513721
0.241892
0.477034
0.000000
0.890257
0.912917
0.000000
0.681435
0.966006
0.999980
0.933381
0.191993
0.000000
0.003842
0.999863
0.998719
0.981565
0.832965
0.001800
0.997760
0.960051
0.893844
0.996382
0.510213
0.986425
0.001195
0.536556
0.385084
0.497719
0.866555
0.000519
0.905391
1.000000
0.762324
0.938712
0.994342
0.026619
0.421495
0.726244
1.000000
1.000000
1.000000
0.998933
0.787991
0.824858
0.965790
0.866529
0.000848
0.139785
0.912445
0.974898
0.168147
0.918270
0.991208
0.941482
0.295878
0.685859
0.999979
0.065019
0.992874
0.000000
0.944128
0.202440
0.568431
0.831205
0.000540
0.002990
1.000000
0.007247
1.000000
0.859373
0.961242
0.827649
0.830202
0.000000
0.649120
0.884061
0.034754
0.987027
0.946754
0.728433
0.000027
0.928377
0.016369
0.982492
0.942421
0.227252
0.000000
0.901106
1.000000
0.805190
0.921825
0.934596
0.392104
0.989244
0.903792
0.833734
0.000000
0.998202
0.903307
0.001039
0.947071
0.951530
0.795981
0.000102
0.000803
0.954282
0.993732
0.531543
0.872479
1.000000
0.001068
0.007050
1.000000
0.999960
0.788292
0.992578
0.999999
0.825743
0.804287
0.000136
0.910781
0.754786
0.999999
0.930371
0.148680
0.913278
0.869908
0.752671
0.820735
0.617746
0.979528
0.935240
0.000000
0.090430
0.999754
0.999858
0.999864
0.947472
0.506808
0.984028
0.000000
0.888820
0.984940
0.739888
0.984922
0.000000
0.000000
0.719937
0.954835
1.000000
0.000000
0.000030
0.006597
0.425894
0.999328
0.993270
0.007538
0.000896
0.814828
0.000000
0.121847
0.999794
0.999584
0.988938
0.228625
0.995193
0.086313
0.899676
0.754621
0.996750
0.984489
0.993063
0.076091
0.996282
0.000000
0.955726
0.956466
0.980198
0.972562
0.992280
0.099421
0.869964
0.001048
0.582957
0.590469
0.983246
0.003038
0.988223
0.922513
0.350421
0.999998
0.997089
0.999907
0.997081
0.999643
0.991518
0.880474
0.999931
0.025606
0.999962
0.999334
0.814909
0.892250
0.884690
0.000000
1.000000
1.000000
0.931914
0.931478
0.361314
0.998416
0.231691
0.969339
0.599319
0.000000
0.920639
0.310502
0.972562
0.873755
0.945577
0.998182
0.000000
0.992134
0.579881
0.000000
0.290332
0.570206
0.894727
0.766141
0.002315
0.000000
0.994938
0.823790
0.926663
0.999643
0.966290
0.847448
0.140738
0.990874
0.000000
0.998838
0.777077
0.984132
0.000000
0.121940
0.986726
0.893692
0.000203
0.927445
0.993262
0.000000
0.987338
0.994833
0.936009
0.994322
0.779612
0.866140
0.988948
0.839909
0.000000
0.000000
0.995280
0.981382
0.163802
0.743672
0.530553
0.279432
0.999979
0.881783
0.582480
0.999590
0.785919
0.493307
0.000000
0.999999
0.857385
0.838094
0.005627
0.091675
0.020463
0.000000
1.000000
1.000000
1.000000
0.709262
0.949077
0.551660
0.000000
1.000000
0.999977
0.004799
0.409824
0.974509
0.959734
0.034081
0.949091
0.999932
0.000000
0.989319
0.884146
0.000000
0.292596
0.997997
0.999673
0.928367
0.000000
0.996675
0.000000
0.665348
0.706238
0.767300
0.999939
0.816024
0.029652
0.784347
0.641475
0.047931
0.000000
0.000000
0.702727
1.000000
0.984042
0.982472
0.000000
0.696593
0.998412
0.972969
0.992488
0.000000
0.843121
0.967221
0.965192
0.682577
0.954277
0.842144
0.999051
0.993438
0.109464
0.999998
0.999643
1.000000
0.094873
0.954975
0.000000
0.000000
0.261902
0.999580
0.968488
0.384946
0.032231
0.718667
0.926984
0.943779
0.805875
0.000000
0.811751
0.011903
0.351814
0.056845
0.000000
0.999980
0.979691
0.001769
0.788675
0.759477
0.000962
0.457722
0.945288
0.466003
0.998926
1.000000
0.000020
0.983699
0.930817
0.992960
0.030206
0.989819
0.924064
0.973506
1.000000
0.970003
0.911367
0.003558
0.000000
0.996769
0.331008
0.995440
0.000000
0.962001
0.000000
0.831738
1.000000
0.934462
0.909573
0.000000
0.997261
0.827967
0.893974
0.982618
0.897054
0.587432
0.809756
0.999942
0.905905
0.997868
0.762200
0.939870
0.999542
0.988176
0.188847
0.000000
0.893480
1.000000
0.093148
0.898474
0.929235
0.917173
0.137985
0.861589
0.000000
1.000000
0.307150
0.969485
1.000000
0.301262
0.999917
0.986810
0.000000
0.637193
1.000000
0.826232
1.000000
0.999824
0.002878
0.063005
0.816394
0.959245
0.881280
0.000000
0.928706
0.000000
0.554631
0.992425
0.995394
0.984939
1.000000
0.950111
0.814907
0.934173
0.851133
0.000000
0.879212
1.000000
0.999691
0.906755
0.996751
0.998015
0.751767
0.013247
0.137985
0.000000
0.751247
0.000142
0.999985
0.999995
0.000622
0.979937
0.996949
0.999918
0.998711
0.052259
0.829945
0.999014
0.280053
0.048145
0.297707
0.000000
1.000000
0.941957
0.000185
0.000214
0.984724
0.118047
0.988467
0.931330
0.999793
0.000010
0.979657
0.993853
0.641705
0.993635
0.144374
0.999998
0.660051
0.972058
0.002703
0.893313
0.472728
0.977805
0.872878
0.984495
0.277808
0.993262
0.999963
0.002023
0.998504
0.998589
0.827796
1.000000
0.000000
0.584489
0.971617
0.000000
0.799987
0.105785
0.999691
0.000000
0.999028
1.000000
0.987852
0.999619
0.995715
1.000000
0.097352
1.000000
0.002109
0.999975
0.990802
0.911544
0.982964
0.861531
1.000000
0.264440
0.781502
0.996611
1.000000
0.000000
0.000083
0.749103
0.692016
0.001990
0.000000
0.890415
0.003401
0.448333
0.000000
1.000000
0.978608
0.956029
0.999870
0.230227
0.999723
0.694085
0.651261
0.000000
0.994146
0.056148
0.000000
0.791874
0.000000
0.956354
0.000000
0.999457
0.995872
0.000000
1.000000
0.997481
0.964102
0.506148
0.024421
1.000000
0.999988
0.681766
0.968787
0.099877
1.000000
1.000000
0.812245
0.656419
0.955228
0.811978
0.164028
0.961676
0.993732
0.633920
0.008398
0.787585
0.999994
0.645611
0.993248
0.739797
0.000131
0.978094
0.796039
0.000000
0.673902
0.999999
0.995669
0.888254
0.012543
0.042435
0.912304
0.937745
0.424275
0.343921
0.422898
0.938199
0.983250
0.999998
0.011028
0.000875
0.000000
0.974118
0.094549
0.556984
0.965196
0.999225
0.765674
0.961131
0.467327
0.999846
0.829843
0.000000
0.078799
0.940801
0.922325
0.000086
0.000000
0.769662
0.000000
0.858755
0.999971
0.826333
0.713672
0.988382
1.000000
0.000000
0.999641
1.000000
0.000000
0.000012
0.993434
0.819089
0.980022
0.211994
0.746727
0.999523
0.000000
0.000000
0.981513
0.661821
1.000000
0.772252
0.801160
0.999616
0.999138
0.999970
0.876209
0.999891
1.000000
0.997901
0.667636
0.937755
0.358380
0.968622
0.999899
0.884460
0.006127
0.025787
0.704236
0.783913
0.974654
0.861904
0.050372
0.154615
0.987166
0.006856
0.469193
0.919160
0.980227
0.021978
0.998921
0.735029
0.930603
1.000000
0.997765
0.997115
0.760874
0.307710
1.000000
0.993980
0.772293
0.992509
0.976411
0.859106
0.998771
0.000000
0.607083
0.997817
0.878228
0.988990
1.000000
0.000000
0.400456
0.995481
0.920174
0.999755
0.985871
0.523230
0.071521
1.000000
0.000000
0.983289
0.352143
1.000000
0.932915
0.000000
0.998689
0.000493
0.000125
0.930855
1.000000
0.996475
0.991266
0.659063
0.841365
0.734273
0.999992
0.002315
0.897293
1.000000
0.816446
0.989665
0.997208
0.922948
0.098059
0.659521
0.995560
1.000000
0.987048
0.000000
0.017579
0.972238
0.132550
0.514295
0.815224
0.738223
0.947612
0.970222
0.048256
0.976806
0.018238
0.983398
0.104365
0.962525
0.945545
0.987518
0.757112
1.000000
0.513386
1.000000
0.162995
0.764523
0.928815
1.000000
0.014231
0.016235
0.753767
0.964118
1.000000
1.000000
0.930607
0.956930
0.589921
0.996232
0.713321
0.999157
0.990822
0.000000
0.169398
0.036648
0.797976
0.000000
0.596901
0.874168
0.999999
0.000000
0.973007
0.884690
0.996759
0.055956
0.889572
0.122174
0.971208
0.964401
0.000000
0.996959
0.999079
0.461088
0.860107
0.999921
0.000804
1.000000
0.002464
0.968441
0.003767
0.000000
0.906309
0.999959
0.824432
0.033977
0.999998
0.000000
0.999984
0.291825
0.108171
0.999650
0.876622
0.981940
0.999728
0.208834
0.999347
0.999920
0.990228
0.080510
0.999481
0.908853
0.028286
0.000000
0.961719
0.889829
0.994622
0.969149
0.155887
0.610184
0.958295
0.018958
0.000000
0.026506
0.978386
0.990918
0.623040
0.999986
0.112297
0.143866
0.015110
0.956029
0.801638
0.043195
0.726637
0.003868
0.922472
0.827752
1.000000
0.863161
0.951509
0.999998
1.000000
1.000000
0.999902
0.998617
0.912398
0.981687
0.839867
0.993254
0.000735
0.999751
0.132808
0.934231
0.015307
0.946313
0.782392
0.168644
0.014002
0.882885
0.022583
0.998191
0.857611
0.998648
0.374929
0.743689
0.901923
0.952184
0.731099
0.647239
0.756977
0.061748
0.684103
0.910262
0.026031
0.826968
0.000000
0.608665
0.014073
0.000130
0.509117
0.975160
0.044095
1.000000
0.205115
0.717981
0.855616
0.780409
0.818450
0.978533
0.998938
0.987836
0.991405
0.777396
0.983049
0.990497
0.470854
0.075142
0.000000
0.794447
0.730515
0.277138
0.994960
0.922116
0.999960
0.000000
0.045517
0.148784
0.414940
0.011677
0.394687
1.000000
1.000000
0.916932
0.000000
1.000000
0.386877
0.999998
0.999033
0.846644
0.000000
0.026391
0.981935
0.999957
0.314845
0.996204
0.992214
0.923518
1.000000
0.573572
0.000000
0.936039
0.577840
0.635594
0.974997
0.994264
0.563205
0.988975
0.999996
0.949785
0.999092
0.983195
1.000000
0.000000
0.999998
0.949880
0.950829
1.000000
0.962552
0.932042
0.997535
0.887817
0.925311
0.999969
1.000000
1.000000
0.698158
0.000007
0.999995
0.000039
0.952594
0.982472
0.870077
0.725732
0.996289
0.951625
0.974290
0.739654
0.667344
0.029951
0.000006
0.828487
0.853749
0.999768
0.111091
0.000000
0.816851
0.000000
0.000076
0.966795
0.001825
1.000000
0.970152
1.000000
0.683632
0.142405
0.717346
0.928180
0.016959
0.783591
0.999689
0.943632
0.671339
0.178687
1.000000
0.867478
0.999786
0.675925
0.000000
0.000142
0.998515
0.999345
0.998993
0.960736
0.994280
0.000999
0.898551
0.893697
0.974289
1.000000
0.991492
0.628941
0.999990
0.439197
0.026121
0.746348
0.386942
0.000895
0.269752
0.839936
0.996267
0.000000
0.000000
0.977510
0.999717
0.946364
0.000000
0.521489
0.000018
0.830701
0.946147
0.983345
0.894091
0.700769
0.999935
0.468744
0.949443
1.000000
0.890907
0.866718
0.999864
0.994400
0.996783
0.999998
0.964087
0.988840
0.000000
0.976974
0.000000
0.986894
0.997748
0.027194
0.207759
0.062416
0.043034
0.941367
0.768751
0.961014
0.086071
0.000000
0.999963
0.999935
0.951127
0.866881
0.645520
0.997563
0.712811
0.392762
0.000000
0.464765
0.000000
0.960063
0.969259
0.349330
0.963516
0.019244
0.999999
0.713256
1.000000
0.944295
0.984306
0.859896
0.051857
0.999975
0.069076
0.885421
1.000000
0.999955
0.004041
0.906451
0.972383
0.025764
0.720761
0.959823
0.002224
0.321217
0.048681
0.000503
0.776584
0.495438
0.497183
0.999961
0.996898
0.001937
0.987889
0.227060
0.924346
0.901412
0.000000
0.931587
0.988322
0.999886
0.355190
0.005533
0.989038
0.387594
1.000000
0.978210
0.005141
0.951660
0.817140
0.022238
0.569443
0.451001
0.975127
0.000000
0.862250
0.996530
1.000000
0.945798
0.978422
0.006392
0.999877
0.918707
0.999992
0.671945
0.017613
0.096563
0.985499
0.900751
0.938884
0.945612
0.646875
0.060917
0.996339
0.211811
0.007601
0.825508
0.992762
0.960789
0.978369
0.061968
0.788675
0.774534
0.403225
0.859899
0.000000
0.004108
0.909606
0.598676
0.940715
0.999347
0.000000
0.118235
0.000000
0.060860
0.000000
0.981577
0.897743
0.056001
0.001111
0.956812
0.994214
0.946207
0.987565
0.870960
0.000641
0.000000
0.981014
0.338109
1.000000
1.000000
0.078526
0.615670
0.437244
0.995488
0.715442
0.854008
0.998162
1.000000
0.011736
0.845731
0.946873
0.035063
0.993130
0.878245
0.000000
0.981496
0.739696
0.987518
0.926517
0.128142
0.535944
0.999715
0.999665
0.993609
0.000000
0.000000
0.024774
0.817003
1.000000
0.000786
0.000008
0.000000
0.078233
0.985148
0.988641
0.841408
0.000287
0.607556
0.741115
1.000000
0.940535
0.999596
0.996285
0.033421
0.010081
0.935086
0.969021
0.000128
0.964519
0.935031
0.992620
0.705420
0.999639
0.159553
0.000000
0.942523
0.159685
0.524727
0.248181
0.900481
0.938977
0.000000
0.999992
0.619011
0.977123
0.999736
0.027496
0.780948
0.680253
0.000000
0.841907
0.999665
0.000000
0.008133
1.000000
0.437609
0.000000
0.997050
0.876678
0.981684
0.824919
0.942871
1.000000
0.000000
0.985951
0.963153
0.306459
0.958711
0.981198
0.487313
0.996825
0.973952
0.948685
0.964322
0.995797
0.156123
0.906830
0.809657
0.882065
0.400647
0.841907
0.999988
0.823900
0.978273
0.000000
0.922187
0.029060
0.000000
0.000000
0.861316
1.000000
1.000000
1.000000
0.539752
0.999510
0.963016
0.992894
0.033435
0.999998
0.635457
0.825141
0.494274
0.000000
1.000000
0.790874
1.000000
0.986469
0.010841
0.833015
0.789539
0.986159
1.000000
0.000000
0.963210
1.000000
0.344965
0.863106
0.999155
0.983365
0.968370
0.996605
0.996234
0.957695
0.571720
0.700871
0.986807
0.997852
0.996488
0.007016
0.000001
0.993635
0.658552
0.518005
0.941677
0.073810
1.000000
0.953936
0.931092
0.999995
0.999520
0.945494
0.007724
0.920260
0.000000
0.981252
0.999705
0.999999
0.937209
0.039766
0.703003
0.980281
0.000000
0.992662
0.930246
1.000000
0.026531
0.966475
0.912672
0.156183
0.000795
0.684217
0.001804
0.777753
0.945291
0.996904
0.934629
0.294559
0.984732
0.945310
0.994073
1.000000
0.940313
0.931144
0.926754
0.098554
0.984964
0.975390
0.999921
0.689824
0.999701
0.997702
0.919806
0.848435
0.007967
0.000000
0.002095
0.999895
0.000071
0.802815
0.810830
1.000000
0.998925
0.000000
0.545390
0.803935
0.999071
0.999680
0.999999
0.394384
0.974980
0.943769
0.402214
0.549797
0.722280
0.999824
0.799177
0.014450
0.579291
0.949947
0.999722
0.634133
0.065686
0.879220
0.000558
0.359337
0.922187
0.737427
0.980103
0.015143
0.625343
0.244351
0.897058
0.999790
0.999258
1.000000
0.061941
0.000000
0.912906
0.503252
0.000000
0.798260
0.942295
0.002206
0.805565
0.009692
0.160174
0.866237
0.040083
0.999384
0.623926
0.369856
0.985294
0.362723
0.000000
0.983929
0.212968
0.995502
0.166257
0.999906
0.322254
0.701279
0.000583
0.283684
0.999996
0.998183
0.970282
0.021802
0.019480
0.000000
0.964854
0.841163
0.923206
0.000000
0.524819
0.990640
1.000000
0.000000
0.933360
0.999968
0.926174
0.942663
0.854774
0.001346
1.000000
0.994671
0.996139
0.720784
0.988151
0.943733
0.032918
1.000000
0.253712
0.673445
0.953587
0.931847
1.000000
1.000000
0.949091
0.000000
0.286113
0.875654
0.034454
0.000000
0.977555
0.987589
0.886472
0.128958
1.000000
0.253061
0.919647
0.000000
0.893106
0.626745
0.000000
0.999951
0.996716
0.911495
0.965558
0.886820
0.000727
0.883660
0.104918
0.000000
0.546777
0.909320
0.012418
0.723043
1.000000
0.999691
0.978712
0.999766
0.658439
0.011892
0.916287
0.000000
0.981091
0.840243
0.000000
0.887300
0.794397
0.998250
0.999131
1.000000
0.864536
0.999576
0.199720
0.238491
0.896424
0.985148
0.935139
0.999279
0.078102
1.000000
0.239649
0.998257
0.999998
0.313481
1.000000
0.661116
0.878930
0.033614
0.807563
0.000000
0.982721
0.898599
0.000000
0.746727
0.998496
0.945798
0.908033
0.991613
0.476700
0.122863
0.000000
0.000000
0.892889
0.083452
0.911814
0.000000
0.999820
0.000000
0.684298
0.998603
0.850251
0.999643
0.997080
0.000000
0.926497
0.056001
0.000000
0.999570
0.864973
0.921005
0.000627
0.805890
0.999860
0.458037
0.977508
0.020169
0.319831
1.000000
0.999994
0.000000
0.052704
0.132165
0.000003
0.058677
0.874446
0.956857
0.998751
0.175090
0.000063
0.045698
0.211772
0.903237
0.024365
0.000000
0.779210
0.000000
0.894648
1.000000
0.997394
0.145244
0.999174
0.870800
0.000422
0.621939
0.000000
0.948804
0.025197
0.359115
0.969325
0.000000
0.000000
0.955539
0.053819
0.852987
0.995848
0.070079
0.849353
1.000000
0.997538
0.998267
0.964532
0.039123
0.334980
0.000000
0.737562
0.000012
0.956721
0.005155
0.999891
0.013765
0.870288
0.988103
0.516950
1.000000
0.343162
0.283317
0.296687
0.007634
0.000000
0.997252
1.000000
0.988580
0.716759
0.960325
0.004144
0.999998
1.000000
0.992345
1.000000
0.999891
0.375545
0.000000
0.024257
0.045565
0.008272
0.176023
0.915869
0.946849
0.971432
0.029057
0.449914
0.249728
0.014132
0.698191
0.933302
1.000000
0.902794
0.802968
0.309912
0.771203
0.991506
0.682326
0.924882
0.986191
0.183825
1.000000
0.000000
0.034447
0.605777
1.000000
0.013016
0.912768
0.990426
0.982522
1.000000
0.999997
1.000000
0.872240
0.070151
1.000000
0.130459
0.969680
0.999840
0.484226
0.000000
0.975531
0.661364
0.997080
0.192306
1.000000
0.846418
0.022399
0.781799
0.986182
0.992781
0.006521
0.991530
0.782820
0.244956
0.825639
0.997536
0.802347
0.995543
1.000000
0.381328
0.946405
0.960096
0.004651
0.077635
1.000000
0.121082
0.101473
0.044968
0.964427
0.999996
0.999548
0.608896
0.982098
0.992372
0.760897
1.000000
1.000000
0.000010
0.822609
0.516873
0.000000
0.987720
0.063768
0.742869
0.995590
0.823726
0.968485
0.771972
0.928734
0.958653
1.000000
0.138656
0.873509
0.058322
0.859266
0.994086
0.142449
0.005549
0.171621
0.075695
0.677657
0.233763
0.000000
0.039804
0.997138
0.000000
0.804383
0.998630
0.996555
0.995068
0.097464
0.078846
0.288288
0.911779
0.013329
0.014678
1.000000
0.000000
0.981577
0.904253
0.748008
0.000000
1.000000
0.780434
0.983226
0.957963
0.000000
0.322372
1.000000
0.999877
0.043637
0.999904
0.858868
0.020078
0.949521
0.222417
0.018543
0.385961
0.965303
0.890105
0.978703
0.993294
0.148845
0.995878
0.000000
0.081525
0.979299
0.044905
0.909340
0.010755
1.000000
0.999884
0.491588
0.353419
0.643468
0.971075
0.999998
0.999994
0.942335
0.919070
0.999999
0.999145
0.205212
0.048417
0.000000
0.960181
0.999838
0.000000
0.000000
0.768004
0.758447
0.849043
0.897993
0.940822
0.999983
0.971669
0.055814
1.000000
0.995807
0.000000
0.753347
1.000000
0.000000
1.000000
0.337741
0.771214
1.000000
0.967735
0.000000
0.000000
1.000000
0.000309
0.052355
0.824113
0.920828
0.999999
0.796210
0.997280
0.973363
1.000000
0.800192
0.992998
0.568520
0.908138
0.995943
0.296170
0.971334
0.845279
0.962471
1.000000
0.808378
0.000188
0.999257
0.999855
0.466118
0.625687
0.909683
0.878737
0.997336
0.871270
0.731547
0.006631
1.000000
0.905866
0.698729
0.993288
1.000000
0.003332
0.300764
0.808408
0.000000
0.219342
0.998981
0.005857
0.999411
0.011383
0.000000
0.000000
0.985520
0.930829
0.999984
0.968820
0.996693
0.999770
0.994960
1.000000
0.559974
0.998163
0.872521
0.131572
0.579452
0.518915
0.996295
0.906434
0.989172
0.000032
0.000706
0.998071
0.949332
0.998415
0.930196
0.942157
0.728000
0.952024
0.000000
1.000000
0.979318
0.999998
1.000000
0.999950
0.994735
0.862797
0.000000
0.000680
0.087336
0.000000
0.999780
0.794397
0.519951
1.000000
0.019417
0.091038
0.013656
0.489313
0.414738
0.904518
0.952105
0.000000
1.000000
0.000000
0.986902
1.000000
0.075000
0.000000
1.000000
0.273370
0.895395
1.000000
0.000000
0.999190
0.884166
0.005828
0.845640
0.185003
0.364947
1.000000
0.000000
0.015193
0.991973
0.999994
0.996460
0.045575
0.997555
0.041650
0.054448
1.000000
0.999661
0.983048
1.000000
0.000000
0.910187
0.976338
0.977576
0.855378
0.875892
0.999978
0.018626
0.000000
0.247212
0.867297
0.915587
0.999958
0.105854
0.998765
0.942327
0.846338
0.941869
0.991675
0.025745
0.111091
0.000000
0.750485
0.999403
0.003729
0.898831
0.984087
0.975797
0.933664
0.899021
0.893249
0.311560
0.920181
0.075451
0.000000
1.000000
0.862476
0.999951
0.981423
0.940344
0.669747
0.937244
1.000000
0.994859
0.325636
0.999999
0.822578
0.760049
0.797588
1.000000
0.868462
0.971816
0.000536
0.000550
0.044838
0.976404
0.068246
0.609870
0.000000
0.047163
0.984391
0.004503
0.998825
0.368778
0.000000
0.987635
0.087796
0.137278
0.934773
1.000000
0.002426
0.000000
0.877454
0.962541
0.975622
0.033017
0.999260
0.000000
0.796210
0.040029
0.951235
0.999632
0.000973
1.000000
0.804301
0.783555
1.000000
0.085516
0.854636
0.999998
0.019786
0.997959
0.000000
0.566327
0.999227
0.187784
0.951705
1.000000
0.999647
0.686238
0.999013
0.944366
0.003008
0.012494
0.833231
1.000000
0.218784
0.835863
0.000000
0.754879
0.000601
0.070177
1.000000
0.095992
0.999903
0.845688
0.956531
1.000000
0.871134
0.000000
0.891512
0.000000
0.257151
0.922072
0.353818
0.989808
0.959617
0.991575
0.859409
0.978572
0.598790
0.998960
0.933870
0.991770
0.962014
0.995807
0.974583
1.000000
0.993186
0.965869
0.017805
0.640189
0.001683
0.001367
0.999701
1.000000
0.731690
0.313302
0.001021
0.779123
0.007962
0.995444
0.786546
0.996903
0.999901
0.000000
0.253746
1.000000
0.964861
0.999643
0.996578
0.000000
0.966787
0.807199
0.991936
0.000000
1.000000
0.997650
0.833117
0.180443
0.608098
0.761642
0.644771
0.999995
0.760312
0.975892
0.999603
0.102336
0.000000
1.000000
0.937625
0.009803
0.959251
0.906629
0.009210
0.973575
0.038141
1.000000
1.000000
0.189004
0.000000
0.945589
0.999770
0.996343
0.044025
0.310217
0.999998
0.981694
1.000000
1.000000
0.000000
1.000000
0.959780
0.000000
0.027751
0.805565
1.000000
0.564699
0.674049
0.987577
0.912259
0.998826
0.981186
0.213991
0.613069
0.000000
0.718046
0.886551
0.649814
0.000000
0.995321
0.000002
0.875615
0.999998
0.049536
0.288699
0.944403
0.000000
0.906269
0.992868
0.000000
1.000000
0.922047
0.990625
0.775712
0.004827
0.901786
0.016854
0.999625
0.999999
0.991344
0.022830
0.043296
0.999996
0.017806
0.810002
0.000897
0.934540
1.000000
0.838114
0.887626
0.753161
0.026736
0.996012
0.000373
1.000000
0.141196
0.811482
0.035690
0.924234
0.103683
0.351026
0.999829
0.000000
0.000003
0.386323
0.874244
0.563318
0.000000
0.950060
0.232658
0.000000
0.855992
0.276769
1.000000
0.230227
1.000000
0.278792
0.852442
0.789623
0.994694
0.019536
0.962103
0.389615
0.000266
0.830866
1.000000
0.000003
0.997825
0.709262
0.809140
1.000000
0.937521
0.906681
0.990130
0.998055
0.039607
1.000000
0.993850
0.969401
0.999151
0.978161
0.000000
0.836204
0.994957
0.000000
0.738346
0.709379
0.035847
0.013663
0.992091
0.999999
0.041044
0.932426
0.995910
0.963043
0.000008
0.999537
1.000000
0.998579
0.348089
0.810042
0.963235
0.955815
0.623032
0.064468
0.202628
0.094004
0.996185
0.813544
1.000000
0.811457
0.911590
1.000000
0.000000
0.994889
0.018498
0.013260
0.819880
0.985452
0.964778
0.895640
0.567415
0.998003
1.000000
0.975033
1.000000
0.008597
0.966836
0.000000
0.000000
0.837756
0.658080
0.001370
0.965967
0.952872
0.036171
0.000000
0.732948
1.000000
0.816107
0.016121
0.892414
0.000000
0.970866
0.991087
0.836847
0.799267
0.973070
0.000000
0.974850
0.999665
0.998425
0.000000
0.995241
0.008388
0.996126
0.997124
0.144818
0.658295
0.965074
0.929000
0.000000
0.995321
0.000000
0.974728
0.989901
0.999789
0.032491
0.176022
0.244696
0.965735
0.995616
0.664045
0.981601
1.000000
0.019160
0.000000
0.987463
0.965086
0.004463
0.688267
0.012166
0.000000
0.730245
1.000000
0.040796
0.648406
0.951189
0.292779
0.902712
0.999999
0.708997
0.910271
0.907585
0.999003
0.997771
1.000000
0.998304
0.944231
0.832952
0.040663
0.118936
0.921479
0.715066
0.993469
0.000000
0.032403
0.023665
0.976802
0.966730
0.460794
0.975348
0.980583
0.021978
0.083231
0.000000
0.719093
0.985156
0.406805
0.779569
0.389733
0.999640
1.000000
0.047493
0.038392
0.991167
0.994895
0.995119
0.000000
0.932830
0.000145
0.612097
0.018552
0.922609
0.747924
0.856857
0.712025
0.000000
0.193189
0.386489
0.006288
0.999944
0.999925
0.765948
0.000958
1.000000
0.894306
0.999980
0.050899
0.485995
0.000000
0.891762
0.691347
0.999979
0.720834
0.957541
0.001628
0.161698
0.878424
0.601592
0.999343
0.995163
0.074482
0.999856
0.762627
0.000000
1.000000
0.998923
0.361939
0.066110
0.997034
0.927191
0.000000
1.000000
1.000000
0.162374
0.771709
0.567390
1.000000
0.758102
0.000000
0.000000
0.409380
0.000065
0.885062
0.076930
0.643028
0.999643
0.000000
0.035494
0.833014
0.999930
0.952752
0.000632
0.000000
0.979374
0.221719
0.706095
0.993724
0.941710
0.991208
0.999988
0.447482
0.015030
0.000000
0.000000
0.982939
0.126378
1.000000
0.000011
0.000000
0.892250
0.999968
0.976309
0.001305
0.000000
0.860925
0.922072
0.124267
0.985342
0.067288
0.997809
0.957483
0.993462
0.991773
0.000000
0.032062
0.900863
0.999101
0.815673
0.936490
0.999978
1.000000
0.083403
0.999862
0.395726
0.981422
0.963944
0.684298
0.885515
1.000000
0.920061
0.878769
0.031980
1.000000
0.281744
0.909269
0.001416
0.000003
0.000000
0.999864
0.004612
0.990652
0.069126
0.342762
0.091675
0.971987
0.757909
0.957242
0.000128
0.994491
0.953460
0.976699
0.999556
0.459080
0.000000
0.019150
1.000000
1.000000
0.752401
0.931198
0.056656
0.121170
0.114119
0.952031
0.892012
0.918057
0.000000
0.954368
0.005717
0.878895
0.973177
0.997765
0.966832
0.965989
0.999402
0.852606
0.242461
0.984385
0.826153
0.000000
0.999996
0.000000
0.765612
1.000000
0.482833
0.450318
0.376245
0.969353
0.999507
0.008027
0.999993
0.907111
0.352827
0.999304
0.988641
0.687898
0.986283
0.998972
0.997344
0.826311
0.485541
1.000000
0.893180
0.999858
0.120482
0.994650
0.681289
0.000000
0.997583
0.000000
0.945389
0.946916
0.971874
1.000000
0.095485
0.999999
0.000000
0.000000
0.999869
0.769043
0.999877
0.975717
0.940912
1.000000
0.999877
0.140794
0.362444
0.943526
1.000000
0.271943
0.947121
0.375164
0.000000
0.990561
0.005510
0.936644
0.896938
0.999869
0.996753
0.853128
0.143997
0.004780
0.012334
0.033550
0.963704
0.999956
0.998919
0.995029
0.999859
0.999947
0.478551
0.757664
0.056827
0.795553
0.777457
0.999991
0.004066
0.190644
0.969264
1.000000
0.941188
0.995047
0.999484
0.914025
0.980683
0.085454
0.854111
0.984725
0.958653
1.000000
0.790399
0.993456
0.233693
0.979765
0.970053
0.653011
0.234322
0.543532
0.955634
0.945383
0.986089
0.982033
0.954809
0.000000
0.000002
0.910711
0.998183
0.054513
0.995953
0.000000
0.999462
0.999610
0.597123
0.893195
0.016425
0.230785
0.999882
0.000000
0.065661
0.044099
1.000000
0.643561
0.077001
0.000000
0.759366
0.755056
1.000000
0.000004
0.885696
0.756448
0.024965
0.241525
0.297934
0.908861
0.000000
1.000000
0.000000
0.993478
0.354528
0.564320
0.941232
0.007186
0.000736
0.834965
0.996211
0.908327
0.000000
0.000000
1.000000
1.000000
0.996536
0.461417
0.003856
0.000000
1.000000
0.993879
0.910182
0.091186
0.999500
0.877341
0.996397
0.957105
0.032640
0.994453
1.000000
0.044731
0.942401
0.000000
0.908138
0.916092
0.790439
0.000000
0.343110
0.939208
0.000000
0.000000
0.008909
0.878606
0.989354
0.021242
0.924599
0.035394
0.999991
0.944616
0.014296
0.971935
0.902417
1.000000
0.000000
0.099144
0.068461
0.813698
0.995053
0.978658
0.080779
0.739193
0.999794
0.047883
0.264584
0.985551
0.636977
0.997459
0.176725
0.998377
0.838397
0.495881
0.957587
1.000000
0.051234
0.978572
0.860434
0.619822
0.872240
0.479133
0.000000
0.946657
0.000000
0.999521
0.876395
0.000680
0.990321
1.000000
0.957111
0.925117
0.993401
0.997427
0.867330
0.909067
0.013729
0.000000
0.898432
0.999837
0.949471
0.455569
0.940297
0.865233
0.672339
0.985539
0.000000
0.939935
0.000027
0.986161
0.980843
1.000000
0.010133
0.000000
0.996790
0.935855
0.044099
0.999999
0.075168
0.136092
0.913188
0.149505
0.938445
0.957158
0.000000
0.694584
1.000000
0.000000
0.976391
0.999997
1.000000
0.188725
0.999907
0.622100
0.999926
0.925574
0.000183
0.000000
0.963417
0.999959
1.000000
0.017174
0.964641
0.999581
0.999803
0.850075
0.516757
0.888251
0.993793
0.921363
0.041338
0.999877
0.000000
0.926137
0.884429
0.649299
0.000333
0.682018
0.852984
0.962900
0.996783
0.996344
0.018140
0.001580
0.997392
0.025053
1.000000
0.000000
0.101473
0.042652
0.938617
0.841024
0.574662
0.937379
0.998026
0.525709
0.000000
1.000000
0.986266
0.022145
0.948321
1.000000
0.276447
0.000000
0.000060
1.000000
0.975195
0.992600
0.999988
0.049653
0.595775
0.496172
0.997653
0.683632
0.988008
1.000000
0.994730
0.813544
1.000000
0.942575
0.673902
0.943472
0.835046
0.953357
0.000000
0.509380
0.314897
0.000000
0.000000
0.948354
0.901973
0.046283
0.825755
0.795331
0.954676
0.000000
0.965443
0.961769
0.993949
0.891586
0.000000
0.975533
0.153935
0.973503
0.944596
0.773923
0.013358
0.804043
0.984740
0.742903
0.806582
0.000000
0.918261
0.651006
0.996909
1.000000
0.000000
0.340843
0.999919
0.010054
0.012739
0.000000
0.925312
0.815630
0.999984
0.806110
0.997817
0.041498
1.000000
0.000000
0.008286
0.874851
0.999998
0.063938
0.642422
0.971838
0.220272
0.963578
0.121317
1.000000
0.997852
0.407398
0.944452
1.000000
0.885686
0.053540
0.998619
1.000000
0.867423
0.966061
0.995436
0.875752
0.960847
0.996622
0.899601
0.016738
0.870742
0.000000
0.828565
0.754158
0.000000
0.000436
0.021063
0.958284
0.969038
0.665427
0.998535
0.993470
0.266840
0.825880
0.997438
0.054555
0.997447
1.000000
1.000000
0.849432
0.993422
0.406064
0.926764
0.974767
0.000000
0.028770
0.001939
0.811571
0.214044
0.005905
0.385969
0.146174
0.000008
0.942214
0.262357
0.571966
0.737995
0.355953
0.942415
0.999764
0.000768
0.318680
0.999583
0.999999
0.001982
0.743919
0.969396
0.869918
0.765618
0.994473
0.122088
0.430188
0.691363
0.000000
0.999664
0.999965
0.999446
0.999814
0.996338
0.967653
0.011088
0.996100
0.968239
0.930177
1.000000
0.977595
0.001832
0.949387
0.910361
0.934195
0.922482
0.944162
0.999955
0.820797
0.879290
0.998252
0.964395
0.000000
1.000000
0.672980
0.965602
0.295185
0.053865
0.982425
1.000000
1.000000
0.993103
0.963629
0.948774
0.997054
0.930395
0.941602
0.998466
0.049625
0.993262
0.232518
0.000000
0.000000
0.998738
0.677821
0.948664
0.999993
0.033391
0.967757
0.028160
0.948461
0.417927
0.384886
0.000000
0.959355
0.040503
0.987133
0.668053
0.981932
0.999915
0.059561
0.695589
0.054824
0.928830
0.878737
0.090280
0.168958
0.000000
0.999999
0.336858
0.992995
0.000000
0.000000
0.898358
1.000000
0.000000
0.000000
0.999974
0.000000
0.000000
0.872544
0.932636
0.005517
0.997682
0.911004
0.977447
0.000000
0.999480
0.031403
0.100232
0.930755
0.914012
0.927997
1.000000
0.004108
0.999408
0.999999
0.999999
0.896339
1.000000
0.118416
0.778195
0.994904
0.986563
0.999999
0.979240
0.518608
0.883218
0.360746
0.999117
0.000000
0.960036
0.000000
0.125753
0.020191
0.406685
0.713843
0.785729
0.154747
0.356362
0.540375
0.013249
0.000000
0.038145
0.796153
1.000000
0.878030
0.607575
0.985148
0.014699
0.000036
0.018494
0.344945
0.987463
0.948839
0.000000
0.288189
0.998710
0.664339
0.873659
0.861587
0.981445
0.841802
0.993953
0.585762
0.000000
0.000000
0.993056
0.007996
0.884152
0.823969
0.000137
0.511838
0.998848
0.006673
0.991770
0.971164
0.999711
0.940899
0.859602
0.985351
0.249111
0.993133
0.954949
1.000000
0.964761
0.000000
0.000000
0.974104
0.618109
0.783005
0.966444
0.121935
0.954009
0.000000
0.994937
0.095013
0.999997
0.997669
0.990402
1.000000
0.997957
0.020241
0.814021
1.000000
0.760409
0.407899
0.767294
0.603891
0.007249
0.788085
0.999968
0.981548
0.000000
0.954811
0.995092
0.690447
0.686488
1.000000
0.703565
0.000000
0.977382
0.999888
0.973150
0.633405
0.989642
1.000000
0.001362
0.171887
0.000000
0.468203
0.050563
0.999687
0.920403
0.936502
0.056662
0.999998
0.995120
0.953121
0.999771
0.276220
0.999829
0.989889
0.716981
0.000000
0.033445
0.000000
0.999997
0.012473
0.996527
0.999392
0.973790
0.581272
0.110576
0.998760
0.976326
0.775316
0.000000
0.992788
0.995848
1.000000
0.951226
0.034127
0.005783
0.948686
0.859630
1.000000
0.988691
0.639593
0.441721
0.999647
0.974099
0.999625
0.999986
0.768392
0.992523
0.972196
0.000633
0.982977
0.993892
1.000000
0.062951
0.998262
0.049174
0.000000
1.000000
0.994779
0.770953
0.970264
0.999946
0.605101
0.989648
0.037397
0.941109
0.547158
1.000000
0.982820
0.000000
0.834518
0.006356
0.909025
0.999886
0.000000
1.000000
0.855285
0.695257
0.999997
0.888395
0.999943
0.042693
1.000000
0.843887
0.781974
1.000000
0.997414
0.832182
0.044635
0.992327
0.966415
0.859394
0.989105
0.845535
0.912645
0.000000
0.987170
0.999094
0.368132
0.882062
1.000000
0.720460
0.964927
0.874848
0.335568
1.000000
0.835797
0.821668
0.872503
0.000000
0.136825
0.155842
1.000000
0.982768
0.992669
0.999832
0.886104
0.989927
0.207622
0.982964
0.132470
0.793484
0.000000
0.847125
1.000000
0.954277
0.180198
1.000000
0.026363
0.602939
0.991567
0.958050
0.020731
1.000000
0.447744
0.833895
0.999999
0.920031
0.104887
0.642432
0.000000
1.000000
0.974656
1.000000
0.999999
0.827796
0.000000
1.000000
0.999763
0.990205
0.991549
0.955632
0.977013
0.999993
0.000000
1.000000
0.000000
0.013042
0.021356
0.999905
0.228730
0.043878
0.685160
0.952239
0.801458
0.967972
0.910761
0.002977
0.877403
0.985797
0.998864
0.781860
0.952992
0.997917
0.976288
0.067116
0.998526
0.987547
0.999823
0.983312
0.976181
0.985709
0.988647
0.633502
0.997344
0.851290
0.999907
0.148779
0.000032
0.077486
0.455696
0.999454
0.588050
1.000000
0.788992
0.000000
0.197619
0.998685
0.000146
0.970705
0.943292
0.134781
0.830741
0.029816
0.967372
0.368511
1.000000
0.951101
0.890257
0.842387
0.999100
0.848031
0.016272
0.074197
0.936284
0.751822
1.000000
0.598790
0.065217
0.728996
0.625237
1.000000
0.260102
1.000000
1.000000
0.999670
0.961128
0.000000
0.000000
0.999969
0.999941
0.993626
0.503855
0.997270
0.210339
1.000000
0.999997
0.001448
0.318231
0.525381
0.999999
0.990183
0.053968
0.925868
0.964523
0.748398
0.000000
0.851903
0.988967
0.986000
0.020168
0.000006
0.654635
0.999484
0.999707
0.208729
0.424767
0.000000
0.882355
0.997592
0.825463
0.999631
0.968007
0.910271
0.000000
0.999774
0.526714
0.000000
0.046337
0.999988
0.025289
0.000000
0.018385
0.489613
0.999991
0.011171
0.170686
0.067051
0.000000
0.999751
0.000004
1.000000
0.736535
0.999618
0.654635
0.982918
0.999309
1.000000
0.991675
0.961850
0.992693
0.979561
0.966905
0.928663
0.937857
0.999990
0.720270
0.999899
0.747533
0.944635
1.000000
1.000000
0.844926
0.000000
0.663710
0.918670
0.002793
0.665676
0.001408
0.955824
0.995616
0.199089
0.996739
0.957331
0.011353
0.720630
0.177859
0.447206
0.608407
0.000000
0.307670
0.381668
0.985159
0.999997
0.999998
0.953456
0.032438
0.999789
0.968383
0.999300
0.996003
0.794609
0.952232
0.994257
0.837188
0.087287
0.995440
0.967568
0.990419
0.999070
0.046285
0.997484
0.000000
0.090550
0.996874
0.949149
0.986600
0.890708
0.013268
0.989642
0.033394
0.998963
0.000835
0.362044
0.991572
1.000000
0.999999
0.999691
0.000000
0.000000
0.000000
1.000000
0.000000
0.010569
0.959412
0.736002
0.887605
0.960787
0.727272
0.800821
0.814902
0.114279
0.346899
0.384977
0.890865
0.000000
1.000000
0.000000
1.000000
0.930076
0.999999
0.828440
0.379146
0.372682
0.007938
0.725493
0.853110
0.989225
0.950405
0.080899
0.000000
0.729275
0.000000
0.982411
0.002525
0.774874
0.913057
1.000000
0.995368
0.987485
0.908439
0.005020
0.992495
0.063902
0.988628
1.000000
1.000000
0.987895
0.411555
0.002128
0.019155
0.999832
0.994424
0.989360
0.651970
0.869880
0.862796
1.000000
0.932860
0.151469
0.484385
0.000000
0.000006
0.969298
0.992730
0.000000
0.924609
0.079850
0.899676
0.296180
0.000000
1.000000
0.815860
0.013071
0.999999
1.000000
0.789840
0.982104
0.999999
0.793832
0.000000
0.000006
0.694196
0.608164
0.999997
0.853988
0.910176
0.951303
1.000000
0.985249
0.980706
0.758102
0.471386
0.872721
0.691334
0.000097
0.945401
0.934255
0.819309
0.000004
0.999991
0.989279
0.750799
0.999581
0.938328
0.000000
0.064173
0.883345
0.262520
0.999998
0.693983
0.023008
0.888717
0.999324
0.979807
0.017613
1.000000
0.999780
0.800840
0.733968
0.973298
0.976096
0.999630
0.871334
0.999939
0.992148
0.000000
0.676689
0.942413
0.910271
0.029444
0.975178
0.004117
0.999877
0.007337
0.981554
0.905346
0.000239
0.808880
0.783310
0.991313
0.961769
0.002249
0.999803
0.000000
0.999250
0.595268
0.887935
0.000000
0.000213
0.059096
0.694152
0.000000
0.150674
0.653810
0.998788
0.988274
0.917804
0.995827
0.900002
0.452156
0.963532
0.902069
0.701201
1.000000
0.999439
0.799162
0.000000
0.621598
0.256464
0.728000
0.000000
0.999961
1.000000
0.989821
0.448492
0.929778
0.853512
0.986806
0.995814
0.862072
0.807853
0.998064
0.016783
0.796275
0.981684
0.998461
0.947292
0.896038
0.987504
0.876208
0.172490
0.988725
0.056558
0.000000
0.983674
0.050772
0.000000
0.144746
0.999328
0.832935
1.000000
0.934289
0.002811
0.009746
0.999401
0.027635
0.992605
0.866672
0.900933
0.930484
0.276368
0.111107
1.000000
1.000000
0.163765
0.985417
1.000000
0.999939
0.745904
0.999418
1.000000
0.846460
0.933707
0.000000
0.877347
0.968229
0.000000
0.835130
0.015878
0.965001
0.931287
0.940943
0.000000
0.971499
0.999798
0.999904
0.899550
0.740926
0.032281
1.000000
0.501570
0.108407
0.792235
0.999952
0.216019
0.992161
0.000000
0.993695
0.074960
0.851241
0.999999
0.015340
0.967773
0.020207
0.995953
0.703398
0.889199
0.087680
0.967746
1.000000
0.997158
1.000000
0.352639
0.982833
0.842599
0.858260
0.998303
0.860380
0.987723
0.946503
0.805150
1.000000
0.816781
0.001865
0.277138
0.405310
0.218565
1.000000
0.000000
0.901554
0.932868
0.982918
1.000000
0.923417
0.389702
0.854874
0.340304
0.000000
0.620711
0.544583
0.000000
1.000000
0.926682
0.000000
0.000000
0.990015
0.835570
0.000000
0.984470
0.976042
0.995276
0.891139
0.503190
0.994530
0.028328
0.999467
0.984565
0.900809
0.877158
0.020658
0.986348
0.179664
0.926390
0.002439
0.436558
0.000000
0.978055
0.976736
0.239845
0.774149
0.421064
0.996506
0.028884
0.738536
0.999999
1.000000
0.959681
0.000288
0.948544
0.008795
0.996249
0.999125
0.984665
1.000000
0.987861
0.103333
0.925117
0.662340
0.001910
0.965720
0.999957
0.745142
0.000000
0.088273
0.972943
0.999831
0.999871
0.782434
0.220114
0.017485
0.990209
0.997748
0.908746
0.981471
0.098082
1.000000
0.372090
0.358977
0.998850
0.986850
0.887729
0.929235
0.995957
0.981198
0.968910
0.996848
0.610850
1.000000
0.000000
0.161892
0.889403
1.000000
0.419289
0.971838
0.982313
0.999904
0.008016
0.999922
0.000000
0.999990
0.716874
0.416220
0.856892
0.983589
0.944636
0.978028
1.000000
0.712326
0.988458
0.778652
0.956885
0.855908
0.892486
0.385304
0.969029
0.022967
1.000000
0.961384
0.982569
0.000024
0.999912
0.879677
0.779861
1.000000
0.063305
0.808020
0.999878
0.955744
0.000000
0.964259
0.999285
0.109869
0.822578
0.993816
0.999779
0.999380
0.957851
0.426863
0.934565
0.957201
0.955959
0.000000
0.961557
0.999997
0.781573
0.783431
0.948929
0.881170
0.089429
0.958805
0.999932
0.999988
0.999901
0.329346
0.584011
0.839751
0.998846
0.983778
1.000000
0.971022
0.829576
0.997944
0.000381
0.000000
0.939802
0.864665
0.999318
1.000000
0.030235
0.239798
0.906545
0.681525
0.971686
0.966774
0.794284
0.001785
0.973103
0.999999
0.124395
0.999643
0.916288
0.998276
0.832782
0.011664
0.855661
0.833941
0.002664
0.996920
0.000000
1.000000
0.000000
0.058984
0.760031
0.999347
0.000000
1.000000
0.000000
0.000154
0.965609
1.000000
0.818919
0.999924
0.995163
0.885191
0.579024
0.999700
0.000016
1.000000
0.943999
0.997034
0.000000
0.028107
1.000000
0.000000
0.977629
0.001885
0.181668
0.210479
0.588915
0.999539
0.992525
0.050406
0.995092
0.023490
0.000000
0.990799
1.000000
0.144120
0.956135
0.000000
1.000000
0.980416
0.889807
0.000000
0.108349
0.000000
0.912598
0.924076
0.793279
0.999420
0.974289
0.000000
0.999444
0.838114
0.914238
1.000000
0.997250
0.346949
0.793832
0.521892
0.000000
0.923975
0.800485
1.000000
0.425932
0.831625
0.986604
0.585451
0.981374
0.932443
0.000627
0.975617
0.080214
1.000000
0.911277
0.999705
0.996949
0.391145
0.109873
0.132915
0.000000
0.909814
0.351306
0.856161
0.910376
0.999055
0.943104
0.998993
0.002625
0.996728
0.978142
0.000000
1.000000
0.999903
0.995360
0.990864
0.004341
1.000000
0.995615
0.146126
0.943779
0.969022
0.998892
0.986468
0.060871
0.693983
0.938298
0.995181
0.999969
0.000000
0.977623
0.000000
0.942945
0.897089
0.704294
0.825102
0.000175
0.944149
0.322153
0.654162
0.574123
0.973721
0.946273
0.967665
1.000000
0.237515
0.000000
0.986246
0.991677
0.000000
0.985274
0.608113
0.971755
0.977901
0.932868
1.000000
0.000000
0.459578
0.000000
1.000000
0.909491
0.972400
0.443399
0.000000
0.054983
0.978452
0.816723
0.997626
0.999957
0.984351
1.000000
0.985926
0.991872
0.905461
0.019226
0.004112
1.000000
0.000000
0.991900
1.000000
1.000000
0.702794
0.880292
0.967773
0.924063
0.942819
0.485000
0.007601
0.000000
1.000000
0.000000
0.000000
0.998575
0.407893
0.458892
0.869750
0.956744
0.851948
0.001138
0.929953
0.181312
0.974372
0.998542
0.817759
0.987443
0.134199
0.811894
0.672967
0.088373
0.898777
1.000000
1.000000
0.079074
0.907999
0.994381
0.828510
0.997887
0.765529
0.884844
0.050385
0.996814
0.980859
0.988021
0.000000
1.000000
0.693878
0.996916
0.999181
0.867738
0.836548
0.998059
0.000185
1.000000
0.000000
0.985200
0.866140
0.085689
0.789476
0.958895
0.975479
0.999995
0.042037
0.999190
1.000000
0.011999
0.000000
0.533144
0.924119
0.000000
0.013536
0.000000
0.905321
0.877427
0.869784
0.479330
1.000000
1.000000
0.998747
0.000000
0.999665
1.000000
0.889403
0.968382
0.541497
0.000000
0.921623
0.999992
0.996148
0.982346
0.379150
0.990327
0.031031
0.886057
0.946228
0.004824
0.999765
0.999999
0.054696
0.984256
0.431684
0.823545
0.001481
0.868499
0.000352
0.000000
0.073102
0.014324
0.992853
0.985995
1.000000
0.999998
0.000000
0.994537
0.980783
0.972506
0.327891
0.982475
0.001016
1.000000
0.255933
0.165797
0.693863
0.001987
0.954271
0.720801
0.768884
0.983822
0.997100
0.912275
0.300764
0.000000
0.747924
0.000000
0.997581
0.999959
0.994339
0.999997
0.074160
0.930094
0.959556
0.000000
1.000000
0.805467
0.985807
0.935247
0.940021
1.000000
0.004108
0.109624
0.921528
0.815757
0.001719
0.999555
0.771734
0.585541
0.945923
0.000000
0.999823
0.002817
0.964551
1.000000
0.001740
0.845833
0.679883
0.000001
0.999987
0.571837
0.951874
0.000000
0.000000
0.376245
0.930325
0.991155
0.947572
0.975829
1.000000
0.016817
0.886784
0.973713
0.836561
0.012066
1.000000
0.000000
0.677506
0.999932
0.865691
0.144643
0.996581
0.000000
0.000335
0.609192
0.000000
0.243330
0.798485
0.965812
0.000000
0.818726
0.020884
0.000000
0.810953
0.311089
0.957689
0.001843
1.000000
0.873090
0.997304
0.086196
1.000000
0.443011
0.634069
0.658295
1.000000
0.912642
0.907621
0.000000
0.999078
0.995463
0.004955
0.918073
0.000000
0.999977
0.992156
0.893317
0.938319
0.692210
0.999958
0.897764
0.999994
1.000000
0.998977
0.999999
0.999455
0.834544
0.999979
0.983080
0.002120
0.999975
0.006080
0.036862
1.000000
0.378714
0.772759
0.000000
0.989172
0.577567
0.997615
0.992197
0.869719
0.695719
0.927186
0.000012
0.323567
0.216452
0.434819
0.000211
1.000000
0.951467
0.928819
0.000000
0.922883
0.948385
0.001788
0.113160
0.065879
0.870373
0.000197
0.993167
0.691654
0.998621
0.688803
0.729488
0.033435
0.982217
0.993903
0.999999
0.017686
0.989648
0.999918
1.000000
0.912152
0.995807
0.970390
0.987252
0.361144
0.026674
0.997766
0.956088
0.238262
0.000000
0.063999
0.915269
0.997648
0.922623
0.485462
0.926668
0.999659
0.985710
0.974088
0.865953
0.013889
0.994200
0.000000
0.984117
0.000000
0.939366
0.895781
0.979898
0.776584
0.654727
0.903422
1.000000
0.846949
0.992523
0.248192
0.656250
0.303204
0.006962
0.999498
0.102336
1.000000
0.002660
0.053038
0.000000
0.000000
0.998193
0.999967
0.783272
0.603111
0.900271
0.998311
0.000000
0.998061
0.384711
1.000000
0.853582
0.975957
1.000000
1.000000
0.000000
0.755616
0.996264
0.011478
0.997924
0.421081
0.615895
1.000000
0.847027
0.993424
1.000000
0.784998
0.000000
0.999080
0.000000
0.670253
0.999976
1.000000
0.000121
0.000000
0.004151
0.983045
0.969321
0.991809
0.999423
0.974228
0.922368
0.000000
0.981018
0.971989
0.329346
0.874244
0.874556
0.054918
0.000000
0.183359
0.999999
0.000000
0.219157
1.000000
0.999917
0.386877
0.061788
0.955986
0.283737
0.950589
0.056001
0.972723
0.957261
0.994904
0.995034
0.828755
0.920616
0.424371
0.958880
0.986355
0.992175
0.999996
0.999997
0.019972
0.003447
0.003917
0.991752
0.971473
0.857442
0.947363
0.788199
0.991977
0.615072
0.958778
0.998653
0.088810
0.000689
0.999876
0.977143
0.999989
0.997031
0.912145
1.000000
0.368413
0.011191
0.958754
0.002142
0.000000
0.734607
0.990913
0.074954
0.000000
0.988158
0.005918
0.595453
0.000000
0.968208
1.000000
0.999997
0.850395
0.767648
0.000314
0.984185
0.645316
0.995368
0.072372
0.000003
0.726244
0.030092
0.997847
0.751388
0.999993
0.727031
0.806947
0.022921
1.000000
0.065879
1.000000
0.000000
0.856432
0.136324
0.994479
0.370591
0.000000
0.999874
0.998570
0.999512
0.912422
0.446850
0.095989
0.999931
0.158178
0.000000
0.894211
0.799484
0.000000
0.945094
0.792295
0.999914
0.628926
0.000405
0.844550
0.004907
0.834259
0.835775
0.809175
0.586282
0.985902
0.984565
0.000000
0.000039
0.999983
0.886746
0.971199
0.823908
0.002525
1.000000
0.047947
0.998557
0.999252
0.998440
0.997324
0.999665
0.867997
0.001604
0.996013
0.914800
0.961674
0.000000
0.907331
0.839004
1.000000
0.935633
0.999967
0.883248
1.000000
0.000000
0.961299
0.758676
0.980357
0.927869
0.999585
0.107703
0.896484
0.669817
0.966935
1.000000
0.999811
0.735125
0.999480
0.831955
0.828066
0.359316
0.570081
0.000000
0.984581
0.394279
0.049826
0.712822
0.893664
0.896304
0.908158
0.984964
0.883653
0.136092
0.999999
0.123688
0.552554
0.077171
0.256959
0.000000
0.000000
0.795792
0.995215
1.000000
0.425149
1.000000
0.999756
0.000000
0.118828
1.000000
0.999851
0.871305
0.984645
0.943768
0.488164
0.000000
0.009135
1.000000
0.067272
0.000000
0.995165
0.933643
0.775091
0.000000
0.926008
0.000000
0.946628
0.593199
0.749974
0.000000
0.934657
0.241953
1.000000
0.412873
0.888591
0.981711
1.000000
0.004445
0.001573
0.696403
0.986360
0.978608
0.970460
0.169817
0.067510
0.000000
0.892382
0.245882
0.996765
0.692537
0.000000
0.000000
1.000000
0.058392
0.969812
0.074061
0.999927
0.932536
0.000000
1.000000
0.987873
0.997168
0.986218
0.000000
0.711823
0.102505
0.070880
1.000000
1.000000
0.008182
0.993582
0.892462
0.745874
0.745774
0.988318
0.985928
0.038918
0.717871
0.282708
0.921479
0.798394
0.574672
0.673944
0.084113
0.715461
0.456740
0.966714
0.086714
0.739739
0.055425
0.785015
1.000000
0.000000
1.000000
0.000078
1.000000
0.888785
0.000000
0.000002
0.000000
0.040672
0.985735
1.000000
0.864342
0.999981
0.115914
0.819186
0.001008
0.017191
0.995758
0.126550
0.014450
0.967308
0.999998
0.000123
0.632872
0.976658
0.947989
0.959457
0.955653
0.991310
0.917193
0.998981
0.191459
0.847936
0.926437
0.993276
0.000926
0.008031
0.997922
0.977934
1.000000
0.003895
0.267229
0.889655
0.964467
0.708560
0.757166
0.753161
0.595390
0.899676
0.992644
0.442326
0.906819
0.001054
1.000000
0.000895
0.000000
0.743320
0.842425
0.062991
0.297446
0.090259
1.000000
1.000000
0.842802
0.002365
0.000000
0.417407
0.920473
0.528915
0.000000
0.888281
1.000000
0.092947
0.013889
0.669845
0.998387
0.900481
0.989666
0.987779
0.000000
0.022343
0.661821
0.033606
0.996350
0.798403
0.479636
0.973434
0.000371
1.000000
0.000000
1.000000
0.934389
0.993401
0.005907
0.023085
0.117161
0.367138
0.000006
0.000000
0.994471
0.995745
0.115593
0.093583
0.999992
0.000000
0.000000
0.010931
0.999965
0.962078
0.917522
0.122376
0.000000
0.000000
0.015433
0.909040
0.045736
0.999611
0.078233
1.000000
0.999966
0.004112
0.968626
0.000000
0.000000
0.645763
0.569741
0.999966
0.484606
0.375480
0.898880
0.999807
0.595687
0.918364
0.939718
0.890055
0.000004
1.000000
0.984704
0.969779
0.895822
0.998803
0.612634
0.979374
0.996039
0.947278
0.034961
0.477112
0.999968
0.983541
0.598636
0.815675
0.416465
0.035070
0.239542
0.970252
0.747609
0.360150
0.922472
0.995849
0.024067
0.952088
0.000000
0.767046
0.994255
0.992320
0.999318
0.804287
0.045420
0.893814
0.813099
0.997740
0.857669
0.745026
0.997640
0.995181
0.890142
0.916699
1.000000
0.663184
0.997140
0.935715
0.795753
0.977487
0.111489
0.000000
0.599242
0.999343
1.000000
0.685151
0.001873
0.936906
0.000014
0.560113
0.003439
0.957129
0.999998
0.996607
0.838052
0.001106
0.000000
0.962765
0.952337
0.000000
1.000000
0.011903
0.999998
0.632146
0.486212
0.941938
0.919271
0.996248
0.000000
0.925805
0.336463
0.999991
0.571036
1.000000
0.049341
1.000000
0.956132
0.053181
0.332167
1.000000
0.022461
0.846764
0.994393
0.962387
0.994603
0.956816
0.999707
0.936228
0.044036
0.999770
1.000000
0.941725
0.988227
1.000000
0.000000
0.000000
0.826079
0.996665
0.999969
0.623718
0.868856
0.874244
1.000000
0.006297
0.000000
0.524773
0.993439
0.978969
0.821568
0.991338
0.217501
0.850003
0.996675
0.000000
0.754903
0.982472
0.000000
0.998655
0.966920
0.948804
0.951245
0.197644
0.059033
0.062191
0.487817
0.010149
0.000038
0.993556
1.000000
0.995832
0.975693
0.999415
0.488370
1.000000
0.136053
0.001946
0.958586
0.005982
1.000000
0.413341
0.009481
0.000164
1.000000
1.000000
0.890459
0.020527
0.664452
0.063415
1.000000
0.667654
0.999984
0.023313
0.945006
0.929893
0.976285
0.709430
0.970616
0.173898
0.823349
0.000000
0.000825
0.862966
0.999290
0.913165
0.000001
0.990082
0.000000
0.651371
0.742910
0.000000
0.933482
0.999998
0.999996
0.491020
0.000000
0.309875
0.999996
0.618331
0.975355
0.007809
0.934652
0.979917
0.836847
0.756682
0.000000
1.000000
0.999723
0.937267
0.000000
0.018078
0.991175
0.000000
0.960304
0.944502
1.000000
0.934354
0.000000
0.986664
0.356705
0.385455
0.376112
0.897252
0.887379
0.693640
0.092436
0.986894
0.893821
0.999933
1.000000
0.846519
0.024145
0.898380
0.999922
0.994264
0.993910
0.145882
0.837250
0.044963
0.000000
0.000000
0.000000
0.114215
0.981741
0.999995
0.533998
0.997168
0.955348
0.873149
0.000000
0.000000
0.999999
0.998958
0.997702
0.178838
0.931655
0.998559
0.000000
0.000000
0.861236
0.039395
1.000000
0.014753
1.000000
0.710293
0.995089
0.999995
0.924173
0.637390
0.574103
0.990713
0.006998
0.999948
1.000000
0.515316
0.999836
0.324179
0.999298
0.663143
0.999137
0.012792
0.906922
0.992216
0.942575
0.000000
0.923764
0.000000
0.998305
0.184719
0.977286
0.000000
0.345669
0.000000
0.000000
0.992064
0.001203
1.000000
0.077507
0.057951
0.886104
0.999998
0.942112
0.690769
0.999998
0.723625
0.870252
0.933453
0.000000
0.147543
0.966787
1.000000
0.948099
0.986271
0.878930
1.000000
0.578734
0.999817
0.123052
0.000000
0.902732
0.992483
0.045597
0.999903
0.951819
0.891003
0.993781
0.151144
1.000000
0.178112
0.982225
1.000000
0.884945
1.000000
0.680737
0.999917
0.000000
0.866778
0.111001
0.509308
0.000000
0.000000
0.995455
0.956341
0.921393
0.071274
1.000000
1.000000
0.994301
0.822014
0.903922
0.904852
0.999962
0.974727
0.765136
0.072729
0.473165
0.797069
0.931169
0.930336
0.679773
0.925432
0.009466
0.987200
0.016325
0.000000
0.999990
0.221093
1.000000
0.000006
0.617175
0.000042
0.954850
0.310741
0.000000
0.931693
1.000000
0.958986
0.057530
0.993459
0.000000
0.493989
0.000000
1.000000
1.000000
0.007235
0.000000
0.943418
0.904786
0.927722
0.000000
0.827090
0.000000
0.000000
0.021986
0.344152
1.000000
0.555680
0.999520
0.383979
0.009182
0.819186
0.999990
0.965499
0.760728
0.005697
0.971100
0.974752
0.003154
0.006256
0.980381
0.984912
0.990316
0.003174
1.000000
0.063407
0.175047
0.998250
0.992779
1.000000
0.715361
0.999684
0.321255
0.999646
0.000000
0.987698
0.816267
1.000000
0.913102
0.999979
0.684801
1.000000
0.768272
0.975032
0.999415
0.295661
0.002442
0.032641
0.105228
0.833419
0.994717
0.911388
0.836214
0.585992
0.053607
0.913234
0.000000
0.521404
0.429625
0.890867
0.997696
0.994851
0.994749
0.000000
0.000000
0.000000
0.697774
0.022776
0.999772
1.000000
0.846277
0.769363
0.304741
0.986363
0.015833
0.771601
0.000002
1.000000
0.200680
0.768101
0.512001
0.477391
0.999047
0.000875
0.000000
0.000000
0.999785
0.999113
0.958826
0.404930
0.781057
0.133697
0.994570
0.999420
0.949207
0.117056
0.962959
0.999923
0.000000
0.996563
0.149854
1.000000
0.326133
0.989343
1.000000
1.000000
1.000000
0.954918
0.980800
0.898188
0.085125
0.831167
0.839286
0.949821
0.999999
0.840775
0.971883
0.000000
1.000000
0.297118
0.966132
0.998596
0.479268
0.881510
0.628434
0.999955
0.815304
0.942668
0.983838
0.779379
0.000000
0.976911
1.000000
0.002788
0.000298
1.000000
0.976554
1.000000
0.957427
0.784493
0.846083
0.993195
0.995778
0.863407
0.999992
0.986600
0.857350
0.957786
0.810210
1.000000
0.613960
0.219117
0.585640
0.989308
0.999944
0.999979
0.997975
0.998285
1.000000
0.726280
0.817248
0.963260
0.000000
0.317735
0.934061
0.000000
0.028627
0.995758
1.000000
0.970873
0.931017
0.000126
0.600283
0.126378
0.000000
0.000000
1.000000
0.999424
0.994835
1.000000
0.981653
0.696311
0.996213
0.747010
0.804193
0.000545
0.949025
0.000388
0.000059
0.986781
0.327968
1.000000
0.371441
0.172568
0.662720
0.250223
0.795298
0.000000
0.812388
0.000000
0.961525
0.858523
0.992179
0.999928
0.997615
0.951989
0.985159
0.732948
0.949134
0.813469
0.002525
0.000000
0.431488
0.896937
0.338522
0.001914
0.813120
0.985259
0.939334
0.000000
0.780422
0.008759
0.995577
1.000000
0.987231
0.891502
1.000000
0.978927
0.698921
0.000000
0.999249
0.007577
0.347627
0.934859
0.625184
0.883444
0.778652
0.999291
0.940666
0.896467
0.613905
0.917071
0.000000
0.586919
0.041229
0.982257
0.671111
0.074356
0.062564
0.997664
1.000000
0.868760
1.000000
0.732085
1.000000
0.002493
0.305107
0.970661
0.638664
0.897338
0.708653
0.945568
0.592004
0.998337
0.998006
0.077499
0.027037
0.728433
0.681894
0.000000
0.995553
0.960833
0.983809
0.596861
0.687676
0.789684
0.981557
0.001915
1.000000
1.000000
0.981270
0.995470
0.258775
0.000000
1.000000
0.982558
0.998989
0.099675
0.996235
0.997031
0.021044
0.065661
0.005648
0.885766
0.932978
0.997849
0.880882
0.000690
1.000000
0.019392
0.999401
0.000000
0.242051
0.997078
0.249951
0.945288
0.235866
0.597138
0.999391
0.000440
0.982273
0.608665
0.997164
0.277808
0.998199
0.661116
0.993384
0.888661
0.998717
0.844912
0.000283
0.498267
0.119101
0.001920
0.000000
0.947265
0.881719
0.965789
0.988055
0.949523
0.001091
0.999999
0.813684
0.999970
0.022715
0.652715
0.990816
1.000000
0.072794
0.076152
0.072695
0.862072
0.979806
0.855191
1.000000
0.579024
0.999051
0.027782
0.847484
0.993288
0.982100
0.999665
0.999979
0.895395
0.987944
0.996117
0.000176
0.999913
0.000000
0.763995
0.989332
0.000011
1.000000
0.051764
1.000000
0.937692
0.999979
0.743303
1.000000
0.792787
0.999150
0.997280
0.369083
0.939642
0.506581
0.807874
0.998087
0.998545
0.720171
0.912152
0.986621
0.981015
0.977316
0.904527
0.931709
0.761811
0.968653
0.000000
1.000000
0.996353
0.999703
0.944784
0.000042
0.575489
0.571888
0.891512
0.037892
0.642794
0.995201
0.782505
0.000000
0.000000
0.033386
1.000000
0.974333
0.000040
0.953508
1.000000
0.000023
0.999709
0.985159
0.999877
0.000000
0.963073
0.943925
0.974576
1.000000
0.916346
0.816833
0.998997
0.275927
1.000000
0.017177
0.972297
0.894404
0.999642
0.000000
0.043959
1.000000
0.001918
0.834051
0.745450
0.985890
0.843810
0.999877
0.633705
0.001295
0.528250
0.242472
0.451152
0.000000
0.000985
1.000000
0.996233
0.997907
0.992820
0.000000
0.051243
0.779398
0.000000
1.000000
0.049473
0.009766
0.988365
0.043398
0.465666
0.554619
0.923609
0.981688
0.000000
0.999992
0.757264
0.969783
0.000000
0.693608
0.058158
0.969647
0.469230
0.992095
0.954941
0.079916
0.927116
0.000000
0.999984
0.800884
0.999923
0.996133
0.702331
0.954650
0.996570
0.000000
1.000000
0.751557
0.000000
1.000000
0.791074
0.957786
0.996830
0.999949
0.570685
0.006531
0.876857
0.916934
0.999969
0.993797
0.963466
0.007120
0.774830
0.988723
0.861247
0.464893
0.999877
0.038650
0.508258
0.005417
0.001962
0.988726
1.000000
0.993834
0.751180
0.000000
0.825363
0.999999
0.836654
1.000000
0.999769
0.000000
0.000000
0.739739
0.000000
0.000000
0.907868
0.819472
0.997669
0.883257
0.000000
0.091901
0.959863
0.252184
1.000000
1.000000
0.000000
0.000000
0.016963
0.997062
0.000000
0.983151
0.898508
0.898610
0.987247
0.551635
0.082656
0.260348
0.981684
0.912444
1.000000
0.054538
0.976610
0.845335
1.000000
0.917143
1.000000
0.961014
0.893187
0.000000
0.000000
0.000000
0.740836
0.878254
0.999980
0.903800
0.999999
1.000000
0.000896
0.971471
0.000000
0.753126
0.985771
0.994510
0.999988
0.000000
0.759202
0.950574
0.709422
0.022363
0.000000
0.980337
0.328858
0.634000
0.999964
0.999571
0.819880
0.999999
0.000000
0.002463
0.991235
0.993853
0.000298
0.998177
0.947292
0.948899
0.994979
0.359804
0.999988
0.942745
0.795514
0.242461
0.774312
0.000000
0.999436
0.689788
0.992850
0.999661
0.993450
0.000000
0.860187
0.118093
0.256017
0.947984
0.999799
1.000000
0.961518
0.917670
0.820764
0.788020
0.000000
0.999872
0.940194
0.966188
0.852663
0.852570
0.000000
0.813469
0.998383
0.985482
0.000000
0.459943
0.999477
1.000000
0.994278
0.931473
0.983064
0.833757
0.976692
0.022592
0.932202
0.991788
1.000000
0.833361
0.966596
0.993968
0.025310
0.671435
0.957686
0.986726
0.019061
0.980529
0.838309
0.000099
0.887205
0.000000
0.000000
0.896264
1.000000
0.000000
0.997907
0.702050
0.068135
0.000000
0.989019
0.844780
0.000000
0.826576
1.000000
0.973885
0.000001
0.000163
0.998113
0.018980
0.000000
0.281561
0.998532
0.995615
0.996755
0.964016
0.000000
1.000000
0.000000
0.906708
0.977016
0.994952
0.856852
0.099447
0.994057
0.229611
0.727554
0.000000
0.097667
0.000135
0.885744
0.960447
0.858843
1.000000
0.844079
0.970269
0.616548
0.898967
0.821968
0.709430
0.997142
0.944625
0.002156
0.787325
0.998798
0.000000
0.294201
0.965312
0.014047
0.016117
0.000000
1.000000
1.000000
0.410138
0.008510
1.000000
0.238852
0.046046
0.994767
0.037167
1.000000
0.296146
0.000000
0.310930
0.999703
0.950030
0.998688
0.000588
0.970057
0.878498
0.980086
0.985880
0.518498
1.000000
0.689720
0.997708
1.000000
0.613168
1.000000
0.001491
0.968370
0.000000
0.869631
0.993625
0.026727
0.000039
0.497410
0.000000
1.000000
0.984368
0.025702
0.562214
0.082161
0.967582
0.929825
0.000747
0.802056
1.000000
0.987845
0.899304
0.597268
0.958458
0.000000
0.970955
0.999981
0.998661
1.000000
0.218975
0.001389
0.994357
0.905107
0.000000
0.000000
0.965965
0.000000
0.967650
0.842103
0.999496
0.999454
0.999960
0.999550
0.999997
0.962402
0.718031
0.000083
0.917336
0.975898
0.995094
0.901106
0.020754
0.917097
0.866107
0.132603
0.963807
1.000000
0.008446
0.018668
0.267809
0.000020
1.000000
0.999533
0.810348
0.999419
1.000000
0.582293
0.999774
0.925458
0.860448
0.991898
0.001021
1.000000
0.996351
0.933746
0.719181
0.984783
0.997652
0.953156
0.936657
0.021092
0.951108
1.000000
0.999836
0.867142
0.995296
0.999920
0.139342
0.000000
0.995882
0.593916
0.985254
0.913765
0.999998
0.988991
0.990454
0.000000
0.329234
0.000000
0.985786
0.890993
0.851908
0.999834
0.004851
0.000920
0.899365
0.924118
0.998621
0.924200
0.948385
0.999150
0.748803
0.089262
0.999993
0.975533
0.399592
1.000000
0.999094
0.000004
0.370928
1.000000
0.337497
0.643561
1.000000
0.000044
1.000000
0.628437
0.998735
0.974122
0.009612
1.000000
0.000000
0.000000
0.999357
0.999999
0.000000
0.999999
0.993184
0.889483
0.791448
0.731037
0.997150
0.738502
0.999772
0.955539
0.843561
0.992866
0.999502
0.933518
0.999998
0.003550
0.909573
1.000000
0.947162
0.999937
0.897549
0.000000
0.090598
0.943744
0.998401
0.999979
0.999999
0.001601
0.017334
0.983774
0.016620
0.695809
0.999900
0.004799
0.693433
0.000000
0.573553
0.390354
0.890857
0.921487
0.937235
0.999999
0.002773
0.508204
0.000000
0.000000
0.000000
0.832852
1.000000
0.960762
0.857649
0.000000
0.000000
0.697267
0.106870
0.002723
0.997088
0.000025
0.857308
0.856999
0.886661
0.886883
0.925751
0.555804
0.228801
0.943128
0.976368
1.000000
0.851391
1.000000
0.000760
0.000005
1.000000
0.177197
0.008544
0.574447
0.999766
0.999994
0.005214
0.000000
0.878204
0.999759
1.000000
0.933973
1.000000
0.010731
0.941873
0.999995
0.978981
0.999999
0.943354
0.073629
0.989190
0.278292
0.000000
0.970375
0.759119
0.000000
0.999329
0.999344
0.054755
0.977510
0.999428
0.124639
0.968383
0.995428
0.000000
1.000000
0.000000
0.029021
0.999328
0.420718
0.954421
0.866057
0.915224
0.189182
0.998620
0.565906
1.000000
0.988791
0.665417
1.000000
0.998478
0.830200
0.967861
0.000210
0.999990
0.995825
0.957256
0.998686
0.996232
0.085982
0.896121
0.181420
0.999887
0.988082
0.726793
0.989409
0.000000
0.078394
0.000000
0.569425
1.000000
0.000000
0.927804
0.000000
0.999600
0.995111
1.000000
0.030997
0.630955
0.030825
0.447479
1.000000
0.999955
0.997556
0.923592
0.997069
0.997509
0.935731
0.772877
0.496700
0.998364
0.916553
0.988101
0.000000
1.000000
0.991857
0.013819
0.890845
0.000000
0.996920
0.916870
0.091582
0.998206
0.000000
0.162236
0.034725
1.000000
0.953602
0.305972
0.788203
0.760618
0.953437
0.000000
0.915713
0.881610
0.909877
1.000000
0.855083
0.887441
0.999376
0.821402
0.313682
0.078520
0.999941
0.016199
0.956395
0.944032
0.168737
0.870357
0.001654
1.000000
0.988917
0.958152
0.999972
0.944054
0.274313
0.924850
0.000000
0.993338
0.966984
0.398964
0.372190
0.718522
1.000000
0.886746
0.996817
0.000000
0.000000
0.249567
0.999808
0.988945
0.643413
0.950292
0.012043
0.999311
0.991599
0.710166
0.855979
0.348816
0.949947
0.985148
0.000000
0.378480
0.049477
0.354663
0.964276
0.000000
0.246574
0.596307
0.232157
0.992913
0.000000
0.350421
0.000000
0.999601
0.971341
0.997348
0.941682
0.000000
0.989638
0.000000
0.843649
0.008914
0.081030
0.998350
0.047587
0.390723
0.889864
0.955273
0.672476
0.989726
0.984763
0.996209
0.009125
0.989038
1.000000
0.982282
0.749365
0.999999
0.999579
0.000000
0.982731
0.930645
0.917143
0.968673
0.999999
0.000000
0.611142
0.000000
0.202348
0.993774
0.856580
0.999999
1.000000
0.971445
1.000000
0.960321
0.829330
0.760403
0.000000
0.946317
0.000000
0.992691
0.000000
0.000000
0.877241
0.082677
0.003137
0.022561
0.953638
1.000000
0.999999
0.118416
0.905028
0.335373
0.859299
0.977863
0.007738
0.802398
0.937821
0.900767
0.989989
0.989247
0.999285
0.976714
0.610582
0.000034
0.908718
0.993507
0.252199
0.000000
0.996057
1.000000
0.000000
0.997334
0.999639
0.171242
0.982977
0.906884
0.091483
0.899046
0.656240
1.000000
0.999436
0.994424
0.981773
0.953064
0.778195
0.173291
0.052746
0.998499
0.143155
0.980915
0.814828
0.948271
0.240444
0.888923
0.922482
0.433426
0.997161
0.973869
0.653227
0.999665
0.000010
1.000000
0.999516
0.954210
0.000000
0.000000
0.986809
0.955984
1.000000
0.994417
0.999996
1.000000
0.000436
0.819186
0.999985
1.000000
0.916882
1.000000
0.966934
0.699954
0.999370
0.875436
0.999431
0.091554
0.996146
0.999373
0.000000
0.347568
0.999119
0.999546
0.998557
1.000000
0.763934
0.995780
1.000000
0.725511
0.926964
1.000000
0.000447
0.967868
0.999980
0.554058
0.000000
0.446374
0.382716
0.000003
0.000000
0.997567
0.000000
0.000002
0.999994
0.892504
0.999705
0.269960
0.988465
0.000006
0.977834
0.847643
0.665590
0.999158
0.659627
0.047311
0.949831
0.808358
0.999978
0.965989
0.989590
1.000000
0.601856
0.000000
0.327434
0.994488
0.018339
0.901734
0.750004
0.502181
0.398752
0.995377
0.000000
0.012894
0.973530
0.915221
0.338012
0.607670
0.992319
0.687979
0.999956
0.999996
0.957977
0.970334
0.990870
0.848664
0.999998
0.989889
0.999998
0.000000
0.125638
0.858087
0.973734
0.881583
0.000000
0.995697
0.999998
0.976821
0.999372
0.001232
0.878977
0.640990
0.984288
0.750084
1.000000
0.955284
0.030186
0.987970
0.947572
0.946867
0.080826
0.017095
0.000000
1.000000
0.539377
0.485541
0.999314
0.026255
0.998800
0.001017
0.999943
1.000000
0.998910
0.948686
0.297520
1.000000
1.000000
0.992700
0.000000
1.000000
0.855437
0.079047
0.984236
0.993300
0.955686
0.000544
1.000000
0.703821
0.582967
0.474057
0.983227
0.016641
0.213666
0.000000
1.000000
1.000000
0.000035
0.926496
0.967773
0.000000
0.000000
0.921440
0.999981
0.821081
0.498876
1.000000
0.999998
0.832299
0.074068
0.000000
1.000000
0.999981
0.022149
0.999977
0.881720
0.169006
0.009590
0.011862
0.098986
0.106907
0.999803
0.720344
0.521785
0.000010
0.997786
0.004651
0.008026
0.303858
0.060870
0.941945
0.115274
0.962821
1.000000
0.514219
0.120884
0.989713
0.448981
0.214497
0.020678
0.368210
0.652022
0.991825
0.000000
0.135884
0.778419
0.000000
0.974800
0.999820
1.000000
0.293085
0.999226
0.998506
0.944508
0.999603
0.015180
0.000000
0.222652
0.000000
0.952660
0.998702
1.000000
0.999169
0.990366
0.990175
0.872404
0.939401
0.990032
0.005356
0.594996
0.820951
0.971191
0.000000
0.986948
0.064189
0.825376
0.997562
0.093056
0.995681
0.038888
1.000000
0.957737
0.999998
0.757106
0.000055
0.363394
0.675027
0.044044
1.000000
0.022570
0.978004
0.794558
0.023644
0.868518
1.000000
0.972078
0.098027
0.998678
0.999186
0.037381
0.611533
0.000000
0.785989
1.000000
0.007421
0.081749
0.996959
0.903034
0.946374
0.942208
0.000003
0.982958
0.426870
0.721552
0.986604
1.000000
0.998120
0.976644
0.023687
0.212113
0.011612
0.980816
0.989073
0.000000
0.999992
0.681839
0.861553
0.971151
0.999145
0.833500
0.000003
0.995420
0.000125
1.000000
0.899126
1.000000
0.866243
0.000000
0.000052
0.815558
1.000000
0.049048
0.965059
0.954271
0.047380
0.000000
0.000212
0.997230
0.999662
0.000000
0.092469
0.998275
0.019853
0.982233
0.999266
0.822603
0.158004
0.539597
0.011436
0.000000
0.631088
0.140270
0.425698
1.000000
0.998323
1.000000
0.954591
0.000000
0.999974
0.000000
0.673105
0.817514
0.908102
0.012002
0.183457
0.947795
0.011075
0.999330
0.772050
1.000000
0.584102
1.000000
0.939918
0.418656
0.389689
0.995758
0.967091
0.606407
0.496124
0.978708
1.000000
0.955929
0.508758
1.000000
0.485093
0.050488
0.998327
0.958429
0.009477
0.920863
0.000000
0.997664
0.993077
0.060166
0.999990
0.000014
0.937529
0.982233
0.999997
0.990266
0.989834
0.999681
0.913641
0.999993
0.904191
0.996755
0.230777
0.996082
0.998926
0.854400
0.795015
1.000000
0.875629
0.710442
0.965893
0.984125
1.000000
0.999945
0.979755
0.211912
0.766413
1.000000
0.870815
0.965859
0.951566
1.000000
0.069106
0.011089
0.782607
0.988917
0.699117
0.715776
0.982425
0.636053
0.798279
0.511402
0.120681
1.000000
0.834939
0.845837
0.994842
0.950507
0.831827
0.811201
0.153119
0.932103
0.176154
0.999605
0.099598
0.999979
0.748604
0.556295
0.997605
0.000000
0.999549
0.942512
1.000000
0.925312
0.999061
0.739211
0.001043
0.752815
0.000000
0.129499
0.999998
0.003581
0.040598
0.999997
0.000000
0.000000
0.377934
0.397260
0.000728
0.073902
0.053168
0.754266
0.370833
0.000000
0.396257
0.498134
0.000000
0.960091
0.130335
0.000000
0.996209
0.000000
0.990377
0.000000
0.993236
0.000000
0.846575
0.826828
0.999087
0.000067
0.973486
0.026634
0.950640
0.242004
0.000000
1.000000
0.020262
0.991466
0.999730
0.000000
0.928031
0.003455
0.997633
0.874487
0.004230
0.984917
0.964860
1.000000
0.062173
0.915442
0.999225
0.982175
0.000000
0.999997
0.000000
1.000000
0.986776
0.975117
0.833347
1.000000
0.931990
0.024140
0.883283
0.672663
0.990859
1.000000
0.935133
0.006378
0.913426
0.926839
0.901143
0.931208
0.000000
0.000000
0.917402
1.000000
0.060756
0.548637
0.000000
0.999999
0.037117
0.968828
0.999806
0.000384
0.915869
0.916543
0.999955
0.000000
0.975172
0.051948
0.911333
0.717049
0.990151
0.986587
0.994094
0.195140
0.967400
0.008687
0.411302
0.995880
0.000000
0.000000
0.066832
0.990040
0.243735
0.000000
0.362108
0.961423
0.101997
0.925117
0.999812
0.974761
0.991602
0.956120
0.004199
0.770770
0.067518
0.999990
0.027094
0.998183
0.033479
0.994974
0.659963
0.981207
0.995862
0.994126
0.302218
0.280148
0.039706
0.645601
0.000245
0.007724
0.903311
0.982684
0.873512
0.874432
0.017963
0.006475
0.000000
0.900693
0.971722
0.999521
0.089010
0.014872
0.498782
0.998979
0.981334
0.993556
0.000000
0.689264
0.857497
0.999941
0.000437
0.085887
0.999992
0.003008
0.971422
0.070833
0.746987
0.997932
0.003557
0.968711
0.182611
1.000000
0.496311
0.000000
0.947903
0.016695
0.730956
0.995180
0.998481
0.992514
0.930484
0.041650
0.873280
0.999681
0.985286
0.104074
0.826673
0.957786
0.000000
0.689200
0.894761
0.308011
0.963706
0.434687
0.957522
0.312151
0.988089
0.994463
0.794731
0.583860
0.779792
0.084126
0.080854
0.949375
0.000000
0.992214
0.000000
0.999862
0.003231
0.780597
0.398340
0.000000
0.969353
0.897682
0.074209
0.002448
0.899530
0.988940
0.952043
0.021280
0.815128
0.000000
0.079274
0.989368
0.999999
0.000000
0.000000
0.172164
0.641474
0.000000
0.997384
0.992706
0.969222
0.134298
0.000000
0.931105
0.183995
0.133910
0.107710
1.000000
0.959994
1.000000
0.818973
0.599192
0.937391
0.000000
0.874570
0.000089
0.420144
0.999978
0.969712
0.992995
0.079702
0.867387
1.000000
0.863587
0.993209
0.742580
0.797986
0.999994
1.000000
0.998830
0.025024
0.994218
0.000000
1.000000
0.182175
0.752425
0.983720
0.998545
0.195296
0.000000
0.749004
0.599822
0.948843
0.979465
0.999893
0.967528
0.009722
0.003178
0.633389
0.965171
0.963315
0.983243
0.068815
0.976624
0.892867
0.986320
0.959579
0.996307
0.715109
0.956980
0.708962
0.996638
0.930660
0.000000
0.986576
0.000000
1.000000
0.731037
0.000000
0.118782
0.000000
1.000000
0.987397
0.999370
0.993094
0.984993
0.935709
0.026509
0.901482
0.996090
0.815815
0.132247
0.877641
1.000000
0.002322
0.980771
0.962993
0.627040
0.999806
0.998749
0.000568
0.965172
0.994684
0.999754
0.185126
1.000000
0.676414
0.986487
0.022755
0.742457
1.000000
0.959393
0.980168
0.990262
0.058030
0.597537
0.555468
0.127501
0.495168
0.812998
0.955063
0.812095
0.928045
0.409126
0.995362
0.093717
0.949669
0.000000
0.000000
0.844745
0.126312
0.818726
0.000000
0.935531
0.010983
0.198120
0.847533
0.772133
0.950359
0.000115
0.896249
0.999838
1.000000
0.000000
0.989041
0.040076
0.915287
0.966367
1.000000
0.000000
0.999369
0.331510
0.000000
0.999999
0.984161
0.998808
0.993130
0.929058
0.936072
0.947186
0.000000
0.623012
0.888442
0.893866
1.000000
0.990648
0.896228
0.000000
0.995311
0.838777
0.920990
0.964190
0.969040
0.998944
0.957338
0.999862
0.000000
0.446779
0.976409
0.657492
0.019900
0.818449
0.994322
0.000527
0.791540
0.000000
0.818660
0.980493
0.999898
0.000919
0.955653
0.963281
0.813912
1.000000
0.000000
0.999997
0.008055
0.896159
0.997279
0.956811
0.852663
0.000000
0.993875
0.867104
0.999396
0.996661
0.969451
0.916816
0.671274
0.882885
0.424430
1.000000
0.962437
1.000000
0.969396
0.085935
0.899955
0.975021
0.000000
0.980730
0.523995
0.003114
0.093086
0.000879
0.000000
0.993149
0.447216
0.994990
1.000000
0.001125
0.910260
0.308878
0.776718
0.999996
0.897351
0.941784
0.998827
0.628687
1.000000
0.956100
0.725417
0.999758
0.030111
0.230489
0.000000
0.999989
0.654046
0.989107
0.952780
0.999888
0.914294
0.999643
0.999301
0.946188
0.898164
0.997968
0.863360
0.958827
0.907216
0.985047
0.994905
0.015981
0.821658
0.979753
0.999998
0.947524
1.000000
0.000000
1.000000
0.999990
0.676765
0.940892
0.434407
0.024985
0.999477
1.000000
0.218738
0.995958
0.005706
0.661341
0.625262
0.979746
0.620818
0.911952
0.967215
1.000000
0.981975
0.965305
0.966509
0.990816
0.999997
0.936072
0.999140
0.344173
0.165535
0.000000
0.999402
0.961743
0.995130
0.891512
0.855640
0.789612
0.000002
0.880721
0.937430
1.000000
0.194480
0.000000
0.968716
0.999643
0.000000
0.039079
0.000000
0.020974
0.740669
0.995120
0.928970
0.935144
0.835810
0.582967
0.735555
0.000000
1.000000
0.999575
0.998962
0.949947
0.998961
0.957796
0.000000
0.000000
0.541309
0.962014
0.945000
0.999670
0.987561
0.011002
1.000000
0.940347
0.714856
0.025895
0.000055
0.900748
0.811355
0.000774
1.000000
0.408527
0.925047
0.997994
0.998698
0.977920
0.901994
0.999846
0.004558
0.712921
0.999985
0.361166
0.999789
1.000000
0.000518
0.000000
0.045581
0.000000
0.664339
0.000000
0.432451
0.966507
1.000000
0.393233
0.865776
0.875147
0.987962
0.647454
0.972943
0.669053
0.996824
0.491875
0.001531
0.052319
0.436975
0.999145
0.976897
0.510437
0.996947
0.000000
0.873310
0.279548
0.000000
0.000000
0.957522
0.000000
0.965602
0.000572
0.024277
0.757716
0.000000
0.378646
0.557701
0.974122
0.999665
1.000000
0.985309
0.999973
0.744305
0.359316
0.989944
0.105039
0.998340
0.993834
0.956554
0.910192
0.883984
0.948970
0.994226
0.000000
0.998926
0.000108
0.049341
1.000000
0.662077
0.990125
0.270504
0.984102
0.879389
0.546263
0.921189
0.761042
0.997807
0.997332
0.000000
0.948804
0.001493
0.233597
0.000659
0.983912
0.717871
0.991724
0.893399
0.887297
0.928310
1.000000
0.840765
0.992581
0.965428
0.990875
0.174747
0.001858
0.999921
0.953241
0.898105
0.893988
0.599490
0.993175
0.993957
0.000893
0.992064
0.600980
0.843912
0.947984
0.965383
0.833271
0.944955
0.994154
0.854069
1.000000
0.996937
0.000000
0.940362
0.000000
1.000000
0.280592
0.000000
0.976460
0.821102
0.048876
0.993507
0.942522
0.000001
0.375568
0.052080
0.000000
0.994686
0.000060
0.000021
0.967212
0.857095
0.680253
0.864612
0.975898
0.999978
0.668225
0.377635
0.963075
0.975840
0.999367
0.000000
0.999990
0.000000
0.879498
0.945158
0.868284
0.931776
0.999291
0.986809
0.737315
0.929673
0.045967
0.091419
1.000000
0.504865
0.998190
0.995709
0.162285
0.996919
0.998734
0.993449
0.917111
0.995163
0.045120
1.000000
0.981496
0.869504
1.000000
0.000000
0.905694
0.999999
0.010554
0.860898
0.975106
0.232075
0.916894
0.994953
0.150610
0.038032
0.984907
1.000000
0.004064
0.478551
0.000000
0.000000
0.681106
0.046888
0.994398
0.881860
0.078042
0.999979
0.922217
0.999816
0.921518
0.004230
0.053632
0.811668
0.997551
0.000000
0.013336
0.924730
0.943377
0.739610
0.000137
0.021611
0.008847
0.000000
0.805014
0.256125
0.471322
0.999976
0.000000
0.955568
0.242461
0.999822
0.915964
0.999304
0.192509
0.917361
0.817865
0.935223
0.980783
0.964276
0.000000
0.853240
0.999995
0.445725
0.993814
0.999998
0.961769
0.996299
0.972211
0.999990
0.999998
0.000000
0.998859
0.315267
1.000000
0.000000
0.718433
0.579737
0.236134
0.017622
0.999951
0.849912
0.005115
0.502178
0.984602
0.995321
0.000446
1.000000
0.884633
1.000000
1.000000
0.915082
0.782768
0.705474
0.998892
0.955782
0.922760
0.069394
0.000000
0.999966
0.999145
0.854874
0.284445
1.000000
0.860102
0.401163
0.964714
0.892726
0.000104
0.954725
0.999632
0.995321
1.000000
0.999070
1.000000
0.989750
0.001203
0.993048
0.981423
0.057604
0.333301
0.999656
0.999516
0.765659
0.999554
0.993475
0.165379
0.057795
0.911321
1.000000
0.000000
0.772215
0.995968
0.632121
0.000000
1.000000
0.994710
0.426581
0.835806
1.000000
0.749524
0.003154
0.804193
0.993796
0.990072
0.000000
1.000000
0.999976
0.940492
0.845490
0.999439
0.304014
0.992708
0.995078
0.000000
0.996864
0.907546
0.000000
0.000000
0.010877
0.872695
0.967612
0.990457
0.149282
0.044464
0.025582
0.070475
0.990283
1.000000
0.037485
0.914361
0.994093
0.224303
0.629775
0.956131
0.911991
0.981548
0.000000
0.796065
0.096068
0.164028
0.358006
0.790085
0.917476
0.999205
0.036019
0.992097
1.000000
1.000000
0.845335
0.808488
0.004656
0.000000
0.009329
0.983911
0.993744
0.000000
0.871713
0.997007
0.032128
0.974232
0.763678
0.932521
0.999990
0.942731
0.980156
0.007873
0.000000
0.000000
0.398204
0.985774
0.395234
0.008965
0.871161
0.988988
0.444765
0.999500
1.000000
0.999661
0.000000
0.379589
0.831748
0.919291
0.997966
0.991678
0.831225
0.000000
1.000000
0.959783
0.999635
0.011122
0.999838
0.122847
0.571815
0.098465
0.995058
0.877244
0.003129
0.000150
0.000000
1.000000
0.995337
0.924662
0.065271
0.940814
0.999901
0.961325
0.243971
0.707813
0.935475
0.214033
0.985804
0.838831
0.725550
0.000000
0.914254
0.207019
0.000000
0.999889
0.949060
0.086990
0.830784
0.999865
0.627846
1.000000
1.000000
0.940332
0.438037
0.769065
0.482087
0.985876
1.000000
0.823349
1.000000
0.980774
0.830283
0.000000
0.716171
0.539654
0.987706
0.999972
0.623032
0.986466
0.944934
0.000000
0.790548
0.961349
0.000000
0.978218
0.994063
0.000000
0.032269
0.000000
0.722076
0.352808
0.999372
0.994239
0.999952
0.873826
0.000000
0.957038
0.999654
0.253861
0.990583
1.000000
0.185911
0.984605
0.000000
0.081025
0.007374
0.889698
0.532026
0.970795
0.396467
0.891579
0.057948
0.999843
0.590009
0.077161
0.995621
0.000037
0.907539
0.968820
1.000000
0.000000
0.867757
0.653011
0.000000
0.950213
0.699183
0.957600
0.049808
0.017241
0.993487
1.000000
0.867398
0.916794
0.003368
1.000000
0.008085
0.001408
0.949201
0.772943
0.003884
0.316960
0.002947
0.565856
0.079606
0.000000
0.777258
0.000000
0.907622
0.272528
0.876209
0.133407
0.982347
0.144611
0.715708
0.946465
0.983657
0.912117
0.995747
0.711342
0.836295
0.085000
0.009794
0.000533
1.000000
0.396668
1.000000
0.967916
0.334200
1.000000
0.847492
0.129942
0.935567
0.999665
0.831028
0.165949
1.000000
0.999025
0.000705
0.108916
0.999997
0.012042
0.964333
0.941889
0.999998
0.000000
0.000000
0.403567
0.993186
0.000000
0.998174
0.000009
0.044733
0.984277
0.015340
0.712642
0.810020
0.530553
0.891165
0.921333
0.958835
0.001453
0.000000
0.999355
0.587587
0.893479
0.701108
0.999189
0.997258
1.000000
0.921172
0.517477
0.996074
0.009183
0.089153
0.000000
1.000000
1.000000
0.999988
0.849424
0.000000
0.999643
0.034461
0.989009
0.864306
0.000000
0.842411
1.000000
0.997551
0.053529
0.949417
0.995034
0.888882
0.027593
0.999881
0.000000
0.980977
0.998890
0.934004
0.030082
0.649675
0.655942
0.996951
0.000000
0.079237
0.881429
0.000096
0.000000
0.065206
0.941875
1.000000
0.939577
1.000000
0.022144
0.252857
0.003359
1.000000
0.000000
0.021591
0.999958
0.088798
0.000000
0.841409
0.000000
0.364167
0.999971
0.427246
0.731892
0.000000
0.016755
0.116639
0.938672
0.966766
1.000000
0.986844
0.000000
0.944732
0.000000
0.084118
0.193711
0.989089
0.916918
0.999622
0.933362
0.304876
0.983378
0.004208
0.938819
0.978942
0.984574
0.827144
0.916047
0.855526
0.522633
0.999633
0.600980
0.828236
0.000799
0.999959
1.000000
0.059630
0.137326
0.000000
0.998000
0.991147
0.882425
0.984820
0.989274
0.392762
0.040004
0.999996
0.985417
0.982999
0.692338
0.376471
0.895190
0.951357
0.894138
0.002056
0.992530
0.000000
0.112002
0.395973
0.809618
0.109297
0.992418
0.999799
0.817783
1.000000
0.761971
1.000000
0.853134
0.896112
0.999805
0.301914
0.993001
0.062259
0.022720
0.976489
0.024238
0.865465
0.666117
0.000000
0.000000
0.012308
0.539752
0.000000
0.995617
0.824072
0.910755
0.946159
1.000000
0.083191
0.067562
0.999063
0.783744
0.909877
0.998999
0.229150
0.049336
0.094313
0.991232
0.062602
0.972918
0.928819
0.912304
0.999999
0.044576
0.688416
0.726637
0.015833
0.959561
1.000000
0.852739
0.999220
0.000000
0.723974
0.879111
0.999800
0.005354
0.948664
0.990949
0.047845
0.339638
0.894963
0.836355
0.994990
0.706440
0.943479
0.000000
0.000000
1.000000
1.000000
0.558690
0.056385
0.000000
0.987555
0.999646
0.844587
0.993262
0.000000
0.000000
0.160651
0.985709
0.859979
0.992148
1.000000
1.000000
0.727554
0.964328
0.569929
0.022458
0.595341
0.706060
0.943495
0.260261
0.940434
0.766258
0.212279
0.999489
0.996953
0.004552
0.999999
0.920812
0.998112
0.002560
0.919378
0.999989
0.963653
0.998178
0.480676
0.916422
0.975241
0.952341
0.938255
0.756865
0.000000
0.136601
0.151204
0.026354
0.000392
0.999940
1.000000
0.947371
0.000008
0.853640
0.989526
0.835570
0.912624
0.875488
0.000075
0.318493
1.000000
0.974216
0.006761
0.000000
0.047616
0.000019
0.000000
0.999996
0.092227
0.866047
0.906507
0.999991
0.906681
0.974589
0.937188
0.990613
0.861588
0.058696
0.849733
0.042538
0.603598
0.995807
0.919801
1.000000
0.000007
1.000000
0.000000
0.021376
0.000798
0.999036
0.002842
0.000000
0.991938
0.140388
0.834123
0.989829
0.989772
0.997180
0.572424
0.999999
1.000000
0.979254
1.000000
0.989398
0.999479
0.621370
0.000000
0.999910
0.867717
0.049106
0.990483
0.143545
0.532166
0.983126
0.007978
0.929153
0.288321
0.011879
0.973145
0.994294
1.000000
0.819503
0.364573
0.771665
0.616917
0.825843
0.914276
0.000000
0.007016
0.999483
0.999344
0.000000
0.738497
0.865233
0.993175
0.000000
0.588037
0.011814
0.913591
0.344401
0.004585
0.891771
0.000251
0.090064
0.999263
0.981820
0.768087
0.911837
0.920763
0.123770
0.756563
0.000000
0.976439
0.943930
0.991474
0.986206
0.815331
0.837032
0.942131
0.813281
0.445357
0.945108
0.990758
0.869777
0.963105
0.998056
0.258444
0.913591
0.000000
0.998649
1.000000
0.950532
0.999998
0.007221
0.135128
1.000000
0.999996
0.000000
0.000000
0.571651
0.470519
0.999999
0.999986
0.915324
0.016254
0.925117
0.192110
0.000000
0.987315
0.887161
0.999966
0.766598
0.905675
0.853034
0.276747
1.000000
0.798062
0.105056
0.257554
0.999999
0.504313
0.999997
0.000000
0.703266
0.039797
0.330290
0.961033
0.975003
0.134800
0.434247
0.194739
0.535810
0.944699
0.388212
1.000000
0.136208
0.943387
0.999997
0.999190
0.957854
0.061126
1.000000
0.168518
0.599001
0.999952
0.960546
0.855448
0.000089
0.016906
0.973878
0.000000
0.000000
0.001912
0.797238
1.000000
0.955329
0.850552
0.999390
0.980021
0.867930
0.000000
0.281744
0.993276
0.955665
0.997647
0.012778
0.396603
0.080372
1.000000
0.958545
0.694152
0.993768
0.135381
0.980868
0.999220
0.000000
0.818693
0.749847
0.999999
0.000000
0.001718
0.999929
0.273133
0.998960
0.362435
0.000000
0.948238
0.000000
0.994113
0.802543
0.927678
0.000000
0.996342
0.998083
0.985916
0.869823
0.903792
0.000000
0.779237
0.938388
0.830588
0.908340
0.999719
1.000000
0.000000
0.664169
0.968947
0.212210
0.880822
0.730515
0.915516
1.000000
0.000000
0.650766
0.000000
0.642794
0.857689
0.725383
0.999669
0.000000
0.996138
0.994858
0.991347
0.593092
0.265946
0.941976
0.681789
0.972198
0.668898
1.000000
0.000000
0.903943
0.999349
0.992820
0.000000
0.995342
0.977930
0.994445
0.999840
0.764105
0.896018
1.000000
0.935911
0.990483
0.990358
0.618615
0.949947
0.751811
0.000270
0.719479
0.000000
1.000000
0.022357
0.996783
0.051687
0.815630
0.000000
0.000005
0.567520
0.998721
0.834881
0.998404
0.006647
0.910391
1.000000
0.787956
0.019884
0.911442
0.893956
0.999284
0.999754
0.974894
0.000000
0.017644
0.097582
0.748928
0.078650
0.000000
0.880749
0.999977
0.463179
0.758599
0.994668
0.024917
0.999999
0.493588
0.000000
0.603560
0.000005
0.004671
0.000846
0.970811
0.905107
0.929981
0.000000
0.000000
0.994131
0.000000
0.000000
0.247784
0.999966
0.000000
0.000000
0.000000
1.000000
0.975672
0.974197
0.607122
0.841707
0.893180
0.000000
0.000086
0.000098
0.999142
0.040795
0.998668
0.000000
0.992156
0.000000
0.000000
0.887202
1.000000
0.067840
0.992801
0.949821
0.995866
0.906612
0.151606
0.992828
0.411635
0.619819
0.216022
0.029136
0.943162
0.000000
0.004651
1.000000
0.726882
0.999933
0.268832
0.805703
0.896294
0.919288
0.043564
0.997265
0.460903
0.988135
0.999996
0.989519
0.999965
0.841911
0.632919
0.000000
0.999996
0.499361
0.999999
0.010455
0.997212
0.001532
0.838546
0.067769
0.698053
0.108207
0.998038
0.146473
0.917207
0.807490
0.002390
0.432471
0.992267
0.570262
0.475326
0.971796
1.000000
0.066979
0.998476
0.582473
0.998926
0.975207
0.000000
0.982428
0.000000
0.999888
0.982363
0.798085
0.988628
0.000000
0.894866
0.843232
0.999923
0.001262
0.000000
0.000000
0.000000
0.958298
0.000000
0.999556
0.000534
0.035414
0.010335
0.000000
0.703455
0.000000
0.418066
0.999169
0.112578
0.991575
0.981964
0.996493
0.000000
0.020168
0.999939
0.963882
0.564109
0.153542
0.843135
0.823938
0.991749
0.881423
0.861673
0.975617
1.000000
0.237891
0.981191
0.938445
0.999998
0.971894
0.694470
0.670470
0.579561
0.993262
0.939616
0.000914
0.876737
0.055380
0.017116
0.999881
0.970527
0.999920
0.822526
0.000000
0.993559
0.373649
0.976158
1.000000
0.325571
0.000001
0.374308
0.664202
0.898262
0.895063
0.424847
0.605301
0.190969
0.996192
0.788472
0.607125
0.000000
0.226974
0.995852
0.005588
0.006037
0.000000
0.382921
0.957845
0.928912
0.000000
0.249928
0.745367
0.122971
0.193974
0.000003
0.000000
0.049535
0.000000
0.000000
0.752367
1.000000
0.000000
0.762324
0.989872
0.079023
0.999990
0.965467
0.000033
0.000000
1.000000
1.000000
0.949765
0.357367
0.729022
0.045919
0.983311
0.951303
0.910835
0.305889
0.756563
0.999999
0.590704
0.772878
0.997712
0.999941
0.784956
0.000000
0.884268
0.018966
0.938743
0.857353
0.244416
0.957519
0.668526
0.991990
0.999877
1.000000
0.952199
0.019972
0.999877
0.159579
0.901828
0.070803
0.991724
0.000004
0.975927
0.000000
0.999995
0.670635
0.732593
0.965807
0.838894
0.998257
0.961104
0.276598
0.999895
0.042025
1.000000
0.999357
1.000000
0.801861
0.000000
0.787244
0.000000
0.731763
0.995457
0.924394
0.961151
0.973921
1.000000
0.000000
1.000000
0.051237
0.993443
0.000000
0.000006
1.000000
0.999999
0.398070
0.162290
0.000000
0.780072
0.998827
0.993490
0.951464
0.733873
0.983431
0.459961
0.000000
0.969579
0.000000
1.000000
0.006001
1.000000
0.988765
0.898682
0.964061
0.010322
0.000000
0.607449
0.275159
0.019265
0.999997
0.072881
0.586129
0.000088
0.635653
0.037602
0.269374
0.934848
0.000000
0.000000
0.967306
0.295365
0.172575
0.957650
0.908288
0.163463
0.902040
0.778315
0.901003
0.000000
0.990911
1.000000
0.732948
0.998597
0.993104
1.000000
0.001007
0.684680
0.951860
0.751013
0.999690
0.005161
0.000000
0.998268
0.000000
0.370910
0.992537
0.371945
1.000000
0.181075
0.701742
0.743260
0.885290
0.998949
0.999999
0.000000
0.816954
0.999999
0.995863
1.000000
0.032523
0.975117
0.000000
0.998732
0.946881
0.877759
0.025595
0.915221
0.000000
0.121229
0.997236
0.000000
0.964854
0.998125
0.013474
0.906688
0.000000
0.933874
0.727554
0.086498
0.024567
0.283803
0.999999
0.609625
0.787392
0.162295
0.900915
0.995371
0.993590
0.227900
0.999643
0.999996
0.984280
0.983642
0.716188
0.961064
0.893180
0.035648
0.193733
0.988298
1.000000
0.997858
0.000000
0.008164
0.995241
0.015984
0.003058
0.844604
0.963466
0.532952
0.988178
0.000000
0.462512
0.040974
0.838562
