0.014511
0.001321
0.000000
0.000000
0.000000
0.000000
0.000000
0.000000
0.000000
0.000000
0.000000
0.000000
0.000000
0.000000
0.000000
0.000000
0.000000
0.921845
0.001145
0.000000
0.000000
0.000000
0.602737
0.000000
0.000000
0.000000
0.000000
0.000000
0.004825
0.000000
0.000000
0.000000
0.000000
0.000000
0.000006
0.000000
0.000000
0.000087
0.000000
0.015216
0.000000
0.000000
0.000000
0.003672
0.000000
0.000000
0.002621
0.156248
0.000000
0.000000
0.000000
0.000000
0.000000
0.000000
0.000826
0.000000
0.000000
0.000000
0.000000
0.002925
0.144237
0.065888
0.000248
0.000000
0.000000
0.000000
0.000000
0.000000
0.000000
0.000000
0.000000
0.527971
0.001603
0.000000
0.000000
0.000000
0.000000
0.012331
0.000001
0.000000
0.000000
0.000000
0.000000
0.000000
0.385244
0.011411
0.000000
0.003172
0.000000
0.000061
0.000000
0.636901
0.000000
0.000000
0.238937
0.000000
0.000010
0.000000
0.000000
0.000000
0.000000
0.000000
0.000000
0.000000
0.000000
0.000000
0.000000
0.000000
0.000000
0.362603
0.000000
0.000000
0.000000
0.000000
0.000000
0.000000
0.000000
0.000000
0.126904
0.000000
0.057854
0.000000
0.000000
0.004431
0.000000
0.000010
0.000000
0.000000
0.000175
0.002798
0.000065
0.000226
0.000000
0.000000
0.000000
0.000000
0.000000
0.000000
0.071194
0.000000
0.000000
0.004129
0.000000
0.000662
0.000000
0.003940
0.000007
0.000000
0.000000
0.000000
0.000000
0.047962
0.016424
0.000000
0.663693
0.000000
0.000000
0.302547
0.000000
0.000000
0.000000
0.000000
0.000000
0.000000
0.000000
0.999901
0.000000
0.000002
0.078786
0.102346
0.000000
0.000000
0.000000
0.000000
0.000000
0.007584
0.000000
0.000000
0.010323
0.214639
0.000000
0.000590
0.001509
0.000000
0.000000
0.000000
0.070412
0.000000
0.000000
0.011284
0.004968
0.000000
0.001026
0.000000
0.000000
0.000000
0.000000
0.000000
0.000000
0.000000
0.022643
0.000017
0.000000
0.000000
0.000000
0.000000
0.000000
0.000000
0.000000
0.011248
0.041088
0.000000
0.000000
0.000000
0.000000
0.000476
0.000000
0.000000
0.000000
0.000000
0.000000
0.000000
0.000000
0.002261
0.000000
0.000000
0.000298
0.708699
0.000000
0.000000
0.000000
0.000000
0.000000
0.094979
0.000484
0.000000
0.000000
0.000000
0.024422
0.000000
0.000000
0.000000
0.001436
0.198166
0.897220
0.000000
0.000000
0.000000
0.000000
0.044242
0.000000
0.000000
0.060437
0.089283
0.000000
0.000000
0.000000
0.014510
0.000000
0.000000
0.000000
0.194391
0.000000
0.000000
0.000000
0.000000
0.000000
0.000000
0.000000
0.000000
0.000000
0.000000
0.000000
0.000000
0.000039
0.008521
0.000000
0.000000
0.015007
0.000000
0.000000
0.000000
0.112635
0.268795
0.042474
0.000000
0.000000
0.000000
0.000000
0.021361
0.000000
0.000000
0.268302
0.000023
0.000000
0.006803
0.000000
0.000000
0.000000
0.000000
0.002332
0.000000
0.145890
0.001067
0.000000
0.000000
0.000000
0.000000
0.000000
0.000000
0.000000
0.000000
0.000000
0.000000
0.045834
0.000000
0.000000
0.000000
0.000000
0.884046
0.000000
0.000000
0.000000
0.000000
0.000000
0.000000
0.249338
0.044616
0.000000
0.000000
0.004683
0.000000
0.000000
0.000000
0.000000
0.069023
0.034499
0.753789
0.000000
0.000000
0.000000
0.001803
0.000000
0.000000
0.000000
0.016462
0.174993
0.000000
0.000135
0.000000
0.000000
0.001100
0.000000
0.000000
0.000000
0.000000
0.000253
0.000000
0.000000
0.000000
0.999998
0.000000
0.000290
0.000000
0.000000
0.019696
0.000087
0.000000
0.000000
0.000000
0.000000
0.000000
0.000000
0.000000
0.000000
0.000000
0.000008
0.000001
0.000000
0.000000
0.000366
0.000000
0.000000
0.000000
0.000000
0.000000
0.000000
0.000000
0.000000
0.000000
0.000000
0.035417
0.000000
0.001067
0.997979
0.462612
0.000000
0.000000
0.164159
0.000000
0.000000
0.000000
0.000157
0.000000
0.000000
0.000000
0.016362
0.010071
0.000001
0.000007
0.677171
0.000000
0.000000
0.000000
0.000000
0.000131
0.000000
0.000000
0.000000
0.000142
0.001094
0.000000
0.000012
0.000000
0.000000
0.001256
0.000000
0.000359
0.000000
0.000000
0.000000
0.000000
0.000000
0.000000
0.000007
0.000150
0.000000
0.000000
0.000000
0.000000
0.000744
0.000000
0.000000
0.000000
0.066468
0.000003
0.000000
0.000000
0.027128
0.000000
0.029060
0.000008
0.000000
0.000006
0.230723
0.000000
0.000000
0.000000
0.000000
0.001323
0.000000
0.000000
0.000000
0.001688
0.295122
0.000000
0.000000
0.000000
0.000000
0.000000
0.017050
0.014914
0.001230
0.000000
0.001727
0.000000
0.026935
0.000000
0.000000
0.000000
0.000000
0.000227
0.000000
0.000037
0.000000
0.312919
0.000000
0.000000
0.047291
0.000000
0.000000
0.000000
0.581518
0.028078
0.000000
0.000000
0.000000
0.000000
0.000000
0.000000
0.000000
0.000000
0.000000
0.000000
0.000000
0.096247
0.000000
0.000000
0.007662
0.155856
0.000000
0.300140
0.000000
0.000000
0.000000
0.000000
0.000014
0.000000
0.000000
0.006285
0.000000
0.000000
0.000000
0.000000
0.000000
0.004412
0.003831
0.000000
0.000000
0.000000
0.000000
0.000000
0.972415
0.000000
0.000000
0.061195
0.001529
0.000000
0.000000
0.000000
0.778347
0.000000
0.000000
0.000000
0.072428
0.000240
0.000000
0.000000
0.000000
0.221693
0.000000
0.019456
0.895259
0.002763
0.003683
0.000000
0.000000
0.000014
0.000000
0.000000
0.000000
0.000000
0.000009
0.000000
0.000000
0.000000
0.004389
0.000000
0.000000
0.000000
0.000000
0.000000
0.000000
0.000883
0.002859
0.000000
0.000000
0.000000
0.000526
0.000000
0.000000
0.000000
0.000000
0.000000
0.000000
0.000000
0.000000
0.000000
0.031477
0.000000
0.000000
0.000000
0.000000
0.000000
0.002997
0.000000
0.000000
0.000000
0.000000
0.000000
0.000005
1.000000
0.000000
0.802382
0.006689
0.000000
0.000000
0.000000
0.000000
0.000000
0.000000
0.000000
0.000000
0.142886
0.000000
0.000007
0.000000
0.000223
0.000000
0.596187
0.036144
0.000000
0.000000
0.000000
0.000000
0.000022
0.000000
0.000000
0.000000
0.000000
0.000000
0.000000
0.000411
0.000000
0.200281
0.667715
0.000000
0.350429
0.000000
0.000000
0.000000
0.000000
0.000000
0.000000
0.000000
0.034312
0.002240
0.000000
0.000000
0.000000
0.000000
0.000000
0.000000
0.000000
0.004991
0.000000
0.000000
0.094871
0.066459
0.000000
0.000000
0.000000
0.003253
0.000000
0.219582
0.011940
0.000000
0.000000
0.000000
0.000000
0.999921
0.017479
0.006930
0.000000
0.000000
0.000000
0.043699
0.000290
0.000000
0.067964
0.000000
0.203753
0.000000
0.000000
0.000030
0.000000
0.007455
0.000000
0.000000
0.000000
0.001129
0.000000
0.010164
0.000000
0.000000
0.000000
0.000224
0.000001
0.000248
0.000000
0.000000
0.000000
0.000000
0.000000
0.000382
0.000000
0.020869
0.000000
0.000000
0.000000
0.000000
0.000000
0.000000
0.000000
0.000000
0.000000
0.000000
0.066067
0.000000
0.000000
0.000000
0.000000
0.000000
0.000000
0.000000
0.000000
0.000000
0.000000
0.000000
0.000000
0.000000
0.000000
0.001477
0.000000
0.000000
0.002068
0.000000
0.001783
0.000000
0.000000
0.003663
0.000091
0.000000
0.000000
1.000000
0.000380
0.000000
0.445231
0.108865
0.000000
0.000000
0.000000
0.000000
0.005077
0.000000
0.000886
0.000000
0.000000
0.000000
0.000000
0.615117
0.000000
0.000000
0.000000
0.013766
0.000000
0.000000
0.000000
0.000000
0.000305
0.000000
0.000000
0.000000
0.000000
0.000000
0.000000
0.002531
0.000000
0.000000
0.000000
0.000000
0.000000
0.008880
0.000000
0.000000
0.522125
0.000000
0.024807
0.000000
0.015192
0.000000
0.024383
0.000000
0.000000
0.000000
0.000002
0.000000
0.000000
0.000000
0.000000
0.067119
0.000000
0.000000
0.000000
0.000000
0.000000
0.422091
0.000000
0.000000
0.020637
0.532190
0.000000
0.000154
0.258289
0.000000
0.000000
1.000000
0.000000
0.000000
0.000000
0.714431
0.027708
0.000000
0.000000
0.000000
0.000000
0.000003
0.000000
0.000000
0.000000
0.000000
0.000000
0.000000
0.091990
0.000000
0.000496
0.000000
0.999457
0.000000
0.000000
0.000000
0.000937
0.000000
0.000000
0.000000
0.053163
0.000000
0.001112
0.219831
0.000000
0.000000
0.000621
0.000000
0.000000
0.000000
0.000000
0.000000
0.000000
0.000000
0.000000
0.000000
0.000000
0.006823
0.000000
0.000000
0.000000
0.000000
0.035793
0.000000
0.000000
0.000000
0.000000
0.000000
0.000000
0.000000
0.000000
0.000000
0.003051
0.000000
0.000000
0.000000
0.000000
0.003322
0.018164
0.003584
0.000000
0.000000
0.000009
0.000000
0.000000
0.000000
0.000000
0.000000
0.000000
0.000000
0.000000
0.000000
0.000000
0.218193
0.000754
0.000000
0.000000
0.000000
0.000000
0.000000
0.000000
0.000000
0.000000
0.004599
0.000000
0.010508
0.218858
0.024590
0.001784
0.000000
0.000000
0.000000
0.000000
0.098221
0.000678
0.000000
0.000000
0.000000
0.032670
0.000000
0.000000
0.000001
0.000000
0.497709
0.081689
0.000000
0.000000
0.000000
0.000000
0.000000
0.000000
0.000486
0.000000
0.000000
0.000001
0.000525
0.000000
0.000000
0.000000
0.000000
0.068900
0.000000
0.000000
0.000000
0.010653
0.000000
0.000000
0.000000
0.000000
0.000000
0.000000
0.000000
0.000000
0.000000
0.000265
0.000157
0.000001
0.000000
0.000800
0.000000
0.000000
0.000000
0.000000
0.000000
0.000000
0.000000
0.000000
0.000000
0.000000
0.018696
0.025885
0.000000
0.000233
0.000000
0.000000
0.000000
0.000000
0.000000
0.102028
0.000000
0.000000
0.000000
0.000000
0.052808
0.001746
0.004613
0.026027
0.000052
0.000000
0.000000
0.000576
0.000000
0.000000
0.002016
0.000000
0.000000
0.000000
0.000000
0.000000
0.000000
0.002162
0.000000
0.000000
0.000000
0.000000
0.146789
0.000000
0.027506
0.011621
0.000000
0.000000
0.229007
0.000000
0.000000
0.000000
0.000000
0.000000
0.471133
0.000000
0.042430
0.000000
0.000000
0.000000
0.000742
0.000000
0.000000
0.000095
0.080187
0.000000
0.000044
0.000000
0.000000
0.088181
0.000000
0.000000
0.000000
0.000917
0.013191
0.000000
0.002088
0.000000
0.076733
0.000000
0.004152
0.000000
0.000000
0.000000
0.000000
0.000000
0.000000
0.114512
0.000000
0.000000
0.000000
0.001661
0.000000
0.000000
0.000000
0.000000
0.000000
0.000000
0.000000
0.000074
0.000000
0.000000
0.000000
0.000000
0.000000
0.031443
0.000000
0.000000
0.000000
0.000000
0.000000
0.000357
0.000511
0.000000
0.000000
0.000970
0.000000
0.012290
0.805790
0.000483
0.000000
0.000000
0.000000
0.000000
0.381052
0.000000
0.007467
0.000000
0.000000
0.000000
0.000000
0.000000
0.000000
0.000000
0.008382
0.000000
0.027975
0.000000
0.000000
0.000000
0.000000
0.000000
0.000000
0.902004
0.000000
0.000000
0.000000
0.000000
0.009391
0.344897
0.006109
0.000002
0.000006
0.000000
0.063148
0.221066
0.011498
0.000000
0.000000
0.000000
0.261105
0.000000
0.000000
0.005287
0.000000
0.000000
0.000000
0.000000
0.006981
0.002288
0.000000
0.000286
0.000000
0.000000
0.000000
0.295403
0.008294
0.006065
0.109712
0.000001
0.000000
0.000000
0.000000
0.000000
0.000000
0.000000
0.585878
0.000000
0.000000
0.000000
0.361899
0.000000
0.165085
0.000000
0.000000
0.000000
0.000997
0.437837
0.000000
0.000000
0.000000
0.000000
0.000000
0.218774
0.000000
0.000000
0.000000
0.000000
0.000000
0.000000
0.000000
0.000000
0.000000
0.000000
0.000000
0.043131
0.000000
0.000000
0.000000
0.000000
0.000000
0.000000
0.000000
0.851338
0.001218
0.006785
0.001145
0.000000
0.000000
0.002255
0.000000
0.014084
0.000000
0.000000
0.067304
0.000000
0.000015
0.000000
0.000000
0.000001
0.000000
0.000000
0.000000
0.000000
0.000000
0.000000
0.000000
0.000000
0.000062
0.000000
0.000000
0.000000
0.117242
0.000000
0.000000
0.000000
0.000070
0.000057
0.080719
0.000000
0.000000
0.402234
0.000000
0.000000
0.000000
0.008492
0.000000
0.025367
0.000000
0.000000
0.000000
0.000018
0.000282
0.000000
0.000000
0.000000
0.000000
0.000000
0.001466
0.245688
0.000000
0.000000
0.000000
0.000000
0.000000
0.005713
0.482554
0.012387
0.000000
0.000689
0.008175
0.000000
0.000000
0.000000
0.000000
0.929109
0.000000
0.000000
0.013515
0.891936
0.000000
0.000000
0.513671
0.000000
0.000000
0.020191
0.000000
0.000000
0.221888
0.000000
0.000000
0.007007
0.000000
0.000000
0.000000
0.000000
0.000000
0.099565
0.000000
0.000000
0.000000
0.000000
0.000000
0.000085
0.000000
0.007472
0.000000
0.000000
0.021816
0.000000
0.000000
0.019744
0.000000
0.000000
0.000000
0.070863
0.000932
0.000000
0.000000
0.000000
0.000000
0.079842
0.001190
0.002365
0.000000
0.000026
0.000000
0.000019
0.080839
0.434344
0.000000
0.000000
0.685260
0.000000
0.000000
0.000000
0.000000
0.000000
0.000000
0.000000
0.483642
0.000000
0.000000
0.000000
0.000000
0.000000
0.000000
0.000000
0.000000
0.000000
0.060050
0.000000
0.000000
0.000041
0.005198
0.036865
0.000000
0.000029
0.000016
0.000000
0.000000
0.000000
0.003393
0.000000
0.006119
0.000000
0.995196
0.000000
0.034680
0.001727
0.000000
0.000754
0.000000
0.000000
0.000001
0.000000
0.000000
0.000000
0.016066
0.000134
0.002038
0.000000
0.005163
0.000226
0.000000
0.000000
0.000000
0.000000
0.000000
0.000000
0.000000
0.000000
0.098475
0.000000
0.011853
0.000000
0.025599
0.003652
0.001001
0.000000
0.000000
0.000000
0.000000
0.000000
0.000000
0.000000
0.000000
0.000000
0.000000
0.000000
0.000003
0.000091
0.000000
0.000000
0.000000
0.000000
0.000000
0.999915
0.000000
0.000000
0.000000
0.000000
0.000005
0.000000
0.025284
0.000000
0.980531
0.000000
0.000000
0.000000
0.005629
0.558822
0.000000
0.000000
0.000000
0.000000
0.000000
0.751660
0.000000
0.649013
0.000000
0.173668
0.000000
0.005200
0.074656
0.000000
0.000000
0.000000
0.000000
0.000000
0.000000
0.000000
0.000000
0.000000
0.000621
0.000000
0.021960
0.000000
0.000000
0.000000
0.000000
0.000000
0.054735
0.605608
0.000000
0.000000
0.000000
0.298779
0.000000
0.000000
0.000000
0.017060
0.000000
0.056988
0.000000
0.000000
0.000000
0.000000
0.000000
0.000584
0.000000
0.000000
0.000000
1.000000
0.043249
0.746022
0.000000
0.000000
0.003477
0.000161
0.000020
0.168794
0.000000
0.000000
0.000000
0.000002
0.000000
0.000000
0.000000
0.000000
0.270368
0.000263
0.000461
0.254155
0.000000
0.000328
0.033929
0.000000
0.000000
0.000000
0.000000
0.000040
0.000000
0.000000
0.000000
0.000000
0.000000
0.000000
0.000000
0.000000
0.000000
0.157323
0.000000
0.069532
0.000000
0.000000
0.000000
0.000125
0.772094
0.000000
0.000000
0.001892
0.000036
0.000000
0.000000
0.000000
0.000206
0.000000
0.000000
0.000000
0.000000
0.000000
0.000000
0.000000
0.000000
0.000000
0.500219
0.014845
0.000000
0.000000
0.058783
0.000000
0.000000
0.000063
0.000000
0.000000
0.056478
0.000000
0.000000
0.000000
1.000000
0.000000
0.439023
0.000000
0.111667
0.000000
0.000000
0.000000
0.000000
0.000000
0.000000
0.003043
0.000000
0.040449
0.000000
0.000105
0.265307
0.006719
0.000000
0.000186
0.000000
0.000000
0.002378
0.000000
0.000000
0.000000
0.000000
0.000000
0.000000
0.000000
0.000000
0.000000
0.000000
0.000000
0.000000
0.000000
0.000186
0.000000
0.000000
0.000000
0.000005
0.000000
0.000000
0.000000
0.000000
0.000000
0.000000
0.000000
0.004310
0.000000
0.000000
0.663073
0.000000
0.000000
0.000000
0.000000
0.000000
0.000000
0.000000
0.000000
0.000000
0.000000
0.000000
0.004526
0.000000
0.000000
0.000000
0.000000
0.000202
0.000000
0.017968
0.000000
0.000000
0.000021
0.000000
0.000000
0.384731
0.997440
0.001494
0.004374
0.000000
0.000000
0.000000
0.298708
0.000000
0.000000
0.000000
0.000000
0.000020
0.000000
0.079657
0.000000
0.000000
0.021372
0.000002
0.000000
0.000000
0.000000
0.000009
0.000000
0.000000
0.000000
0.001352
0.000000
0.000000
0.000000
0.017103
0.005347
0.000000
0.000027
0.000000
0.015169
0.028423
0.000000
0.000000
0.000000
0.000000
0.000000
0.000000
0.000000
0.000000
0.970616
0.000000
0.000000
0.000000
0.000000
0.000000
0.000000
0.000016
0.000000
0.000000
0.000000
0.000000
0.029048
0.000000
0.000000
0.000000
0.000000
0.000781
0.000000
0.000000
0.000000
0.000001
0.000000
0.000000
0.000000
0.000000
0.000000
0.000000
0.003917
0.000000
0.000000
0.012434
0.000000
0.000000
0.000000
0.004353
0.000000
0.000000
0.000000
0.000000
0.000000
0.000000
0.000000
0.000857
0.000000
0.000000
0.000000
0.009682
0.000000
0.000000
0.000000
0.000000
0.000000
0.000000
0.000000
0.000000
0.000000
0.002093
0.000000
0.003007
0.000000
0.000003
0.000000
0.000004
0.000000
0.000000
0.000006
0.000000
0.030290
0.000000
0.000000
0.000000
0.000000
0.000000
0.002072
0.000236
0.000000
0.000000
0.000000
0.000000
0.000000
0.000000
0.000000
0.000000
0.000002
0.000000
0.000000
0.000000
0.000000
0.000000
0.006914
0.000000
0.002281
0.000000
0.880178
0.000000
0.000000
0.005338
0.004372
1.000000
0.000000
0.000000
0.000000
0.043210
0.116564
0.032602
0.000040
0.000000
0.000000
0.003470
0.000000
0.855179
0.000000
0.000000
0.000000
0.019002
0.000000
0.000000
0.000000
0.000000
0.000000
0.000000
0.167535
0.000000
0.000000
0.000000
0.000000
0.005561
0.000000
0.000000
0.002571
0.160691
0.000000
0.000000
0.000000
0.000000
0.000013
0.050126
0.000000
0.000000
0.000000
0.000000
0.040035
0.075159
0.000000
0.000000
0.000000
0.000000
0.001137
0.000005
0.000000
0.000018
0.023857
0.000000
0.000000
0.000000
0.000000
0.000000
0.000000
0.000288
0.040290
0.000000
0.000368
0.000000
0.000000
0.000000
0.035458
0.000000
0.000000
0.000322
0.000000
0.000000
0.000000
0.000000
0.000000
0.000000
0.272155
0.000000
0.013451
0.045253
0.000000
0.000000
0.000000
0.000000
0.057288
0.000000
0.068907
0.000000
0.000000
0.024112
0.000000
1.000000
0.000000
0.000000
0.000000
0.000000
0.000000
0.011881
0.000000
0.000000
0.997043
0.000364
0.021886
0.554610
0.000000
0.003207
0.000000
0.127011
0.000000
0.813818
0.000000
0.000001
0.016808
0.000000
0.000000
0.000000
0.023793
0.000000
0.000000
0.000000
0.004483
0.000000
0.000000
0.000000
0.000000
0.000000
0.000000
0.000000
0.000000
0.000000
0.000000
0.000000
0.000000
0.000000
0.000000
0.000000
0.999450
0.000000
0.000000
0.000711
0.000000
0.000000
0.000000
0.000000
0.000000
0.000000
0.000000
0.060868
0.000000
0.000000
0.000000
0.000000
0.000000
0.999997
0.000000
0.000000
0.001170
0.000000
0.000000
0.000000
0.000026
0.000000
0.312301
0.000000
0.000000
0.000080
0.000000
0.000000
0.000000
0.000000
0.114710
0.000359
0.000000
0.009943
0.011652
0.000000
0.000000
0.000000
0.000000
0.513960
0.269447
0.000000
0.000375
0.002904
0.000000
0.000000
0.000816
0.000000
0.000000
0.000000
0.000000
0.000000
0.000000
0.000000
0.000000
0.000000
0.000000
0.000003
0.000000
0.000000
0.000551
0.000000
0.000000
0.000000
0.000000
0.000036
0.000000
0.000000
0.000000
0.310245
0.000000
0.264620
0.000000
0.996917
0.000062
0.000034
0.000000
0.000000
0.000000
0.000000
0.000000
0.029355
0.000000
0.001082
0.000000
0.000000
0.000000
0.000097
0.000000
0.005053
0.000000
0.000000
0.959659
0.000000
0.024380
0.000000
0.000000
0.999998
0.000000
0.000642
0.000000
0.000000
0.000000
0.000000
0.000000
0.901538
0.000000
0.000000
0.042217
0.000688
0.000000
0.000000
0.000000
0.068028
0.065782
0.000000
0.000129
0.709128
0.000000
0.000000
0.000000
0.002859
0.000000
0.000000
0.199814
0.000000
0.000135
0.719858
0.000000
0.000000
0.000000
0.000000
0.000096
0.000000
0.000041
0.000000
0.000225
0.003106
0.000000
0.000000
0.000000
0.000000
0.000000
0.000000
0.000000
0.000000
0.005872
0.000000
0.000000
0.096573
0.000000
0.000000
0.000000
0.000000
0.000000
0.000000
0.000000
0.000000
0.000000
0.002133
0.000000
0.000000
0.313460
0.000000
0.000000
0.000936
0.000000
0.000000
0.000000
0.000000
0.000000
0.000000
0.000000
0.000001
0.000000
0.000000
0.000000
0.000000
0.000000
0.000000
1.000000
0.000000
0.000000
0.000000
0.072574
0.000000
0.019387
0.000000
0.000000
0.035272
0.000000
0.000000
0.101175
0.000000
0.000036
0.000000
0.000000
0.000000
0.000000
0.000000
0.000000
0.000000
0.973741
0.000000
0.000000
0.000000
0.393479
0.002293
0.000023
0.000000
0.000000
0.054208
0.000000
0.000000
0.000011
0.002024
0.000000
0.989085
0.000000
0.000000
0.000000
0.000025
0.000000
0.000000
0.005227
0.172738
0.000087
0.000000
0.000000
0.000000
0.349687
0.000000
0.000000
0.000000
0.000000
0.014997
0.000000
0.000000
0.000000
0.000000
0.000000
0.000000
0.000407
0.000000
0.000000
0.000004
0.008405
0.000000
0.001259
0.867201
0.000000
0.000000
0.000000
0.000000
0.000000
0.004152
0.010330
0.000000
0.000000
0.009091
0.000000
0.000000
0.000000
0.000000
0.000000
0.000000
0.000000
0.000000
0.060150
0.485285
0.003640
0.015665
0.373801
0.000000
0.000000
0.000000
0.000000
0.000187
0.127954
0.000000
0.003556
0.014623
0.000000
0.011495
0.000000
0.000000
0.000000
0.000000
0.000000
0.002417
0.000000
0.000000
0.000000
0.000000
0.083371
0.000000
0.000000
0.000000
0.000000
0.000000
0.000000
0.000000
0.089569
0.000000
0.000000
0.072922
0.000000
0.000997
0.000000
0.000000
0.000000
0.000001
0.000000
0.000324
0.000000
0.000000
0.397052
0.000000
0.006177
0.000000
0.000881
0.000000
0.018521
0.000000
0.000021
0.000000
0.000000
0.000000
0.000000
0.000000
0.000108
0.000000
0.000000
0.000000
0.000000
0.000000
0.000000
0.000000
0.000000
0.017808
0.000000
0.000000
0.000396
0.000000
0.000000
0.099129
0.022788
0.000000
0.000000
0.454672
0.000000
0.000000
0.077141
0.000000
0.000045
0.000000
0.000000
0.017435
0.000000
0.000000
0.000000
0.000042
0.000000
0.000000
0.000000
0.000000
0.000000
0.427214
0.007428
0.000000
0.000000
0.491950
0.000433
0.220415
0.000012
0.111260
0.000000
0.000000
0.000000
0.000000
0.000000
0.000000
0.000000
0.015784
0.000000
0.000000
0.023020
0.002377
0.000000
0.000000
0.000000
0.000000
0.000000
0.017420
0.000000
0.000000
0.000000
0.000000
0.000000
0.000000
0.000302
0.000000
0.000000
0.000000
0.000000
0.000000
0.996559
0.000005
0.068082
0.000000
0.488068
0.000000
0.006963
0.000000
0.000000
0.000000
0.018788
0.018461
0.000000
0.000000
0.000000
0.007356
0.000107
0.000000
0.000000
0.000000
0.413447
0.000000
0.000445
0.000000
0.000000
0.000000
0.000000
0.000000
0.000000
0.000000
0.000000
0.000000
0.000827
0.000000
0.000094
0.000000
0.000011
0.000000
0.000000
0.095795
0.015067
0.000000
0.000000
0.000000
0.000000
0.000228
0.005106
0.000000
0.000000
0.000000
0.000000
0.000104
0.000000
0.000000
0.000307
0.000000
0.000000
0.000000
0.120927
0.248528
0.000000
0.001993
0.000138
0.000000
0.000000
0.000347
0.000000
0.397470
0.000000
0.000299
0.000000
0.000000
0.000000
0.703698
0.000000
0.000000
0.000057
0.000000
0.000000
0.000000
0.000779
0.000000
0.106448
0.000000
0.001758
0.000000
0.000000
0.000000
0.000041
0.000000
0.000000
0.000000
0.001212
0.000000
0.000000
0.000000
0.002301
0.000000
0.000000
0.000000
0.000000
0.000000
0.000000
0.000000
0.000000
0.000001
0.000000
0.169854
0.000000
0.000000
0.000000
0.014497
0.000000
0.000000
0.000000
0.000000
0.062106
0.000119
0.019595
0.000000
0.000001
0.000000
0.000000
0.002244
0.868255
0.079790
0.000000
0.000000
0.035856
0.000000
0.000000
0.002086
0.000000
0.000000
0.000000
0.000000
0.000000
0.000000
0.000000
0.000000
0.000000
0.000000
0.082584
0.000000
0.000000
0.000000
0.000000
0.029453
0.000000
0.000000
0.000000
0.000000
0.023426
0.000000
0.000000
0.000000
0.000000
0.000755
0.999588
0.002724
0.000000
0.014707
0.000000
0.000000
0.001713
0.000000
0.000022
0.000000
0.000000
0.001042
0.000000
0.000000
0.000000
0.000000
0.857164
0.000000
0.030516
0.000000
0.000000
0.000000
0.000000
0.000000
0.210173
0.001376
0.000000
0.000000
0.000000
0.000000
0.000000
0.000069
0.000000
0.000000
0.000031
0.000000
0.055829
0.711486
0.292596
0.000000
0.000000
0.000000
0.000000
0.086539
0.008809
0.014118
0.000000
0.000000
0.000000
0.000000
0.000000
0.000000
0.000000
0.000000
0.000000
0.000000
0.000000
0.000000
0.000000
0.000000
0.000000
0.000000
0.000000
0.000000
0.000000
0.000000
0.000003
0.004983
0.002353
0.000000
0.000000
0.000000
0.000000
0.000721
0.000000
0.118271
0.000000
0.930182
0.000437
0.000000
0.388071
0.000000
0.000000
0.000000
0.000000
0.001977
0.000000
0.000000
0.000000
0.000000
0.000000
0.000000
0.484221
0.006905
0.000000
0.000000
0.000000
0.006002
0.000000
0.000000
0.000000
0.000000
0.000000
0.094783
0.013063
0.329207
0.000000
0.000000
0.005097
0.000405
0.000000
0.539225
0.322298
0.000000
0.000000
0.000000
0.000002
0.000030
0.000000
0.000000
0.000000
0.000000
0.000000
0.000000
0.776690
0.000000
0.000000
0.000000
0.004547
0.027048
0.000000
0.000813
0.000000
0.000000
0.000000
0.000000
0.000000
0.000000
0.000000
0.031103
0.000104
0.000000
0.000000
0.000000
0.009879
0.000000
0.548777
0.000000
0.000031
0.000000
0.000000
0.000000
0.000000
0.000000
0.000000
0.007529
0.073982
0.000036
0.000000
0.000000
0.999839
0.003030
0.305935
0.000000
0.000000
0.003539
0.000000
0.000072
0.666152
0.000000
0.000000
0.000000
0.000000
0.000000
0.000000
0.006541
0.000000
0.000000
0.000000
0.000000
0.000000
0.000000
0.000000
0.000000
0.000000
0.000000
0.000745
0.000000
0.000000
0.001171
0.000551
0.000000
0.000000
0.000000
0.000000
0.000000
0.000000
0.000000
0.000000
0.000933
0.015408
0.000000
0.003248
0.058637
0.000000
0.000000
0.000000
0.000000
0.000592
0.000000
0.104751
0.000000
0.000000
0.000000
0.000000
0.000000
0.839039
0.018754
0.000000
0.000000
0.093327
0.003588
0.000000
0.000000
0.005706
0.000000
0.000000
0.000000
0.000000
0.000000
0.000000
0.000022
0.000000
0.000000
0.000794
0.000004
0.035440
0.000000
0.000000
0.671380
0.000000
0.000899
0.000000
0.000000
0.000000
0.000000
0.000809
0.000000
0.000000
0.000000
0.000000
0.022871
0.000000
0.000000
0.000000
0.000000
0.000049
0.000000
0.000000
0.000000
0.000059
0.000000
0.010376
0.000000
0.000000
0.000000
0.000350
0.000000
0.000000
0.000000
0.000000
0.000000
0.032502
0.000000
0.000000
0.000000
0.000000
0.000000
0.044036
0.193537
0.000000
0.000000
0.000000
0.000000
0.000000
0.000000
0.000000
0.007991
0.000000
0.000000
0.000000
0.000000
0.000000
0.000000
0.000002
0.228580
0.000000
0.999999
0.999891
0.000000
0.000000
0.000000
0.000000
0.000000
0.013623
0.000000
0.000000
0.078774
0.000000
0.000000
0.001103
0.000000
0.000000
0.007060
0.000000
0.000000
0.000000
0.000000
0.297607
0.000000
0.000000
0.358623
0.000000
0.000000
0.000000
0.000000
0.000000
0.000000
0.000308
0.039384
0.000000
0.001567
0.000000
0.000000
0.000000
0.997225
0.000000
0.000000
1.000000
0.000000
0.000000
0.000000
0.000000
0.000000
0.065277
0.000000
0.000672
0.205314
0.830650
0.000000
0.000000
0.000000
0.000000
0.000000
0.000955
0.213193
0.000000
0.000000
0.000000
0.001675
0.000000
0.000000
0.000000
0.001140
0.058961
0.000000
0.000000
0.021519
0.108782
0.000899
0.000000
0.000000
0.000000
0.000000
0.000000
0.000000
0.000000
0.000003
0.000000
0.000000
0.000000
0.128296
0.003433
0.001555
0.000000
0.291198
0.000000
0.001021
0.000005
0.117533
0.013633
0.000000
0.000000
0.866760
0.015842
0.000000
0.000000
0.000000
0.000000
0.000469
0.139315
0.069854
0.000000
0.000000
0.000000
0.222982
0.001732
0.000000
0.000224
0.000000
0.000000
0.000000
0.000000
0.000000
0.000031
1.000000
0.198285
0.000000
0.000000
0.000000
0.000000
0.000000
0.000000
0.000000
0.000000
0.000175
0.000000
0.000000
0.000000
0.000000
0.000000
0.000000
0.000000
0.000000
0.012150
0.000000
0.000120
0.004359
0.032758
0.000027
0.000000
0.000000
0.000000
0.000000
0.000000
0.016900
0.000000
0.010236
0.000000
0.650136
0.000000
0.000000
0.000000
0.000000
0.000000
0.929972
0.000000
0.000330
0.000000
0.000000
0.000000
0.000000
0.000000
0.000000
0.000000
0.000000
0.998649
0.073376
0.260260
0.000000
0.000000
0.000083
0.000000
0.000000
0.000000
0.000000
0.003624
0.000000
0.000000
0.000000
0.000000
0.000000
0.000000
0.000000
0.000000
0.000000
0.000000
0.000000
0.009920
0.000000
0.084985
0.000000
0.000000
0.000000
0.000000
0.059273
0.023203
0.000000
0.161720
0.000000
0.000000
0.000000
0.000000
0.000000
0.000003
0.000000
0.000000
0.000000
0.000013
0.000000
0.000000
0.000000
0.000000
0.000000
0.000000
0.001638
0.000000
0.000000
0.000000
0.000000
0.021115
0.000000
0.000000
0.000000
0.000000
0.000000
0.000000
0.001717
0.000000
0.000000
0.000000
0.000000
0.000143
0.689590
0.000000
0.997045
0.003307
0.000000
0.000589
0.000000
0.000687
0.000000
0.000000
0.000298
0.000000
0.000330
0.165725
0.000000
0.000000
0.000000
0.024922
0.998504
0.003008
0.000000
0.008243
0.000001
0.000000
0.000000
0.002413
0.000000
0.000024
0.000000
0.000000
0.000000
0.000000
0.000000
0.000000
0.000179
0.000000
0.000000
0.000000
0.000000
0.000000
0.000000
0.000000
0.000000
0.000000
0.000000
0.000000
0.000000
0.000000
0.030445
0.000000
0.002805
0.024692
0.000000
0.000000
0.000000
0.000000
0.000000
0.000000
0.000000
0.000012
0.000000
0.000000
0.000000
0.415012
0.000000
0.000000
0.000001
0.000000
0.939293
0.000000
0.000000
0.003048
0.247971
0.000000
0.000000
0.685800
0.000000
0.000000
0.000000
0.047808
0.040034
0.553385
0.000000
0.000000
0.000000
0.000000
0.000000
0.000000
0.000000
0.000000
0.223515
0.000000
0.000000
0.000000
0.000000
0.000000
0.000000
0.000447
0.000000
0.000000
0.000000
0.000000
0.000000
0.000001
0.000000
0.000000
0.000000
0.286495
0.000000
0.000000
0.000000
0.000000
0.000051
0.211846
0.000000
0.000000
0.000000
0.000000
0.018237
0.000664
0.948556
0.000000
0.000000
0.002236
0.000000
0.000000
0.000000
0.000004
0.000000
0.000000
0.000000
0.000000
0.000000
0.018022
0.000000
0.000000
0.507297
0.000000
0.000000
0.000000
0.000000
0.000000
0.000000
0.000119
0.000146
0.072112
0.006554
0.000000
0.000000
0.000000
0.000000
0.000064
0.001717
0.000000
0.000000
0.000000
0.000000
0.000027
0.000000
0.000000
0.000000
0.000000
0.000000
0.000000
0.000000
0.000000
0.000000
0.000000
0.016620
0.000000
0.000000
0.524564
0.000000
0.079242
0.000000
0.000000
0.000000
0.000000
0.000062
0.000000
0.000000
0.002876
0.069706
0.000933
0.000000
0.000000
0.000000
0.000000
0.000549
0.000000
0.000000
0.000000
0.025011
0.081733
0.000000
0.000000
0.000000
0.000000
0.003744
0.272566
0.000000
0.000004
0.000000
0.015362
0.021728
0.023137
0.000000
0.007370
0.002932
0.000000
0.000000
0.000000
0.000000
0.000000
0.000000
0.000000
0.000000
0.000000
0.000000
0.000000
0.000000
0.000000
0.054371
0.000000
0.000000
0.000000
0.038147
0.000000
0.000000
0.000000
0.000000
0.000000
0.000000
0.000000
0.003404
1.000000
0.000000
0.000000
0.000000
0.000000
0.000000
0.000000
0.000000
0.623565
0.000000
0.001180
0.092431
0.000001
0.000000
0.139003
0.000000
0.000000
0.000009
0.000000
0.025068
0.000000
0.000000
0.000000
0.000000
0.002799
0.000000
0.080361
0.000000
0.005024
0.000000
0.000000
0.093569
0.058390
0.003052
0.000000
0.000000
0.000000
0.000036
0.000000
0.055088
0.000000
0.000000
0.006198
0.000000
0.000000
0.000000
0.000000
0.000000
0.000000
0.004853
0.000000
0.002763
0.000000
0.000026
0.000000
0.000000
0.000000
0.000000
0.000000
0.000000
0.021815
0.000000
0.000088
0.000000
0.000000
0.012779
0.000000
0.000000
0.195379
0.000000
0.000000
0.000115
0.000000
0.000000
0.000000
0.182177
0.000000
0.000000
0.000000
0.000000
0.000000
0.237951
0.000000
0.000000
0.000000
0.000000
0.000034
1.000000
0.016519
0.000000
0.000000
0.112629
0.051631
0.000000
0.053955
0.000014
0.000153
0.000000
0.000000
0.015495
0.939251
0.000004
0.044734
0.000000
0.000000
0.002386
0.000845
0.000000
0.000000
0.000000
0.000000
0.000000
0.000000
0.000000
0.000368
0.000000
0.000040
0.000000
0.019439
0.000000
0.010709
0.000000
0.000000
0.000122
0.000000
0.000000
0.001482
0.000000
0.000000
0.000000
0.000000
0.000000
0.000000
0.116395
0.004595
0.000000
0.003850
0.007827
0.003259
0.000000
0.000276
0.002858
0.000000
0.000000
0.000000
0.000000
0.001504
0.000000
0.887840
0.006909
0.000651
0.000000
0.000000
0.000000
0.000161
0.395712
1.000000
0.000000
0.000000
0.000000
0.723679
0.000000
0.076201
0.000000
0.000181
0.390420
0.000000
0.002340
1.000000
0.000000
0.000042
0.000000
0.000000
0.008033
0.015172
0.000000
0.000000
0.008270
0.081490
0.000000
0.079073
0.000003
0.000000
0.003669
0.000630
0.005215
0.000000
0.000002
0.000000
0.000000
0.000573
0.000000
0.000000
0.000001
0.010274
0.000000
0.000000
0.010998
0.000000
0.000000
0.000000
0.000000
0.000000
0.000000
0.000000
0.994454
0.000000
0.000000
0.000009
0.265349
0.000000
0.000000
0.000000
0.000000
0.004061
0.000000
0.000000
0.000000
0.049608
0.000000
0.000000
0.000000
0.000000
0.000000
0.000000
0.000000
0.000403
0.000000
0.000000
0.000000
0.000000
0.000000
0.000000
0.000000
0.000000
0.000000
0.006736
0.009293
0.000000
0.000000
0.013006
0.395983
0.000000
0.997034
0.000000
0.000000
0.000000
0.000000
0.000000
0.022902
0.000000
0.000000
0.000000
0.002761
0.000000
0.156156
0.000000
0.000000
0.000000
0.000003
0.000000
0.000000
0.000000
0.000000
0.000000
0.000000
0.045020
0.000000
0.024229
0.050449
0.000034
0.176868
0.000000
0.001688
0.001712
0.000049
0.005368
0.000000
0.000000
0.000000
0.000000
0.000000
0.000000
0.004732
0.000000
0.000000
0.003111
0.000000
0.096953
0.000000
0.002140
0.000000
0.000000
0.000000
0.000000
0.000000
0.000000
0.000000
0.000000
0.000000
0.053399
0.000000
0.000000
0.000000
0.000000
0.000000
0.000000
0.000085
0.000000
0.000000
0.046338
0.000000
0.000000
0.109152
0.000412
0.000000
0.000000
0.000000
0.000000
0.000000
0.002830
0.000000
0.000000
0.002913
0.000000
0.000000
0.000075
0.000000
0.058526
0.000000
0.000000
0.000000
0.000000
0.000000
0.000000
0.290523
0.000001
0.000000
0.014244
0.000000
0.010527
0.003811
0.000268
0.023206
0.000000
0.001663
0.000000
0.000000
0.000000
0.000000
0.016546
0.075739
0.000004
0.000000
0.000000
0.000000
0.000000
0.000000
0.000000
0.000000
0.000000
0.000000
0.000091
0.000000
0.000081
0.009041
0.000000
0.000000
0.000692
0.000000
0.000000
0.000000
0.000000
0.000000
0.000000
0.000000
0.000000
0.000000
0.000000
0.000000
0.000000
0.000000
0.000000
0.972129
0.000000
0.000000
0.000012
0.000308
0.000000
0.000000
0.000000
0.000000
0.000000
0.000000
0.000000
0.058154
0.000000
0.001462
0.000000
0.843555
0.000000
0.000000
0.000000
0.000000
0.000000
0.000000
0.000000
0.000000
0.000000
0.003498
0.000000
0.000000
0.000000
0.002624
0.000000
0.000000
0.106278
0.000000
0.000000
0.000000
0.000450
0.000000
0.903716
0.002539
0.000000
0.000000
0.000000
0.000000
0.269031
0.000000
0.000000
0.000006
0.000001
0.984521
0.000000
0.000022
0.132013
0.000000
0.000000
0.008529
0.000000
0.000000
0.000000
0.000000
0.000000
0.000658
0.000000
0.496761
0.000000
0.000000
0.000000
0.000000
0.005954
0.000000
0.407764
0.000000
0.007874
0.000000
0.000000
0.498890
0.000000
0.014192
0.000000
0.000000
0.000000
0.000000
0.661496
0.000000
0.000000
0.100843
0.000000
0.000000
0.000000
0.000000
0.211841
0.000000
0.000000
0.000000
0.000000
0.000000
0.005148
0.000000
0.000000
0.000028
0.247904
0.000000
0.000000
0.000000
0.000000
0.049590
0.000000
0.000000
0.000000
0.017790
0.640161
0.000047
0.000000
0.000000
0.017191
0.000000
0.000000
0.000000
0.000553
0.000000
0.956628
0.001205
0.000023
0.000000
0.000000
0.006327
0.000000
0.000000
0.000000
0.000000
0.003445
0.000000
0.000204
0.000000
0.000024
0.000000
0.000000
0.000000
0.000000
0.000000
0.000000
0.162098
0.000000
0.000000
0.000000
0.932304
0.000000
0.000000
0.000000
0.000490
0.000000
0.009201
0.000000
0.000000
0.000000
0.000000
0.000000
0.000000
0.000000
0.008357
0.000000
0.000000
0.027288
0.000000
0.060207
0.000281
0.000000
0.000000
0.000000
0.000000
0.000000
0.000000
0.000000
0.011993
0.000000
0.000033
0.002238
0.000000
0.192613
0.001779
0.000002
0.000000
0.022129
0.444589
0.000000
0.000000
0.120673
0.000000
0.036542
0.000000
0.257509
0.040970
0.559535
0.000000
0.000000
0.988599
0.000000
0.000000
0.091717
0.000011
0.000000
0.000000
0.000000
0.000000
0.167687
0.000000
0.000000
0.001040
0.000000
0.000000
0.000000
0.000000
0.064577
0.000000
0.005883
0.000000
0.000000
0.127984
0.000000
0.000000
0.000000
0.000000
0.000000
0.000000
0.000000
0.000000
0.048272
0.000000
0.000000
0.000000
0.000000
0.000000
0.023557
0.078574
0.000000
0.000405
0.000000
0.000000
0.000000
0.000000
0.000000
0.000000
0.000271
0.000000
0.000000
0.000000
0.000087
0.000000
0.000000
0.000000
0.000000
0.000000
0.000000
0.000000
0.002193
0.487319
0.068607
0.000000
0.006718
0.400786
0.000000
0.000000
0.004542
0.370685
0.000000
0.000000
0.000000
0.000000
0.000000
0.000000
0.000000
0.733023
0.000000
0.000000
0.000000
0.000000
0.000444
0.099210
0.000463
0.000000
0.000000
0.134580
0.000000
0.014130
0.000000
0.001965
0.000000
0.000000
0.000000
0.000000
0.000000
0.000000
0.000000
0.000000
0.067897
0.000000
0.000000
0.118153
0.000000
0.000000
0.004432
0.008478
0.000000
0.000000
0.000000
0.420846
0.284930
0.000000
0.000000
0.000000
0.000000
0.102874
0.000000
0.000000
0.000000
0.000000
0.000000
0.000000
0.000355
0.165951
0.049573
0.000000
0.000000
0.625495
0.000000
0.000000
0.001580
0.000000
0.000000
0.000000
0.000568
0.000000
0.000000
0.024433
0.037391
0.756401
0.000000
0.000000
0.002315
0.000000
0.000000
0.000000
0.000000
0.000000
0.000000
0.000000
0.000000
0.027104
0.000000
0.000000
0.000000
0.000000
0.000000
0.000000
0.056481
0.000000
0.000000
0.000000
0.000000
0.000000
0.000000
0.985515
0.000000
0.000798
0.000000
0.000000
0.000000
0.000000
0.000000
0.000000
0.000000
0.000000
0.000000
0.000000
0.000000
0.000000
0.000000
0.000000
0.000150
0.000000
0.000000
0.000000
0.000216
0.000000
0.000000
0.001481
0.000000
0.000000
0.000000
0.000000
0.000000
0.051602
0.000000
0.000000
0.000770
0.001126
0.000000
0.000000
0.000000
0.000000
0.403382
0.000000
0.000000
0.330120
0.122676
0.000000
0.000000
0.000000
0.000000
0.458368
0.000000
0.000000
0.000000
0.000000
0.000000
0.000000
0.000000
0.034960
0.000000
0.000000
0.000000
0.000000
0.000000
0.000000
0.000000
0.000000
0.000041
0.000000
0.000000
0.000000
0.000000
0.018718
0.004635
0.000000
0.000000
0.000000
0.000002
0.000000
0.000000
0.000000
0.008501
0.000046
0.000000
0.240061
0.000000
0.000000
0.000244
0.000000
0.001886
0.000518
0.507378
0.000000
0.883069
0.000003
0.000012
0.000000
0.000000
0.000000
0.000000
0.000000
0.000000
0.000000
0.000000
1.000000
0.000000
0.000000
0.000000
0.000000
0.002399
0.000000
0.037009
0.000353
0.083384
0.000000
0.014640
0.012210
0.000076
0.000000
0.009801
0.000000
0.000000
0.000000
0.016769
0.000000
0.000000
0.000048
0.000000
0.000000
0.000000
0.000000
0.000000
0.000022
0.000000
0.000000
0.322964
0.072287
0.000000
0.323588
0.000000
0.174948
0.000000
0.000000
0.000000
0.001317
0.000000
0.005012
0.003046
0.147187
0.000389
0.911626
0.003019
0.000000
0.257135
0.000000
0.000000
0.982819
0.000000
0.036783
1.000000
0.000000
0.000000
0.092328
0.000000
0.000000
0.000000
0.000000
0.002600
0.000000
0.000000
0.000362
0.000000
0.000000
0.000054
0.000000
0.000000
0.000000
0.000000
0.000000
0.000000
0.031056
0.000000
0.004598
0.000012
0.000000
0.000502
0.000000
0.000000
0.000000
0.000000
0.000000
0.000000
0.000000
0.000000
0.000000
0.079412
0.000000
0.000000
0.012942
0.000000
0.000000
0.000001
0.027791
0.000000
0.000000
0.000000
0.492692
0.000000
0.000000
0.000000
0.000310
0.043162
0.181302
0.000000
0.000000
0.030146
0.000000
0.000000
0.000000
0.000000
0.000000
0.000000
0.099049
0.000000
0.000000
0.000007
0.000000
0.000000
0.556941
0.000000
0.000000
0.000006
0.000000
0.000000
0.000000
0.000000
0.015390
0.074803
0.000733
0.000000
0.000000
0.000000
0.000000
0.048888
0.000000
0.000000
0.003769
0.000000
0.000000
0.000000
0.000000
0.000000
0.004213
0.000000
0.000000
0.000000
0.000000
0.999930
0.000000
0.000000
0.053166
0.003094
0.000000
0.000000
0.000000
0.000000
0.000000
0.000000
0.000000
0.000000
0.000000
0.000000
0.000000
0.000000
0.000000
0.000000
0.000000
0.000000
0.000000
0.002382
0.124382
0.000000
0.000000
0.000000
0.918209
0.000000
0.000000
0.000000
0.000000
0.000000
0.000000
0.000000
0.000000
0.000000
0.000000
0.000000
0.000000
0.000439
0.000000
0.001770
0.019226
0.000000
0.016715
0.000000
0.000000
0.288868
0.014165
0.000000
0.000000
0.000000
0.000000
0.000000
0.000000
0.000000
0.000000
0.000018
0.000000
0.000000
0.000000
0.000000
0.000000
0.000000
0.000000
0.000000
0.011607
0.000000
0.000000
0.000596
0.000000
0.000000
0.000000
0.000000
0.999419
0.000000
0.000000
0.000000
0.001849
0.000000
0.000000
0.000000
0.000439
0.000000
0.000477
0.000000
0.000000
0.004398
0.000018
0.021359
0.000000
0.000000
0.000000
0.000000
0.000000
0.000000
0.001562
0.013079
0.000000
0.000000
0.000000
0.605811
0.000000
0.000000
0.000000
0.000000
0.000000
0.000000
0.000000
0.000000
0.000000
0.000000
0.000000
0.001387
0.000002
0.000000
0.005764
0.013438
0.000000
0.000000
0.000000
0.000000
0.001444
0.000000
0.000000
0.000000
0.000000
0.000000
0.003725
0.058021
0.000000
0.000416
0.000021
0.000000
0.000000
0.001536
0.619535
0.000000
0.000000
0.000000
0.002629
0.000000
0.000000
0.000000
0.000004
0.000007
0.000000
0.000000
0.000000
0.000000
0.752294
0.000000
0.000000
0.000000
0.031143
0.000000
0.000000
0.000698
0.424179
0.001835
0.214942
0.000000
0.003158
0.010022
0.000000
0.999583
0.000000
0.002644
0.000000
0.000000
0.000000
0.000000
0.000000
0.000003
0.083911
0.000000
0.468934
0.000000
0.930029
0.000000
0.000646
0.000000
0.001760
0.000000
0.000000
0.000000
0.010978
0.084015
0.008837
0.000000
0.086308
0.000000
0.111779
0.000000
0.000000
0.010548
0.000000
0.000000
0.017136
0.000000
0.000000
0.000000
0.000000
0.000000
0.999998
0.000000
0.000000
0.000000
0.001580
0.000000
0.000000
0.790067
0.000000
0.000000
0.000068
0.000000
0.056909
0.001579
0.000000
0.000000
0.256554
0.015514
0.000000
0.000000
0.000000
0.000000
0.000000
0.000000
0.000000
0.000038
0.000000
0.000000
0.000000
0.000000
0.018985
0.000003
0.992978
0.000000
0.000000
0.000000
0.000026
0.000000
0.052138
0.000000
0.000000
0.047877
0.000000
0.000000
0.000000
0.000000
0.022894
0.006868
0.019790
0.000915
0.000000
0.000000
0.000000
0.000000
0.000000
0.000000
0.000000
0.000000
0.000000
0.000000
0.000000
0.037765
0.000000
0.000000
0.000000
0.006132
0.306388
0.000000
0.000000
0.000000
0.000048
0.024438
0.019933
0.000000
0.000000
0.000000
0.126626
0.401324
0.000000
0.007453
0.000000
0.000000
0.000214
1.000000
0.000000
0.000000
0.000016
0.000000
0.000012
0.000000
0.000000
0.000000
0.000000
0.000000
0.000000
0.300184
0.000000
0.011791
0.358026
0.000000
0.000000
0.000000
0.000000
0.005631
0.000000
0.000000
0.225817
0.000000
0.000002
0.000000
0.000000
0.000284
0.002689
0.000000
0.369025
0.000898
0.000000
0.000000
0.295344
0.000000
0.000000
0.000000
0.000000
0.000000
0.000000
0.000000
0.000000
0.000000
0.000000
0.000000
0.001731
0.000000
0.000000
0.000000
0.000025
0.000000
0.000000
0.004138
0.000000
0.005915
0.000000
0.000000
0.000000
0.000000
0.000000
0.000000
0.000000
0.000000
0.000000
0.000065
0.000002
0.093410
0.000000
0.000000
0.000000
0.000000
0.000000
0.001538
0.021023
0.000000
0.011275
0.000000
0.022538
0.000000
0.000000
0.000000
0.000000
0.999249
0.000000
0.000000
0.000000
0.655568
0.000000
0.081742
0.000000
0.000564
0.000000
0.000000
0.000003
0.050165
0.000000
0.027177
0.033860
0.000000
0.000000
0.000000
0.000117
0.000000
0.000000
0.000729
0.000000
0.075827
0.000000
0.000000
0.012205
0.000000
0.000000
0.098258
0.193615
0.502313
0.000107
0.000000
0.000000
0.001050
0.000000
0.000000
0.000000
0.000000
0.003627
0.000000
0.000000
0.026111
0.932102
0.000000
0.000000
0.000000
0.000046
0.099485
0.006344
0.936460
0.000327
0.630157
0.434749
0.000000
0.000000
0.000000
0.000000
0.000000
0.000000
0.156205
0.000729
0.320896
0.019674
0.000000
0.000000
0.000000
0.437955
0.000000
0.000000
0.000000
0.012327
0.000562
0.013280
0.000000
0.000000
0.005583
0.000392
0.000000
0.000000
0.000000
0.000000
0.000000
0.000000
0.000000
0.000000
0.000001
0.000000
0.000000
0.000000
0.000000
0.000828
0.490383
0.000000
0.060723
0.000001
0.000000
0.000000
0.000000
0.000000
0.000000
0.051461
0.015967
0.000000
0.000000
0.000000
0.000000
0.000000
0.458750
0.000000
0.000000
0.000000
0.000295
0.000000
0.000000
0.000000
0.000000
0.001342
0.000000
0.000000
0.020657
0.000000
0.000000
0.000000
0.000000
0.000000
0.000000
1.000000
0.000000
0.003883
0.883847
0.000000
0.000000
0.000000
0.000000
0.000000
0.000000
0.000053
0.000000
0.000212
0.008625
0.000000
0.000130
0.058937
0.000000
0.000000
0.000017
0.000241
0.000006
0.000000
0.000003
0.000000
0.000000
0.000000
0.000000
0.000000
0.000000
0.000000
0.211773
0.000000
0.000000
0.000002
0.000000
0.000000
0.000000
0.000000
0.000000
0.000557
0.000000
0.089683
0.449168
0.000000
0.000000
0.000000
0.389454
0.000002
0.328937
0.000000
0.000000
0.000000
0.000000
0.000000
0.000000
0.000000
0.000000
0.000000
0.000000
0.000000
0.000000
0.000000
0.000000
0.060321
0.079106
0.000000
0.000000
0.000000
0.000000
0.000009
0.000000
0.000000
0.000000
0.000000
0.000000
0.000000
0.000000
0.000000
0.000000
0.055064
0.000000
0.212532
0.000000
0.999988
0.000000
0.398981
0.000000
0.000000
0.000000
0.013048
0.000000
0.000000
0.000000
0.000000
0.000000
0.027949
0.000000
0.000000
0.000000
0.001814
0.000000
0.000000
0.000176
0.000000
0.000000
0.002859
0.000000
0.000000
0.000000
0.309478
0.000000
0.001127
0.286455
0.000000
0.000000
0.000000
0.000000
0.284949
0.913479
0.000000
0.002057
0.000000
0.000000
0.001521
0.000000
0.000000
0.000000
0.000033
0.000000
0.504282
0.349743
0.000000
0.000000
0.000000
0.000000
0.000000
0.000000
0.000000
0.036784
0.004531
0.026709
0.000000
0.000050
0.000000
0.000000
0.000000
0.000000
0.000132
0.000000
0.000000
0.000000
0.003678
0.007381
0.000000
0.331510
0.305753
0.000000
0.001213
0.000000
0.000000
0.064077
0.082314
0.000000
0.000000
0.000380
0.000000
0.000014
0.000000
0.000000
0.038107
0.000000
0.000000
0.000009
0.000000
0.000000
0.000004
0.580442
0.000000
0.000000
0.000000
0.005372
0.000000
0.000000
0.000000
0.000000
0.000000
0.000000
0.000000
0.000000
0.000000
0.000000
0.003624
0.125085
0.000000
0.000000
0.162760
0.000000
0.000000
0.000000
0.175953
0.027613
0.000000
0.040372
0.000000
0.000000
0.000000
0.000000
0.000000
0.000000
0.000000
0.000000
0.000000
0.000000
0.000000
0.000000
0.000000
0.000000
0.239574
0.951238
0.000000
0.000000
0.000000
0.000000
0.058636
0.187925
0.000000
0.000000
0.034124
0.093802
0.018115
0.761676
0.000791
0.752453
0.000039
0.953377
0.532459
0.000000
0.034968
0.000000
0.639198
0.000000
0.010712
0.000000
0.000000
0.000000
0.689033
0.000000
0.002013
0.000000
0.092946
0.000000
0.000554
0.000000
0.000000
0.018970
0.000000
0.000012
0.008199
0.000045
0.093713
0.000000
0.000000
0.000095
0.000000
0.000000
0.000000
0.000000
0.998574
0.999694
0.000000
0.016384
0.000000
0.000000
0.000007
0.000000
0.000000
0.000000
0.000000
0.000000
0.000000
0.000000
0.115015
0.000000
0.000000
0.000000
0.000000
0.000000
0.000417
0.000000
0.000000
0.000000
0.004106
0.000000
0.000000
0.000000
0.000000
0.000000
0.001153
0.000000
0.360791
0.000000
0.000000
0.006060
0.000000
0.024261
0.128407
0.000000
0.000000
0.000000
0.224342
0.000000
0.000000
0.285374
0.000000
0.000000
0.000000
0.000000
0.000000
0.095713
0.000000
0.023910
0.000000
0.120087
0.000321
0.001617
0.144275
0.001456
0.000000
0.348154
0.001715
0.000880
0.000000
0.000000
0.000000
0.000000
0.000000
0.000000
0.000000
0.000000
0.000000
0.000000
0.065146
0.000000
0.005553
0.586658
0.030258
0.000000
0.000000
0.000000
0.000052
0.000000
0.012163
0.981721
0.000667
0.000000
0.000000
0.000000
0.000000
0.000000
0.000000
0.000000
0.000000
0.000000
1.000000
0.000000
0.002350
0.000000
0.000000
0.000000
0.001736
0.000000
0.000000
0.082037
0.232036
0.000000
0.036783
0.421727
0.000000
0.000000
0.000000
0.000000
0.000000
0.019329
0.000000
0.000000
0.952303
0.000000
0.000240
0.000000
0.000000
0.259856
0.000000
0.000000
0.001053
0.000000
0.082621
0.000000
0.000000
0.000000
0.000000
0.000000
0.000000
0.000000
0.000878
0.000000
0.040603
0.000000
0.000085
0.001546
0.000000
0.000000
0.000000
0.002335
0.951196
0.085684
0.502371
0.067933
0.000000
0.000000
0.000364
0.158808
0.844013
0.000000
0.002568
0.000000
0.002661
0.000000
0.000000
0.000000
0.000000
0.070487
0.000000
0.000000
0.000000
0.020917
0.000000
0.324522
0.000000
0.000000
0.000000
0.000000
0.000000
0.000000
0.000000
0.000000
0.039067
0.000012
0.000000
0.334978
0.000000
0.000000
0.000000
0.000000
0.000000
0.000000
0.097909
0.000000
0.000570
0.000000
0.000000
0.000004
0.000000
0.000000
0.150862
0.000261
0.000000
0.000000
0.000000
0.000000
0.021510
0.000000
0.003614
0.000000
0.000597
0.000000
0.000003
0.000000
0.000000
0.000000
0.007952
0.002544
0.187823
0.000000
0.025793
0.000000
0.000000
0.000000
0.000000
0.000000
0.000000
0.000000
0.000000
0.000000
0.980479
0.000000
0.002905
0.000000
0.000000
0.000105
0.000000
0.000000
0.000000
0.000224
0.000000
0.000000
0.000000
0.000000
0.000000
0.000000
0.000287
0.000066
0.000000
0.009462
0.000000
0.000000
0.000000
0.015473
0.000000
0.000000
0.310144
0.991408
0.024831
0.000082
0.006605
0.532321
0.000000
0.000000
0.000000
0.000000
0.000001
0.000000
0.020567
0.000000
0.000000
0.065331
0.000000
0.000000
0.058918
0.012210
0.000000
0.000000
0.000000
0.000000
0.000000
0.000000
0.276932
0.000000
0.000610
0.000000
0.000298
0.000000
0.000000
0.000000
0.000000
0.000000
0.096357
0.000000
0.000000
0.000000
0.001762
0.000000
0.000000
0.000539
0.000000
0.000000
0.920660
0.000000
0.064558
0.000000
0.000000
0.000000
0.000065
0.000000
0.000000
0.000000
0.000000
0.001679
0.000000
0.002677
0.000000
0.000000
0.000000
0.000000
0.000000
0.000000
0.000000
0.000000
0.403614
0.000000
0.004997
0.000000
0.000000
0.066278
0.000000
0.000000
0.016275
0.000000
0.000000
0.000000
0.000000
0.000000
0.965173
0.000001
0.000000
0.000000
0.000000
0.000000
0.000000
0.000000
0.000000
0.016471
0.000000
0.000000
0.000000
0.000000
0.000000
0.000000
0.009158
0.000000
0.000000
0.002894
0.954717
0.000000
0.356836
0.000000
0.000000
0.997369
0.000000
0.256226
0.000000
0.000000
0.000000
0.000000
0.017538
0.000000
0.000000
0.000000
0.000000
0.000000
0.000000
0.000337
0.000000
0.000000
0.001939
0.000000
0.000000
0.000000
0.000000
0.000000
0.000000
0.000000
0.000000
0.000000
0.054864
0.000000
0.000000
0.015506
0.398274
0.002923
0.000000
0.069324
0.000000
0.000000
0.000000
0.000000
0.000000
0.000000
0.000000
0.000000
0.000042
0.000000
0.000000
0.000000
0.000019
0.000000
0.000096
1.000000
0.000000
0.000000
0.000319
0.000000
0.000000
0.946235
0.000000
0.000000
0.000105
0.000000
0.000000
0.003886
0.000000
0.000000
0.000000
0.000042
0.005830
0.000000
0.000000
0.000000
0.000000
0.000000
0.000000
0.009340
0.000000
0.000000
0.000000
0.000000
0.000000
0.000101
0.000000
0.000000
0.000000
0.000000
0.000000
0.000000
0.057344
0.000000
0.097121
0.000000
0.000000
0.000000
0.000000
0.000000
0.000000
0.000000
0.002642
1.000000
0.004721
0.000000
0.000000
0.000000
0.000000
0.000000
0.000000
0.097638
0.000000
0.000000
0.005826
0.000000
0.000000
0.000000
0.000000
0.600315
0.000000
0.000000
0.000001
0.000000
0.000000
0.000000
0.000000
0.251760
0.110952
0.000000
0.000000
0.000000
0.000000
0.000166
0.021453
0.000000
0.000000
0.492524
0.000000
0.000000
0.000000
0.003067
0.626538
0.000000
0.000000
0.000000
0.007168
0.000458
0.000000
0.000000
0.023001
0.000000
0.000000
0.000000
0.000000
0.000000
0.002455
0.000000
0.284207
0.000000
0.000000
0.000000
0.997094
0.000082
0.000195
0.000000
0.000000
0.769311
0.000000
0.000000
0.000000
0.000000
0.000000
0.000000
0.000000
0.020544
0.000000
0.000000
0.000000
0.000000
0.000000
0.000000
0.000274
0.000000
0.944302
0.001866
0.000000
1.000000
0.000000
0.000001
0.000000
0.000098
0.000000
0.000000
0.000000
0.000000
0.974467
0.000000
0.000000
0.000000
0.000000
0.019953
0.001020
0.000014
0.000000
0.042110
0.000000
0.008842
0.000000
0.051580
0.000000
0.000000
0.000000
0.000000
0.000000
0.370460
0.000038
0.000000
0.000000
0.000000
0.000014
0.000000
0.000314
0.000000
0.000000
0.000000
0.000001
0.000000
0.000000
0.399479
0.000000
0.000000
0.000000
0.000000
0.000000
0.008848
0.000000
0.000000
0.000000
0.000000
0.999565
0.000005
0.000000
0.000000
0.000436
0.000000
0.000000
0.000000
0.000000
0.000000
0.000000
0.000052
0.000000
0.000000
0.426783
0.000000
0.000000
0.008525
0.006296
0.000000
0.124543
0.000000
0.000000
0.000000
0.000000
0.000000
0.026839
0.005579
0.000102
0.000000
0.000861
0.000000
0.284381
0.000000
0.025119
0.000000
0.000000
0.000000
0.000000
0.000000
0.000000
0.000000
0.007124
0.953564
0.000000
0.000000
0.108643
0.000000
0.000019
0.000000
0.998022
0.001261
0.014651
0.000000
0.000000
0.000000
0.000000
0.000000
0.000003
0.000000
0.000000
0.000000
0.002830
0.000000
0.000000
0.000000
0.000000
0.002290
0.002010
0.000000
0.000000
0.011684
0.000000
0.000000
0.246535
0.000000
0.000000
0.273956
0.000000
0.000029
0.000000
0.000000
0.000000
0.000000
0.000000
0.001151
0.000000
0.000000
0.000000
0.000000
0.000000
0.000000
0.000000
0.061867
0.000000
0.000136
0.000248
0.004670
0.000000
1.000000
0.000000
0.000076
0.000000
0.070518
0.011199
0.000000
0.000000
0.000000
0.033860
0.000000
0.000000
0.051320
0.000000
0.000000
0.000000
0.000130
0.000004
0.112713
0.000000
0.000000
0.000434
0.000000
0.000000
0.001719
0.000000
0.000016
0.000125
0.002958
0.000000
0.000000
0.000000
0.000000
0.000000
0.000000
0.000000
0.011458
0.000000
0.000060
0.000000
0.000845
0.010266
0.121283
0.000000
0.767621
0.000882
0.000000
0.088129
0.000582
0.000000
0.000000
0.000000
0.060823
0.000000
0.000000
0.002972
0.000000
0.975776
0.000000
0.000000
0.028887
0.000000
0.000470
0.245432
0.000000
0.000000
0.000000
0.000000
0.026973
0.000000
0.000000
0.028151
0.000000
0.000000
0.049786
0.533149
0.000000
0.000000
0.000000
0.000375
0.000000
0.000000
0.000002
0.000000
0.000900
0.000000
0.000000
0.999999
0.875071
0.000000
0.000000
0.000000
0.077246
0.000000
0.000000
0.000000
0.000000
0.000000
0.000000
0.000016
0.000002
0.000000
0.545224
0.000085
0.000000
0.000000
0.000000
0.011490
0.000000
0.883851
0.000000
0.000000
0.000000
0.000000
0.000000
0.000000
0.000004
0.000078
0.000000
0.000000
0.000580
0.000000
0.000000
0.000098
0.000000
0.000000
0.000000
0.000000
0.000000
0.000000
0.000000
0.000000
0.000000
0.000000
0.000000
0.000000
0.000000
0.000000
0.000000
0.000000
0.000000
0.000000
0.000000
0.000000
0.000000
0.000000
0.008290
0.000000
0.032716
0.056961
0.000000
0.000000
0.000000
0.000000
0.000000
0.000000
0.000000
0.183672
0.000000
0.000000
0.000001
0.000000
0.000000
0.446628
0.000000
0.000000
0.000007
0.000000
0.000233
0.000000
0.000000
0.000000
0.000000
0.000084
0.000000
0.000000
0.000000
0.000000
0.000000
0.000000
0.515473
0.000000
0.021850
0.350858
0.022209
0.000000
0.000000
0.000000
0.000000
0.000000
0.003080
0.000000
0.000000
0.000000
0.000000
0.000000
0.000000
0.000000
0.000000
0.002182
0.914452
0.066723
0.000000
0.000000
0.000000
0.000000
0.052740
0.000000
0.000000
0.000000
0.012452
0.000001
0.000000
0.002762
0.000000
0.000000
0.000000
0.001781
0.000000
0.000000
0.005704
0.006320
0.000000
0.000000
0.000000
0.000000
0.000000
0.000000
0.000000
0.000000
0.310410
0.000000
0.000107
0.002122
0.000000
0.000000
0.000000
0.000000
0.000000
0.001138
0.000000
0.000000
0.000000
0.000000
0.000000
0.115222
0.000000
0.001199
0.000000
0.000000
0.000000
0.000000
0.000000
0.000000
0.000000
0.000000
0.000000
0.000000
0.000000
0.000000
0.000000
0.000000
0.045365
0.000000
0.000000
0.011498
0.000020
0.000075
0.000000
0.000000
0.004716
0.000000
0.000000
0.000000
0.000000
0.000000
0.000000
0.000000
0.001120
0.000000
0.000000
0.000000
0.000000
0.000000
0.343280
0.006828
0.000000
0.002874
0.001487
0.000000
0.000000
0.000000
0.000000
0.000638
0.008850
0.000000
0.378803
0.000000
0.062751
0.000000
0.000354
0.000000
0.000000
0.000000
0.000000
0.000000
0.000000
0.000000
0.000000
0.000000
0.003799
0.000000
0.000000
0.000000
0.330357
0.000000
0.000000
0.000000
0.000000
0.000000
0.000000
0.000000
0.000000
0.057241
0.729040
0.000000
0.000000
0.085017
0.000000
0.000000
0.000000
0.000000
0.051087
0.000000
0.963223
0.000000
0.485698
0.024265
0.000000
0.000000
0.000000
0.000056
0.007398
0.000000
0.000000
0.000136
0.000000
0.000000
0.082464
0.000000
0.472836
0.000000
0.000000
0.000000
0.017424
0.000000
0.000002
0.017966
0.000000
0.000735
0.000000
0.000000
0.000000
0.000000
0.002497
0.060067
0.000000
0.009600
0.000000
0.000000
0.000000
0.000000
0.000000
0.968232
0.000000
0.000000
0.272393
0.000000
0.000000
0.012769
0.000000
0.000000
0.000000
0.000781
0.000000
0.011730
0.000000
0.000000
0.000000
0.000000
0.000000
0.000152
0.000302
0.000000
0.000000
0.000000
0.000000
0.000000
0.004397
0.044267
0.000000
0.000000
0.000000
0.016888
0.000000
0.008728
0.000146
0.004345
0.000000
0.000000
0.000000
0.000000
0.000000
0.000000
0.030052
0.000000
0.000000
0.000000
0.172130
0.000000
0.000000
0.001654
0.000000
1.000000
0.009776
0.000000
0.000318
0.000000
0.000000
0.000000
0.000000
0.000000
0.000000
0.000022
0.000000
0.000000
0.382882
0.000000
0.000000
0.014251
0.000000
0.000000
0.066695
0.000000
0.201651
0.000000
0.000000
0.000000
0.000000
0.063533
0.000000
0.000000
0.000000
0.000000
0.000000
0.000000
0.000000
0.000000
0.000000
0.000000
0.000000
0.000039
0.972986
0.000057
0.007434
0.000000
0.000000
0.000000
0.000000
0.008337
0.000000
0.000000
0.000000
0.002035
0.000000
0.000000
0.000000
0.018284
0.000000
0.000000
0.000000
0.000000
0.000000
0.000000
0.000000
0.010191
0.000000
0.266685
0.000000
0.000000
0.643794
0.000000
0.000000
0.536550
0.000000
0.000000
0.000000
0.699480
0.022439
0.000001
0.000000
0.000000
0.000000
0.000000
0.000000
0.001602
0.000000
0.000000
0.000000
0.000000
0.000000
0.000000
0.000000
0.000354
0.102992
0.000643
0.000000
0.000000
0.000000
0.000000
0.328931
0.000000
0.000000
0.000000
0.000000
0.000000
0.148148
0.000000
0.000000
0.001011
0.040590
0.000000
0.000000
0.000000
0.000000
0.000000
0.034119
0.000000
0.000000
0.000000
0.001718
0.000000
0.029421
0.000000
0.000000
1.000000
0.000037
0.000000
0.000000
0.000000
0.000000
0.030423
0.000000
0.000000
0.000000
0.000075
0.000000
0.000237
0.191550
0.000000
0.000000
0.000000
0.014412
0.000000
0.372860
0.000000
0.000000
0.000000
0.000000
0.289440
0.000000
0.055196
0.000000
0.000000
0.000000
0.000000
0.000000
0.000000
0.000325
0.000000
0.000000
0.000000
0.000000
0.000000
0.000000
0.000000
0.008267
0.133937
0.000000
0.000000
0.000000
0.965785
0.184748
0.530414
0.000000
0.000000
0.000000
0.000000
0.000000
0.000000
0.000000
0.060058
0.000000
0.020932
0.000000
0.000721
0.000000
0.701995
0.373990
0.000000
0.000000
0.000000
0.000000
0.000000
0.000000
0.000000
0.000000
0.000805
0.000000
0.000000
0.000085
0.000000
0.000000
0.000008
0.000008
0.000000
0.000000
0.000000
0.000000
0.000000
0.000000
0.000000
0.000000
0.000000
0.001004
0.000000
0.077597
0.000000
0.000000
0.000000
0.000000
0.300816
0.000000
0.000000
0.019459
0.000000
0.000000
0.000000
0.000000
0.000093
0.043545
0.000000
0.000000
0.000000
0.000000
0.000000
0.000000
0.000000
0.000000
0.000000
0.000000
0.116848
0.000923
0.002338
0.000000
0.000000
0.130710
0.172164
0.000000
0.000000
0.000000
0.010400
0.137430
0.000000
0.000000
0.080671
0.190457
0.000000
0.000000
0.000000
0.431933
0.000000
0.000000
0.000000
0.000000
0.281299
0.007817
1.000000
0.078671
0.124618
0.000000
0.000000
0.028573
0.000000
0.999976
0.000000
0.000000
0.000000
0.000000
0.000000
0.000000
0.000000
0.961693
0.000000
0.002133
0.000000
0.000000
0.000000
0.000000
0.000000
0.000000
0.000000
0.000000
0.000000
0.004626
0.000000
0.000000
0.032882
0.000000
0.000000
0.000000
0.000000
0.180681
0.000000
0.782371
0.000000
0.000007
0.000000
0.000000
0.026816
0.000000
0.000000
0.000000
0.000000
0.000000
0.000000
0.000000
0.000000
0.027818
0.000091
0.000000
0.000000
0.157947
0.000000
0.010655
0.000000
0.000000
0.082507
0.231185
0.305337
0.000000
0.000689
0.000000
0.003771
0.013358
0.000000
0.000000
0.026046
0.000001
0.006522
0.000000
0.000000
0.000000
0.000000
0.000000
0.000000
0.000000
0.000000
0.001032
0.000000
0.174535
0.000000
0.000000
0.000000
0.060775
0.000000
0.000000
0.000000
0.000000
0.000000
0.000044
0.000006
0.000001
0.000000
0.000000
0.000000
0.000000
0.001370
0.022985
0.000600
0.009340
0.000886
0.000000
0.000000
0.000956
0.000007
0.000000
0.000000
0.000000
0.027718
0.000000
0.000000
0.003613
0.000000
0.227168
0.000000
0.000000
0.000000
0.000000
0.000000
0.020664
0.016308
0.014640
0.000000
0.101379
0.000000
0.000000
0.000000
0.049184
0.000000
0.001506
0.000000
0.000000
0.001819
0.000006
0.004489
0.000000
0.000000
0.000000
0.000000
0.001224
0.000243
0.000000
0.001523
0.000000
0.011988
0.000000
0.436920
0.000000
0.000000
0.000000
0.000000
0.000000
0.000000
0.000000
0.024721
0.037939
0.000000
0.000000
0.000000
0.000000
0.000000
0.000000
0.001071
0.000000
0.000000
0.000000
0.000000
0.000000
0.000000
0.118295
0.000000
0.000000
0.000000
0.002428
0.000000
0.000001
0.000000
0.000000
0.000016
0.001958
0.470629
0.000000
0.000000
0.000000
0.000000
0.030205
0.000000
0.000000
0.875849
0.000183
0.000000
0.000000
0.000000
0.000000
0.036616
0.000000
0.000000
0.000000
0.000037
0.000000
0.015947
0.000000
0.000000
0.000002
0.000392
0.000000
0.026848
0.000000
0.000000
0.098105
0.000000
0.234476
0.005257
0.000000
0.000000
0.000000
0.000000
0.000000
0.009091
0.000000
0.000000
0.000000
0.000069
0.000000
0.000000
0.000000
0.000260
0.000000
0.129359
0.000000
0.000385
0.000000
0.000000
0.000143
0.000000
0.000000
0.000000
0.010982
0.000000
0.012254
0.005815
0.241224
0.000000
0.000000
0.024173
0.000000
0.000000
0.007881
0.000000
0.006709
0.027544
0.000000
0.000000
0.000000
0.000000
0.000000
0.000000
0.000139
0.000000
0.000000
0.000000
0.000000
0.000000
0.000000
0.000000
0.000000
0.000000
0.085009
0.000000
0.000111
0.000000
0.000000
0.000000
0.000000
0.000000
0.000000
0.000000
0.000060
0.000000
0.000000
0.000000
0.000000
0.989533
0.000000
0.000000
0.000001
0.000000
0.000000
0.000000
0.000000
0.887352
0.000417
0.000000
0.000000
0.000000
0.965306
0.000791
0.000000
0.007460
0.000000
0.000000
0.000000
0.984535
0.000000
0.000000
0.000336
0.016337
0.000000
0.000000
0.000000
0.000000
0.000000
0.000000
0.000000
0.000000
0.000000
0.000000
0.000000
0.274621
0.000000
0.000000
0.000000
0.000000
0.035679
0.000000
0.000000
0.000000
0.000000
0.000000
0.001194
0.000017
0.184986
0.000000
0.234021
0.579209
0.000000
0.000000
0.002902
0.251290
0.000000
0.000000
0.000004
0.000000
0.000000
0.000000
0.000000
0.000000
0.000000
0.005448
0.000000
0.000000
1.000000
0.000000
0.000000
0.016296
0.000000
0.000000
0.000000
0.000000
0.000000
0.000000
0.000000
0.000000
0.000000
0.000000
0.000000
0.000000
0.000000
0.000000
0.000277
0.000468
0.000000
0.000000
0.000000
0.000000
0.000000
0.000000
0.000000
0.001460
0.012065
0.000000
0.000000
0.000000
0.000000
0.000000
0.000000
0.000000
0.000006
0.000000
0.000000
0.000000
0.000000
0.000000
0.000000
0.000000
0.000492
0.000015
0.000000
0.000000
0.000000
0.000000
0.000000
0.000000
0.000116
0.000000
0.000399
0.000000
0.000996
0.000000
0.000000
0.000000
0.000000
0.152210
0.001852
0.474305
0.002453
0.000000
0.001934
0.000000
0.000000
0.000000
0.000000
0.000000
0.000000
0.003557
0.134087
0.002842
0.000000
0.000000
0.000343
0.069460
0.001252
0.000000
0.000000
0.001635
0.000000
0.000011
0.000000
0.000000
0.000000
0.000000
0.000000
0.002532
0.062748
0.000000
0.011729
0.238358
0.000000
0.000000
0.000000
0.000000
0.000000
0.017256
0.000000
0.001219
0.000000
0.000099
0.000000
0.000000
0.000000
0.000000
0.000000
0.000000
0.000000
0.000000
0.000000
0.001310
0.000000
0.000960
0.007314
0.002871
0.000994
0.000000
0.002166
0.000000
0.000000
0.000000
0.000000
0.000000
0.000000
0.000000
0.000000
0.000000
0.020951
0.001194
0.000000
0.000000
0.000000
0.000000
0.001800
0.000000
0.000504
0.000000
0.000000
0.000000
1.000000
0.000000
0.002130
0.000000
0.000000
0.000144
0.000000
0.000000
0.000833
0.000000
0.001363
0.000526
0.000000
0.000000
0.000000
0.000000
0.917175
0.000000
0.000000
0.000000
0.000000
0.870424
0.000000
0.000000
0.107735
0.000000
0.000341
0.000000
0.000000
0.000000
0.000000
0.000000
0.000000
0.000000
0.000000
0.530967
0.000000
0.000000
0.000570
0.000099
0.000000
0.000000
0.000000
0.000000
0.000000
0.000000
0.000263
0.000000
0.000000
0.000000
0.000000
0.000579
0.110365
0.000084
0.000000
0.000000
0.000000
0.000000
0.000000
0.000000
0.000000
0.000000
0.000088
0.000000
0.000113
0.001476
0.000000
0.000000
0.000000
0.391446
0.000766
0.000000
0.000044
0.000000
0.000000
0.000000
0.000000
0.000000
0.012322
0.003660
0.000000
0.018457
0.000004
0.000000
0.000000
0.001002
0.000000
0.000000
1.000000
0.000000
0.000000
0.000000
0.000000
0.000000
0.000000
0.036789
0.000000
0.000000
0.000000
0.000000
0.000000
0.000000
0.000000
0.000000
0.000000
0.000000
0.000000
0.000000
0.000000
0.000096
0.000000
0.000000
0.000000
0.000000
0.000090
0.712353
0.000000
0.000143
0.000000
0.003943
0.119589
0.000000
0.906719
0.000000
0.753372
0.062058
0.000000
0.000000
0.000000
0.000000
0.000000
0.000000
0.000014
0.000000
0.000000
0.000000
0.000000
0.000000
0.000124
0.000000
0.000000
0.000000
0.000000
0.000000
0.000000
0.000000
0.000000
0.000000
0.105107
0.000000
0.000000
0.000000
0.000000
0.000000
0.000000
0.000000
0.000000
0.000000
0.000000
0.000000
0.000000
0.318216
0.000048
0.000000
0.000000
0.012743
0.000000
0.000000
0.385765
0.011669
0.002348
0.000000
0.000000
0.000000
0.000200
0.101734
0.879997
0.000000
0.012880
0.516338
0.000000
0.024643
0.000000
0.000000
0.000000
0.701895
0.000000
0.000000
0.000000
0.000000
0.000000
0.067256
0.000065
0.000000
0.000000
0.000000
0.000000
0.000002
0.000000
0.930800
0.000000
0.002534
0.000000
0.000000
0.000000
0.000000
0.000000
0.000000
0.000000
0.141211
0.000000
0.000000
0.000035
0.000000
0.000000
0.000000
0.180594
0.002760
0.000000
0.000000
0.000000
0.000000
0.000011
0.000000
0.000000
0.000000
0.000000
0.000000
0.000000
0.000000
0.119097
0.000002
0.000004
0.189759
0.000000
0.000572
0.000000
0.000000
0.000000
0.000016
0.031539
0.000000
0.000000
0.000000
0.000001
0.000000
0.000000
0.000000
0.000000
0.000000
0.000000
0.000000
0.000000
0.000000
0.000000
0.160611
0.000000
0.000000
0.007244
0.000000
0.000000
0.000000
0.010261
0.375852
0.000000
0.000000
0.000000
0.000000
0.000000
0.171786
0.000000
0.000000
0.000000
0.000000
0.000000
0.000000
0.000000
0.073089
0.000000
0.000000
0.000000
0.000000
0.000000
0.000000
0.000000
0.000000
0.000000
0.000000
0.000000
0.052439
0.000000
0.000000
0.000000
0.000000
0.000000
0.000000
0.000026
0.000000
0.000000
0.127549
0.000000
0.000000
0.000000
0.000000
0.000000
1.000000
0.000000
0.002943
0.688263
0.000000
0.000000
0.000000
0.000000
0.000000
0.002946
0.029022
0.000000
0.000182
0.009183
0.000000
0.000000
0.000000
0.000000
0.196301
0.000000
0.000000
0.009161
0.000000
0.000000
0.000000
0.034643
0.000000
0.000296
0.000000
0.000000
0.000000
0.000000
0.000000
0.000000
0.000000
0.000000
0.000000
0.000000
0.000009
0.000000
0.000000
0.000007
0.000106
0.244902
0.000000
0.000000
0.000000
0.000000
0.000041
0.000050
0.000000
0.078942
0.000000
0.875071
0.000000
0.000000
0.000024
0.000000
0.000341
0.000000
0.739477
0.000000
0.000000
0.000000
0.000000
0.000000
0.000000
0.000000
0.113017
0.000000
0.000000
0.000041
0.253454
0.000000
0.000000
0.000000
0.086708
0.000000
0.000000
0.323027
0.000498
0.000000
0.005426
0.000000
0.000000
0.000000
0.003175
0.000000
0.005821
0.001818
0.245136
0.000000
0.000000
0.000000
0.000000
0.000000
0.000000
0.000000
0.000000
0.000000
0.001117
0.000000
0.108444
0.000000
0.000000
0.000000
0.000000
0.000556
0.000101
0.000313
0.000000
0.000001
0.000184
0.000000
0.162152
1.000000
0.008289
0.976764
0.000000
0.000000
0.000000
0.000000
0.006229
0.000000
0.002604
0.002630
0.000000
0.000000
0.000000
0.000000
0.000000
0.006725
0.000000
0.000000
0.000000
0.000000
0.034307
0.000000
0.001883
0.000000
0.001983
0.000006
0.000000
0.015855
0.000000
0.145340
0.000000
0.000000
0.002852
0.000129
0.000015
0.283232
0.013954
0.000000
0.002204
0.000000
0.000000
0.000976
0.000000
0.000000
0.000000
0.000000
0.000000
0.000000
0.694991
0.101009
0.000000
0.000020
0.000000
0.299606
0.050040
0.000000
0.000000
0.000000
0.000000
0.000000
0.000000
0.000000
0.000000
0.019399
0.000000
0.000000
0.000143
0.000000
0.000000
0.000000
0.045045
0.168145
0.000000
0.000000
0.000000
0.000000
0.314799
0.083181
0.015015
0.000000
0.000000
0.000000
0.000000
0.000000
0.000000
0.000000
0.000000
0.000000
0.000000
0.102879
0.000000
0.000000
0.000000
0.000000
0.019385
0.000000
0.000000
0.200011
0.000000
0.000000
0.000000
0.000000
0.000000
0.000115
0.000000
0.000000
0.000000
0.001355
0.000000
0.999211
0.094944
0.000000
0.172712
0.016095
0.000000
0.000000
0.000000
0.371551
0.000000
0.001432
0.000000
0.000457
0.518485
0.000000
0.000000
0.000000
0.000000
0.000000
0.000000
0.000000
0.000000
0.000004
0.000000
0.000000
0.000000
0.000000
0.000000
0.000048
0.000062
1.000000
0.130271
0.000000
0.000000
0.032975
0.001250
0.000000
0.000000
0.000000
0.955206
0.000000
0.000000
0.000000
0.000000
0.000000
0.098283
0.000000
0.000000
0.037924
0.000000
0.059831
0.000119
0.000000
0.000000
0.000000
0.000000
0.000000
0.000000
0.023711
0.000000
0.000000
0.136490
0.000000
0.000000
0.000000
0.003720
0.000000
0.000000
0.000000
0.000007
0.000000
0.000394
0.000000
0.000000
0.000000
0.008770
0.000000
1.000000
0.000000
0.000000
0.000000
0.000153
0.000000
0.000000
0.000000
0.000000
0.000000
0.000000
0.000000
0.000000
0.000000
0.000000
0.000000
0.000031
0.000000
0.040595
0.000121
0.000000
0.001904
0.000000
0.000000
0.014724
0.006524
0.000000
0.000000
0.000000
0.180704
0.385034
0.000000
0.000000
0.000000
0.000000
0.000000
0.000000
0.000000
0.233048
0.000000
0.280219
0.000000
0.000000
0.000000
0.000000
0.001980
0.000000
0.000000
0.000000
0.000000
0.000000
0.000185
0.071398
0.206049
0.000000
0.000000
0.023237
0.000000
0.000000
0.000000
0.000000
0.000000
0.000000
0.000000
0.000000
0.000000
0.000000
0.000000
0.000000
0.000000
0.000000
0.001850
0.000000
0.102423
0.044569
0.000000
0.000000
0.000003
0.002379
0.000000
0.001784
0.000003
0.000000
0.000000
0.000000
0.000000
0.000000
0.001374
0.087154
0.000353
0.004264
0.000000
0.000000
0.000000
0.003476
0.074495
0.000000
0.000000
0.000000
0.002651
0.000000
0.000000
0.208510
0.744513
0.001235
0.000000
0.000000
0.000000
0.000000
0.000000
0.000000
0.000000
0.000000
0.000000
0.000000
0.000000
0.000000
0.000000
0.000000
0.000997
0.001472
0.999821
0.000000
0.000000
0.000000
0.000915
0.000000
0.000035
0.000000
0.000000
0.000068
0.000000
0.000000
0.002262
0.005834
0.000000
0.002633
0.000000
0.077564
0.000000
0.000000
0.000000
0.018779
0.000000
0.002169
0.000034
0.000000
0.279267
0.109979
0.000000
0.129963
0.082734
0.000000
0.000000
0.000000
0.241158
0.000000
0.000000
0.000000
0.000000
0.000000
0.000000
0.000000
0.000000
0.000000
0.000733
0.000000
0.000385
0.024685
0.000000
0.000000
0.000000
0.000000
0.000000
0.001984
0.000000
0.016315
0.000000
0.000000
0.000000
0.000000
0.000000
0.000153
0.000000
0.000000
0.074716
0.000000
0.000000
0.000000
0.000000
0.000000
0.000000
0.000000
0.000000
0.242110
0.326567
0.992057
0.000060
0.999999
0.000000
0.000000
0.000000
0.245526
0.000000
0.000343
0.004534
0.000000
0.000000
0.143454
0.000000
0.000000
0.000000
0.000000
0.000000
0.000000
0.000000
0.000000
0.012438
0.002459
0.000000
0.000000
0.000000
0.000000
0.000000
0.010318
0.000000
0.000000
0.000000
0.000000
0.000000
0.000000
0.010977
0.000000
0.000000
0.000000
0.000000
0.000000
0.000000
0.000000
0.000000
0.000000
0.000000
0.000000
0.107377
0.000000
0.002904
0.000000
0.000000
0.000000
0.000000
0.057007
0.000000
0.000000
0.000001
0.000000
0.018346
0.000000
0.000000
0.000000
0.013017
0.006198
0.000000
0.000000
0.000000
0.000000
0.501668
0.000000
0.919954
0.446659
0.050758
0.000000
0.000000
0.999927
0.000000
0.000000
0.000000
0.001149
0.000000
0.021478
0.000034
0.000000
0.000000
0.000000
0.000341
0.014244
0.000000
0.002410
0.000000
0.000000
0.000000
0.096412
0.318463
0.000000
0.000000
0.000000
0.003109
0.000834
0.000000
0.000000
0.000000
0.000000
0.000000
0.000000
0.000000
0.000000
0.000000
0.089351
0.001867
0.000000
0.000000
0.169542
0.000044
0.000000
0.000000
0.000000
0.000000
0.000000
0.000000
0.000000
0.100062
0.002156
0.000000
0.000000
0.035918
0.000000
0.000000
0.033848
0.000000
0.000000
0.000000
0.000000
0.000000
0.000000
0.004348
0.000000
0.297634
0.000000
0.007606
0.000000
0.000000
0.000253
0.000023
0.000000
0.054653
0.000000
0.072778
0.000000
0.000000
0.004691
0.025148
0.000000
0.000000
0.000000
0.000000
0.000000
0.000001
0.000000
0.000000
0.000000
0.008659
0.000000
0.000012
0.000000
0.000000
0.000000
0.000000
0.000000
0.000000
0.000000
0.000000
0.000000
0.000000
0.000000
0.000000
0.000000
0.000004
0.000000
0.000147
0.000000
0.000000
0.000000
0.000000
0.000000
0.000000
0.000000
0.000000
0.000000
0.000000
0.001403
0.000000
0.000000
0.064330
0.000000
0.000000
0.000000
0.000006
0.000000
0.000000
0.000000
0.000000
0.016453
0.993159
0.000012
0.000000
0.000000
0.038251
0.000000
0.000000
0.000000
0.000000
0.018922
0.000000
0.000000
0.000000
0.000000
0.000001
0.000000
0.000294
0.000000
0.000000
0.000000
0.000158
0.000000
0.000000
0.000000
0.001335
0.000000
0.267560
0.000001
0.000000
0.000000
0.000000
0.000000
0.002133
0.016303
0.196098
0.000000
0.000000
0.000000
0.000000
0.000000
0.016828
0.002994
0.000000
0.000000
0.000000
0.000812
0.000000
0.000000
0.000000
0.004075
0.000000
0.000000
0.000000
0.472953
0.000000
0.000000
0.000000
0.000466
0.000000
0.000000
0.000000
0.000000
0.000000
0.000000
0.000000
0.000000
0.000000
0.031783
0.592591
0.000000
0.000000
0.000034
0.000000
0.000000
0.003299
0.000000
0.007822
0.000000
0.000192
0.000000
0.094904
0.000000
0.000000
0.000000
0.000000
0.000000
0.000000
0.000000
0.280755
0.000000
0.180472
0.000000
0.000000
0.000000
0.000000
0.000000
0.000623
0.000000
0.000051
0.000000
0.000000
0.000000
0.999243
0.000000
0.000000
0.000000
0.005113
0.000000
0.043195
0.000000
0.008799
0.000000
0.000000
0.000000
0.000000
0.472013
0.000000
0.106126
0.000000
0.000000
0.000004
0.003395
0.000000
0.000000
0.000000
0.674317
0.000000
0.000000
0.000000
0.254711
0.001623
0.000000
0.717697
0.000000
0.063508
0.002225
0.000000
0.000000
0.000000
0.000000
0.000815
0.000000
0.043246
0.002540
0.000000
0.002156
0.000029
0.000003
0.000000
0.000032
0.000000
0.000000
0.000000
0.000589
0.000000
0.000000
0.001267
0.000000
0.032029
0.000000
0.000000
0.004541
0.000261
0.000000
0.000000
0.000000
0.075893
0.000000
0.000353
0.000000
0.000000
0.374030
0.003998
0.000000
0.000000
0.064098
0.000000
0.221770
0.000028
0.000000
0.000000
0.000000
0.000000
0.032397
0.000000
0.000101
0.000005
0.000000
0.001507
0.000000
0.000000
0.000000
0.000000
0.000000
0.000002
0.000000
0.000000
0.000213
0.000000
0.000000
0.000000
0.000000
0.118386
0.015680
0.056701
0.000000
0.000000
0.004274
0.000000
0.064891
0.000000
0.001070
0.000000
0.000000
0.000000
0.000000
0.000000
0.053505
0.000000
0.000000
0.000000
0.000000
0.000000
0.129794
0.000000
0.062432
0.000000
0.001211
0.000000
0.000363
0.000000
0.000000
0.000000
0.031259
0.269440
0.432243
0.000000
0.005068
0.000000
0.000000
0.000000
0.567253
0.093026
0.000035
0.000000
0.000000
0.000000
0.077361
0.000000
0.000000
0.032640
0.000000
0.000407
0.000000
0.000000
0.000000
0.000000
0.000000
0.105603
0.014876
0.000000
0.000004
0.000000
0.000000
0.000000
0.000467
0.000000
0.000000
0.683482
0.000000
0.015729
0.000000
0.000012
0.000000
0.000000
0.000000
0.000000
0.000000
0.000000
0.929301
0.000000
0.000000
0.000000
0.000000
0.000000
0.022870
0.015294
0.000485
0.000000
0.223938
0.000003
0.002276
0.000000
0.000000
0.000299
0.000000
0.000000
0.000000
0.000000
0.000000
0.002439
0.000000
0.000000
0.000000
0.000068
0.000000
0.000000
0.000000
0.001050
0.000000
0.000000
0.000000
0.000000
0.000000
0.423871
0.253861
0.000574
0.033781
0.004361
0.000132
0.000000
0.000000
0.000000
0.017576
0.000000
0.040305
0.000000
0.000000
0.000000
0.000000
0.049390
0.000000
0.000000
0.000000
0.000000
0.000000
0.000000
0.000000
0.000000
0.000000
0.003387
0.000000
0.070422
0.000000
0.000000
0.106798
0.000000
0.000000
0.015967
0.000000
0.000000
0.002390
0.013494
0.000000
0.914855
0.726762
0.000000
0.000000
0.018337
0.000000
0.000000
0.000000
0.000148
0.000000
0.000000
0.000000
0.000002
0.000440
0.000000
0.018843
0.000000
0.000000
0.000000
0.000012
0.000000
0.000000
0.000000
0.020778
0.000000
0.000000
0.000000
0.652971
0.145768
0.462070
0.071863
0.000000
0.000000
0.000000
0.000000
0.011513
0.003631
0.000000
0.152542
0.000000
0.000000
0.013439
0.999880
0.000000
0.000000
0.000000
0.000000
0.000093
0.000002
0.000000
0.087345
0.000760
0.002960
0.000000
0.000000
0.000000
0.073218
0.000000
0.000000
0.000000
0.012348
0.000077
0.000000
0.000000
0.000000
0.000000
0.000000
0.000000
0.003905
0.000000
0.000000
0.072914
0.000727
0.000000
0.000000
0.000000
0.000000
0.000000
0.144508
0.000000
0.000000
0.000000
0.000000
0.000001
0.214608
0.000000
0.118718
0.248707
0.000000
0.000000
0.000000
0.000000
0.007453
0.000000
0.334383
0.000000
0.000000
0.000000
0.000000
0.000000
0.002535
0.085101
0.335120
0.000000
0.000000
0.000000
0.001734
0.000000
0.000000
0.000000
0.000000
0.000000
0.000000
0.262076
0.000000
0.000000
0.000000
0.000000
0.485849
0.000000
0.008083
0.000000
0.000000
0.000000
0.000000
0.000000
0.000000
0.008273
0.024216
0.000000
0.000001
0.137739
0.001983
0.000000
0.000000
0.000000
0.000000
0.000064
0.000197
0.000000
0.000000
0.002056
0.550913
0.000000
0.461440
0.023647
0.000000
0.000368
0.000140
0.000000
0.000000
0.000000
0.000000
0.000000
0.000000
0.000000
0.000000
0.000000
0.071014
0.186237
0.000000
0.000170
0.000000
0.000000
0.067168
0.000000
0.000000
0.000000
0.984042
0.000000
0.000000
0.000000
0.000000
0.000000
0.000000
0.019125
0.000000
0.003042
0.463274
0.000000
0.000000
0.000000
0.000000
0.000000
0.000000
0.000000
0.000000
0.000000
0.017186
0.000000
0.000169
0.000000
0.760405
0.000000
0.000000
0.002298
0.078170
0.000000
0.001628
0.000000
0.000000
0.000000
0.034477
0.000000
0.000000
0.000000
0.000000
0.000000
0.000000
0.000099
0.000000
0.000000
0.000715
0.000000
0.000000
0.000000
0.000000
0.000000
0.368640
0.055812
0.000000
0.000000
0.996940
0.000000
0.019874
0.000000
0.000000
0.000000
0.061395
0.000000
0.000000
0.000000
0.048620
0.000000
0.307611
0.000000
0.190554
0.000000
0.000000
0.011083
0.000000
0.000000
0.000000
0.202219
0.000000
0.000000
0.000000
0.000000
0.583731
0.000000
0.000000
0.000000
0.000000
0.000000
0.000000
0.002989
0.000597
0.001100
0.000000
0.000000
0.000063
0.000000
0.165641
0.000000
0.013676
0.609220
0.000000
0.000000
0.663665
0.000000
0.000000
0.000000
0.000000
0.000000
0.000000
0.000000
0.000000
0.000014
0.000206
0.000000
0.000000
0.000000
0.000000
0.000000
0.004528
0.000000
0.000000
0.199186
0.000000
0.000000
0.007409
0.003604
0.000000
0.000000
0.000000
0.000000
0.000000
0.027906
0.000000
0.000000
0.031945
0.000000
0.000000
0.018648
0.261534
0.000000
0.000000
0.000000
0.000000
0.000000
0.000000
0.000000
0.000000
0.000000
0.000000
0.000000
0.000000
0.566672
0.000000
0.000000
0.247526
0.417115
0.123338
0.000000
0.000000
0.000000
0.000000
0.000000
0.000000
0.000492
0.000000
0.010560
1.000000
0.000000
0.000000
0.000000
0.000000
0.000000
0.000000
0.000000
0.000000
0.000000
0.000000
0.000000
0.000000
0.000002
0.007718
0.000000
0.000000
0.129622
0.000000
0.000000
0.000001
0.005062
0.000000
0.000000
0.000000
0.001652
0.000000
0.007469
0.004681
0.000000
0.000000
0.923934
0.000000
0.000000
0.000000
0.000004
0.109828
0.000000
0.000000
0.768433
0.000000
0.000000
0.000000
0.000000
0.000000
0.000000
0.058588
0.009310
0.000000
0.000000
0.997171
0.000000
0.169042
0.091127
0.000000
0.000000
0.000000
0.000240
0.000000
0.000000
0.000000
0.000000
0.000000
0.000000
0.000000
0.000000
0.000000
0.018585
0.000000
0.023116
0.000000
0.000000
0.000000
0.000000
0.004214
0.000000
0.000000
0.014970
0.118292
0.000000
0.069380
0.000000
0.000000
0.000385
0.026979
0.306705
0.000000
0.000000
0.000000
0.000000
0.000000
0.000000
0.000000
0.000000
0.004250
0.004361
0.000000
0.000004
0.000067
0.000000
0.022520
0.000000
0.000000
0.000000
0.000000
0.000000
0.000000
0.002068
0.000000
0.000000
0.000388
0.000000
0.003084
0.000000
0.000000
0.000000
0.000000
0.001276
0.000000
0.000000
0.000000
0.020078
0.847372
0.000000
0.000000
0.013175
0.026456
0.000000
0.000000
0.000000
0.000072
0.011665
0.000000
0.000000
0.000000
0.000000
0.000000
0.000000
0.000000
0.000000
0.043764
0.000000
0.000000
0.000428
0.357123
0.000000
0.000000
0.698704
0.000000
0.000000
0.000000
0.000000
0.000000
0.001009
0.011810
0.000000
0.000000
0.000000
0.000168
0.017625
0.000000
0.000000
0.000000
0.000000
0.000000
0.000000
0.000000
0.000000
0.000000
0.015428
0.000000
0.453747
0.000000
0.000000
0.000000
0.029908
0.076634
0.014687
0.000000
0.000000
0.947394
0.000000
0.000000
0.000000
0.000000
0.000000
0.000000
0.000000
0.059314
0.000000
0.000021
0.000000
0.000000
0.000000
0.063426
0.000158
0.000000
0.000000
0.000000
0.000000
0.000000
0.000000
0.000000
0.000000
0.000000
0.000000
0.004308
0.002546
0.000000
0.056772
0.000000
0.000000
0.000000
0.000000
0.527533
0.000000
0.007041
0.006692
0.000409
0.000000
0.000000
0.000000
0.000091
0.000000
0.000000
0.000000
0.000000
0.005559
0.000000
0.000000
0.000000
0.000033
0.000455
0.000000
0.000000
0.494754
0.000000
0.000000
0.000000
0.000000
0.000000
0.000000
0.000039
0.000194
0.000000
0.000000
0.000000
0.000000
0.000000
0.000000
0.000000
0.005815
0.002140
0.000000
0.000000
0.000000
0.000000
0.000000
0.000000
0.000000
0.000000
0.010374
0.001683
0.000000
0.000000
0.000000
0.000000
0.000000
0.000000
0.000000
0.000000
0.000000
0.000000
0.453707
0.000000
0.000000
0.000000
0.000000
0.000966
0.000000
0.003147
0.000000
0.656880
0.000000
0.794517
0.000000
0.000000
0.000000
0.000000
0.000000
0.000000
0.000000
0.626783
0.000000
0.011104
0.000000
0.004465
0.000713
0.000000
0.000000
0.000000
0.000000
0.000000
0.002596
0.005801
0.000000
0.000000
0.000000
0.000375
0.000000
0.000000
0.506046
0.000000
0.031086
0.000000
0.000000
0.000000
0.066377
0.000000
0.000000
0.151989
0.000000
0.000000
0.000000
0.004036
0.361363
0.000000
0.100876
0.000000
0.000000
0.000000
0.000000
0.021500
0.054234
0.000000
0.000537
0.000000
0.000000
0.000000
0.002263
0.000000
0.000000
0.000000
0.000000
0.000003
0.000000
0.000000
0.000000
0.000000
0.005060
0.000000
0.000000
0.000000
0.000000
0.000322
0.000000
0.011244
0.000000
0.000000
0.002004
0.000000
0.310195
0.000000
0.000000
0.000000
0.000000
0.000000
0.000000
0.650209
0.531381
0.000000
0.000000
0.000000
0.000104
0.000000
0.000000
0.000794
0.000000
0.000006
0.015157
0.000000
0.000000
0.000000
0.000000
0.000000
0.000000
0.000000
0.000000
0.207861
0.005206
0.000000
0.050762
0.000000
0.000000
0.007110
0.239935
0.000400
0.000000
0.000000
0.000000
0.000000
0.000000
0.000000
0.140670
0.000000
0.000000
0.000000
0.000000
0.291550
0.000151
0.000000
0.000000
0.000931
0.000000
0.000000
0.000000
0.000000
0.000000
0.000000
0.000000
0.000065
0.000000
0.000000
0.000000
0.000000
0.000000
0.000000
0.000000
0.051760
0.000000
0.236728
0.000000
0.000000
0.000000
0.541172
0.017113
0.000000
0.000000
0.000214
0.000000
0.000000
0.000000
0.000000
0.738146
0.000000
0.006398
0.724332
0.000000
0.000000
0.001286
0.000000
0.955103
0.000000
0.000000
0.000000
0.000000
0.000000
0.000000
0.000000
0.000000
0.000000
0.000000
0.000000
0.000000
0.025395
0.000000
0.000000
0.000000
0.000000
0.000000
0.788506
0.000000
0.000000
0.004717
0.011200
0.000006
0.000000
0.175300
0.000000
0.000000
0.000000
0.000000
0.012921
0.000000
0.234769
0.000000
0.000000
0.000000
0.000000
0.000000
0.785319
0.000000
0.000000
0.000000
0.000000
0.001720
0.001971
0.000000
0.000000
0.000000
0.000000
0.000000
1.000000
0.000000
0.000000
0.000000
0.000000
0.000000
0.000000
0.000000
0.000000
0.000000
0.000000
0.000000
0.000000
0.000000
0.144422
0.000000
0.000000
0.000008
0.000000
0.000095
0.000000
0.000000
0.000000
0.000000
0.998409
0.000000
0.000000
0.000000
0.013861
0.002675
0.000000
0.000379
0.000000
0.000000
0.999997
0.000000
0.102931
0.021426
0.000009
0.086496
0.000003
0.000000
0.000372
0.000000
0.002475
0.000000
0.000003
0.000000
0.001055
0.021548
0.000000
0.000000
0.000000
0.000000
0.000000
0.000000
0.000000
0.000000
0.000000
0.000989
0.038338
0.000000
0.000000
0.000000
0.000000
0.000000
0.000000
0.001414
0.000000
0.000000
0.000005
0.000000
0.994619
0.000000
0.000000
0.000000
0.000000
0.005500
0.212082
0.477416
0.000199
0.000000
0.000000
0.000000
0.000000
0.000000
0.000000
0.132283
0.000000
0.000000
0.000000
0.000000
0.000327
0.000000
0.000000
0.097999
0.000000
0.000000
0.000000
0.000000
0.002550
0.184585
0.000000
0.000000
0.427403
0.000000
0.000000
0.000000
0.000004
0.000000
0.000000
0.000000
0.000282
0.001422
0.050672
0.002261
0.004078
0.000000
0.000000
0.005579
0.000000
0.000010
0.000000
0.018632
0.075558
0.000000
0.000000
0.000169
0.000000
0.000000
0.000000
0.000051
0.002165
0.000000
0.000000
0.000000
0.013740
0.001374
0.000245
0.000000
0.012017
0.000000
0.072433
0.236152
0.000000
0.000000
0.000000
0.000000
0.001437
0.413904
0.000000
0.000000
0.000000
0.000000
0.032539
0.002966
0.000000
0.000000
0.000000
0.000000
0.581387
0.000000
0.056746
0.154923
0.000000
0.000000
0.000000
0.000000
0.000000
0.000000
0.000000
0.000000
0.000000
0.000000
0.033639
0.301883
0.039244
0.000000
0.000000
1.000000
0.000000
0.000000
0.165918
0.000000
0.000049
0.211780
0.801590
0.001055
0.000000
0.000000
0.000000
0.000000
0.000000
0.000000
0.000000
0.000000
0.000000
0.002048
0.000000
0.000000
0.000000
0.000000
0.000045
0.000000
0.000000
0.000057
0.000000
0.000090
0.020651
0.000000
0.000000
0.000000
0.000000
0.000000
0.000000
0.000000
0.000000
0.000000
0.000000
0.000000
0.000000
0.000000
0.000000
0.000000
0.000000
0.000000
0.000000
0.000000
0.014745
0.000000
0.018485
0.000000
0.000009
0.014401
0.000000
0.000000
0.000000
0.000001
0.003884
0.139171
0.000000
0.000003
0.000000
0.111758
0.000000
0.003586
0.000000
0.000000
0.018799
0.000000
0.000000
0.005393
0.015725
0.000000
0.001051
0.000000
0.000000
0.326296
0.000000
0.000000
0.000724
0.005790
0.000000
0.000000
0.000000
0.000000
0.648062
0.000000
0.000000
0.000000
0.000000
0.000000
0.000030
0.000002
0.000000
0.000000
0.000000
0.000631
0.000000
0.000000
0.000000
0.000000
0.002784
0.000000
0.000000
0.000022
0.000280
0.918109
0.000000
0.226852
0.000000
0.000000
0.000000
0.000000
0.000000
0.000000
0.000000
0.000001
0.000000
0.000000
0.000000
0.000000
0.000000
0.035146
0.000000
0.000000
0.000131
0.000000
0.000000
0.000000
0.000005
0.000000
0.000000
0.002417
0.000000
0.000047
0.000000
0.411723
0.000000
0.000000
0.999971
0.179522
0.000000
0.000000
0.000000
0.000000
0.000000
0.627798
0.000000
0.029164
0.000000
0.000000
0.015025
0.000000
0.761689
0.000000
0.000000
0.000000
0.000000
0.000000
0.000000
0.000000
0.000000
0.000000
0.000000
0.040589
0.000000
0.000009
0.000000
0.889580
0.000000
0.015132
0.002024
0.000000
0.000000
0.902330
0.001070
0.000000
0.000000
0.000000
0.038046
0.000000
0.527245
0.000000
0.000000
0.000057
0.000000
0.001621
0.006425
0.110923
0.000000
0.000000
0.000095
0.000000
0.000000
0.000000
0.000349
0.039490
0.000000
0.000000
0.000000
0.000000
0.000000
0.030551
0.000000
0.001386
0.005436
0.000000
0.000000
0.348880
0.001001
0.276012
0.437851
0.009509
0.000038
0.000000
0.001483
0.000000
0.000000
0.000000
0.000000
0.000000
0.000000
0.000000
0.000000
0.000000
0.000000
0.000000
0.000000
0.000012
0.541325
0.000000
0.000000
0.000000
0.000000
0.896440
0.000000
0.000000
0.000000
0.000000
0.000000
0.394312
0.000000
0.051798
0.000000
0.000009
0.035414
0.700257
0.000000
0.195828
0.000000
0.160102
0.000000
0.000000
0.098819
0.000000
0.000000
0.000000
0.079596
0.000000
0.000000
0.000000
0.000000
0.000000
0.000000
0.000000
0.000000
0.002298
0.033120
0.000000
0.000000
0.000000
0.000000
0.000000
0.000000
0.000000
0.000000
0.000000
0.000000
0.000000
0.000000
0.000000
0.000000
0.000000
0.106256
0.000000
0.000000
0.117477
0.000923
0.000000
0.382655
0.000169
0.000000
0.008710
0.000000
0.000000
0.000000
0.000000
0.180875
0.000000
0.000204
0.780628
0.000000
0.009309
0.000000
0.304639
0.114383
1.000000
0.000000
0.000000
0.000000
0.000000
0.000001
0.000040
0.000166
0.000004
0.377606
0.000000
0.000000
0.000000
0.000000
0.000000
0.087373
0.000000
0.000516
0.000000
0.000000
0.001114
0.000000
0.000000
0.000000
0.000000
0.000000
0.000000
0.002105
0.000000
0.411357
0.000000
0.002578
0.311448
0.000000
0.000000
0.000000
0.036747
0.000110
0.000000
0.000000
0.000000
0.005224
0.000000
0.000000
0.000000
0.000000
0.000000
0.000000
0.392963
0.000000
0.002448
0.000000
0.000000
0.000000
0.000000
0.000000
0.000000
0.000000
0.000000
0.000000
0.015087
0.000000
0.015418
0.000000
0.000000
0.000010
0.000000
0.000000
0.000000
0.000000
0.000178
0.014274
0.000000
0.000000
0.050062
0.000000
0.011527
0.000000
0.000000
0.000000
0.000000
0.000000
0.999407
0.057752
0.000000
0.068082
0.000000
0.000625
0.020143
0.000000
0.000000
0.000593
0.073946
0.267909
0.263739
0.002619
0.000000
0.000000
0.000000
0.000000
0.046001
0.005852
0.000000
0.000906
0.000000
0.010433
0.000000
0.000000
0.000000
0.000000
0.000000
0.200734
0.000000
0.024065
1.000000
0.000000
0.000000
0.000000
0.000000
0.096468
0.000000
0.004307
0.000000
0.000000
0.000000
0.000000
0.000000
0.000000
0.000000
0.000000
0.000000
0.007230
0.022096
0.000000
0.000000
0.000000
0.009391
0.000000
0.000000
0.158675
0.000000
0.000000
0.000000
0.027205
0.000000
0.000002
0.993262
0.000000
0.000000
0.000000
0.000000
0.000000
0.000000
0.000000
0.000000
0.059574
0.000000
0.000000
0.022644
1.000000
0.000000
0.010341
0.000205
0.000000
0.000000
0.006971
0.000000
0.000012
0.000000
0.000011
0.003670
0.000000
0.000000
0.000000
0.005773
0.000000
0.000000
0.000219
0.000000
0.000000
0.002369
0.000000
0.000000
0.000000
0.000001
0.000000
0.044310
0.019128
0.000000
0.049366
0.000000
0.000000
0.004613
0.000000
0.213009
1.000000
0.000000
0.000000
0.000000
0.000000
0.000152
0.019001
0.000055
0.000000
0.003529
0.000035
0.000000
0.000038
0.000392
0.864665
0.000000
0.000000
0.000000
0.000000
0.980646
0.000000
0.000000
0.000000
0.000000
0.000000
0.000423
0.763611
0.000000
0.000000
0.000000
0.000000
0.000000
0.000000
0.003331
0.000000
0.046594
0.000000
0.000000
0.244559
0.000000
0.067490
0.000000
0.000000
0.377119
0.000000
0.000000
0.000001
0.029909
0.000000
0.962511
0.000482
0.000000
0.000702
0.000000
0.019019
0.000254
0.000000
0.000000
0.000000
0.000000
0.000000
0.000000
0.000000
0.198451
0.000000
0.000000
0.000996
0.000000
0.033442
0.040158
0.110034
0.000000
0.000000
0.000000
0.424206
0.000335
0.000000
0.000000
0.000000
0.000000
0.000000
0.000000
0.000000
0.000000
0.000000
0.000001
0.049477
0.000000
0.000000
0.000000
0.000000
0.000000
0.000000
0.000000
0.106563
0.000000
0.000000
0.000663
0.000000
0.000000
0.000000
0.000247
0.008186
0.023197
0.000000
0.000000
0.000000
0.000000
0.000000
0.000000
0.000000
0.000000
0.000000
0.019974
0.000000
0.003878
0.000000
0.000000
0.000000
0.000107
0.000000
0.000000
0.004208
0.000000
0.000000
0.163381
0.000000
0.000000
0.000002
0.000000
0.000000
0.003248
0.000000
0.061686
0.005021
0.575637
0.385802
0.000000
0.000000
0.000000
0.000000
0.000000
0.002343
0.000000
0.000000
0.000206
0.000000
0.035908
0.000000
0.000000
0.100829
0.000000
0.000000
0.000000
0.014665
0.000000
0.000000
0.000000
0.000000
0.000000
0.000000
0.000000
0.000000
0.000000
0.000000
0.922524
0.000000
0.474069
0.872579
0.000000
0.000000
0.404600
0.000000
0.000000
0.086138
0.043002
0.000000
0.000036
0.000005
0.000000
0.000000
0.000000
0.000000
0.000000
0.000000
0.000000
0.000000
0.000004
0.030090
0.000000
0.000000
0.000000
0.060437
0.000000
0.000000
0.000000
0.000000
0.000000
0.000045
0.021366
0.000000
0.000000
0.153866
0.000000
0.000000
0.000000
0.246257
0.000000
0.998792
0.000000
0.000000
0.001729
0.000771
0.000000
0.000000
0.000621
0.000000
0.000000
0.057356
0.000000
0.010047
0.000094
0.000000
0.999661
0.000000
0.000000
0.182488
0.118481
0.000000
0.000000
0.000000
0.000000
0.000000
0.004606
0.000878
0.023408
0.000000
0.000011
0.012312
0.000000
0.000106
0.054876
0.000000
0.025302
0.000000
0.000000
0.002620
0.000000
0.000000
0.000000
0.000000
0.000000
0.000000
0.000000
0.000000
0.000000
0.022579
0.000000
0.298049
0.000641
0.000000
0.000000
0.102143
0.000000
0.086872
0.000288
0.015660
0.000000
0.076251
0.001076
0.000000
0.000000
0.000000
0.000000
0.000000
0.000676
0.001648
0.102137
0.000000
0.000000
0.058346
0.000000
0.121568
0.000000
0.000000
0.000000
0.000000
0.000000
0.095233
0.098201
0.000000
0.000001
0.000522
0.999859
0.000000
0.000000
0.000000
0.000000
0.000000
0.000000
0.000000
0.000404
0.168685
0.000000
0.000000
0.000000
0.001578
0.000000
0.000000
0.000000
0.000000
0.000000
0.000094
0.000071
0.000000
0.000000
0.018412
0.000000
0.000000
0.000000
0.000000
0.000004
0.000000
0.000000
0.000000
0.000000
0.000000
0.000000
0.000016
0.000069
0.000000
0.027644
0.062182
0.000003
0.005745
0.001473
0.290038
0.000000
0.000000
0.155563
0.000000
0.000000
0.000000
0.000000
0.000000
0.000000
0.000000
0.934786
0.000000
0.552145
0.000000
0.000127
0.000452
0.000000
0.000000
0.000000
0.000000
0.000000
0.000000
0.000000
0.001296
0.000000
0.000000
0.000777
0.002826
0.000000
0.000767
0.000515
0.000000
0.000000
0.000000
0.000000
0.000001
0.025907
0.000000
0.000000
0.000000
0.000256
0.000000
0.000000
0.016159
0.000001
0.030731
0.000000
0.000026
0.000000
0.000000
0.018550
0.000009
0.000000
0.000000
0.000000
0.036896
0.000000
0.000000
0.000000
0.000000
0.003946
0.000000
0.000000
0.000000
0.000000
0.000648
0.000519
0.000000
0.011167
0.000000
0.000000
0.000000
0.000000
0.029004
0.000000
0.000000
0.000000
0.000000
0.000000
0.000000
0.000000
0.000000
0.000000
0.000000
0.000000
0.000000
0.000000
0.000000
0.000000
0.296247
0.000000
0.000000
0.000000
0.000000
0.001152
0.000000
0.000000
0.000000
0.004244
0.000000
0.012615
0.192036
0.000000
0.000002
0.000000
0.024303
0.000000
0.000000
0.000000
0.000000
0.047753
0.000000
0.525308
0.000000
0.000000
0.957348
0.000000
0.010538
0.000000
0.000000
0.000000
0.032070
0.000000
0.000889
0.000000
0.000000
0.026183
0.000000
0.000000
0.000000
0.000000
0.064727
0.000000
0.000000
0.000000
0.006586
0.000000
0.000000
0.000000
0.021307
0.000000
0.000000
0.000000
0.152314
0.000000
0.000000
0.000000
0.000002
0.000000
0.000000
0.000000
0.026935
0.000000
0.047317
0.159691
0.000000
0.000000
0.000000
0.000000
0.000000
0.000000
0.000000
0.000000
0.000000
0.000000
0.000000
0.000000
0.003417
0.000000
1.000000
0.000000
0.000000
0.000000
0.000129
0.000000
0.000295
0.000000
0.000000
0.000000
0.000000
0.000000
0.000000
0.000000
0.000000
0.019242
0.000000
0.000000
0.000000
0.000350
0.861706
0.000000
0.001679
0.000000
0.000000
0.000000
0.000000
0.000000
0.000000
0.017477
0.013500
0.000000
0.633280
0.000139
0.000000
0.000000
0.007467
0.000000
0.000000
0.000000
0.000000
0.000000
0.000006
0.000000
0.000000
0.000049
0.020198
0.010973
0.254200
0.000000
0.000000
0.000804
0.000000
0.000000
0.000081
0.554748
0.003254
0.000000
0.156274
0.000000
0.000000
0.000000
0.000000
0.042255
0.000315
0.000000
0.000000
0.000000
0.000000
0.000000
0.000002
0.000000
0.007809
0.012145
0.000000
0.000000
0.000000
0.000000
0.000000
0.000000
0.000000
0.000000
0.227696
0.000000
0.000000
0.000000
0.000000
0.000000
0.000000
0.000000
0.000000
0.097090
0.000017
0.033598
0.000000
0.000000
0.000000
0.000000
1.000000
0.317336
0.000000
0.000102
0.000000
0.000000
0.000000
0.000000
0.000000
0.000000
0.000000
0.094104
0.000000
0.103658
0.000000
0.000472
0.000000
0.000002
0.000000
0.000007
0.000000
0.000000
0.000000
0.000000
0.000000
0.000000
0.000000
0.000000
0.000000
0.000000
0.000000
0.175139
0.000000
0.000000
0.000000
0.000000
0.000000
0.000000
0.000000
0.000000
0.012354
0.017954
0.000000
0.000000
0.005373
0.663823
0.480254
0.000000
0.000000
0.000000
0.913013
0.000000
0.000000
0.000000
0.001199
0.000000
0.000000
0.000928
0.000000
0.921607
0.008862
0.000000
0.000000
0.000000
0.000000
0.000000
0.000000
0.000000
0.000000
0.000000
0.004039
0.000000
0.000000
0.000000
0.000000
0.000000
0.000000
0.000000
0.000000
0.000000
0.000000
0.000000
0.000824
0.000000
0.649618
0.000000
0.000000
0.000031
0.001252
0.000000
0.000000
0.000000
0.000000
0.000000
0.000000
0.000000
0.000000
0.000000
0.000000
0.000000
0.000000
0.443934
0.000000
0.000000
0.000000
0.050077
0.000000
0.000000
0.015706
0.003625
0.000000
0.000000
0.000000
0.000000
0.000000
0.000000
0.000078
0.753935
0.000000
0.000000
0.000000
0.001119
0.000000
0.000000
0.000000
0.000006
0.000354
0.000000
0.000000
0.000000
0.004199
0.000000
0.001895
0.000000
0.000000
0.000000
0.000000
0.000000
0.000151
0.000000
0.000000
0.000000
0.000000
0.000009
0.000000
0.000000
0.000000
0.000000
0.000000
0.000000
0.000000
0.000000
0.000047
0.000000
0.000000
0.000000
0.000000
0.000000
0.000291
0.000000
0.000000
0.000000
0.000000
0.001392
0.000000
0.001054
0.000022
0.763278
0.012948
0.000004
0.000000
0.000000
0.000059
0.000265
0.000000
0.981906
0.000000
0.000000
0.000000
0.000000
0.000000
0.000000
0.000000
0.000000
0.000000
0.000000
0.431208
0.006471
0.000000
0.000000
0.000000
0.000000
0.000000
0.000000
0.000140
0.000000
0.000000
0.246559
0.000000
0.000544
0.029799
0.000000
0.000000
0.000000
0.000000
0.000000
0.000000
0.000036
0.000000
0.000772
0.023210
0.000000
0.000000
0.000000
0.000000
0.000000
0.000000
0.000000
0.000000
0.000000
0.005030
0.000000
0.000000
0.000000
0.000000
0.000000
0.000000
0.000000
0.001325
0.000000
0.000000
0.000064
0.000000
0.000000
0.000000
0.000054
0.000000
0.000000
0.000000
0.000000
0.005372
0.000000
0.000000
0.000000
0.000000
0.086859
0.000000
0.012693
0.000000
0.038586
0.520417
0.000200
0.016141
0.000039
0.000000
0.000038
0.000000
0.000000
0.999343
0.000000
0.000014
0.000000
0.003572
0.000000
0.049643
0.002394
0.000000
0.005915
0.000000
0.000000
0.000000
0.000000
0.000000
0.000000
0.062792
0.087426
0.000000
0.097706
0.883442
0.000000
0.000000
0.000000
0.000000
0.000000
0.020032
0.000000
0.000000
0.000000
0.000000
0.000000
0.000000
0.000000
0.000000
0.268707
0.000000
0.000000
0.000000
0.000000
0.000000
0.000021
0.000000
0.000000
0.000000
0.000000
0.000000
0.000000
0.000000
0.031320
0.000011
0.024669
0.000000
0.000189
0.000166
0.011534
0.000000
0.000000
0.000000
0.000000
0.000000
0.050832
0.000000
0.000000
0.000000
0.000000
0.000000
0.000000
0.000000
0.000000
0.000000
