0.093863
0.949122
0.820281
0.000000
1.000000
0.748204
0.322882
0.751538
1.000000
0.078904
0.825822
0.724975
0.417938
0.425166
0.995767
0.117085
1.000000
0.000003
0.848614
0.549703
0.771678
0.978420
0.000000
0.624905
0.979184
0.000000
0.975761
0.773393
0.052394
1.000000
1.000000
0.725662
0.514138
0.153502
1.000000
0.000000
0.914003
0.404513
0.986180
0.000000
0.984384
0.712056
0.656329
0.173504
0.050911
0.097030
0.960517
0.112561
0.869847
0.057052
1.000000
0.000000
0.799826
0.000000
0.000000
0.000000
0.999648
0.002089
1.000000
0.381841
0.998886
0.987718
0.977425
0.133868
0.999981
1.000000
0.219557
0.477320
1.000000
0.000000
0.999892
0.739763
0.000000
0.420599
0.000000
1.000000
0.221100
0.514139
0.106339
0.944053
0.934168
0.191740
0.000000
0.898722
0.999980
0.035093
0.473069
0.000000
0.999972
0.488390
1.000000
1.000000
0.000000
1.000000
0.737290
0.000000
0.977469
0.997289
0.999983
0.999905
0.000000
0.949080
0.913064
0.005114
0.000000
0.000000
0.000000
0.690520
0.398907
0.000000
0.999872
0.813428
0.726641
0.000000
0.146618
0.604362
0.921905
0.344023
0.327148
0.525325
0.856376
0.949346
0.807287
0.000000
0.623599
1.000000
0.999993
0.321936
0.930250
1.000000
1.000000
0.967210
0.792571
0.866411
0.192221
0.000000
0.455046
0.349019
0.000000
1.000000
0.868205
0.031713
0.670299
0.000000
0.068123
1.000000
0.440224
0.000000
1.000000
0.802921
0.000000
0.000000
0.999309
1.000000
0.309705
0.999434
0.339023
0.005697
1.000000
1.000000
0.932279
0.353985
1.000000
0.052341
0.363875
0.991842
0.000000
0.206115
0.000000
0.214398
0.798662
0.012929
0.890256
0.999321
0.675032
0.000000
1.000000
1.000000
0.997373
1.000000
0.000000
1.000000
0.462845
0.999766
1.000000
0.999958
0.203438
1.000000
1.000000
0.005247
0.605176
0.999770
0.993116
0.287841
0.690509
0.000000
0.000000
0.884745
0.000000
0.938251
1.000000
0.997613
0.201902
0.000000
0.000000
0.991457
0.965631
0.073315
0.000000
0.136536
0.000000
0.598620
0.162901
0.895402
0.019270
0.645161
1.000000
0.989109
0.992960
0.952604
0.000000
0.000000
0.073002
0.973434
0.682576
0.976119
1.000000
0.999984
0.505796
0.796025
0.000000
1.000000
0.000000
0.099176
1.000000
0.000000
1.000000
0.000000
0.065468
1.000000
0.000000
0.335426
0.737290
0.924828
0.000000
0.059589
0.995664
0.285609
0.943045
0.999993
1.000000
0.996348
0.000000
0.895935
0.000000
1.000000
0.403681
1.000000
0.982817
0.881988
0.000000
0.000000
0.000000
0.003494
0.000002
1.000000
0.804436
0.675951
1.000000
1.000000
0.999702
0.766471
0.940991
0.976628
1.000000
0.871377
0.000000
0.000000
0.000000
0.966276
0.062264
0.996709
0.000000
0.000000
1.000000
1.000000
0.876932
0.318530
1.000000
0.000018
0.251454
0.590690
0.000000
0.983310
0.196536
0.000000
0.521044
0.999429
0.995920
0.007929
0.000000
0.821056
0.964996
1.000000
0.149989
0.997379
0.016505
1.000000
0.002661
0.000000
0.681998
0.000000
0.771700
0.395241
0.000000
0.978124
0.714802
0.988963
0.989083
0.813186
0.998322
0.582472
0.187522
0.455140
0.000000
0.999995
0.394234
0.000000
0.625522
1.000000
0.000000
0.972097
0.244213
0.364122
0.304298
0.000000
1.000000
0.999961
0.999284
1.000000
0.925138
0.175611
0.025810
0.046462
0.892275
1.000000
0.000000
0.505803
0.951129
0.999999
0.816863
0.000854
0.989342
0.732318
0.907545
1.000000
0.229782
0.001218
0.814238
0.999964
1.000000
1.000000
0.991231
0.504634
0.449830
0.000000
0.571660
0.995340
0.376298
0.885281
0.001097
0.930988
1.000000
0.000000
0.999989
0.999995
0.312481
0.870257
1.000000
0.087086
0.304456
0.003430
0.293940
0.000000
0.427627
0.658774
0.999999
0.602910
0.000000
1.000000
0.999633
0.043178
0.468553
1.000000
0.753664
0.423951
0.064879
1.000000
0.277342
0.000722
0.894184
0.001360
0.999964
0.993392
0.919109
0.000015
0.888341
0.924000
0.000000
0.012313
1.000000
1.000000
0.000000
0.087974
0.999940
0.317246
1.000000
0.000000
1.000000
0.000000
0.009782
0.289286
0.832976
0.040044
0.000000
0.978629
0.000000
0.544261
0.000000
0.495670
0.000000
0.648293
1.000000
0.961181
0.000000
1.000000
1.000000
0.000000
1.000000
1.000000
1.000000
0.008030
0.500970
1.000000
0.175122
1.000000
0.999689
0.049587
0.387923
0.877055
1.000000
0.000000
0.460550
0.595401
0.087262
0.157614
0.000000
0.298581
0.000000
0.225534
1.000000
0.243322
0.256801
0.915788
0.229413
0.440730
0.000000
0.009061
0.006822
0.815132
0.998322
0.000000
0.308216
0.000000
0.000000
1.000000
1.000000
0.095590
0.000000
0.663889
0.974161
0.000000
0.998436
0.877600
1.000000
0.000000
0.023531
0.001471
0.000000
0.458029
0.784200
1.000000
0.830016
1.000000
0.162324
0.295912
0.571095
0.994686
0.999945
0.934097
0.009660
0.532161
1.000000
0.222909
0.520591
0.001582
0.000613
0.886727
0.000000
1.000000
0.700798
1.000000
0.461650
0.493964
0.988796
0.491318
1.000000
0.763478
0.131669
0.956639
0.132132
0.999901
1.000000
0.000000
1.000000
0.871377
0.999942
0.000000
1.000000
0.906121
0.990434
0.892490
0.495014
1.000000
0.082896
0.104732
0.966627
0.289416
1.000000
1.000000
1.000000
0.985740
0.469687
0.154275
0.000000
0.551843
0.000000
0.330500
0.166400
1.000000
0.377351
0.870714
0.000000
0.769157
0.000000
0.042968
0.239279
0.000000
0.916052
0.987821
1.000000
0.293395
0.000000
1.000000
0.021584
1.000000
0.016838
0.895912
1.000000
0.999926
1.000000
0.940816
0.757829
0.000000
0.000000
1.000000
0.939118
1.000000
0.810098
0.092963
0.000000
0.763982
0.981762
0.645755
0.000063
0.000000
0.035899
1.000000
0.757318
0.570533
0.001137
0.576012
0.870666
1.000000
0.548186
0.187846
0.998508
0.000000
0.365222
0.599843
0.675357
0.051848
0.387912
0.000000
0.999482
1.000000
1.000000
0.999832
0.000000
0.541204
0.374240
0.329017
0.000000
0.312368
0.535220
0.999859
0.000000
0.586546
1.000000
1.000000
0.992959
0.000000
0.910031
0.000000
0.260347
0.882216
0.998515
0.999754
0.507468
0.054754
0.000000
0.082793
0.883427
0.300743
0.000684
1.000000
1.000000
0.212230
0.999571
0.987865
0.176450
0.000570
0.021758
0.364482
0.839454
0.999933
1.000000
0.949136
1.000000
0.267839
0.081432
0.000000
0.010868
1.000000
0.035607
0.469716
1.000000
0.999999
1.000000
1.000000
0.000340
0.753770
0.761710
0.999692
1.000000
0.945577
0.991890
1.000000
0.774137
0.000000
0.315288
0.421440
0.000000
0.000000
0.453689
0.997844
0.975103
1.000000
0.000000
0.442062
0.468742
1.000000
0.909904
1.000000
0.028153
0.492113
1.000000
0.490277
1.000000
1.000000
1.000000
0.070530
0.999330
0.547020
0.426526
0.000000
0.153031
0.274544
0.026913
0.000000
0.035037
0.405430
0.999892
0.199671
0.777851
0.260249
0.000000
1.000000
0.738755
0.203596
0.302607
0.112507
0.000000
0.226532
0.000000
0.434018
0.999998
0.999959
0.970261
0.942309
0.983383
0.329662
0.116710
0.563685
0.843742
0.031157
0.916836
0.948996
0.000000
0.290764
0.999247
0.000000
1.000000
1.000000
0.534107
0.000000
1.000000
0.605068
0.183016
0.855897
0.998814
0.861608
0.479486
0.463898
0.000000
1.000000
1.000000
0.977577
0.995773
0.098340
0.002639
0.348647
0.000589
0.000000
0.233440
1.000000
0.484560
0.000000
0.000000
1.000000
0.138404
0.830202
0.780312
0.880196
0.000000
0.000000
0.630156
1.000000
0.852043
1.000000
0.037110
0.992494
0.427327
0.232289
0.968387
0.037064
0.029451
0.209187
0.190636
1.000000
1.000000
0.000000
1.000000
0.452206
0.122768
0.548242
0.791489
0.935512
0.996980
0.433746
0.000000
0.016840
0.000000
0.131913
0.428866
1.000000
1.000000
1.000000
1.000000
1.000000
0.000000
0.807467
0.999992
0.759077
0.437691
0.000000
0.970803
0.000000
0.667640
0.260514
0.760382
0.050974
0.018228
0.726353
0.965685
0.835592
1.000000
0.242651
0.598926
0.032437
0.165505
0.999606
0.959865
0.484034
0.862772
0.566855
0.000000
0.981888
0.404041
0.991582
0.698176
0.997408
1.000000
0.992859
0.951994
0.196913
1.000000
0.377678
0.000000
1.000000
0.000000
0.000000
1.000000
0.999996
0.143435
0.999993
0.999952
0.486735
1.000000
0.447193
0.831584
0.378004
0.000000
1.000000
1.000000
0.909113
0.313538
0.324996
1.000000
0.394375
0.762178
0.108881
0.225534
1.000000
0.681857
0.000000
0.011156
1.000000
1.000000
0.366151
0.000000
0.974572
0.183160
0.000000
0.999903
0.000000
0.301767
0.018114
0.000000
0.987942
0.346363
0.994604
0.652237
0.999546
0.996826
0.117224
0.356549
0.551679
0.448605
0.987664
0.723338
0.543771
0.816326
0.477770
1.000000
1.000000
0.194195
0.000000
0.287044
0.045568
0.980442
0.750936
0.999997
1.000000
0.629705
0.654010
0.000000
0.394580
1.000000
0.001883
0.385545
0.301509
0.639612
0.493919
0.156537
0.999729
0.954749
0.311627
0.997756
0.881003
0.002616
0.000000
0.000000
1.000000
0.703204
0.812253
0.944434
0.824923
1.000000
0.000000
0.372590
0.167012
1.000000
0.138964
0.349950
0.846239
0.000000
0.812537
0.468091
0.102502
1.000000
1.000000
0.381012
1.000000
0.000000
0.879671
0.000000
0.002760
1.000000
1.000000
0.467229
1.000000
0.955545
0.994757
0.073387
0.000000
0.999814
1.000000
1.000000
0.927649
0.000000
0.086178
0.982723
0.990203
0.801006
0.144468
0.871662
1.000000
1.000000
0.992559
0.999978
0.975517
0.953893
0.965752
1.000000
0.000000
0.053554
1.000000
0.819823
1.000000
0.539169
0.385022
0.999960
0.000000
0.118348
0.000000
0.000000
1.000000
0.914069
0.175785
0.275685
0.014385
0.259606
0.530880
0.879279
0.000000
0.000000
0.340938
0.000000
0.999966
0.457195
0.999938
1.000000
0.010418
0.103168
0.035390
0.855897
1.000000
0.000000
0.962988
0.340649
0.000000
0.124200
0.355628
0.996887
0.000000
0.997258
1.000000
0.529064
0.333871
0.000000
1.000000
0.613731
0.022220
1.000000
0.992801
0.047102
1.000000
0.999995
0.000000
0.984163
0.852569
0.000000
0.999927
0.932796
0.973307
0.000000
0.000000
0.714289
0.000000
0.438467
0.000000
0.092806
0.000000
0.378169
1.000000
0.431421
0.951743
0.000000
0.896345
0.971214
0.055018
0.000000
0.111135
0.705167
0.881305
0.000000
0.148456
0.013218
0.447842
0.000000
0.756576
0.785752
0.000000
0.092101
0.401571
0.077497
0.502750
0.578075
0.230586
0.441632
0.000000
0.000000
0.357122
0.997645
0.000000
0.917117
0.273057
0.109296
0.687523
0.392349
0.984321
0.308582
0.595401
0.252287
0.697441
1.000000
0.999361
1.000000
0.000000
0.762551
0.165972
0.622952
0.944940
0.995913
0.950508
1.000000
0.000000
0.999995
0.672125
0.000000
0.036907
1.000000
1.000000
0.486922
0.999969
0.606092
0.038451
0.963900
0.004542
0.871811
0.000000
0.000000
0.979881
0.115905
0.000010
1.000000
1.000000
0.736532
0.864116
0.047805
0.987140
0.929912
0.000000
0.268873
0.513633
1.000000
0.699454
0.448489
0.999787
0.020163
0.550259
0.053209
1.000000
0.999662
0.995026
1.000000
0.085254
0.000000
0.287695
0.999952
1.000000
0.348024
0.000000
0.000000
0.817369
0.440784
0.008125
0.745468
0.000000
1.000000
0.385008
1.000000
0.939611
0.000000
1.000000
0.054793
1.000000
1.000000
1.000000
0.997228
0.991582
0.577021
0.074244
0.026441
0.233575
0.994863
1.000000
0.996413
0.105176
0.622471
0.920167
0.441587
0.972821
0.979373
1.000000
1.000000
0.400740
0.754813
0.000000
1.000000
0.000000
1.000000
0.000000
0.000000
0.268873
0.650846
0.000000
0.863227
1.000000
0.409215
0.562673
0.000000
1.000000
0.000000
0.273391
0.874737
1.000000
0.000000
0.999999
0.999424
0.912465
0.721439
0.249068
1.000000
0.000000
0.027737
0.714802
0.000000
0.957047
0.433718
0.796777
0.998484
0.000000
0.999740
0.097756
0.000000
0.656479
0.000000
0.555422
0.000000
0.999746
0.000000
0.000000
0.023699
0.985032
0.829093
0.000000
0.000000
1.000000
0.002753
0.000000
1.000000
0.341719
0.445038
0.000000
1.000000
0.844237
0.050264
0.045390
0.000000
0.307479
0.999995
0.620796
0.000000
0.308739
0.000000
0.996303
0.864719
1.000000
0.001609
1.000000
1.000000
0.993113
0.933286
0.999999
0.526962
1.000000
0.723739
0.413289
0.758291
0.299161
0.762169
0.911405
0.159806
0.016903
0.999800
0.862978
0.999897
0.999900
0.491737
0.970694
1.000000
0.972453
0.999708
1.000000
0.868650
0.033617
0.000000
1.000000
0.542065
0.999869
0.999997
0.411678
0.494574
0.999552
0.000000
1.000000
0.457748
1.000000
0.000000
0.571095
0.975583
0.390151
0.608721
0.000000
0.999999
0.487691
0.925819
0.977037
1.000000
0.048146
1.000000
0.704506
0.106389
1.000000
0.861689
0.450611
0.963427
0.000000
0.999967
0.019704
0.154858
0.000000
0.573706
1.000000
0.591330
0.106980
0.636027
1.000000
0.675002
0.936204
0.935537
0.118700
0.823857
1.000000
1.000000
1.000000
0.231525
0.996465
0.363049
0.240615
0.435785
0.836849
0.254185
0.668792
0.021584
0.550388
0.000000
0.000000
0.147821
1.000000
0.944368
0.000000
0.076088
0.999997
0.998874
0.000162
1.000000
0.934862
0.595762
0.049474
0.414306
1.000000
0.000000
1.000000
1.000000
0.000249
0.470026
0.979116
0.174052
0.000000
0.510096
0.042890
1.000000
0.606494
0.339670
0.860845
0.000000
0.000108
0.998703
0.999994
1.000000
0.995600
0.851585
1.000000
1.000000
0.979985
0.593593
0.445312
0.211660
0.096595
0.001456
1.000000
1.000000
0.699229
0.530639
0.364898
0.466841
0.000000
0.000000
0.000000
0.018035
0.973751
0.512436
0.580790
0.000000
0.114713
0.777293
0.000000
1.000000
0.999999
1.000000
1.000000
0.129478
0.000000
0.999961
0.000000
0.022683
1.000000
0.126702
0.056779
0.328051
0.015600
0.208969
0.702721
0.000000
0.000000
0.488146
0.003897
0.093912
0.047470
0.045171
1.000000
0.251826
1.000000
0.816836
0.000000
0.004123
0.085479
0.456521
0.000000
0.892905
0.000000
0.000000
0.434249
0.000000
0.236114
0.782409
1.000000
0.910897
0.999994
0.996842
0.000000
0.994090
0.093242
0.995379
1.000000
0.036097
0.000000
1.000000
0.816657
0.276156
0.734535
0.000000
0.942827
0.714802
1.000000
0.479986
0.000000
0.469145
0.218482
0.000000
0.000000
1.000000
0.995600
0.000000
0.000000
0.063000
0.000000
1.000000
0.000000
0.379361
0.000000
0.000000
1.000000
0.988116
1.000000
0.325820
0.541424
0.073924
0.000000
0.054949
0.443894
0.000000
0.589407
1.000000
1.000000
0.551522
1.000000
0.483089
0.128219
0.826846
0.236309
0.289286
0.000000
0.269528
1.000000
0.001151
1.000000
0.999818
0.000000
0.113566
0.066707
0.336400
1.000000
0.629818
0.280061
0.000000
0.879863
1.000000
0.001394
0.000000
0.000000
0.394637
0.999644
0.997478
1.000000
0.638532
0.326678
0.709453
0.083024
1.000000
0.687085
0.000000
0.387733
0.911449
0.478377
0.525325
0.000000
0.890279
0.443537
0.559004
0.961342
0.768911
0.257045
0.360631
0.778370
0.510363
0.920790
0.963779
1.000000
0.000000
0.377831
0.114675
0.996371
0.000000
0.885405
0.997198
0.700310
0.000000
0.297148
1.000000
0.904238
0.000000
0.338756
0.046580
0.437674
0.576934
1.000000
0.997322
1.000000
0.591965
0.570673
0.304300
0.832229
0.008667
0.976605
0.999997
0.943414
0.915000
0.065887
1.000000
1.000000
0.995340
1.000000
0.000000
0.016367
0.996272
0.000000
0.000000
1.000000
0.956667
1.000000
0.000000
1.000000
0.257244
1.000000
0.000000
0.882719
0.999524
0.971782
1.000000
0.817519
0.769780
0.255774
1.000000
0.320085
0.977293
0.009820
0.926874
1.000000
0.000000
0.984293
0.000000
1.000000
0.996130
1.000000
0.000000
0.191773
0.000000
0.927055
0.259945
0.000000
0.999920
0.856507
1.000000
0.895271
0.084714
0.017171
1.000000
0.002798
0.777851
0.047799
0.000000
0.365064
0.494158
0.000000
0.004428
0.043070
0.052872
0.219565
0.903161
0.742515
1.000000
0.796900
0.732924
0.946420
0.999824
0.000000
0.583426
0.000000
0.999931
0.163070
0.000000
0.577169
0.131913
1.000000
0.000314
0.000000
0.791646
0.998316
0.984918
0.100048
0.019209
1.000000
0.522032
1.000000
0.000000
0.785560
0.000000
1.000000
0.729397
0.000000
0.000000
0.646287
0.255036
0.000000
0.938692
0.162990
0.545694
0.976126
1.000000
0.000000
0.135457
0.999999
0.335785
1.000000
0.287695
1.000000
0.960650
0.039561
1.000000
0.940238
1.000000
1.000000
0.897599
0.702132
0.428763
0.000000
0.431744
0.999994
0.999266
0.048884
0.229253
0.999282
0.997365
0.331573
0.394234
0.705232
0.213999
0.999611
1.000000
0.348210
0.748861
0.719234
0.988106
1.000000
0.000000
0.203558
0.126397
0.973010
0.999724
0.984854
0.748049
0.997063
0.995600
0.999995
0.650488
0.834701
0.000000
0.119462
0.232723
1.000000
0.364482
0.805434
0.000000
0.833454
0.999968
0.719979
0.960986
0.223675
0.000000
0.273323
0.984072
0.930250
0.783468
1.000000
0.838624
0.000000
1.000000
0.001883
0.110850
0.963635
1.000000
0.376511
1.000000
1.000000
1.000000
0.923345
1.000000
1.000000
0.000000
0.966676
0.532161
0.192474
0.033692
0.000000
0.999902
0.997818
0.560152
0.620794
0.313690
1.000000
0.000000
0.876250
0.000000
0.000000
0.996117
0.443575
0.192371
1.000000
0.932597
0.000000
0.000000
1.000000
1.000000
0.986657
0.346090
0.631060
0.103962
1.000000
0.016267
0.544543
0.078464
0.875547
0.972288
1.000000
0.995049
0.340508
1.000000
0.063643
0.003035
0.000000
1.000000
0.033798
0.701180
0.987426
0.027559
0.358181
0.000000
0.000000
0.999061
0.292784
0.001765
0.506429
0.933871
0.026419
0.087342
0.255008
0.742726
0.976410
0.000000
0.895224
0.998929
0.375822
1.000000
0.112214
0.682275
0.000000
0.000000
0.000000
1.000000
1.000000
0.000000
0.374317
0.915986
0.789244
0.548988
0.429450
0.430097
0.998663
0.000000
1.000000
0.415164
1.000000
1.000000
0.155369
0.000000
0.563765
0.291352
1.000000
0.997361
0.000000
0.000000
0.243683
0.001582
0.000000
0.000000
0.703614
0.624356
0.000000
0.002160
0.064223
0.400721
0.000000
0.110137
1.000000
0.464054
0.176477
0.948639
1.000000
0.549607
0.000000
0.222825
0.918792
0.141714
0.995343
0.923596
0.621130
0.000000
0.816426
0.082290
0.172693
0.442664
0.985090
0.944165
0.029813
1.000000
0.997966
0.898080
0.060125
0.078514
0.040686
0.979035
0.000000
0.000000
1.000000
0.594814
0.000000
1.000000
0.521565
0.958151
0.962435
1.000000
0.304314
0.999127
0.018455
1.000000
0.993824
0.000000
1.000000
0.618895
0.999945
0.425166
0.012083
0.999997
0.369234
0.021394
0.000000
0.989461
0.000000
1.000000
0.959744
1.000000
0.000000
0.999835
0.000000
1.000000
0.999999
0.999985
0.078925
0.999998
0.977520
0.956425
0.883744
0.338913
0.000000
1.000000
0.452679
0.004850
0.000000
0.909241
0.000000
0.984826
0.986509
0.000000
1.000000
1.000000
0.156833
0.998303
0.810739
1.000000
0.000107
1.000000
0.002070
1.000000
0.978307
0.001832
0.999970
1.000000
0.024441
0.999935
0.843472
0.899115
0.000363
0.814262
0.993509
1.000000
0.423118
0.186436
0.402399
1.000000
0.000000
0.987480
0.330307
0.958031
0.623010
0.999429
0.900862
0.999985
0.073072
1.000000
1.000000
1.000000
0.617036
0.033788
1.000000
1.000000
0.951732
0.986143
0.244357
0.551687
0.848755
0.617212
1.000000
0.000000
1.000000
0.674132
0.000000
0.229329
0.000000
0.999990
0.972798
0.193523
0.000000
1.000000
0.930625
0.000000
1.000000
1.000000
1.000000
1.000000
0.012950
0.000000
0.134674
0.383589
0.999317
0.971304
1.000000
0.125151
0.903622
0.252340
0.407589
0.990007
1.000000
0.352212
0.721337
0.541513
0.000000
0.000000
0.000000
0.902687
0.400044
0.000000
1.000000
0.733123
0.918516
0.589407
0.000000
0.518991
0.896204
0.999999
0.368022
1.000000
0.000000
0.998310
0.270553
0.791535
0.826422
0.000000
0.929939
0.000000
0.000000
0.940183
0.048060
0.000000
0.997760
0.333175
0.708972
0.099130
0.677061
1.000000
0.023109
0.000000
0.000000
0.099003
0.095367
0.092928
0.042899
0.017063
0.000000
0.527891
0.000000
0.000000
0.976425
0.753206
0.060000
0.336195
0.956683
1.000000
0.877726
0.556607
0.029451
1.000000
0.500460
0.000000
1.000000
0.176527
0.985747
0.993802
0.933590
0.709862
0.425166
0.803202
0.997450
0.302998
0.266862
0.998316
0.000000
0.000000
0.033392
0.000000
0.985411
0.999998
1.000000
1.000000
0.903691
0.000000
0.999786
0.301747
0.975698
1.000000
0.000000
0.000000
0.971035
0.000000
0.762229
0.231710
0.997770
0.001374
0.229514
0.000000
0.974242
0.000000
1.000000
0.999998
0.535297
0.252375
0.420062
0.277806
0.701954
0.898670
1.000000
0.000000
0.939738
0.908340
0.918726
0.000000
0.475289
0.999178
0.867946
0.987920
0.885011
0.985215
0.008445
0.008445
0.000000
0.428026
1.000000
0.777645
0.357122
0.984377
0.737260
0.956388
0.567311
0.154290
1.000000
0.984671
0.000000
0.986056
0.030171
1.000000
0.229514
1.000000
0.952485
0.001199
0.209381
1.000000
1.000000
1.000000
0.000000
1.000000
0.184924
0.119533
0.578297
0.486875
1.000000
0.523692
0.000000
0.000000
0.254172
0.997351
0.999358
1.000000
0.360893
0.951388
0.326996
0.995669
0.971457
0.000000
0.108491
0.376131
0.000212
1.000000
0.000000
0.804850
0.000000
0.602640
1.000000
1.000000
0.411309
0.999997
1.000000
0.000000
0.289421
0.000000
0.999933
0.267115
1.000000
0.117622
0.813941
0.448489
0.576515
1.000000
1.000000
0.942994
0.967491
1.000000
0.000000
1.000000
0.937126
0.993852
0.082356
0.962630
0.000000
1.000000
1.000000
0.000000
0.092628
0.823393
0.980712
0.941389
0.000231
0.216870
1.000000
0.720359
0.712109
0.969003
1.000000
0.999975
1.000000
1.000000
0.000000
0.520129
1.000000
0.086523
0.030243
0.502759
0.000000
1.000000
0.762333
0.000000
0.924518
0.000000
0.000000
0.000000
0.855760
1.000000
0.786238
0.097592
0.941278
0.995418
0.000000
0.975789
0.000754
0.996472
0.000000
1.000000
0.879927
0.098925
0.000000
0.096318
1.000000
1.000000
0.478464
0.000000
0.000000
0.000000
0.262121
0.000000
0.059163
0.988478
0.774526
0.432748
0.000000
1.000000
0.435216
0.000000
0.042237
0.776275
0.999855
0.461098
0.932747
1.000000
0.000000
1.000000
0.903790
1.000000
0.000000
0.000000
0.977402
1.000000
1.000000
0.387995
0.408997
0.018547
0.843515
1.000000
0.175480
1.000000
0.857447
1.000000
0.978960
0.532196
0.477907
0.449517
0.000000
0.000000
1.000000
0.062401
0.000000
0.983299
1.000000
0.715028
0.000000
0.072703
0.053822
0.000000
0.643696
0.985552
0.443988
0.000000
0.000000
0.998768
0.304314
0.782147
1.000000
0.939043
0.939910
0.826283
1.000000
0.843882
0.214767
0.889252
0.087400
0.778223
0.994733
0.000000
0.000000
0.993802
1.000000
0.000000
1.000000
1.000000
0.794603
0.000000
0.724701
0.000000
1.000000
0.873651
0.999467
0.487653
0.961614
0.000000
0.867436
1.000000
0.999935
0.386503
1.000000
0.659783
1.000000
0.000000
0.000000
0.216414
0.777013
1.000000
1.000000
0.999161
1.000000
0.513157
0.852726
0.000000
0.963887
0.090441
1.000000
0.000000
1.000000
0.793708
0.952396
0.277695
0.723145
0.993279
1.000000
0.000000
0.000178
0.607916
0.578291
0.000000
0.725147
0.881975
0.065970
0.000000
0.999941
0.007843
0.075434
0.106570
0.946260
0.812253
0.859485
0.021485
0.999915
0.000000
0.619226
0.999397
0.000000
0.487921
0.001237
0.320950
0.500654
1.000000
0.151091
0.999910
0.907552
0.001784
0.999999
0.010916
1.000000
1.000000
0.000000
1.000000
0.364846
1.000000
0.768669
0.485507
0.304728
0.337586
0.000000
0.104478
0.103168
0.999962
1.000000
0.073972
0.380690
1.000000
0.851418
1.000000
0.040067
0.799660
0.000000
0.022946
0.959227
0.876351
0.203543
0.954346
1.000000
0.441632
0.671342
1.000000
0.000000
0.947801
0.234680
1.000000
0.999309
1.000000
0.953055
0.807851
0.746845
0.999995
0.680483
1.000000
1.000000
0.999820
0.978317
0.937718
0.980550
0.012509
1.000000
0.690520
0.000000
0.000000
0.357122
0.240615
0.160232
0.307247
0.409325
0.000000
0.000566
0.000000
0.815028
0.644491
0.957675
0.132359
0.000000
0.000000
0.808010
0.043784
0.424383
0.001754
1.000000
0.075602
0.000000
0.878149
0.032809
0.837605
0.963778
1.000000
1.000000
0.156772
1.000000
1.000000
1.000000
0.821147
0.167079
0.942021
1.000000
0.071847
1.000000
0.000000
0.949776
1.000000
0.795941
0.999988
0.581510
0.887614
0.000000
0.998979
0.780200
1.000000
1.000000
0.000000
0.986285
1.000000
0.979364
0.000000
0.944774
1.000000
0.002980
0.000000
0.999691
0.511248
0.018455
0.854512
1.000000
0.940520
1.000000
0.150741
0.286094
1.000000
0.635950
0.884256
0.000000
0.000000
0.645651
1.000000
0.997450
1.000000
0.237021
0.000000
0.386900
0.997171
1.000000
1.000000
0.804504
0.000000
0.999821
0.579389
1.000000
0.000000
0.786341
1.000000
0.995522
0.999882
0.346363
0.194241
1.000000
0.631458
1.000000
0.239368
0.199285
0.301727
0.237307
0.866431
0.250363
0.477320
0.201795
0.559580
0.005909
0.999947
0.000000
1.000000
0.997379
0.809630
0.999983
1.000000
0.413289
0.879975
0.001142
0.000000
0.466884
0.012463
1.000000
0.854583
0.846149
0.905766
0.000000
0.994174
0.009492
0.401192
0.000000
0.005180
0.000000
0.000000
0.771038
0.950210
0.438650
0.956122
0.922003
1.000000
0.103345
1.000000
0.000000
0.057466
0.607267
0.993554
0.243534
0.995727
0.346259
0.984011
0.737957
0.821366
0.921596
0.389621
0.945091
0.996472
0.250892
0.999978
0.219654
0.367397
0.186567
0.150215
1.000000
0.109844
0.920811
1.000000
0.018090
0.355069
1.000000
0.008220
0.580641
0.449830
0.999912
0.741458
0.000000
1.000000
1.000000
0.939482
0.263648
0.998303
0.410588
0.000000
0.231618
1.000000
0.957543
0.000000
0.787653
1.000000
0.000000
0.495536
0.115859
0.000000
0.656335
0.060332
0.913411
0.000000
0.000000
0.559476
0.526682
0.584584
0.188364
0.294862
0.999091
0.000000
0.998415
0.902532
0.049655
0.337586
1.000000
0.993102
0.534927
1.000000
0.928085
1.000000
0.727370
0.000000
0.916951
1.000000
0.736878
0.826567
0.000000
0.998641
0.917170
0.738687
0.000000
0.000000
1.000000
0.000129
0.196273
0.759461
0.000372
0.001529
0.948613
0.999994
0.011079
0.035380
0.923548
0.660157
0.972595
0.448573
0.000000
0.747329
0.989492
0.988771
0.676612
0.009849
0.303551
0.006005
0.289108
0.027554
0.193947
0.321328
0.397908
0.978458
0.929570
0.000000
0.194966
0.403681
0.940065
0.507621
0.998097
0.563751
0.094916
0.999997
0.951947
0.766429
0.761262
0.268029
0.795941
0.000000
0.306099
0.131397
0.000000
0.000000
1.000000
0.227661
0.999999
0.901100
0.591965
0.000000
0.000000
0.603768
1.000000
1.000000
0.159863
0.321268
0.477467
0.981628
0.038025
0.796111
0.323166
0.014948
1.000000
0.393464
0.337051
0.000000
0.997224
0.000000
0.000000
0.000000
0.183127
0.837047
0.303034
0.310067
1.000000
0.990631
0.506693
0.920219
1.000000
0.318515
0.178115
0.255571
0.999694
0.025029
0.455834
0.816437
0.962121
0.432784
0.625075
1.000000
1.000000
0.624872
1.000000
0.534843
0.002171
0.025743
0.291026
0.999999
0.000000
0.000000
0.903932
0.997313
0.999516
0.000000
0.994129
0.000000
0.000242
0.706004
0.999999
0.000000
0.000060
0.991956
0.998951
0.000433
0.948390
0.000000
0.219461
0.041397
0.999937
0.998206
0.999998
0.694830
0.091272
1.000000
0.000000
0.844283
0.700730
0.000227
1.000000
1.000000
0.264071
0.031157
0.910201
0.235208
1.000000
0.999999
0.000000
0.656740
0.519734
0.001663
0.762128
0.999999
0.977526
0.710846
1.000000
0.811363
0.000000
0.000000
0.109953
0.474917
0.098375
0.999874
0.004514
0.000000
0.206775
0.000000
0.112214
0.000000
0.999993
0.996501
0.656336
0.447271
0.000000
0.238212
0.224392
0.571095
0.371066
0.005535
0.000000
0.357264
0.995074
0.287986
0.000000
0.973692
0.890967
0.000000
0.292037
0.409215
1.000000
0.648997
0.000007
0.000000
1.000000
0.000000
0.958354
0.248590
0.195590
0.823357
0.999429
0.927597
0.003063
0.277957
0.971168
0.609567
0.438500
0.558237
1.000000
0.891936
0.530457
0.589525
0.714802
0.073091
0.000000
0.100555
0.609190
0.286039
0.000000
0.000000
0.999527
0.844629
0.878467
0.997884
0.832616
1.000000
0.869435
0.809841
0.033086
0.340331
0.000000
0.860503
0.327912
0.997554
0.999671
0.194241
0.343410
0.000000
0.947824
0.191773
0.953025
0.137938
0.000000
0.445854
1.000000
0.880246
0.506633
0.000000
0.247426
0.000000
0.000180
0.000000
0.055122
0.999961
0.284606
0.364411
1.000000
1.000000
0.000000
1.000000
0.015299
0.000000
0.118218
0.110899
0.999960
0.548153
0.668258
0.643051
1.000000
0.573499
1.000000
0.412945
0.812888
0.772218
0.016695
0.009986
0.000000
0.167719
0.999724
0.624697
0.949350
0.168886
0.940378
0.899394
0.712502
0.946851
0.000000
0.744100
0.000000
0.201375
0.034687
0.469109
1.000000
0.000000
0.000000
1.000000
0.999875
0.916442
0.987673
0.610729
1.000000
1.000000
1.000000
1.000000
0.869007
0.000000
0.111637
1.000000
0.996067
0.908685
0.944346
0.999601
0.928910
0.958644
0.000000
0.999829
0.001971
0.999667
0.684606
0.925866
0.000000
0.193113
0.338834
0.443565
0.503534
0.000000
1.000000
0.000000
1.000000
1.000000
0.000000
0.000000
0.871016
0.000000
1.000000
0.000000
0.001560
0.132729
0.995012
0.650133
0.154115
1.000000
0.647683
0.999988
0.071146
0.000000
0.306099
0.989865
0.000000
0.008053
0.742052
0.000000
0.000000
1.000000
0.578578
0.859063
1.000000
0.409310
0.500366
0.006832
0.000000
0.394081
0.888942
0.999996
0.052967
0.562552
1.000000
0.942342
0.253328
0.000000
0.947801
0.932018
0.306099
0.996226
0.183863
0.543866
0.654068
0.074972
0.305136
0.228416
0.000000
0.876553
1.000000
0.713637
1.000000
1.000000
0.999903
0.000000
0.004364
0.384961
0.722631
0.387940
0.999752
0.000045
0.000000
1.000000
0.000000
0.178866
0.003007
0.000000
0.980018
0.000732
0.314227
0.935571
0.000000
0.000000
0.148966
0.011343
0.747295
0.650846
0.000000
0.499851
0.000000
1.000000
0.000000
0.992760
0.361658
0.671770
1.000000
0.531258
0.897274
0.000132
1.000000
0.500274
1.000000
1.000000
0.110793
0.806934
0.762376
0.987774
0.305069
0.000000
0.027219
1.000000
0.554717
0.999983
0.606494
0.000000
1.000000
0.000000
0.979242
0.003388
0.643301
0.999959
0.208184
0.046361
0.783361
0.000000
0.099995
0.000000
0.538373
0.457808
0.534927
0.785876
1.000000
0.995910
0.000000
1.000000
0.520465
0.000000
0.751538
0.963304
0.000000
0.997760
0.238193
0.000000
0.783648
0.303002
0.056431
0.000000
0.091887
0.994783
1.000000
0.513945
0.000000
0.409215
0.000000
0.100579
0.000000
0.204087
0.999913
1.000000
0.000000
0.000000
0.958954
0.990297
0.005084
0.146756
0.000000
0.702721
0.000000
0.000004
0.731291
0.543810
0.707710
0.538182
0.000000
0.008220
0.864221
1.000000
0.000000
0.000000
0.828619
0.000000
0.892487
0.945171
0.857363
0.936483
1.000000
0.526231
0.015054
1.000000
0.733191
1.000000
0.002160
0.760784
0.000000
1.000000
0.665249
0.000000
0.000000
0.002661
0.627505
0.159606
0.000000
0.962352
0.613102
0.999942
0.979400
0.305967
0.867604
0.999875
0.932857
0.000000
1.000000
0.382785
0.389621
1.000000
0.991805
0.880331
0.578212
0.272136
0.181545
0.000000
1.000000
0.983568
0.998874
0.999999
0.984574
0.957001
1.000000
1.000000
0.000000
0.000609
0.187468
0.993205
1.000000
0.451106
0.000000
1.000000
1.000000
0.999989
1.000000
0.999947
0.982412
0.019703
0.087086
1.000000
0.999490
1.000000
0.721439
0.864925
0.796109
0.214883
0.999961
1.000000
0.014194
0.689510
0.868785
0.731613
0.000000
0.851488
0.000000
0.852466
0.950244
0.000000
0.990605
1.000000
0.136651
0.627101
0.262080
0.845338
0.142558
0.819410
0.373761
0.943325
0.626745
0.036682
0.000000
0.463122
0.000000
0.999997
0.000000
1.000000
0.855420
0.000000
0.000000
0.004712
0.000000
0.990706
0.976605
0.999562
0.615319
0.443565
1.000000
0.998756
0.629496
0.998787
0.314227
0.000000
0.937016
1.000000
0.816530
0.538182
1.000000
1.000000
0.283558
1.000000
0.048060
0.085471
0.000000
1.000000
0.999269
0.685527
0.000000
1.000000
0.000000
0.417154
0.461098
0.903089
0.085960
0.998345
0.891147
0.000000
1.000000
0.532650
0.440386
0.000000
0.954535
1.000000
1.000000
0.999990
1.000000
0.547486
0.900730
0.458029
0.067045
0.508301
0.000000
1.000000
1.000000
0.995175
0.103168
1.000000
0.877884
0.335626
0.028941
0.957525
1.000000
1.000000
1.000000
0.000000
0.993869
0.144927
1.000000
0.986322
0.000000
0.123172
0.000024
0.134142
1.000000
0.008609
0.999982
0.000000
0.999999
0.143480
0.991764
0.000000
0.863818
0.466160
0.116686
0.247570
0.000048
0.080399
0.372338
0.004791
0.840118
0.771342
0.000000
0.000000
0.000000
0.223148
1.000000
0.002194
0.701645
0.373761
1.000000
0.989919
0.933680
0.010994
0.492623
0.397509
1.000000
0.000000
0.614014
1.000000
0.230037
0.204383
0.947824
0.572942
0.495014
0.564377
0.175611
1.000000
0.000000
0.989681
0.980562
0.457649
0.537564
0.903235
0.761755
0.133718
1.000000
0.958504
0.124289
1.000000
0.000000
0.504214
0.430726
0.715037
0.996939
0.368088
0.750493
0.488207
0.155400
0.004607
1.000000
0.416927
0.546728
1.000000
0.328175
0.055920
0.696821
1.000000
0.900703
0.908688
0.155674
0.999996
0.000000
0.000000
0.219803
0.999366
0.773805
0.000000
0.015980
0.960728
0.645979
0.000000
0.956389
0.124918
0.000000
0.896280
0.294098
0.803324
0.870679
0.001713
0.000094
0.000000
0.833931
0.525836
0.370249
0.000000
1.000000
0.992321
0.910092
0.000000
0.000000
0.615963
