0.000000
0.000000
0.000000
0.000000
0.000000
0.008967
0.000000
0.310430
0.000000
0.000000
0.000000
0.000000
0.000000
0.581444
0.000000
0.000000
0.000000
0.000000
0.999997
0.000000
0.000000
0.053742
0.006458
0.000408
0.000000
0.000000
0.000000
0.000000
0.000000
0.594793
0.863859
0.000000
0.000000
0.000000
0.589917
0.000000
0.000000
0.000000
0.000000
0.000000
0.000000
0.000000
0.000000
0.000000
0.000000
0.997655
1.000000
0.000000
0.000000
0.043314
0.000000
0.000000
0.007830
0.000000
0.000000
0.000000
0.995029
0.000000
0.000000
0.000000
1.000000
0.412521
0.000000
0.000000
0.000000
0.000000
0.000000
0.000000
0.000000
0.000000
0.000000
0.000000
0.000000
0.000000
0.000000
0.000000
0.000000
0.000085
0.000000
0.000000
0.000000
0.087423
0.000000
0.000000
0.000000
0.000000
1.000000
0.000000
0.000000
0.161009
0.000000
0.000000
0.000000
0.000000
0.000000
0.000000
0.000000
0.000000
0.000000
0.520305
0.000000
0.000000
0.000000
0.000000
0.000000
0.000000
0.000000
0.000000
0.000000
0.000000
0.000000
0.995437
0.000000
0.004597
0.000000
0.000000
0.000000
0.000000
0.988778
1.000000
0.000000
0.000000
0.000000
0.000000
0.000000
0.000000
0.000000
0.000000
0.145129
0.000000
0.000000
0.000000
0.000003
0.143289
0.030137
0.000000
0.000000
0.000000
0.000000
0.000000
0.000000
0.468261
0.000000
0.000000
0.000000
0.000000
0.000000
0.000000
0.000000
0.000000
0.000000
0.000000
0.000000
0.000000
0.000040
0.000000
0.000000
0.000000
0.000000
0.000000
0.000000
0.000000
0.000000
0.000000
0.000000
1.000000
0.000000
0.014594
0.000000
0.000000
0.000000
0.727234
0.000000
0.000000
0.000000
0.000000
0.000000
0.122131
0.000000
0.000000
0.000000
0.000039
0.000000
0.000000
0.000000
0.000000
0.000000
0.999963
0.000000
0.205498
1.000000
0.000000
0.000000
0.000000
0.000000
0.210793
0.000000
0.000000
0.000000
0.000000
0.000000
0.000000
0.000000
0.000000
0.000000
0.162721
0.000000
0.000000
0.000000
0.002613
0.000000
0.000000
0.000000
0.000000
0.852132
0.025956
0.000000
0.000000
0.000000
0.000000
0.000000
0.000000
0.000000
0.000000
0.000000
0.000000
0.000000
0.000000
0.998176
0.000000
0.000000
0.000000
0.000002
0.000000
0.781745
0.000000
0.999101
0.000000
0.000000
0.000000
0.916923
0.000000
0.000000
0.000000
0.000000
0.999991
0.000000
0.000000
0.000000
0.000000
0.000000
0.000000
0.000000
0.000000
0.000000
0.000000
0.000000
0.000000
0.000000
0.000000
0.142820
0.000000
0.000000
0.352773
0.000000
0.000000
0.000000
0.000000
1.000000
0.001926
0.000000
0.000000
0.015376
0.000000
0.000000
0.000000
0.009214
0.000000
0.000000
1.000000
0.000441
0.000000
0.000000
0.000000
0.000000
0.161850
0.000000
0.000000
0.000000
0.000000
0.000000
0.000000
0.000000
0.000000
0.000000
0.000000
0.000000
0.091097
0.000000
0.000000
0.000000
0.289251
0.000000
0.000000
0.000000
0.000000
0.000000
0.000000
0.000000
0.000000
0.000000
0.000000
0.000000
0.100024
0.000000
0.000000
0.013544
0.000000
0.000000
0.000000
0.999573
0.000000
0.000000
0.038560
1.000000
0.077666
0.012133
0.000000
0.000000
0.000000
0.610885
1.000000
0.000000
0.000000
0.000000
0.000000
0.018735
0.000000
0.907554
1.000000
0.000000
0.000000
0.000000
0.000000
0.003919
0.000000
0.000000
0.000000
0.000000
0.999999
0.000000
0.000000
1.000000
0.000000
0.000072
0.000000
0.000000
0.000000
0.000000
1.000000
0.000000
0.000000
0.000000
0.000000
0.000000
0.000000
0.000000
0.229548
0.000000
0.000000
0.000000
0.000000
0.000000
0.000000
0.000000
0.000000
0.943338
0.092724
0.000000
0.000000
0.000000
0.005660
0.021471
0.000000
0.000000
0.000000
0.000000
0.803966
0.000000
0.000000
0.052221
0.000000
0.000000
0.123506
0.000000
0.000000
0.000000
1.000000
0.025341
0.000000
0.483827
0.000000
0.000000
0.999155
0.000000
0.000000
0.000000
0.000000
0.000000
0.002649
0.000000
0.000000
0.000000
0.000000
0.245684
0.000000
0.000000
0.000000
0.000000
0.000000
1.000000
0.000000
0.000000
0.000000
0.000000
0.000000
0.000000
0.000000
0.000512
0.000000
0.000000
0.000000
0.000000
0.000000
0.000000
0.000000
0.548382
0.000000
0.000000
0.000000
0.000000
0.000000
0.000000
0.000000
0.000000
0.000000
0.000000
0.000000
0.000000
0.000000
0.000000
0.994003
0.257475
0.000000
0.000000
0.181656
0.000000
0.000000
0.000000
1.000000
0.000000
0.999728
0.000000
0.000000
0.000000
0.125407
0.000000
0.000530
0.000000
0.000000
0.000000
1.000000
0.982406
0.000000
0.999979
0.000000
0.000000
0.048391
0.000000
0.000000
0.000000
0.000000
0.000000
0.000000
0.000000
0.000000
0.000000
0.000000
0.000000
0.000000
0.183278
0.000000
0.000000
0.205396
0.000000
0.000897
0.000000
0.000000
0.000000
1.000000
0.000000
0.000000
0.000000
0.000000
1.000000
0.000000
0.000000
0.000000
0.000000
0.000000
0.016370
0.581399
0.000000
0.000000
0.000000
0.000000
0.000000
0.000000
0.492216
0.000000
0.000000
0.000000
0.000000
0.000000
0.000000
0.000000
0.000000
0.000000
0.002054
0.000000
0.000000
0.000000
0.978598
0.000000
1.000000
0.000000
0.000000
0.000000
0.000000
0.000000
0.712923
0.000000
0.000000
0.000000
0.000000
0.000000
1.000000
0.000395
0.073718
0.000000
0.000000
0.412665
0.000000
0.000000
0.000000
0.000000
1.000000
0.000000
0.544572
0.000000
0.000000
0.000000
0.996373
0.000000
0.037717
0.000000
0.000000
0.000000
0.000000
0.044805
0.000000
0.000000
0.000000
0.000000
0.000000
0.000000
0.000000
0.900715
0.000000
0.000000
0.000000
0.000000
0.000000
0.000000
0.000000
0.000000
0.111872
0.000000
0.000000
0.000000
0.000000
0.020062
0.000000
0.000000
0.000000
0.000000
0.000000
0.000000
0.000000
0.000000
0.126169
1.000000
0.832077
0.936230
1.000000
0.000000
0.000000
0.075490
0.000000
0.172874
0.000000
0.000000
0.000000
0.000314
0.000000
0.000000
0.000000
0.000000
0.000000
0.255905
0.999791
1.000000
1.000000
0.000000
0.000000
0.000000
0.000000
0.000000
0.000000
0.000000
0.000000
0.000000
0.596702
1.000000
0.000000
0.000000
0.000000
0.000000
0.758223
0.000000
0.000000
0.000000
0.000000
0.000000
0.066354
0.000000
1.000000
0.000000
0.000942
0.000000
0.000000
0.000000
0.043702
0.000000
0.000000
0.000000
0.000000
0.000000
0.671465
0.000000
0.000000
0.000000
0.000000
1.000000
0.000000
0.000000
0.000000
0.000000
0.359180
0.000000
0.000000
0.073328
0.000000
0.000000
0.000000
0.000000
0.000000
0.000000
0.000000
0.000000
0.007138
0.000000
0.000000
0.000000
0.000000
0.000000
0.000000
0.000000
0.000000
0.000000
0.000000
0.000000
0.363870
0.000000
0.000000
0.000000
0.000000
0.000000
0.000000
0.000000
0.000000
0.088973
0.000000
0.000000
0.000000
0.000000
0.000000
1.000000
0.000000
0.000000
0.000000
0.127120
0.000000
0.000000
0.000000
0.000000
0.000000
0.000000
0.000000
0.966901
0.000000
0.000000
0.000000
0.000000
0.000000
0.000000
0.000000
0.000000
0.000000
0.000000
0.000260
0.000000
0.000000
0.000000
0.120427
0.000000
0.000000
0.061962
0.000000
0.000000
0.000000
0.147424
0.000000
0.000000
0.000000
0.509333
0.000000
0.000000
0.000000
0.002888
0.000000
0.000000
0.000000
0.000000
0.016273
0.001537
0.000000
0.000000
0.000000
0.000000
0.013588
0.000000
0.000000
0.484278
0.000000
0.000000
0.000000
1.000000
0.000000
0.999083
0.000000
0.000000
0.000000
0.998324
0.339688
0.000000
0.000000
0.000000
0.000000
0.001614
0.000000
0.566777
0.000000
0.000000
0.000000
0.106208
0.000000
0.000000
0.302656
0.000000
0.000000
0.000000
0.000000
0.000000
0.000000
0.000000
0.000000
0.802399
0.000000
0.000000
0.000000
0.000000
1.000000
0.000000
0.000000
0.000000
0.000000
0.000000
0.000000
0.906764
0.000000
0.000000
0.085369
0.000000
0.000000
0.000000
0.139249
0.999993
0.000000
0.000000
0.000000
0.000000
0.000000
0.000000
0.000000
0.000000
0.000000
0.000000
0.031043
0.000000
0.000000
1.000000
0.000000
0.000000
0.000000
0.000028
0.000000
0.538117
0.000000
0.435698
0.000000
0.000000
0.000000
0.000000
0.999871
0.000000
0.000000
0.000000
0.000000
0.000000
0.000000
0.000000
0.000000
0.000000
0.000000
0.000000
0.014093
0.000000
0.111695
0.000000
0.000000
0.000000
0.943273
0.000000
0.000000
0.000000
0.000000
0.000000
0.000000
0.935059
0.000000
0.000000
0.000000
0.000000
0.000000
0.000000
0.000000
0.992538
0.000000
0.203789
0.000000
0.000000
0.000000
1.000000
0.000223
0.215657
0.000000
0.000000
0.000000
0.000000
0.000000
0.000000
0.106250
0.000000
0.000000
0.000000
0.000000
0.000000
0.000000
0.000000
0.000000
0.092519
1.000000
0.000000
0.000000
0.000000
0.033463
0.000000
0.000000
0.000000
0.000000
0.000000
0.000000
0.000000
0.000000
0.000000
0.000000
0.000000
0.000000
0.000000
0.000000
0.000000
1.000000
0.000000
0.000000
1.000000
0.000000
0.000000
0.000000
0.000000
0.000000
0.356979
0.000000
0.000000
0.001767
0.000000
0.000000
0.003097
0.000000
0.000000
0.000000
0.011568
0.000000
0.000000
0.000000
0.106440
0.000000
0.000000
0.000000
0.000000
0.001078
0.000000
0.000000
0.004090
0.000000
0.000000
0.000000
0.000000
0.000000
0.000000
0.000000
0.000000
0.000000
0.000000
0.000000
0.000000
0.000104
0.762845
0.000000
0.000138
0.000000
0.000000
0.000000
0.000000
0.000000
0.000000
0.000000
0.000000
0.000000
0.000000
0.000000
0.000000
0.000000
0.000000
0.000000
0.000000
0.000000
0.000000
0.000000
0.000000
0.000000
0.000000
0.000000
0.000000
0.000000
0.000000
0.000000
0.000000
0.000000
0.000000
0.000000
0.000000
0.000000
0.000000
0.000000
0.000000
0.000000
0.000000
0.111388
0.000000
0.000000
0.000000
0.000000
0.000000
0.000000
0.236830
0.033768
0.000000
0.000000
0.000000
0.000000
1.000000
0.000000
0.000000
0.000000
0.000000
0.000000
0.113664
0.000000
0.000000
0.000000
0.000000
0.000000
0.000000
0.000000
0.000000
0.000000
1.000000
0.997248
0.000000
0.000000
0.000000
0.000000
0.000000
0.000000
0.000000
0.000000
0.000000
0.000000
0.000000
0.000000
0.991952
0.000000
0.442076
0.000000
1.000000
0.000000
0.000000
0.000000
0.000000
0.000000
0.021201
0.000000
0.000000
0.726879
0.000000
0.000000
0.000000
0.000000
0.000000
0.000000
0.000000
0.000000
0.000000
0.000000
0.863555
0.000000
0.000000
0.000000
0.000000
0.000000
0.000000
0.000000
0.000000
0.000000
0.000000
0.000000
0.900004
0.000000
0.000000
0.000000
0.000000
0.000000
0.438513
0.000000
0.007426
0.000000
0.004814
0.000000
0.000000
0.000000
0.000000
0.000000
0.000000
0.000000
0.000000
0.979748
1.000000
0.000000
0.329278
0.000000
0.000000
0.000598
0.000000
0.000000
0.000000
0.002771
0.000000
0.000000
0.000000
1.000000
1.000000
0.000000
0.000000
0.000000
0.000000
0.000000
0.000000
0.417257
0.000000
0.000000
0.000000
0.000000
0.000000
0.000000
0.251975
0.000000
0.000000
0.056786
0.000000
0.000000
0.000000
0.000000
0.046165
0.000000
0.000000
0.000000
0.000000
0.000502
0.000000
1.000000
0.000000
0.000000
0.000000
0.000000
0.000000
0.000000
0.000000
0.085202
0.000000
0.000000
0.000000
1.000000
0.000000
0.000000
0.000000
0.004851
0.000000
0.000000
0.000000
0.000000
0.000000
0.000000
0.000000
0.096109
0.000000
0.000000
0.000000
0.000000
0.000000
0.000000
0.000000
0.000000
0.000000
0.000000
0.000000
0.000000
0.000000
0.117557
0.000000
0.000000
0.000000
0.711542
0.000000
0.000000
0.000000
0.000000
0.019627
0.000000
0.061407
0.000176
0.000000
0.000000
0.000000
0.163229
0.000000
0.994968
0.603557
0.001939
0.305081
0.000000
0.000000
1.000000
0.000000
0.000000
0.004471
0.000000
0.701568
0.000000
0.000000
0.994833
0.000000
0.000000
0.794253
0.944372
0.000000
0.511250
1.000000
0.000000
0.018442
0.946786
0.007579
1.000000
0.000000
0.000000
0.000000
0.000000
0.000000
0.000000
0.000000
0.027605
0.000000
0.000000
0.000000
0.006373
0.014097
0.000000
0.000000
0.031860
0.000000
0.000000
0.000000
0.009127
0.035107
0.000000
0.000000
0.000000
0.000000
0.000000
0.000000
0.000000
0.000035
0.000000
0.047346
0.000000
0.027266
0.000000
0.000000
0.143051
0.000000
0.000000
0.000000
0.000000
0.000000
0.000000
0.000000
0.000000
0.000000
0.371911
0.000000
0.473947
0.998103
0.999998
0.000000
0.000000
0.000000
0.000000
0.321223
0.000000
0.000000
0.000000
0.000000
0.000000
0.068890
0.000000
0.000000
0.000000
0.000000
0.000000
0.000000
0.000000
0.000000
0.121014
0.000000
0.000000
0.000036
0.000000
0.346319
0.000000
0.340892
0.000000
0.000000
0.000000
0.000000
0.000000
0.000000
0.000000
0.000000
0.000000
0.000000
0.000000
0.000000
0.946661
0.000000
0.010602
0.000000
0.000000
0.999917
0.229487
0.000000
0.000000
0.000000
0.000000
0.999352
1.000000
0.000000
0.000000
0.000000
0.000000
0.000000
0.000000
0.967007
0.000000
0.000000
0.000000
0.000000
0.000000
0.010717
0.000000
0.000000
0.000000
0.290023
0.000000
0.000000
0.000000
0.000000
0.000000
0.005630
0.000000
0.000000
0.000000
0.000000
0.000000
0.000000
0.999631
0.000000
0.000000
0.000000
0.000000
0.000000
0.999356
0.000000
0.000000
0.000000
1.000000
0.380582
0.000000
0.000000
0.000000
0.000000
0.000000
0.001591
0.065280
0.000000
0.000000
0.511207
0.000000
0.000000
0.000000
0.000000
0.000000
0.000000
0.000000
0.000000
0.000000
0.000000
0.000000
0.000000
0.000000
0.036277
0.000000
0.000000
0.000000
0.000000
0.003441
0.000000
0.000000
0.000000
0.000000
0.320170
0.000000
0.000000
0.000000
0.000000
0.000000
0.000000
0.000000
0.000000
0.000000
0.221742
0.000000
0.000000
0.000000
0.000000
0.000000
0.000000
0.033962
0.000000
0.000000
0.000000
0.000000
0.000000
0.000000
0.610561
0.000589
0.000000
0.005274
0.000000
0.000000
0.000000
0.000000
0.997481
0.993919
0.000000
0.000000
0.000000
0.000000
0.000000
0.010750
0.000000
0.000000
0.000000
0.000000
0.057792
0.012404
0.000000
0.000000
0.541741
0.000000
0.000000
0.000000
0.000000
0.000000
0.000000
0.406431
0.000000
0.000000
0.000000
0.000000
0.000000
0.389960
0.000000
0.000000
0.000000
0.000000
0.004379
0.000000
0.000000
0.000000
0.000000
0.000000
0.112970
0.000000
0.000000
0.000000
0.075088
0.000000
0.000000
0.000000
0.000000
0.000000
0.000000
0.000000
0.000000
0.931107
0.000000
0.000000
1.000000
0.000000
0.000000
0.219600
0.000000
0.702214
0.000000
0.000000
0.000000
0.000000
0.000000
0.040149
0.000000
0.000000
0.000000
0.000000
0.000000
0.000000
0.000000
0.002230
0.000000
0.000000
0.000000
0.000000
0.000000
0.138549
0.000000
0.000000
0.000000
0.000000
0.046334
0.134574
0.000000
0.000000
0.000000
0.978240
0.000000
1.000000
0.000000
0.000000
0.000000
0.000000
0.000000
0.000000
0.000000
0.000000
0.030310
0.000000
0.000000
0.000000
0.000000
0.000000
0.000000
1.000000
0.000000
0.000000
0.000000
0.000000
0.000007
0.000000
0.000000
0.000000
0.985927
0.000000
0.000000
0.000000
0.000000
0.000000
0.000000
0.000000
0.000000
0.000000
0.000000
0.000000
0.000000
0.000000
0.000000
0.000000
0.000000
0.000599
0.000000
0.000000
0.000000
0.477274
0.000000
0.000000
0.000000
0.000000
0.000000
0.000000
0.000000
0.000000
0.966729
0.000000
0.000000
0.000000
0.113499
0.154851
0.000000
0.880354
0.000000
0.000000
0.000000
0.960310
0.000000
0.000000
0.000000
0.000000
0.000000
0.000000
0.000000
0.000000
0.000000
0.000000
0.000000
0.000000
0.000000
1.000000
0.000000
0.000000
0.737488
0.000000
0.000000
0.000000
0.000000
0.000000
0.000000
0.000000
0.000000
0.376154
0.419800
0.000170
1.000000
0.000000
0.000000
0.000000
0.000000
0.000000
0.000158
0.001209
0.000000
0.000000
0.000000
0.000000
0.999986
0.000000
0.000000
0.000000
0.000000
0.000000
0.000222
1.000000
0.000000
0.000000
0.000000
0.000000
0.000000
0.000000
0.066320
0.000000
0.000000
0.000000
0.000000
0.990754
0.000000
0.000000
0.094140
0.004530
0.000000
0.000000
0.000000
0.000000
1.000000
0.000000
0.000000
0.000000
0.000000
0.000000
0.000000
0.000000
0.000000
0.891109
0.210152
0.000000
0.000000
0.000000
0.000000
0.000000
0.000000
0.000000
0.000000
0.000000
0.000000
0.721922
0.000000
0.020635
0.980340
0.000000
0.000000
0.073747
0.000000
0.000000
0.000000
0.000000
0.041782
0.000000
0.000000
0.000000
0.000576
0.000000
0.491681
0.000000
0.993677
0.000000
0.000000
0.587845
0.000000
0.000000
0.000000
0.000000
0.000000
0.127119
0.000000
0.575178
0.000000
0.018324
0.736541
0.000000
0.107634
0.000000
0.000000
0.000000
0.000000
0.877813
0.000012
0.003166
0.075556
0.000000
0.000000
0.123595
0.000000
0.000000
0.675997
0.484412
0.000000
0.000000
0.000000
0.000000
0.000000
0.000000
0.000000
0.000000
0.000000
0.000000
0.000000
0.000000
0.011929
0.000000
0.000000
0.000000
0.000000
0.054942
0.000000
0.000000
0.000000
0.000000
1.000000
0.000000
0.000000
0.000000
0.000000
0.000000
0.189036
0.000000
0.000000
0.985416
0.999993
0.000000
0.000000
0.000000
0.000000
0.000000
0.082738
0.000000
0.000000
0.000000
0.000000
0.000000
0.000000
0.000000
0.005820
0.000000
0.000000
0.000000
0.161232
0.000317
0.000000
0.000474
0.000000
0.000000
0.000000
0.000000
0.000000
0.000000
0.000000
0.000000
0.000000
0.000000
0.220377
0.000000
0.000000
0.000000
0.000000
0.000000
0.000000
0.023759
0.000000
0.000000
0.000000
0.000000
0.000000
0.000000
0.256509
0.000000
0.000000
0.000000
0.000000
0.000000
0.000000
0.000000
0.000000
0.003683
0.999997
0.000000
0.000000
0.000000
1.000000
0.000000
0.000000
0.000000
0.000000
0.000000
0.005736
0.000000
0.000000
0.000000
0.000000
0.000000
0.000000
0.000000
0.000000
0.000000
0.000000
0.000000
0.000000
0.776477
0.000000
0.000000
0.000000
0.000000
0.000000
0.167767
0.000000
0.000000
0.305291
0.000000
0.000000
0.000000
0.000000
0.000939
0.000000
0.000000
0.058518
0.000000
0.000000
0.000015
0.000000
0.000000
0.058198
0.000000
0.696196
0.000000
0.000000
0.000000
0.193607
0.000000
0.000000
0.000000
0.002039
0.000000
0.000000
0.000000
0.000000
0.999999
0.000000
0.098619
0.000000
0.000000
0.000000
0.000000
0.000000
0.000000
0.000000
0.281223
0.000000
0.000000
0.204937
0.000000
0.000000
1.000000
0.000000
0.000000
0.000000
0.000000
0.003442
0.000000
0.000000
0.000000
0.000000
0.000000
0.000000
0.000000
0.000000
0.000000
0.000000
0.000000
0.422580
0.000000
0.000000
0.000000
0.000000
0.000000
0.000000
0.000000
0.000000
0.000000
0.000000
0.000000
0.000000
0.000000
0.000000
0.000000
0.000000
0.998281
0.000000
0.000000
0.000000
0.000000
0.000000
0.000000
0.000000
0.000005
0.539282
0.000000
0.000000
0.000000
0.998929
0.000000
0.000000
0.000000
0.996017
0.000000
0.000000
0.000000
0.000000
0.000000
0.329441
0.064064
0.000000
0.000000
0.000000
0.000000
1.000000
0.000000
0.000000
0.000000
0.001749
0.000000
0.000000
0.000000
0.000000
0.030961
0.000000
0.000000
0.000000
0.000000
0.000000
0.000000
0.000000
0.000000
0.000000
0.000000
0.000000
0.000000
0.000000
0.000000
0.000000
0.000000
0.000000
0.000000
0.000000
0.000000
0.000000
0.000000
0.000000
0.000000
0.000000
0.000000
0.003349
0.000000
0.000000
0.000000
0.000000
0.000000
0.000000
0.000000
0.000000
0.000000
0.000000
0.028579
0.000000
0.000000
0.000000
0.000000
0.000000
0.000000
0.570182
0.000000
0.999232
0.000000
0.000000
0.000000
0.000000
0.000000
0.000000
0.999997
0.000000
0.000000
0.000000
0.000000
0.067555
0.000000
0.000000
0.002144
0.000000
0.000000
0.012387
0.000000
0.000000
0.000000
0.277442
0.000000
0.000000
0.973117
0.963212
0.000000
0.000000
0.000000
0.000000
0.000166
0.000000
0.000000
0.000000
0.000000
0.000255
0.217314
0.000000
0.000000
0.000000
0.000000
0.493593
0.999232
1.000000
0.000000
0.000000
0.000000
0.999421
0.000000
1.000000
1.000000
0.000000
0.027704
0.000000
0.000000
0.000000
0.000000
0.007654
0.000000
0.000000
0.000000
0.000000
0.000000
0.256883
0.000000
0.000000
0.314399
0.000000
0.542478
0.182983
0.001708
0.000000
0.144790
0.000000
0.005597
0.999888
0.000000
0.000000
0.000000
0.000000
0.000000
0.000000
0.356402
0.000000
0.000000
0.000000
0.000000
0.000000
0.000000
0.000000
0.000000
0.000000
0.000000
0.000000
0.000000
0.000000
0.003926
0.000000
0.000000
0.000000
0.256314
0.000000
0.000000
0.000000
0.003308
0.785559
0.125050
0.000000
0.525498
0.000000
0.000000
0.000000
0.000000
0.000000
0.000000
0.000000
0.000124
0.017275
0.000000
0.000000
0.030337
0.000000
0.000000
0.000000
0.000000
0.000000
0.000000
0.000000
0.000000
0.000000
0.267512
0.000000
0.000000
0.000000
0.153145
0.000000
0.038694
0.000000
0.000000
0.000000
0.000000
0.000000
0.000000
0.000000
0.000000
0.000000
0.004702
0.940575
0.041475
0.000000
0.000000
0.000000
0.052847
0.000000
0.000000
0.000000
0.000000
0.078011
0.001705
0.000000
0.248631
0.000000
0.000000
0.000000
0.000000
0.000000
0.000000
0.000000
0.000297
0.000000
0.000000
0.000000
1.000000
0.000000
0.000000
0.321125
0.000000
0.131199
0.142917
0.000000
0.055260
0.000000
0.000000
0.000000
0.000000
0.000000
0.907501
0.000000
0.997667
0.000000
0.000000
0.000000
0.000000
0.127023
0.000000
0.404414
0.000000
0.000000
0.000000
0.000000
0.000000
0.000000
0.617194
0.000000
0.001596
0.000000
0.000000
0.000000
0.000000
0.000000
0.000000
0.000000
0.000000
0.000000
0.000000
0.000000
0.000000
0.000000
0.000000
0.694703
0.000000
0.000000
0.000000
0.992183
0.000000
0.000000
0.000000
0.000000
0.000000
0.000000
0.000000
0.135092
0.000000
0.049178
0.000000
0.000000
0.000000
0.000000
0.000000
0.950127
0.000000
0.000000
0.000000
0.001491
0.000000
0.000000
0.000000
0.000000
0.000000
0.000000
0.000000
0.000000
0.000000
0.000000
0.000000
0.000000
0.000000
0.000000
0.000000
0.216033
0.000000
0.000000
0.427968
0.000000
0.000000
0.000000
0.000000
0.000000
0.000000
0.000000
0.000000
0.000000
0.267966
0.000000
0.000000
0.000000
0.980329
0.000000
0.000000
0.000000
0.000000
0.000000
0.001443
0.000000
0.000000
0.000000
0.002426
0.000000
0.018490
0.000000
0.000000
0.000000
0.000000
0.177607
0.000000
0.000000
0.000000
0.000000
0.000000
0.000000
0.000000
0.000000
0.000000
0.000000
0.000000
0.793972
0.000000
0.000000
0.003564
0.000000
0.000000
0.000000
0.000000
0.843578
0.000000
0.110023
0.000000
0.000000
0.000000
0.000000
0.011490
0.000000
0.742228
0.000000
0.346205
0.000000
0.000000
0.001070
0.067491
0.000000
0.092975
0.000000
0.481953
0.000000
0.000000
0.009408
0.075940
0.000000
0.000000
0.022868
0.000000
0.000000
1.000000
0.000000
0.000000
0.000000
0.000000
0.885163
0.000000
0.000000
0.000000
0.000000
0.000000
0.000000
0.000000
0.000000
0.000000
0.000000
0.000000
0.000000
0.000000
0.000000
0.994149
0.000000
0.000000
0.000000
0.000000
0.000000
0.000000
1.000000
1.000000
0.640396
0.000000
0.023100
0.000000
0.000000
0.000000
0.000000
0.000000
0.000000
0.000000
0.000000
0.000000
0.892644
0.000000
0.000000
0.000000
0.000000
0.238215
0.000000
0.000000
0.000000
0.000000
0.000000
0.453293
0.000000
0.036874
0.002994
0.000000
0.000000
0.000000
0.000000
0.000000
0.000000
1.000000
0.005036
0.000000
0.000000
0.111584
0.000000
0.000000
0.000000
0.000000
0.000000
0.000000
0.000000
0.000000
0.000000
0.000000
0.000000
0.000000
0.000000
0.000000
0.000000
0.000000
0.000000
0.000000
0.000000
0.000000
0.000000
0.000000
0.000000
0.000000
0.000000
0.000000
0.000000
0.000000
0.000000
0.000000
0.000000
0.000000
0.000000
0.000000
0.000000
0.000000
0.000000
0.000000
0.000000
0.999990
0.000000
1.000000
0.999710
0.000000
0.000000
0.000000
0.000000
0.000000
0.000000
0.924824
0.332925
0.000000
0.283116
0.000000
0.014687
0.000000
1.000000
0.944501
0.000000
0.011596
0.000000
0.000000
0.000000
0.000000
0.000000
0.000000
0.987727
0.000000
0.000000
0.000000
0.000000
0.000000
0.000000
1.000000
0.000000
0.000000
0.000000
0.000000
0.198757
1.000000
0.000000
1.000000
0.999250
0.000000
0.179803
0.000000
0.044856
0.000000
0.000000
0.000000
0.931293
0.000000
0.000000
0.000000
0.912171
0.000000
1.000000
0.000000
1.000000
0.000000
0.000000
0.000000
0.000000
0.000000
0.000000
0.999973
0.000000
0.000000
0.868741
0.627704
0.000000
0.999999
0.000000
0.000000
0.000000
0.095086
0.000000
0.000000
0.000000
0.280924
0.000000
0.000000
0.000000
0.000000
0.000000
0.000000
0.000000
0.000000
0.000000
0.000000
0.000000
0.000000
0.000000
0.000000
0.000000
0.000000
0.014016
0.000000
0.000000
0.475728
1.000000
0.000000
0.000000
0.000000
0.000000
0.000000
0.000000
0.000000
0.018750
0.000000
0.019066
0.000000
0.000000
0.076501
0.000000
0.000000
0.685634
0.000000
0.000000
0.945960
0.000000
0.000000
0.000000
0.000000
0.000000
0.000000
0.000000
0.000022
0.447342
0.000000
0.000000
0.000000
0.000000
0.000000
0.000000
0.000000
0.000000
0.000000
0.000000
0.000000
0.000000
0.000000
0.000000
1.000000
0.000000
0.000000
0.000000
0.000000
0.000000
0.000000
0.000000
0.009654
0.000000
0.000000
0.000000
0.000000
1.000000
0.000000
0.000000
0.000000
0.000000
0.000000
0.013489
0.000000
0.000000
0.000000
0.000000
0.000000
0.000000
0.124014
0.000000
0.000000
0.000000
0.000000
0.000000
0.000000
0.000000
1.000000
0.000000
0.000000
0.000000
0.000000
0.000000
0.000000
0.952278
0.000000
0.000000
0.000000
0.000000
0.000000
1.000000
0.000000
0.000000
0.000000
0.000000
0.456307
0.000000
0.000000
0.000000
0.000000
0.000000
0.097689
0.000000
0.011596
1.000000
0.000000
0.004907
0.000000
0.998327
0.000000
0.000000
0.000000
0.000000
0.000000
0.000000
0.000000
0.081761
0.000000
0.009086
0.139859
0.000000
0.000000
0.000000
0.000000
0.000000
0.000000
0.000000
0.000000
0.000000
0.000000
0.000000
0.000000
0.000000
0.000000
0.999006
0.000000
0.009377
0.000000
0.000000
0.000000
0.000000
0.000000
0.236682
0.000000
0.000000
0.000000
0.000000
0.000000
0.000000
0.000235
0.130237
0.000000
0.000000
0.100683
0.000000
0.000000
0.000000
0.000000
0.000000
0.000000
0.000000
0.000000
0.000000
0.000000
0.999921
0.002837
0.000000
0.000000
0.003246
0.000782
0.000000
0.000000
0.000000
0.000000
0.000000
0.000000
0.000000
0.000000
0.000000
0.999989
0.999999
0.000000
0.000000
0.000000
0.000000
0.000000
0.000000
0.000000
0.000000
0.000000
0.000000
0.000000
0.297206
0.000000
0.000561
0.000000
0.000174
0.000000
0.000000
0.000000
0.000000
0.000000
0.000000
0.000000
0.000000
0.000000
0.000000
0.000000
0.000000
0.996507
0.001054
0.000000
0.000000
0.000000
0.000000
0.000000
0.000000
0.000000
0.000000
0.000000
0.000000
0.121120
0.000000
0.000000
0.000000
0.000000
0.407183
0.000000
0.000000
0.000000
0.963813
0.000000
0.000000
0.915507
0.000000
0.000000
0.065471
0.000000
0.000000
0.000000
0.000000
0.000000
0.000000
0.000000
0.000000
1.000000
0.000000
0.000000
0.000000
0.000000
0.000000
0.999998
0.000000
1.000000
0.000000
0.000000
0.000000
0.151472
0.092939
0.000000
0.000000
0.000000
0.000000
0.000000
0.000000
0.000000
0.000000
0.000000
0.000000
0.947965
0.000000
0.000000
0.000000
0.000000
0.000000
0.000000
0.000000
0.000000
0.000000
0.000000
0.000000
0.000000
0.000000
0.000000
0.000000
0.000000
0.999968
0.000000
0.000000
0.000000
0.029884
0.000000
0.000000
0.000000
0.000000
0.000000
0.000000
0.000000
0.000000
0.000000
0.000000
0.000000
0.000000
0.025720
0.000000
0.097931
0.929345
0.000000
0.959988
0.000000
0.219172
0.880328
0.000000
0.000000
0.000000
0.000000
0.000000
0.000000
0.000000
0.000000
0.894881
0.000000
0.000000
0.000000
0.938927
0.000000
0.582108
0.000000
0.000000
0.000000
0.000000
0.000000
0.000000
0.000000
0.000000
0.000000
0.000000
0.000000
0.000000
0.000000
0.000000
0.000000
0.000000
0.000000
0.000000
0.000000
0.000000
1.000000
0.000000
0.000000
0.000000
0.000000
0.000000
0.000000
0.000000
0.000000
0.000000
0.000000
0.020843
0.000000
0.000000
0.000698
0.836342
0.000000
1.000000
0.000000
0.000000
0.000000
0.000000
1.000000
0.000000
0.000000
0.000000
0.000000
0.171576
0.000000
0.197335
0.000000
0.000000
0.000000
0.000000
0.000000
0.000000
0.000000
0.000000
0.007576
0.003282
0.071447
0.000000
0.000000
0.000000
0.000000
0.000000
0.000000
0.000000
0.000000
0.000000
0.000000
0.000000
0.000000
0.000000
0.000000
0.000000
0.930538
0.000000
0.000000
0.000000
0.122153
0.000000
0.000000
0.000000
0.000000
0.000000
0.000000
0.000000
0.000000
0.000000
0.261248
0.000000
0.000000
0.000000
0.024168
0.000000
0.000000
0.000000
1.000000
0.000000
0.000000
0.993111
0.000000
0.000000
0.000000
0.000000
0.000015
0.000000
0.000000
0.000000
0.000000
0.000000
0.000000
0.000000
0.000000
0.000000
0.000000
0.000000
0.000000
0.000000
0.671197
1.000000
0.000000
0.000000
0.036701
0.000000
0.000000
0.000000
0.000000
0.000000
0.000000
0.000000
0.000000
0.000000
0.000000
0.000000
0.150394
0.000000
0.114892
0.262660
0.000754
0.000000
0.000000
0.265815
0.000000
0.000000
0.000000
0.000000
0.000000
0.000000
0.000000
0.017741
0.000000
0.000000
0.000000
0.000000
1.000000
0.000000
0.000000
0.000000
0.000000
0.000000
0.000000
0.723759
0.000000
0.000000
0.000000
0.000000
0.000000
0.000000
1.000000
0.001052
0.000000
0.981391
0.000000
0.000000
0.000000
0.000000
0.000000
0.000000
0.000000
0.000000
0.124042
0.000000
0.000000
0.000000
0.000000
0.000000
0.000000
0.000000
0.000000
0.000000
0.428588
0.000000
0.000000
0.000000
0.000000
0.000000
0.000000
0.000000
0.000000
0.000000
0.000000
0.000000
0.000000
0.000000
0.000000
0.000000
0.000000
0.000000
0.813793
0.000000
0.000000
0.000000
0.000000
0.000000
0.000000
0.000375
0.000000
0.000000
0.000000
0.007266
0.105840
0.000000
0.011601
0.000000
0.729714
0.000000
0.000000
0.993841
0.000000
0.000000
0.000000
0.000004
0.000000
0.000000
0.000000
0.000000
0.000000
0.000000
0.999426
0.000000
0.436736
0.000000
0.271211
0.000000
0.000000
0.205185
0.000000
0.150034
0.000000
0.000000
0.000000
0.000000
0.000000
0.000000
0.000000
0.000000
1.000000
0.593887
0.000000
0.000000
0.000000
0.994734
0.000000
0.000000
0.000000
0.000000
0.000000
0.000000
0.584863
0.000000
0.000000
0.000000
0.000000
0.000000
0.000000
0.157512
0.000000
0.000000
0.000000
0.000000
0.000000
0.000000
0.000000
0.000000
0.897746
0.000000
0.000000
0.000000
0.000000
0.000000
0.000000
0.000000
0.000000
0.159925
0.000000
0.000000
0.000000
0.000000
0.000000
0.000000
0.000000
0.067408
0.000000
0.046342
0.000000
0.000000
0.000000
0.000000
0.000000
0.000000
0.000000
0.000000
0.000000
0.000000
0.599313
0.000000
0.000000
0.186960
0.869552
0.000000
0.000000
0.000000
0.000000
0.000000
0.000000
0.000000
0.000000
0.000000
0.000000
0.000000
0.981049
0.000000
0.000000
0.000000
0.020710
0.000000
0.000000
0.001608
0.000000
0.000000
0.000000
0.838412
0.000000
0.000000
1.000000
0.000000
0.000000
0.000000
0.015322
0.000000
1.000000
0.000000
0.000000
0.000000
0.999998
0.000000
0.000000
0.000000
0.000000
0.000000
0.000707
0.000000
0.000000
0.000000
0.000000
0.999994
0.000000
0.000000
0.000000
0.545087
0.000748
0.067852
0.000000
0.000000
0.281349
0.000000
0.000000
0.000000
0.000000
0.000000
0.000000
0.000000
0.000000
0.000000
0.000000
0.798220
0.000000
0.000000
0.000000
0.000000
0.052482
0.269633
0.983337
0.000000
0.000000
0.000000
0.000000
0.000000
0.000000
0.000000
0.000000
0.000000
0.000000
0.000000
0.000000
0.000000
0.161060
0.000000
0.000000
0.000000
0.000000
0.000000
0.000000
0.000000
1.000000
0.000000
0.000000
0.000000
0.000000
0.000000
0.000000
0.000000
0.000000
0.000000
0.000000
0.000000
0.000000
0.991660
0.000000
0.000000
0.000000
0.000000
0.000000
1.000000
0.000000
0.000000
0.000000
0.000000
0.000000
0.000000
0.000000
0.000000
0.000000
0.000000
0.000000
0.000000
0.008197
0.000000
0.000000
0.000000
0.023893
0.000000
0.000000
0.000000
0.000000
0.000000
0.000000
0.963706
0.000000
0.000000
0.000000
0.000000
0.000000
0.000156
0.000000
0.000000
0.000000
1.000000
0.000000
0.000000
0.000000
0.000000
0.000000
0.000000
0.000000
0.000000
0.000000
0.000000
0.000000
0.999997
1.000000
1.000000
0.000000
0.000000
0.000000
0.000000
0.000000
0.000000
0.000000
0.000000
1.000000
0.000000
0.000000
0.000000
0.000000
0.000000
0.000000
0.000000
0.044288
0.000000
0.000000
0.916622
0.000000
0.000000
0.984973
0.000396
0.000000
0.000000
0.956488
0.000000
0.507885
0.000000
0.000000
1.000000
0.000000
0.005582
0.000000
0.000000
0.677077
0.000000
0.000000
0.999996
0.000000
0.000000
0.000000
0.000000
0.000000
0.763510
0.003396
0.032529
0.000000
0.041752
0.000000
0.000000
0.000000
0.008067
0.000000
0.000000
0.000000
0.000000
0.000000
0.589656
0.000000
0.000000
0.000000
1.000000
0.000000
1.000000
0.000000
0.854161
0.000000
0.000013
0.000000
0.000000
0.000000
0.000000
0.000000
0.439980
0.000000
0.020342
1.000000
0.000000
0.000000
0.000000
0.048612
0.000000
0.000000
0.999980
0.143694
0.000000
0.000000
