0.024108
1.000000
0.893393
0.085028
0.957243
0.076470
0.064882
0.908009
0.231058
0.385820
0.690414
0.259138
1.000000
0.662297
0.902586
0.931565
0.995792
0.212871
0.000000
0.178578
0.790306
0.012430
1.000000
0.074770
0.396561
0.594210
0.132785
0.578961
0.239916
0.222151
0.231336
0.117590
0.008031
1.000000
0.337483
0.000000
0.107703
0.000000
0.117197
0.078874
0.408405
0.932032
0.028878
0.423777
0.240380
0.356454
0.133431
0.962701
0.090757
1.000000
1.000000
0.148101
0.604101
0.736428
0.977247
1.000000
0.137908
0.000000
1.000000
0.557547
0.104406
0.275159
0.453469
0.999981
0.389392
0.959105
0.095463
0.218269
0.591686
0.789982
0.668289
0.735736
0.144761
0.139902
0.161656
0.682939
0.047517
0.859086
0.109279
0.541666
0.289622
0.388232
0.083791
0.000000
0.248684
0.015425
0.989106
0.124195
0.484416
0.743203
0.272237
1.000000
0.767350
0.085710
0.156657
0.000000
0.231275
0.000000
0.215779
0.335663
0.724116
0.119461
0.101248
0.998292
1.000000
0.245932
0.999947
0.132920
0.829806
0.282845
0.000000
0.223201
0.780699
1.000000
0.901485
0.000000
0.524656
0.201611
0.000000
0.930702
0.383916
1.000000
0.116501
0.000000
0.188385
0.121179
0.168935
0.711652
0.884590
0.951824
0.995917
0.999995
0.828981
0.237428
0.393239
0.032033
0.918046
0.095051
0.064459
0.034312
0.880999
0.198600
0.055884
1.000000
0.249753
0.999141
0.983258
0.000000
0.098633
0.613967
0.703953
0.999891
0.859586
0.000000
0.430170
1.000000
0.629018
0.800034
0.149094
0.445275
0.758906
0.142125
0.906914
0.249110
0.316375
1.000000
0.404764
0.999976
1.000000
1.000000
0.235126
0.436746
0.289960
0.348459
0.036367
0.961713
0.246068
0.231754
0.939309
0.781947
0.045137
0.999818
0.762021
0.999538
0.087110
0.212608
0.096643
0.000000
0.676695
1.000000
1.000000
0.667850
0.275608
0.202751
0.249066
0.386012
0.980676
0.078605
0.205975
0.047453
0.538523
0.030014
0.772582
0.054541
0.303115
0.926060
0.890817
0.149119
0.282937
0.417481
0.053252
0.116939
0.306122
0.541743
0.054185
0.093630
0.244673
0.959466
0.000000
0.556514
0.898760
0.566332
0.479209
0.986138
0.808524
0.715219
0.845734
0.348824
0.208942
0.011209
0.141904
0.017688
0.106046
1.000000
0.131451
0.110894
0.456567
0.893002
0.000000
0.971393
0.775729
0.014359
0.993348
0.999580
0.217172
0.510300
0.625366
0.393535
0.002487
0.199114
0.417365
0.687732
0.950081
0.195582
0.055653
0.000000
0.951201
0.419352
0.049367
0.004744
0.799480
1.000000
0.000000
0.943318
0.309910
1.000000
0.815149
0.132148
0.674885
0.271879
0.044482
0.999582
0.153155
0.564907
0.056667
0.913514
0.423053
0.000000
0.086693
0.110710
0.956313
0.120327
0.236694
0.114079
0.650444
0.084153
0.944574
0.988924
0.884897
0.419429
1.000000
0.825873
0.186320
0.920749
0.997610
0.104288
1.000000
1.000000
0.058636
0.820971
0.420208
0.111902
0.103720
0.241125
1.000000
0.217685
0.999841
1.000000
0.680224
1.000000
0.797378
0.054111
0.251769
1.000000
0.113581
0.970758
0.682651
0.120318
0.990401
0.169592
0.000000
0.018600
0.482136
0.000000
0.520615
0.999907
0.057033
0.136507
0.070905
1.000000
0.597363
0.000000
0.832906
0.595389
0.559559
0.727342
0.906195
0.169881
0.962916
0.307062
0.923218
0.033026
1.000000
0.567120
0.072484
0.903153
0.912189
0.045839
0.000000
0.062149
0.999969
0.052042
0.383119
0.698421
0.049050
0.010575
0.653798
0.233285
0.130632
0.000000
1.000000
0.160771
0.671761
0.134339
0.808215
0.194164
0.394914
0.238021
0.054224
0.048305
0.058069
0.171391
0.039988
0.245146
0.896229
0.911272
0.000000
0.326325
0.999956
0.498738
0.032771
0.200246
0.999832
0.239968
1.000000
0.995800
0.078762
0.292995
0.007313
0.234933
0.627382
0.079145
0.015196
0.998972
1.000000
0.088325
0.959943
0.581813
0.000000
0.943552
1.000000
0.198372
0.037202
0.014101
1.000000
0.156607
0.253193
0.996230
0.093896
0.039957
0.113011
0.119696
0.983167
0.202781
0.318386
0.999901
0.159882
0.987175
0.998641
0.894122
0.000000
0.047122
0.181503
0.266775
1.000000
0.999989
0.156328
1.000000
0.074479
0.255655
0.468364
0.775930
0.026986
0.119705
0.049124
1.000000
0.457809
0.056171
0.130857
0.993283
0.048684
0.045403
0.153646
0.000000
0.220550
0.055496
0.000000
0.259060
0.989002
0.999948
0.299830
0.464218
0.163890
0.999975
0.942250
0.541335
0.000000
1.000000
0.864930
0.349409
0.229572
0.758906
0.025192
1.000000
0.013249
0.123075
0.909178
0.990912
1.000000
0.157702
1.000000
0.993909
0.258408
0.117847
0.253089
0.648884
0.087472
0.999994
1.000000
0.255939
0.182993
0.749235
0.000000
0.174225
0.300576
0.260659
0.452075
0.475418
0.636559
0.893125
0.372019
0.000000
0.999803
0.855044
0.083244
0.980576
0.466535
0.395206
0.124034
0.081228
0.963965
0.542719
1.000000
0.287817
1.000000
0.751011
0.999415
0.979366
0.808971
0.402909
0.879581
0.984038
0.108499
0.992347
1.000000
0.398316
0.560194
0.939249
1.000000
0.277681
0.028952
1.000000
0.040016
0.603022
0.503414
0.349142
0.052536
0.999401
0.595419
0.958674
0.708385
0.676431
0.308332
0.000000
0.145959
0.102474
0.029999
0.399676
0.850749
0.588072
0.053424
0.070467
0.841565
0.968396
0.768032
0.657415
0.050571
0.429087
0.056168
0.016996
0.999539
0.046407
0.460214
0.062365
0.000000
0.995032
0.836239
0.340316
0.958405
0.043949
1.000000
0.000000
0.419622
0.298368
1.000000
0.999997
0.036058
0.282908
0.000000
0.998953
0.457809
0.252839
0.729853
0.156824
1.000000
0.055094
0.159112
0.999992
0.565644
0.358704
0.206161
0.159506
0.018440
0.757829
1.000000
0.914286
1.000000
0.524534
0.256888
0.013724
0.238693
0.145308
1.000000
0.613760
1.000000
0.989676
0.846853
0.765744
0.612752
0.076238
0.079021
0.030951
0.298541
0.567929
0.135953
0.303303
1.000000
0.622403
1.000000
0.185412
0.952997
1.000000
0.670696
0.168545
0.624288
0.167072
0.062558
0.049672
0.326731
0.673117
0.035070
0.377687
1.000000
0.695591
0.717949
0.474086
0.092523
0.944877
1.000000
0.723690
0.987646
0.962263
0.937668
1.000000
0.228244
0.047549
0.034567
0.886028
0.375214
0.262040
0.120804
0.880714
1.000000
0.080277
0.020211
0.766798
0.276757
0.011528
0.336846
0.000000
0.919389
0.903290
0.948443
0.087766
0.286639
0.056819
0.559739
0.393027
0.771040
1.000000
0.024141
0.474614
0.674502
0.054906
0.917657
0.481830
1.000000
0.019360
1.000000
0.998918
0.821886
0.882811
0.491297
0.216837
0.395660
0.759286
0.150373
0.621983
0.277289
0.299612
0.329082
0.205185
0.978006
0.869103
0.999884
0.999530
0.402378
0.162442
0.036805
0.484166
0.223850
1.000000
0.090190
0.722868
0.695579
0.134113
0.818835
0.462769
0.136359
0.586937
0.000000
0.246243
0.907249
0.090442
1.000000
1.000000
0.893685
0.981699
0.968092
0.779289
0.999944
0.000000
0.054098
1.000000
0.998292
1.000000
0.000000
0.125118
0.855701
0.999404
0.221712
0.164335
0.017311
0.999705
0.891861
0.209158
1.000000
0.000000
0.225912
0.426131
0.239122
0.060974
0.000000
0.994138
0.054712
0.990633
0.000000
0.293084
1.000000
0.466976
0.066917
0.379140
0.321531
0.937435
0.113755
0.756568
0.295619
0.449377
0.310854
0.985079
0.052393
0.540199
0.058539
0.822440
0.920940
0.192089
0.965061
1.000000
0.218312
0.172433
0.075030
1.000000
0.985722
0.947944
0.043432
0.494081
0.123909
0.108590
0.067933
0.028730
0.989109
1.000000
0.128004
0.939063
0.000000
0.562531
0.206300
0.828719
0.700904
0.928783
0.191803
0.368937
0.933255
0.045787
0.783246
0.052522
0.307669
0.810347
0.601544
0.562791
0.878548
0.145264
0.888177
0.035500
0.031442
1.000000
0.162886
0.923040
0.997105
0.351753
0.010588
0.040831
0.786989
0.882124
0.020274
0.774135
0.999983
0.043826
0.060037
0.776446
0.055421
0.155294
0.169196
0.639625
0.130495
1.000000
1.000000
0.579288
0.998357
0.628486
0.605784
0.251243
0.245210
0.313221
0.053769
0.207440
0.780943
0.979249
0.600595
0.785128
0.086626
1.000000
0.122327
0.025709
0.492351
0.603399
0.025266
0.053628
0.999828
0.648538
0.046315
0.043130
0.136947
0.109141
0.049673
0.853342
0.133787
0.269378
1.000000
0.786573
0.928763
0.351520
0.158445
0.152365
0.975041
1.000000
0.012988
0.508709
0.059043
1.000000
0.824623
1.000000
0.990135
1.000000
0.452521
0.074103
0.891813
0.607264
0.393702
0.000000
0.000000
0.280587
0.117739
0.261559
0.000000
0.713842
0.197579
0.833316
0.000000
0.217331
0.540895
0.164734
0.009668
0.737164
0.471090
0.331137
0.087488
0.948071
0.066882
0.597639
0.396373
0.293440
0.466712
0.044032
0.101720
0.999958
0.243626
0.015075
0.447286
0.051576
0.999980
0.072851
0.212448
0.272536
0.000000
0.927755
1.000000
0.063289
0.030557
0.999782
1.000000
0.198411
0.035684
0.999998
0.969660
0.229018
0.391097
0.673190
0.609680
0.859253
0.962288
0.363798
0.851193
1.000000
0.058116
0.418454
0.953225
0.099106
0.707560
0.010635
1.000000
1.000000
0.000000
0.388954
0.999998
0.032913
0.932508
0.547461
0.024138
0.910264
1.000000
0.000000
0.066701
0.763816
0.880954
0.662005
0.190306
0.028245
0.082824
0.045995
0.066261
0.355062
0.337990
0.999999
0.131392
0.406091
0.460254
0.206621
0.192808
0.788355
1.000000
0.836793
0.361803
0.326106
0.883625
0.478713
0.938315
0.057939
0.999861
0.725707
0.334723
0.013224
0.590679
0.645901
1.000000
0.074341
0.112484
0.144391
0.032349
0.262965
0.080598
0.767747
0.926210
0.122499
0.962732
0.012917
1.000000
0.000000
0.999948
0.998473
0.879218
0.154654
0.097645
0.210975
0.375077
0.728293
0.106480
0.637312
0.303425
0.395595
0.238711
0.851535
0.356785
0.055396
0.540780
0.836613
0.574628
0.056213
0.174588
0.309819
0.082627
0.596072
0.371325
0.192885
0.649287
0.850776
1.000000
0.715046
0.045745
0.054717
0.999175
0.853448
0.797193
0.045170
1.000000
0.092300
0.945506
0.184898
0.137116
0.401626
0.863269
0.353496
0.303488
0.000000
0.079419
0.999590
0.060394
0.125889
0.692211
0.386317
0.123526
0.959985
1.000000
0.010774
0.000000
0.803425
0.780983
0.083313
0.477176
0.999999
1.000000
0.771284
0.652899
0.026267
0.000000
0.531892
0.552304
0.298346
0.077689
0.828249
1.000000
0.253265
0.346066
0.021044
0.000000
0.999995
0.179762
0.122392
0.186462
0.974872
0.015837
0.087251
0.042451
0.205912
1.000000
0.013690
0.072347
0.262650
1.000000
0.988200
0.339032
0.072988
0.877264
0.261520
1.000000
0.437802
1.000000
0.082738
0.763217
0.740011
0.199611
0.975025
0.999761
0.094235
0.643528
0.283896
0.101524
0.037969
0.842997
0.257444
0.199529
0.965016
0.988206
0.974897
1.000000
0.026611
0.142377
0.522526
0.955923
0.256835
0.080826
1.000000
0.273338
0.024312
0.641707
0.993770
0.946442
0.014142
0.376056
0.673807
1.000000
0.067032
0.248874
0.481164
0.959508
0.350509
0.852555
0.303133
0.034540
0.000000
0.000000
0.281248
0.852684
0.014012
0.067352
0.085652
0.148690
1.000000
0.208254
0.154365
0.000000
0.004864
0.501928
0.903030
0.718022
0.424387
0.934175
0.688223
0.586194
0.068042
0.000000
0.464779
0.977962
0.096355
0.642465
0.127937
0.546555
0.038788
0.226316
0.022120
0.350249
0.899101
0.031905
0.998242
0.503488
0.101374
0.103650
0.623745
0.000000
0.123324
0.197262
0.444490
0.998108
0.759910
0.139970
1.000000
0.950309
0.399738
0.713726
0.046295
0.992458
0.716473
0.918050
0.049724
0.214564
0.218418
0.998729
0.998949
0.281844
0.999977
0.764891
1.000000
0.481389
0.225882
0.000000
0.284086
0.037492
0.352297
0.986509
0.036573
0.286458
0.367451
0.024711
0.070393
0.000000
0.114979
0.890849
0.254022
0.996085
0.836624
0.082939
0.132282
0.616809
0.061640
0.000000
0.234874
0.504616
0.439536
0.712559
0.826495
0.558407
0.099955
0.653804
0.073514
0.420484
0.000731
0.752600
1.000000
0.933208
0.494500
0.000000
0.553442
0.994716
0.915353
0.569934
0.998789
0.032489
0.912905
1.000000
0.320776
0.107385
0.756657
0.644128
1.000000
0.022768
0.334625
0.098023
0.802841
0.410324
0.379867
0.034013
0.099303
0.200701
0.000000
0.120536
0.492095
0.054914
0.096561
0.988752
0.805150
0.960068
0.587483
0.053369
0.364111
0.149754
0.265723
0.047776
0.973653
0.391570
0.122687
0.090646
0.445216
0.920454
0.000000
0.482385
0.959131
0.032681
0.958420
1.000000
1.000000
0.390608
0.995498
0.131241
0.168078
0.052219
0.256221
0.134211
0.999860
0.160192
0.193599
0.587310
0.152151
0.213646
0.672258
0.489356
0.670917
0.324847
0.045133
0.553210
0.552918
0.218946
0.207464
0.942258
0.976450
0.005296
0.221795
0.473208
1.000000
1.000000
0.999997
0.134358
0.607650
0.302040
0.960249
0.132842
0.089071
0.999922
0.730923
0.999803
0.450526
0.328959
0.011679
0.043926
0.013475
0.070774
0.387410
0.053682
0.012220
0.156684
0.562584
1.000000
0.018490
0.783100
0.847284
0.607043
0.389152
0.511228
0.083983
1.000000
0.053941
0.058870
0.999999
0.220141
0.064332
0.086677
0.454517
0.333253
0.760989
0.935007
0.171085
0.069102
0.346905
0.840508
0.300758
0.658572
0.000000
0.987283
0.117939
0.595212
0.997603
0.149282
1.000000
0.356331
0.234510
0.085530
0.093740
0.647165
0.047517
0.190834
0.667911
0.678177
0.998156
0.071970
0.773007
0.977248
0.024684
0.999802
0.046654
0.149988
0.674997
1.000000
1.000000
0.991982
0.274526
0.219796
0.136716
0.696543
0.496305
0.096323
0.100323
0.000000
0.063410
0.416858
0.583169
1.000000
0.915516
0.988262
0.658801
0.475864
0.029192
0.404455
0.701908
0.768556
0.186742
0.000000
0.974330
0.214907
1.000000
0.893736
0.893051
0.470111
0.123935
0.688488
0.430753
0.237557
0.028614
0.400479
0.834625
0.000000
0.255379
1.000000
0.104575
0.395815
0.722207
0.511498
0.999961
0.064347
0.523352
0.967295
0.008937
0.998422
0.752683
0.994212
0.518344
0.121486
0.566722
0.174721
0.541517
1.000000
0.261256
0.555433
0.205427
0.109402
0.342756
0.920744
0.078777
0.434807
0.000000
0.168393
0.999982
0.133875
0.080975
0.544310
0.027825
0.192170
0.863355
0.110805
1.000000
0.954832
0.331608
0.204477
0.548219
0.962940
0.733700
1.000000
0.033415
0.853893
0.054230
0.908505
0.999997
0.239014
0.002875
0.895664
0.095643
0.687489
0.072509
0.089442
0.861888
0.103897
1.000000
0.872127
0.643229
0.042002
0.916023
0.010105
0.283252
0.695377
0.123398
0.000000
0.784750
0.996208
0.431533
0.908538
0.310440
0.629555
0.000000
0.963638
0.904546
0.866001
0.815152
0.179809
0.760034
0.768419
0.187023
0.134047
0.306974
0.549699
0.000000
0.316040
1.000000
0.440984
0.999984
0.863275
0.095644
0.285502
0.981518
0.918817
0.278756
0.144388
0.303562
0.598337
0.558641
0.000000
0.351418
0.000000
0.211070
0.303738
0.158058
0.020637
0.000529
0.204703
0.024940
0.801393
0.000000
0.295519
0.068786
0.139735
0.137285
0.436515
0.846263
0.251472
0.345961
0.941230
0.408795
0.999108
0.182820
0.458030
0.599397
0.995775
0.041162
1.000000
0.000000
0.068527
0.729917
0.984229
0.053276
0.202350
0.816814
0.999989
0.961803
0.830303
0.999998
0.999371
0.091009
0.397670
0.987002
0.108811
0.966442
0.542255
0.647160
0.184715
0.549006
0.000000
0.037906
0.020145
0.490126
0.282532
0.208142
0.225715
0.127759
0.560009
0.101501
0.146551
0.961517
0.588757
0.036546
0.906318
0.370017
0.089941
0.998330
0.136816
0.967135
0.223732
0.280180
0.036295
0.356163
0.169676
0.968253
0.996209
0.001716
0.625248
0.039179
0.066485
0.146163
0.239305
0.244786
0.149726
0.031903
0.998047
0.035123
0.377742
0.920909
0.995922
0.999995
0.397748
0.268215
0.065869
1.000000
0.006068
0.414246
0.000000
0.135856
1.000000
0.000000
1.000000
0.797521
0.568170
0.194650
0.825380
0.354331
0.643640
0.422682
0.898390
0.369053
0.997418
0.353911
0.796022
0.000000
0.727074
1.000000
0.921539
0.641486
1.000000
0.968997
0.909839
0.333362
1.000000
0.959660
0.267591
0.073285
0.065812
0.069533
0.413307
0.997100
0.065356
0.077050
0.074070
0.033292
0.011305
0.382619
0.997702
0.521456
0.954626
0.987472
0.495548
0.232249
0.054982
0.000000
1.000000
0.227377
0.947160
0.009371
0.213068
0.000000
0.245679
0.999987
0.921190
0.964702
1.000000
0.027469
0.999992
0.934169
0.055008
0.969225
0.416926
0.056491
0.142903
0.885366
0.056677
0.829085
0.238545
0.904075
0.999385
0.273007
0.999824
0.477725
0.051513
0.932887
0.829958
0.238916
0.037453
0.429879
0.349178
1.000000
0.877382
0.239048
1.000000
0.121789
0.531727
0.316961
0.255567
0.389726
0.936473
0.736345
0.385148
0.000000
0.173027
0.000000
0.966899
0.012709
0.418867
0.978089
0.365943
0.000000
0.304555
0.942362
0.232144
0.108467
0.784123
0.189523
0.543742
0.000000
0.070808
0.092682
1.000000
0.994740
0.946661
0.108470
0.288192
0.500006
0.143494
0.000000
0.483372
0.455254
0.000000
1.000000
0.939653
0.032816
1.000000
0.047893
0.989221
0.172633
0.443357
0.168314
0.040901
0.297876
0.239518
0.645653
0.795075
0.841854
0.998670
0.000000
0.642309
0.770959
0.695787
0.326399
0.063190
0.258744
0.176729
0.615196
0.618700
0.813950
0.437054
0.382114
0.019215
0.230904
0.661705
1.000000
0.988439
0.021355
0.868041
0.626489
0.913256
0.999999
0.049959
0.020338
0.427821
0.997662
0.640008
0.073882
0.049754
0.301960
0.960603
0.024251
0.262599
0.191542
0.974309
0.999988
0.988454
0.928432
0.999998
0.724224
0.000000
0.159611
0.990293
0.558514
1.000000
0.938187
0.002009
0.088062
0.237285
1.000000
0.520612
1.000000
0.191206
0.976271
0.819983
0.020791
0.999855
0.394407
0.290283
0.094218
0.041360
0.791760
0.534190
0.258397
0.697547
0.235735
0.999954
0.051445
0.910952
0.297082
0.658312
0.607557
0.485661
0.070650
0.910902
0.856609
0.171826
0.090008
0.235884
0.199114
1.000000
0.953753
0.000000
0.018087
0.091641
0.999011
0.479272
0.955520
0.657557
0.813901
0.554554
0.056432
0.094333
0.054799
0.769468
0.059814
0.190126
0.944115
0.106322
0.999998
0.738809
0.998632
1.000000
1.000000
0.915368
0.301342
0.826010
0.687011
0.720457
0.063628
0.999365
0.849678
0.758915
0.458049
0.999856
0.020180
0.791792
0.150022
0.000000
0.999644
0.201558
0.981822
0.442053
0.157086
0.516680
0.931065
0.184745
0.152841
0.425085
0.970194
0.031414
1.000000
0.028120
0.004678
0.491630
0.984418
0.329307
0.214509
0.983280
0.775453
0.873226
0.052108
0.000000
0.097129
0.674663
0.506957
0.688274
0.599087
0.090764
0.000000
0.818296
1.000000
0.910557
0.924552
0.982494
0.620431
0.590362
0.337186
0.911014
0.328820
0.017967
0.892937
0.984050
0.080169
0.250308
0.334169
0.012980
1.000000
0.999881
0.186327
0.033483
0.281287
0.112055
0.757915
0.261067
0.118260
0.025923
0.976837
0.051450
0.207392
0.014261
0.450966
0.067391
0.000000
0.020118
1.000000
1.000000
0.809499
0.999791
0.525204
0.637046
1.000000
0.000000
0.798412
0.701146
0.119986
0.699857
0.277563
0.753469
0.507373
0.088070
1.000000
0.672280
0.975927
0.999682
0.581103
0.466542
0.013912
0.063823
0.567983
0.241478
0.999520
0.114832
0.805137
0.000000
0.999984
0.732476
0.999989
0.152892
0.999473
0.954042
0.344467
0.883781
0.515376
0.009107
0.145298
0.000000
1.000000
0.028799
1.000000
0.945115
0.962111
0.999965
0.989285
0.069136
0.000000
0.318910
0.010843
0.973423
0.904044
0.212287
0.815671
0.196725
0.015025
0.747372
1.000000
0.387924
0.425453
0.633588
0.766985
0.202334
0.000000
0.579218
0.996126
0.075134
0.124918
0.882705
0.277422
1.000000
0.761256
0.183766
0.076149
0.221184
0.208088
0.318884
0.041359
0.005133
0.933005
0.069270
0.242460
0.830121
0.488779
0.221432
0.795335
0.999997
0.636540
0.308560
0.980404
0.095653
0.824398
0.000000
0.999998
0.091523
1.000000
0.599561
0.976851
0.125946
0.075000
0.000000
0.261011
0.435345
0.755446
0.070524
0.999885
0.302217
1.000000
0.088082
1.000000
0.017539
0.183651
0.009706
0.344464
0.000000
1.000000
0.066941
0.838134
0.385004
1.000000
1.000000
0.431166
0.073733
0.405245
0.759833
0.997085
0.872628
0.925687
0.999992
1.000000
1.000000
0.315584
0.828454
0.863876
0.221739
0.142461
0.494177
0.519468
0.079705
0.000000
0.312032
0.020188
0.089123
0.135161
0.996788
0.115500
0.354510
0.032866
0.454078
0.050299
0.629199
0.027085
1.000000
0.004094
0.999740
0.077250
0.119498
0.992220
0.428964
0.111316
0.932379
0.283095
0.463200
0.874400
0.990854
0.427401
0.879471
0.047597
0.056349
0.926274
0.019803
0.842295
0.971392
0.364933
0.345483
0.000000
0.338595
0.146901
0.878028
0.353632
0.429078
0.395052
0.672380
0.836875
0.999943
0.863238
0.343579
0.999925
0.837056
1.000000
0.209129
0.999997
0.174252
0.000000
0.999983
0.120746
0.017568
1.000000
1.000000
0.976679
0.405508
0.042449
0.662928
0.050303
0.185368
0.146001
0.832832
0.215926
0.994815
0.617788
1.000000
0.873521
0.998557
0.298793
0.999993
0.167125
0.810400
0.564432
0.168753
0.514332
0.266147
0.575571
0.764620
1.000000
0.429606
1.000000
0.030815
1.000000
0.964335
0.047936
0.161448
0.996900
0.050075
0.630046
0.132462
0.918953
0.071537
0.978990
0.384032
0.343000
0.566210
0.999530
0.099847
0.995759
0.542845
0.631348
1.000000
0.114472
0.000000
0.156121
0.619276
0.194587
0.000000
0.415777
0.244767
0.331022
0.347522
0.501727
0.913026
0.999831
0.999977
0.499166
0.726588
0.151954
0.267854
0.088422
0.933026
0.000000
0.358284
0.114797
0.000000
0.402888
0.315430
0.926072
0.058801
0.863799
0.999710
0.410354
0.856260
0.328367
0.843397
0.426328
0.060400
0.247335
0.029614
0.999658
0.995374
0.832106
1.000000
0.388463
0.954864
0.049848
0.503856
0.967879
1.000000
0.556816
0.621790
0.043314
0.091273
0.255878
0.619777
0.005729
0.674672
0.999908
0.111798
0.884828
0.647948
0.170711
0.359781
1.000000
0.748088
0.323172
0.153621
0.182492
1.000000
0.756154
0.840046
0.868006
0.272534
0.632923
0.801163
0.869333
0.995807
0.037075
0.064837
0.901450
1.000000
0.033563
0.225968
0.073026
0.626276
0.172320
0.270813
0.128426
0.448403
0.834476
0.999889
0.260108
0.207492
0.020741
0.665649
0.822659
0.038159
0.000000
0.463810
0.243889
0.561361
0.394336
0.285801
0.147137
0.022189
0.984309
0.188166
0.426863
0.644921
0.210738
0.630207
0.082260
0.528657
0.300676
0.737384
0.817023
0.698250
0.154653
0.805218
0.000000
0.038480
0.570218
0.447229
0.106004
0.901086
0.063332
0.291711
0.165474
0.356094
0.997215
0.242898
0.997610
0.335606
0.134493
0.221132
0.132618
0.029517
0.256042
0.637422
0.530035
0.255553
0.147872
0.459114
0.364877
0.071775
0.241069
0.000000
0.472442
0.995846
0.953280
0.087455
0.579080
0.999870
0.615083
0.242532
0.999873
0.271316
0.882197
0.000000
0.083214
0.999996
0.268200
0.193319
0.016250
0.806057
0.018694
0.999991
0.754882
1.000000
0.007020
0.646081
0.014831
0.000000
0.905670
0.025443
0.900192
0.466411
0.397192
0.264936
0.029908
0.006416
0.425221
0.995557
0.907004
0.239824
0.164014
0.032216
0.258310
0.999784
0.815229
1.000000
0.690449
0.043954
0.798272
1.000000
0.076111
0.186627
0.963653
0.288619
0.999999
0.098917
0.109591
0.982954
0.978158
0.726607
0.999605
0.271804
0.864852
0.099692
0.108329
0.585102
0.249193
0.209412
0.005276
1.000000
0.292532
0.423199
0.996455
0.999999
0.009923
0.037771
0.984016
0.090076
0.000000
0.332600
0.049828
0.392498
0.176259
0.197020
0.675007
0.112519
0.036597
0.248222
0.928685
0.392918
0.252989
0.079465
0.214147
0.401875
0.736839
0.109339
0.049911
0.680836
0.629559
0.677312
0.981181
1.000000
0.000000
0.100905
0.970379
0.999859
0.014963
0.939934
1.000000
0.830515
0.393512
0.934074
0.256863
0.739317
1.000000
0.000000
0.938261
0.997543
0.365659
0.125024
0.999903
0.546994
0.190798
0.160723
0.412698
0.509896
0.902113
0.310550
0.193497
0.884222
0.124684
0.618831
0.999450
0.168846
0.185659
0.237949
0.016962
1.000000
0.236594
0.923294
0.069441
0.630621
0.012406
0.764187
0.302333
0.075377
0.358610
0.889330
0.014713
0.160699
0.104006
1.000000
0.993905
0.093187
0.091103
0.999932
0.920806
0.870967
0.161639
0.999895
0.140032
1.000000
1.000000
0.519432
0.598156
0.992617
0.059233
0.712018
0.987150
0.000000
0.089888
0.786895
0.959552
0.144082
0.991856
0.604364
0.551577
0.047839
0.266313
0.993599
0.086582
0.972434
0.635085
0.395674
0.981662
0.398168
0.975904
0.013007
0.088864
0.014404
0.129337
0.919933
0.893572
0.950703
0.659159
0.981959
0.775437
0.025884
0.573195
0.083363
0.999904
0.076718
0.231813
0.188946
0.300980
0.040350
0.485377
0.172527
0.009772
0.284451
0.027631
0.082404
0.099518
0.142972
0.012039
0.523789
0.994574
0.655060
0.133152
0.085982
0.345822
0.201743
0.912703
0.222482
0.158056
0.134370
0.999887
0.473596
0.091488
0.000000
1.000000
1.000000
0.206141
0.999972
0.842198
0.016885
0.901327
0.575478
0.000000
0.341210
0.070224
0.794824
0.909036
0.214284
0.358272
0.000000
0.017750
0.085893
0.441110
0.244668
0.091159
1.000000
0.316024
0.809121
0.497701
0.336300
0.889559
0.999982
1.000000
0.067460
0.263026
0.116519
0.865911
0.168391
0.000000
1.000000
0.771362
0.878281
0.116939
0.277153
0.772669
0.798851
0.084373
0.583293
0.257722
0.214205
0.791322
0.999998
0.831429
0.330867
0.496437
0.253869
1.000000
0.739075
0.882042
1.000000
0.100402
0.999963
0.724186
0.731766
0.999880
0.019944
0.999999
0.306540
0.982838
0.315025
0.168234
0.030196
0.058924
0.952543
0.919400
0.309192
0.949520
0.995614
0.122916
0.920640
0.000000
0.307976
0.025106
0.000000
0.999573
0.054360
0.979517
0.808074
0.906469
0.000000
0.386580
0.676817
0.307310
0.821648
0.999573
0.434313
0.000000
0.999833
0.416291
0.876824
0.851922
0.999896
0.176969
0.019541
0.999999
0.083453
0.000000
1.000000
0.427006
0.039087
0.308451
0.764497
0.711950
0.918237
0.186476
0.021880
0.318913
0.000000
1.000000
0.097171
0.600914
0.020424
0.997299
0.066769
0.023489
0.165516
0.106497
0.184369
0.620731
1.000000
0.809792
0.034840
0.000000
0.164630
0.585124
0.083430
0.090490
0.037251
0.163503
0.736853
0.193046
0.090713
0.214053
0.000000
1.000000
0.693142
0.227175
0.046307
0.861659
0.873732
0.024502
0.262093
0.143514
0.038750
0.991780
0.044826
1.000000
1.000000
0.065293
0.996982
0.049799
0.999999
0.915332
0.658292
1.000000
0.028794
1.000000
1.000000
0.103718
0.209595
0.528538
0.000000
0.017066
0.104112
0.183304
0.999976
0.000000
0.551698
0.185238
0.336743
0.611599
0.265439
0.999971
0.037034
0.999905
0.342157
0.000000
0.034511
0.275425
0.704665
0.141753
0.019870
0.943545
0.424136
0.140539
0.887721
1.000000
0.869419
0.020973
0.196062
0.990192
0.274082
0.146469
0.938273
0.835912
0.789373
0.116426
0.085063
0.000000
0.999964
0.607200
0.104558
1.000000
0.029902
0.000000
1.000000
0.170419
0.125772
0.447403
0.852969
0.999637
0.954856
0.429672
0.478004
0.961038
0.863003
0.464703
0.999472
0.999675
0.941859
0.258415
0.112466
0.764659
0.241610
0.059833
0.102056
0.329358
0.999999
0.995115
0.118012
0.811598
0.481408
0.991007
0.212479
0.617923
1.000000
1.000000
1.000000
0.144650
0.503812
0.083857
0.158450
0.172426
0.021524
0.394468
0.442392
0.146513
0.993577
0.078697
0.332421
0.180248
0.118690
0.795775
0.116983
0.071238
0.762122
0.098179
0.012008
0.979706
0.354319
0.570404
0.068395
1.000000
0.663637
0.731229
0.222865
0.002726
0.999993
0.334134
0.053883
0.655784
0.025055
0.180484
0.483128
0.065081
1.000000
0.948204
0.189221
0.250628
1.000000
0.041213
0.000000
0.067285
0.000000
0.351144
0.397951
0.079472
0.220924
0.092578
0.782651
0.035887
0.005711
0.749503
0.980330
0.059260
0.999617
0.397157
0.940464
0.362150
0.828661
0.369040
1.000000
0.222551
0.251341
0.913293
0.000000
0.285328
0.076674
0.271483
0.115492
0.999748
0.076512
0.911030
0.631699
0.936097
0.090971
0.700004
0.645392
0.999987
0.030343
0.715413
0.790841
0.806253
0.015660
0.581853
0.119464
0.672586
0.140664
0.999976
0.317679
0.542042
0.083687
0.207583
0.999996
1.000000
0.261625
0.888543
0.054066
0.062876
0.194328
0.745555
0.482705
0.329454
0.156860
0.999988
0.071777
0.983402
0.400588
0.030262
0.742779
0.038139
0.505930
0.000000
0.024446
0.492378
0.082770
0.000000
0.057185
0.747467
1.000000
0.000000
0.030087
0.999646
0.048989
1.000000
0.008022
0.991121
0.978703
1.000000
0.075602
0.081883
0.626285
0.434786
0.962935
0.967922
0.217050
0.999983
0.054812
0.891621
1.000000
0.257050
0.747127
0.169844
0.950121
0.666914
0.181104
0.414181
0.393951
0.990813
0.000000
0.093527
0.933366
1.000000
0.058514
0.999810
1.000000
0.116690
0.688562
0.972727
0.788484
0.279517
0.063226
0.962050
0.997669
0.647263
0.046425
0.345244
0.279237
0.739807
0.125532
0.919499
0.577244
0.099106
1.000000
1.000000
0.128963
0.063355
0.027762
0.599280
0.654914
0.144926
0.032928
0.940448
0.287766
0.000000
0.120864
0.998716
0.806776
0.000000
0.822403
0.757208
0.070269
0.968079
0.951820
0.997670
0.290052
0.647508
0.133245
0.003926
0.414173
0.968960
0.000000
0.999925
0.870852
0.126451
0.999049
0.402999
0.992411
0.999461
1.000000
0.821789
1.000000
0.999752
0.767397
0.336206
0.949623
0.802049
0.999823
0.257709
0.393162
0.664058
0.659083
0.156968
0.932444
0.506187
0.242506
0.023502
0.171871
0.687523
0.993363
0.203670
0.161343
0.999997
0.012415
1.000000
1.000000
0.671224
0.282763
0.093361
0.531561
0.909538
0.936538
0.326860
0.519981
0.036168
0.948455
0.054425
0.117398
0.660479
0.629572
0.527600
0.140974
0.032055
0.000000
0.999502
0.999994
0.412841
0.994686
0.432564
0.319610
0.036596
0.120396
0.000079
0.923992
0.121021
0.621822
0.613708
0.771473
0.000000
0.073346
0.230172
1.000000
0.000000
0.147684
0.457315
0.089666
0.976457
0.814519
0.925479
0.008404
1.000000
0.286064
0.180668
0.397148
0.996769
1.000000
0.958649
0.021906
1.000000
0.684327
0.818086
0.415197
0.999037
0.465578
0.197964
0.140307
0.129115
0.247090
0.100811
0.188789
0.187154
0.391091
0.099312
0.354456
1.000000
0.017502
0.161346
0.786935
0.456085
1.000000
1.000000
0.013311
0.958041
0.274212
0.332267
0.991130
1.000000
0.000000
0.260044
0.822254
1.000000
0.999877
1.000000
0.177941
0.710209
0.986552
0.076642
0.065553
0.999982
0.443636
0.833179
0.890167
0.383757
0.579677
0.130319
0.102780
0.557508
0.733722
0.949177
0.043393
0.000000
0.034559
0.017671
0.018489
0.000000
0.247591
0.112419
0.819894
0.058667
1.000000
0.943777
0.999998
0.935183
0.967707
0.278245
0.218852
0.598348
0.262990
1.000000
0.027665
0.924061
0.217040
0.751905
0.583292
0.999350
0.014381
0.977185
1.000000
0.048566
0.860485
0.277617
0.851730
0.071064
0.999211
0.000000
0.061759
0.122285
0.665354
0.000000
0.182735
0.864038
0.317295
0.978327
0.959668
0.999995
0.255839
0.189608
0.572355
0.788230
0.221220
0.992263
0.625221
0.335236
0.664234
0.793387
0.827533
0.954783
0.111197
0.864505
0.261353
0.383516
0.269557
0.947901
0.036472
0.715297
0.980470
0.994326
0.176132
0.147163
0.998916
0.864741
0.245638
0.478257
0.097722
1.000000
0.964795
1.000000
0.381741
1.000000
0.178391
0.999065
0.562380
0.273595
1.000000
1.000000
0.091605
0.000000
0.381781
0.527944
0.985973
0.921253
1.000000
0.055652
0.052006
0.108255
0.270543
0.296121
1.000000
0.584797
0.610497
0.662563
0.204649
0.585687
0.018090
0.918315
0.998704
0.633315
0.999999
1.000000
0.043477
0.980760
0.515961
0.858249
0.870424
0.076937
0.992002
1.000000
0.999989
0.999472
0.178564
0.571310
0.999998
0.238859
0.629790
0.159511
0.071364
0.221515
0.826187
0.000000
0.119425
0.000000
1.000000
0.088332
0.000000
0.111216
0.808802
0.486605
0.593098
0.233360
0.844841
1.000000
0.250276
0.785332
1.000000
0.076871
0.724865
0.436163
0.000000
0.990578
0.000000
0.035950
0.208554
0.096704
0.368060
0.171193
0.304583
0.000000
0.360342
0.331143
0.999891
0.070390
0.130410
0.544025
0.191044
0.999666
0.823632
0.298615
0.421311
0.140250
0.623875
1.000000
1.000000
0.802831
0.232344
0.275801
0.089831
0.357506
0.857968
0.157160
0.418372
0.107695
0.000000
0.119791
0.248686
0.998147
0.077103
0.992144
0.973846
0.192173
0.480179
0.874658
0.000000
0.891262
0.360281
0.997502
0.008811
0.000000
0.211585
0.000000
0.580500
0.457489
0.693877
0.999968
0.684977
0.059543
0.110640
0.236169
0.999999
0.182298
0.325167
0.681039
0.562209
0.740266
0.432545
0.799656
0.781932
0.521393
0.995990
0.055176
0.999988
0.338455
0.000000
0.075566
0.663136
0.810941
0.000000
0.999657
0.963677
0.489834
0.183899
0.524574
1.000000
0.765844
0.999913
0.766935
1.000000
0.999995
0.301043
0.907844
0.218964
0.802716
0.033099
0.712862
0.993002
0.152904
0.161901
0.320208
1.000000
0.029128
0.000000
0.227437
0.441579
0.086771
1.000000
0.383403
0.927376
0.660172
0.201579
0.450061
0.219576
0.057637
0.149087
0.030168
0.006346
0.487598
0.689915
0.799068
0.969068
0.042905
0.175753
0.202123
0.449832
0.037576
0.998888
0.083815
0.296626
0.265846
0.098739
0.019994
0.083642
0.830984
0.976919
0.313405
0.081162
0.454841
0.054434
0.055463
0.168573
0.233756
0.670020
0.379390
0.989180
0.321824
0.417886
0.420247
0.118789
0.000000
0.435799
0.000000
0.000000
0.155239
0.601425
0.918006
0.258860
1.000000
0.390740
0.999992
0.054215
0.534013
0.951278
0.202155
0.465261
0.993056
0.203712
0.089163
1.000000
0.140079
0.233548
0.000000
0.474743
0.843867
0.269383
0.044784
0.405245
0.999931
0.635920
0.996801
0.205856
1.000000
0.434586
0.320848
0.999998
0.102554
0.999358
0.648580
0.214528
0.366918
0.839681
0.057642
1.000000
0.833049
0.523309
0.936299
0.999926
0.291128
0.794456
0.053452
0.107840
0.735758
0.795276
0.079582
0.569024
0.351012
0.247231
0.999930
0.832385
0.999998
0.965304
0.962397
0.056227
0.074058
0.033413
0.999998
0.000000
0.190298
0.040171
0.000000
0.025546
0.305894
0.870535
0.724294
0.876304
0.522213
0.182340
0.815152
0.387468
0.998586
0.982747
0.311951
0.109425
0.273840
0.159942
0.999998
0.320884
0.000000
0.628206
0.820303
0.204206
0.891532
0.880378
0.153764
0.215413
0.772224
0.016962
1.000000
0.928353
0.999901
0.000000
0.000000
1.000000
0.123995
0.836450
0.999981
0.757130
1.000000
0.488898
0.034754
0.902786
0.415835
0.191091
0.965021
0.227943
0.606281
0.704328
0.998712
0.987292
0.959143
0.013133
0.000000
0.723579
0.731337
1.000000
0.083723
0.496634
0.320508
0.350195
0.284682
0.291977
0.917998
0.021017
0.912844
0.169222
0.192975
0.999841
0.222772
0.231783
0.189349
0.000000
0.683337
0.000000
0.106831
1.000000
0.395778
0.646978
0.198734
0.997741
0.000000
0.999995
0.613546
0.972279
0.555831
0.108279
0.028646
0.154831
0.667928
0.029227
0.591940
0.999785
0.825594
0.335703
0.391538
0.665066
0.170307
0.336390
1.000000
0.048633
0.758798
0.980507
0.000000
1.000000
0.237919
0.506460
0.149817
0.140402
0.255884
0.136665
0.013279
0.016201
0.636592
0.030856
0.841987
0.999985
1.000000
0.179214
0.391529
0.277456
0.098366
0.258659
0.581789
0.021241
0.264729
0.412525
0.930920
1.000000
0.180228
0.000000
0.998986
0.957498
0.926971
0.873981
0.047872
0.000000
0.363392
0.974628
0.000000
0.053385
0.174690
0.000000
0.252211
0.017441
0.509110
0.091490
0.863144
0.998302
0.125638
0.998191
0.209008
0.048278
0.000000
0.184518
0.690921
0.000000
0.000000
0.545381
0.828346
0.741746
0.682924
0.000000
0.943282
0.384201
1.000000
0.978286
0.551183
0.999600
0.522128
0.580425
0.340283
0.807019
1.000000
0.999972
0.053769
0.025694
0.776725
0.752439
0.942557
0.090292
0.999884
0.136463
0.998130
0.114987
0.503529
0.743581
0.690722
0.028654
0.283672
0.240553
0.019375
0.000433
0.978418
0.361631
0.110031
0.000000
0.852182
1.000000
0.220945
0.965548
0.115323
1.000000
0.861536
0.254451
0.172910
0.479666
0.037646
0.104460
0.076686
0.328429
0.155193
0.711408
0.633633
0.173623
0.999998
0.026248
1.000000
0.467321
0.069373
0.078645
0.194699
0.142531
0.419157
0.531729
0.322717
0.000000
0.306602
0.443141
0.896056
0.936019
0.041410
0.116347
0.519681
0.117479
0.003698
0.822234
0.578745
1.000000
0.495757
1.000000
0.510969
0.190309
0.055148
1.000000
0.965774
0.033265
0.602040
0.455834
0.999990
1.000000
0.176442
0.027404
0.998188
0.000000
0.331625
0.323553
0.000000
0.149169
0.195284
0.194681
0.202397
0.000000
0.418346
0.000000
0.934737
0.354752
0.985929
0.126714
0.883184
0.101141
0.992060
0.511334
0.148253
0.202540
0.944039
0.000000
0.165613
0.257141
0.404101
0.314798
0.913481
0.806048
0.824205
0.991053
0.206985
0.023634
0.862166
0.259624
0.327666
0.965085
0.097453
0.972645
0.570032
0.994414
0.070058
0.080084
0.644676
0.139697
0.201589
0.854525
0.056902
0.459988
0.036310
0.270593
0.189382
0.467266
0.693763
0.163044
0.023071
0.080865
0.170757
0.793412
0.357384
0.191108
0.236685
0.000000
0.063254
0.922456
0.020783
0.008852
0.377432
0.384638
0.507325
0.000000
0.024250
0.114041
1.000000
0.999695
0.723159
0.176366
0.927531
0.165396
0.881548
1.000000
0.283248
0.012820
1.000000
0.125840
0.572450
0.224940
0.042194
0.957959
0.067083
0.276683
0.147531
0.999995
0.997195
0.999978
0.996146
0.771543
0.527821
0.000000
0.347572
0.177097
0.997655
0.719131
0.026227
0.487200
0.801456
0.994119
0.344223
0.895539
0.423664
0.909920
0.578127
0.084077
1.000000
0.482062
0.034864
0.891877
0.033453
0.410424
0.190949
1.000000
1.000000
0.282044
0.711893
1.000000
0.994195
0.221974
0.255914
0.215891
0.109059
0.993113
0.334609
0.038373
0.994199
0.999237
0.017216
0.080705
0.999989
1.000000
0.816047
0.081291
0.543261
0.041942
0.028239
0.078014
0.079722
0.999819
1.000000
0.211599
0.177704
0.985213
0.096125
0.860900
0.571843
0.992901
0.036273
0.988538
0.549840
1.000000
1.000000
0.103742
0.349442
0.028272
0.483582
0.286051
0.572160
0.237040
0.152669
0.671251
0.878692
0.141425
0.877343
0.179010
0.155531
0.999999
0.881212
0.573664
0.360603
0.079642
0.137801
1.000000
0.480458
0.999971
0.557146
0.006679
0.999998
1.000000
0.109688
0.262030
0.200372
0.045121
0.527736
0.288986
0.494238
0.995783
0.707229
0.641639
0.000000
0.955576
0.642629
0.987614
0.145482
0.161896
0.391475
0.657081
1.000000
0.301896
0.223576
0.342431
0.107557
0.955262
0.905429
0.073939
1.000000
0.396104
0.905068
1.000000
0.668202
0.009286
0.018716
0.000000
0.833426
0.023810
0.258878
0.155469
0.195047
0.998280
0.637621
0.980987
0.125925
0.772632
0.454749
0.000000
0.999995
1.000000
0.259259
0.041683
0.140870
0.698072
0.681053
0.999847
0.052904
0.139245
0.994694
0.027716
0.740919
1.000000
0.087428
0.753744
0.051179
1.000000
0.586474
0.817031
1.000000
0.937284
0.676882
0.571234
0.226736
0.431181
0.999991
0.017645
0.032059
0.385066
0.248870
0.037214
0.195067
0.000000
0.119198
0.402263
0.100736
1.000000
0.163008
0.114305
0.377463
0.239577
0.822671
0.997201
0.290232
0.981115
0.263161
0.179758
0.332493
0.733498
0.155545
0.182171
0.101178
0.697942
0.075748
0.502602
0.061972
0.999979
0.091471
0.266783
0.120363
0.629512
0.574425
0.401230
0.561245
0.000000
0.236488
0.104285
0.964974
0.985784
0.000000
0.023550
0.062894
0.352684
0.387527
0.067027
0.999997
0.000000
1.000000
0.534348
0.270801
0.848467
0.000000
0.000000
0.161702
0.567338
1.000000
0.482982
0.557730
0.201435
0.554687
0.756972
0.353895
0.677698
0.000000
0.634098
0.839041
0.000000
0.114574
0.999954
0.068542
0.318203
0.060717
0.936169
0.495405
0.911094
0.166617
0.126558
1.000000
0.634999
0.151790
0.035062
0.997200
0.068275
0.403993
0.123807
0.207672
0.008473
0.012705
0.238615
0.998809
0.070060
0.898191
0.078895
0.805222
0.093102
0.137780
0.601765
0.052125
0.499747
0.083813
0.999989
0.963537
0.208489
0.203503
0.728239
0.105185
0.808459
0.837669
0.017811
0.124264
0.918212
0.031256
0.415613
0.971066
0.454967
0.119386
0.385030
0.067643
0.111569
0.176782
0.036038
0.187734
0.488501
0.999957
0.573658
1.000000
0.212138
0.012024
0.052759
0.527844
0.572855
0.010007
0.305382
0.131683
0.422323
0.195671
0.345163
0.069650
0.384349
0.405759
0.934049
1.000000
0.200414
0.944412
0.265273
0.285715
0.202551
0.418045
0.010504
0.312431
0.505643
0.981628
0.174964
0.211534
0.264293
0.159775
0.748896
0.196993
0.988039
0.088341
0.000000
0.000000
0.191569
0.920926
0.305474
0.999956
0.036483
0.757949
0.195733
0.000000
0.999908
0.047444
0.190395
0.522940
0.178903
0.251412
0.503621
0.022961
0.000000
0.382166
0.506927
0.969459
0.075494
0.866031
0.099855
0.366343
0.899736
0.073680
0.854649
0.999912
0.892830
1.000000
0.000000
0.087567
0.016584
0.229360
0.782596
0.489242
0.434706
0.376130
0.314230
0.255871
0.474320
0.077995
0.364284
0.053942
1.000000
0.347117
0.452592
0.625567
0.999494
0.055753
0.847988
0.157838
0.494921
0.163083
0.437151
1.000000
0.999999
1.000000
0.507794
0.047021
0.164902
0.249205
0.351478
0.794416
1.000000
0.068534
0.131796
0.159167
0.000000
0.217644
1.000000
1.000000
0.996973
0.954118
0.311554
0.486505
0.901399
0.053772
0.991337
0.939924
1.000000
0.243556
0.183810
0.576671
0.992737
0.102700
0.978002
0.328003
0.517042
0.824974
0.776339
0.995987
0.056600
1.000000
0.121302
0.901333
0.994455
0.085341
0.056820
0.966355
0.076108
0.999689
0.081400
0.994077
0.312621
0.213248
0.564474
0.130150
0.000000
0.551567
0.076442
0.009128
0.958317
0.100590
0.770122
0.705833
0.928114
0.284835
0.753342
0.515702
0.000000
0.988734
0.353264
0.069290
0.354507
0.913314
0.411520
0.124850
0.949124
1.000000
0.145123
0.919146
0.000000
0.710401
0.156280
0.158816
1.000000
1.000000
0.899307
0.569018
0.102966
0.069201
0.192685
0.270353
0.946079
0.180915
0.631584
0.322817
0.815239
1.000000
0.204938
0.878861
0.941216
0.997839
0.127542
0.756092
1.000000
0.755564
0.597354
0.594098
0.048039
0.084479
1.000000
0.834170
0.155951
0.908056
0.688288
0.021268
0.235062
0.929620
0.156272
0.918476
0.230497
0.747020
0.382502
0.000000
0.119672
0.371531
0.000000
0.243836
0.910152
0.083303
0.419206
0.056911
1.000000
1.000000
0.012314
0.316682
0.048904
1.000000
1.000000
1.000000
0.024647
0.795865
0.227131
0.084410
0.453853
0.116378
0.233415
0.312350
1.000000
0.312070
0.344732
0.000000
0.040455
0.213240
0.852608
0.229676
0.359580
0.994798
0.147314
0.000000
0.383033
0.624583
0.317478
0.704968
0.037329
0.998576
1.000000
0.886000
0.060973
0.009379
0.950464
0.214610
0.316788
0.706514
0.688150
0.869605
0.959888
0.358156
0.919418
0.251519
0.006623
0.366467
0.055888
0.036988
0.026202
1.000000
0.560494
0.271501
0.029395
0.987643
0.779545
0.070669
0.972986
0.082009
0.010355
0.999784
0.375779
0.018722
0.052868
0.989726
0.002861
1.000000
0.480283
1.000000
0.585873
1.000000
0.002258
0.954490
0.026850
0.967719
0.734785
0.736328
0.466052
0.627354
0.078597
0.012089
0.838356
0.388751
0.999976
0.561308
0.380523
0.245142
0.066803
0.328176
0.261454
0.027502
0.862757
1.000000
0.895506
0.993887
0.963291
0.672703
0.500924
0.000000
0.200660
0.444430
0.035379
0.995904
0.000000
0.103081
0.817807
0.108350
0.552762
0.491386
0.101755
0.250865
0.244721
0.903000
0.056810
0.227298
0.139376
0.124738
0.336543
0.592971
0.948105
0.645271
0.852028
0.506635
0.637455
0.280627
0.988130
0.999949
0.000000
0.053331
0.374827
0.999315
0.042229
1.000000
0.261123
0.159416
0.073679
0.786812
0.028106
0.459434
0.710057
0.008610
0.115534
0.991653
0.094448
1.000000
1.000000
0.313505
0.337499
0.586682
0.014299
0.922622
0.073349
0.945593
0.400527
0.072887
0.456245
0.934612
0.286683
0.016442
0.999993
0.693596
1.000000
0.106633
1.000000
0.990603
0.726384
0.360796
0.032886
0.999985
0.874414
0.788643
0.981813
0.783524
0.098119
0.058556
0.035284
1.000000
1.000000
0.336554
0.586552
0.999503
0.096530
0.300726
0.418759
0.686149
0.459970
0.096714
0.930315
0.217357
0.930862
0.999994
0.440899
0.842049
1.000000
0.554621
0.559303
0.327851
0.000000
0.072714
0.528762
0.329238
0.120148
0.342144
0.250899
0.781890
0.628734
0.085197
0.709529
0.009629
0.902028
0.073095
0.035700
0.132952
0.956450
0.321561
0.940736
0.699391
0.486674
0.905759
0.811691
0.166991
0.999544
0.716374
0.404125
0.991166
0.769054
0.028709
0.023594
0.303739
1.000000
0.805829
0.999777
0.050318
0.000000
0.447803
0.070864
1.000000
0.230345
0.359645
0.354084
1.000000
0.697154
0.998475
0.849532
0.400967
0.100246
1.000000
0.378017
0.931098
0.115291
0.000000
0.281722
0.366532
0.215697
0.959086
0.163185
0.741240
0.418929
0.143849
0.064899
0.008993
0.924052
0.649778
0.458201
0.917314
0.901671
1.000000
0.952599
0.493186
0.169641
0.489327
0.900127
1.000000
0.170064
0.085469
0.109050
0.439130
0.480944
1.000000
0.897431
0.154273
0.215210
0.436350
0.890067
0.333970
0.561374
0.016125
0.679541
1.000000
0.340641
0.019485
0.861886
0.998913
0.792206
1.000000
0.182809
0.962075
0.844855
1.000000
0.982855
0.457164
0.018686
0.153061
0.114872
0.943623
0.964570
0.493980
0.895453
0.999997
0.969178
0.189986
0.999418
0.998754
0.204104
0.036956
0.113093
0.273354
0.000000
0.830649
0.232912
0.883194
0.844358
0.050514
1.000000
0.254123
0.000000
1.000000
0.000000
0.347885
0.138842
0.992510
0.999781
0.562449
0.645845
0.853462
0.740142
0.045025
0.000000
0.216078
0.406975
0.258958
0.528467
0.300763
0.830141
0.266597
1.000000
0.993839
0.016327
0.999960
0.992574
0.661050
0.677172
0.265541
1.000000
0.993941
0.204348
0.048721
0.150744
1.000000
0.200799
1.000000
0.353192
0.085685
0.045098
0.954863
0.550524
0.540614
0.085583
0.000000
0.486166
1.000000
1.000000
0.709902
0.250096
0.563300
0.189668
0.878951
0.061404
0.264278
0.187650
0.999524
0.630941
0.983417
0.083562
0.297517
0.152767
0.468433
0.176019
0.085909
0.989454
0.083914
0.951537
0.004977
1.000000
0.074566
0.508196
0.061510
0.447844
0.003783
0.900839
0.223554
0.381288
0.061418
0.887392
0.207490
0.011089
0.253939
0.064280
1.000000
0.039645
0.538817
0.169343
0.928488
0.643513
1.000000
0.746329
0.230985
0.262468
0.491935
0.162066
0.101517
0.167390
0.254130
0.030756
0.031391
0.570342
0.947791
0.088804
0.531157
0.105560
0.143505
0.928293
0.491523
0.752404
0.021816
0.922266
0.007220
0.408227
0.280014
0.223724
0.215330
0.155975
0.234451
1.000000
0.653531
0.893283
0.169142
0.000000
0.076315
0.999164
0.196641
0.925544
0.033200
0.000000
0.993869
0.182106
0.334270
0.442947
0.451106
0.925700
0.890243
0.135477
0.592205
1.000000
0.000000
0.309639
0.995723
0.020805
0.735987
1.000000
0.146337
0.231875
0.946979
0.048638
0.999425
0.999637
0.614926
0.996923
0.424754
1.000000
0.713388
1.000000
0.867796
0.906514
0.446694
0.999822
0.862741
0.874239
0.086182
0.151306
0.910353
0.698563
0.036965
0.432396
0.863941
0.010729
0.074374
0.000000
0.227670
1.000000
0.691163
0.324706
0.512902
0.522144
0.509460
0.324359
0.443331
0.129488
0.486605
0.995240
0.588184
1.000000
0.124150
0.137753
0.290284
0.043884
0.085469
0.504600
0.400045
0.996679
0.993861
0.000000
0.346081
0.000000
0.999447
1.000000
0.133695
0.712713
0.066955
0.999891
0.260014
0.915323
0.596329
0.325126
0.661563
0.858961
1.000000
0.303805
0.169986
0.947464
0.936058
0.802634
0.995328
1.000000
0.536773
0.995569
0.396804
0.136635
0.309390
0.000000
0.097071
0.033509
0.375723
0.775581
0.999380
1.000000
0.433242
0.087960
0.177803
0.048551
0.215474
0.968219
0.026020
0.381578
0.620019
0.229369
1.000000
0.549997
0.121917
0.123280
1.000000
1.000000
0.304730
0.125779
0.758020
0.333768
0.985855
0.986266
0.999925
1.000000
0.213022
0.878682
0.447075
0.972773
0.765411
0.865599
0.962749
0.909764
0.999999
0.500481
0.000000
0.105213
0.670276
0.066188
0.433601
0.055198
0.116926
0.146972
0.897796
0.288835
0.881677
0.743872
0.136338
0.680515
1.000000
0.683077
0.189345
0.187097
0.082367
0.994698
0.047820
0.084564
0.048778
0.998414
0.000000
1.000000
0.978313
0.992138
0.513216
0.459465
0.975721
0.640963
0.867416
0.837692
0.000000
0.411027
0.432265
0.466880
0.043389
0.942756
0.393778
0.786624
0.161232
0.130016
0.215252
0.210048
0.855149
0.234933
0.465881
0.969398
1.000000
0.504138
1.000000
0.996714
0.918950
1.000000
0.000000
0.017331
0.064817
0.340377
0.000000
0.470215
0.529479
0.214676
0.102359
0.140137
0.160097
0.765690
0.214724
0.799818
0.110995
0.445795
0.095339
0.317086
0.088119
0.248645
0.328182
0.999108
0.077911
0.481120
0.348745
0.804133
1.000000
0.251029
0.026826
0.094573
0.972916
0.550250
0.943385
0.373061
0.964666
0.238958
0.124040
0.000000
0.064935
0.562936
0.072822
0.597694
0.052842
0.549988
0.419308
0.999668
0.407861
0.380334
0.049546
0.515254
0.053058
0.954738
0.000000
0.979279
0.300663
0.051304
0.221992
0.081745
0.993570
0.576807
0.665093
0.766774
0.659387
0.878244
0.949941
0.368604
0.999996
0.181207
0.056810
0.997089
0.989089
0.450207
0.316410
0.958552
0.394174
0.899347
0.000000
0.999990
0.976091
0.592546
0.078264
0.533951
0.000000
0.977806
0.984325
0.045578
0.122312
0.399814
0.222155
0.000000
0.944525
0.979413
0.000000
0.028423
0.948745
1.000000
0.059634
0.094015
0.993813
0.088794
0.000000
0.959782
0.747453
0.000000
1.000000
0.092542
0.999887
0.367579
0.172858
0.020523
0.793542
0.021760
0.100994
0.343879
0.203598
0.694023
0.293821
0.999995
0.999265
0.377159
0.059038
0.017419
0.863873
0.293280
0.998332
0.886000
0.722071
0.263220
1.000000
1.000000
0.999997
1.000000
0.133263
0.396517
0.305867
0.934090
0.273896
0.388550
0.501603
0.665139
0.000000
0.070893
0.000000
0.489901
0.121333
0.013895
0.798520
1.000000
0.165662
0.017226
0.012825
0.057914
0.876528
0.884225
0.000000
0.978813
0.203996
1.000000
0.102667
0.027515
0.030103
0.035123
0.237464
0.284949
0.398181
0.173777
0.999967
0.999996
0.089721
1.000000
0.021308
0.737733
0.961746
0.495745
0.905310
1.000000
1.000000
0.043149
0.094448
0.991747
0.065723
0.489476
0.709415
0.000000
0.377716
1.000000
0.097729
0.672527
0.226686
0.131417
0.966300
1.000000
1.000000
0.861942
0.557985
0.216234
1.000000
0.203061
0.803468
0.086877
0.997353
0.040394
0.000000
1.000000
1.000000
1.000000
0.345194
1.000000
0.220133
0.057023
0.176692
0.252108
1.000000
0.365097
0.977834
0.013209
0.841259
0.946022
0.008883
0.999986
1.000000
0.513187
0.968320
0.240860
0.258084
0.000000
1.000000
0.057597
0.000000
0.062015
0.067520
0.196160
0.456886
0.121280
0.092287
0.738819
0.323943
0.950700
0.993152
0.670700
0.700652
0.129276
1.000000
0.000000
0.976400
0.978745
0.075828
0.459251
0.711008
1.000000
0.273463
0.799920
0.808163
0.227692
0.658059
0.098912
0.735450
0.989805
0.535221
1.000000
0.044668
0.115683
0.957378
0.430576
0.859369
0.198175
0.804182
0.000000
0.206771
0.146226
0.999274
0.295088
1.000000
0.767956
0.446655
0.260418
0.753063
0.154929
1.000000
0.999932
0.116736
0.835705
0.021562
0.027404
0.897676
0.000000
0.922909
0.809155
1.000000
0.794053
0.000000
0.495755
0.137556
0.117093
1.000000
0.500813
0.149266
0.837933
0.671646
0.040005
0.080034
0.914618
0.358296
0.156800
0.107765
0.204708
0.355645
0.076810
1.000000
0.160383
0.305386
0.466103
0.000000
0.188114
1.000000
0.071510
0.708542
0.256979
0.118935
0.737934
0.009574
0.455198
0.111637
0.089218
0.668830
0.000000
0.145290
0.127366
0.464503
0.252358
0.032246
0.025826
0.192018
0.391255
0.592830
0.848153
0.968529
0.096259
0.072741
0.119621
0.998467
0.496467
0.085857
0.955006
0.904808
0.134921
0.294807
0.979371
0.090971
0.870069
0.781258
1.000000
1.000000
0.987206
0.973221
0.264936
0.340215
0.592519
0.227514
0.999999
0.200697
0.187073
0.126646
0.164262
1.000000
0.078647
0.670386
0.761706
0.879124
0.891283
0.000000
0.149871
0.578306
0.110578
0.000000
0.291626
1.000000
0.048355
0.000000
0.012348
0.174501
0.762938
0.056071
0.206514
0.369390
0.845503
0.847763
0.340243
1.000000
0.191542
0.999957
1.000000
0.122607
1.000000
1.000000
0.269175
0.967859
0.855611
0.057028
0.207365
0.207284
0.999997
0.587849
0.720126
0.085471
0.030332
0.796585
0.999983
0.017078
0.319982
0.999856
0.951890
0.786498
0.104866
0.049861
0.128902
0.215757
0.255907
0.314430
0.961045
0.905219
0.057399
0.263975
0.735250
0.176906
0.325843
0.207558
0.771158
0.148655
0.598856
0.036993
0.741183
0.021544
0.613786
0.205166
0.218000
0.966090
0.914833
0.816476
0.938361
0.253102
0.212286
1.000000
0.257354
0.044097
1.000000
0.743065
0.236840
0.000000
0.529700
1.000000
0.359889
0.916518
0.763271
0.295610
0.557222
0.025872
0.678196
0.781291
0.998829
0.079926
0.025055
0.357593
0.042088
0.000000
0.345905
0.138875
0.181342
1.000000
0.341908
0.000000
0.989530
0.598462
0.119456
0.994330
0.078123
0.626917
0.000000
0.023836
0.341297
0.041508
0.045691
0.130347
0.974587
0.196597
0.521550
0.012660
0.115391
0.728919
0.466156
1.000000
0.146631
0.997455
0.984462
0.923549
0.025912
0.066333
0.840828
0.194923
0.167886
0.165103
0.461198
0.987083
0.718092
0.324788
0.216157
0.159827
0.250647
0.043869
0.593540
0.032399
0.192040
0.907664
0.035162
0.967872
1.000000
0.029618
0.272036
0.030244
0.321462
0.235255
0.000000
0.716203
0.996795
1.000000
0.000000
0.984406
0.457623
0.848629
0.366374
0.998454
0.066686
0.034007
1.000000
0.261125
0.018620
1.000000
0.602899
0.999942
0.250887
0.358037
0.276335
0.111030
0.022262
0.295562
0.630491
0.996949
0.039813
0.002712
0.000000
0.998727
0.966519
0.005025
0.243299
0.120290
0.882883
0.999564
0.020835
0.046735
0.988806
0.636056
0.040454
0.043114
0.235231
0.989337
0.018061
0.297049
0.148499
0.616815
0.425912
0.311273
0.428009
0.999915
0.994520
0.029838
0.457109
0.198746
0.519263
0.000000
0.000000
0.105407
0.866271
1.000000
0.678205
0.061699
0.014478
0.000000
0.154319
0.798709
0.000000
0.471259
0.270348
0.075161
0.000000
1.000000
0.991243
0.780811
0.586707
0.435049
1.000000
0.280922
0.133562
0.967960
0.999980
0.067323
0.277010
0.324777
0.023876
1.000000
0.983648
0.000000
0.994915
0.174762
0.299629
1.000000
1.000000
0.062412
0.994628
0.998561
0.988654
0.999508
1.000000
0.999965
0.113661
0.000000
0.801153
0.999999
0.997692
0.231933
0.296117
0.000000
0.079091
1.000000
0.000000
0.247760
0.215726
0.070829
0.999997
0.000000
0.199748
0.514457
0.358204
0.381701
0.921391
0.744315
0.999971
0.987465
0.024800
0.999994
0.802101
0.999600
0.999829
0.011590
0.994430
0.999879
0.502007
0.574302
0.244403
0.196573
0.217647
0.041949
1.000000
0.148987
0.133550
0.370384
1.000000
1.000000
0.098380
0.020861
0.952401
0.550611
0.097696
0.802511
0.965905
0.240944
0.108734
0.156103
0.279117
0.757180
0.926178
0.038319
0.070244
0.999374
0.199814
0.414193
1.000000
0.619136
0.147142
0.831522
0.271616
0.107039
0.073893
1.000000
1.000000
0.608739
0.000000
0.055838
1.000000
1.000000
0.539661
0.185270
0.999787
0.834148
0.083241
0.000000
0.011413
0.129364
0.000000
0.196510
0.826546
0.140164
0.454479
0.133472
0.633861
0.999982
0.518210
0.197681
0.999987
0.120513
0.011237
0.978476
0.029186
0.993996
0.991089
0.877522
1.000000
0.288017
0.954521
0.416471
0.000000
0.827555
0.632743
0.349292
0.800703
0.653337
0.651155
0.500763
0.033355
0.635936
0.700874
0.748997
0.972134
0.028516
0.996850
0.114363
0.317238
0.285365
0.036249
0.463460
0.510271
0.170355
0.999998
0.038804
0.035334
0.178295
0.089416
0.393691
0.151163
0.987037
0.267999
0.064808
0.903658
0.071303
0.993169
1.000000
0.962029
0.000000
0.937006
0.882250
0.979725
0.276639
0.307003
0.555821
0.044629
0.998675
0.098649
0.270154
0.274613
0.259661
0.285476
1.000000
1.000000
0.999816
0.384469
0.151049
0.024453
0.962871
0.231234
0.037534
0.850348
0.042749
0.414804
0.096350
0.999894
0.087036
0.282721
1.000000
0.218037
0.638198
0.201401
0.058857
0.026246
0.564637
0.279288
0.883282
1.000000
0.544992
0.013423
0.999207
0.279606
0.183128
0.015971
0.999876
0.226681
0.878115
0.758091
0.999999
0.035694
0.067111
0.054492
0.082162
0.213309
1.000000
0.993186
0.817607
1.000000
1.000000
1.000000
0.175090
0.243097
0.078100
0.892751
0.138281
0.636362
0.137773
0.366762
0.184473
0.411461
0.395710
0.000000
1.000000
0.310923
1.000000
0.031939
0.620995
0.222348
0.356864
0.080122
0.354761
0.237589
0.704491
0.200535
0.249667
0.641636
0.577155
0.391806
0.555157
0.989741
0.834337
0.000000
0.994182
0.169170
0.096255
1.000000
0.262791
0.094382
0.154266
0.923056
0.611820
0.889747
0.112395
0.174934
0.994938
0.798670
0.175557
0.562318
0.999990
0.374610
0.940051
0.154701
0.729045
0.831797
0.105985
0.000000
0.103351
0.048204
0.989516
0.042280
0.999993
0.336438
0.077914
0.919338
0.657586
0.613031
0.429250
0.060109
0.874251
0.156657
0.403591
0.999658
0.829315
0.464070
0.284165
0.000000
1.000000
0.672407
0.000000
0.263230
0.982847
0.016606
0.999724
1.000000
1.000000
0.523916
0.984316
0.610534
0.000000
0.952160
0.116833
0.994382
0.102040
0.780510
0.110019
0.209317
0.586187
0.362682
0.000000
0.046675
0.077725
1.000000
0.136232
0.071255
0.958093
0.270747
0.998301
0.134531
0.907059
0.401949
0.161212
0.345835
0.999999
0.717645
0.812318
0.963343
0.041290
0.251604
0.966878
0.128049
0.998410
0.741617
0.185034
0.981915
0.856955
0.330594
0.484871
0.677559
0.275191
0.984333
0.512406
0.898123
0.096845
1.000000
0.013661
0.025052
0.999056
0.265291
0.197980
0.018844
0.520829
0.615971
0.769245
0.119176
0.056509
0.030950
0.605679
0.999975
0.985991
0.508202
1.000000
1.000000
0.429099
0.095857
0.829748
0.954069
0.949200
0.155869
0.192493
0.044401
0.044590
0.451143
0.109471
0.131765
0.793034
1.000000
0.999827
0.974399
0.581246
0.999533
0.968535
0.656480
0.807216
0.022672
0.063370
0.097217
0.000000
0.999818
0.006224
0.129033
0.595482
0.377289
0.086708
0.396790
0.070328
0.945385
0.083022
0.996807
0.973679
0.819968
0.659729
0.155836
0.269185
0.337736
0.999999
0.000000
0.316569
0.151041
0.378706
0.897806
0.068337
0.341234
0.498708
0.999995
0.228955
0.272454
0.331765
0.976267
0.995356
0.100991
0.575062
0.998445
0.563776
0.085259
0.594723
0.695695
0.999931
0.063345
0.036137
0.390899
0.109498
0.013100
0.016051
0.514068
0.290848
0.183353
0.630499
0.244189
0.044465
0.164798
0.033447
0.651616
0.963429
0.999978
0.000000
0.945502
0.000000
0.312124
0.427238
0.106966
0.023233
0.191334
0.956014
0.210685
0.201570
0.285578
0.239041
1.000000
0.000000
0.053022
0.922547
0.876969
0.845236
0.577721
0.162843
0.187319
0.201677
1.000000
0.950556
0.043883
1.000000
0.605585
0.710034
0.169428
0.297975
1.000000
0.000000
0.363463
0.957027
0.457756
0.658070
0.996063
0.101678
0.326717
0.063512
0.515064
0.375222
0.459411
0.055105
0.999999
0.606612
0.267199
0.121226
0.999028
0.220044
0.879495
0.054259
0.934686
0.248582
0.997589
0.000000
0.866343
0.273265
0.232626
0.697294
0.999637
0.733535
0.958931
0.000000
0.981315
0.127162
0.069933
0.261628
0.996481
0.000000
0.815746
1.000000
0.601060
1.000000
0.125885
0.098936
0.154639
0.054815
1.000000
0.216379
0.030152
0.259613
0.255185
0.637262
0.581018
0.139006
0.638605
0.190809
0.327109
0.163927
0.017036
0.850075
0.041086
0.658631
1.000000
0.779813
1.000000
0.028436
0.000000
0.000000
0.000000
0.000000
0.996311
0.843183
0.534271
0.910747
0.000000
0.343098
0.095136
0.042291
0.848044
0.506685
0.458470
0.173169
0.850243
0.999990
1.000000
0.779491
0.999054
0.999033
0.412016
0.218754
0.644726
0.040086
1.000000
0.103516
0.011650
0.081035
0.070758
0.999986
1.000000
0.957914
0.031738
0.000000
0.000000
0.982802
0.028656
0.243086
0.049818
0.091444
0.063178
0.107132
0.999981
0.360353
0.116413
0.036937
0.138697
0.433869
0.721555
0.999978
0.391533
0.697762
0.046099
0.089590
0.742109
0.625805
0.985956
0.905115
0.348226
0.049104
0.555445
0.469341
0.566151
0.451136
0.325074
0.680125
0.603516
0.362540
0.000000
0.116650
0.293472
0.999985
0.080955
0.453209
0.000000
0.150418
0.397945
0.201924
0.352970
0.603081
0.802810
1.000000
0.361760
0.063234
0.995594
0.373847
0.011910
0.284278
0.843057
0.459454
0.022224
0.755541
0.181868
0.762098
0.178233
0.041680
0.135412
0.000000
0.720337
0.649985
1.000000
0.083829
0.766752
0.820042
0.307199
1.000000
0.975062
0.046740
0.000000
0.215997
0.104092
0.963328
0.220009
0.065626
0.532558
0.013231
0.969399
0.998693
1.000000
0.305893
0.485915
0.482456
0.315315
0.999674
0.360815
0.460206
0.899382
0.946187
0.045201
1.000000
0.022236
0.836404
1.000000
0.197164
0.997538
0.845483
0.039958
0.546823
0.419328
0.299609
1.000000
0.486622
0.167992
0.999928
0.129787
1.000000
0.133168
1.000000
0.242517
0.989760
0.976709
0.041879
0.000000
0.064053
0.494681
0.249289
0.845677
0.999998
0.000000
0.162481
1.000000
0.035904
0.293355
0.000000
0.437227
0.325230
0.999996
0.551948
0.462747
1.000000
0.995333
1.000000
0.146896
0.272964
0.056323
0.318649
0.135544
0.037561
0.386773
0.646216
0.995226
0.247671
0.927556
0.130819
0.461833
1.000000
0.619635
0.183296
0.143145
0.007146
0.866561
0.713334
0.342859
0.986573
0.069897
1.000000
0.427627
0.460890
0.287511
0.162654
0.720495
0.446578
0.025528
0.997426
0.999990
0.202495
0.998876
0.113129
0.062488
0.933781
0.582868
0.423676
0.979240
0.693105
0.790447
0.140756
0.331959
0.886515
0.049462
0.701222
0.000000
0.454246
0.290469
0.969803
0.306346
0.995613
0.205735
0.137428
0.977996
0.837705
1.000000
0.077379
0.000000
0.999993
0.000000
0.048156
0.111766
0.069771
0.076923
0.806013
0.077939
0.999754
0.083682
0.891696
0.352613
0.000000
0.304758
0.015449
0.188134
0.961408
0.032591
0.968845
0.628283
0.997720
0.042061
0.078744
0.974429
0.568011
0.137075
1.000000
0.062987
0.876119
0.945182
0.999975
0.827485
0.231280
0.640921
0.996877
0.092202
0.975149
0.698307
0.000000
0.000000
0.268435
0.568769
0.999993
0.349936
1.000000
0.323135
0.221876
0.966747
0.681968
0.473685
0.360621
0.777564
0.999992
0.030132
0.076279
0.196960
0.741823
0.956604
1.000000
0.741505
0.172239
0.999419
0.074398
0.095192
0.148872
0.047328
0.009958
0.168710
0.519081
0.976389
0.513224
0.113404
0.000000
0.429805
0.652548
0.998202
0.020746
0.143223
0.756940
0.796393
0.000000
0.018729
0.042680
0.073913
0.959781
0.339679
0.999985
0.567296
1.000000
0.405304
1.000000
0.999971
0.115698
0.122581
0.066154
0.232710
0.125281
0.025159
0.000000
0.842975
0.943161
0.826338
0.348358
0.048890
0.039912
0.068177
0.041976
0.413649
0.027247
0.469620
0.872171
1.000000
0.314834
0.708576
1.000000
0.164985
0.216211
0.215252
0.214955
0.865677
0.999999
1.000000
0.992396
0.983016
0.036378
0.610811
0.950854
0.143002
0.047840
0.109171
0.186738
0.269980
0.866868
0.265456
0.562041
0.706064
0.252889
0.118131
0.446597
0.618094
0.999862
0.982937
0.172100
0.686263
0.528850
0.869941
0.235569
0.276711
1.000000
0.446232
0.460481
0.999999
0.999891
0.992007
0.095739
0.795243
0.272788
0.331721
0.027621
0.258174
0.193626
0.999979
0.302706
0.099373
0.487169
0.957241
1.000000
0.521310
0.000000
0.500976
0.101580
0.999964
0.981491
1.000000
0.358692
0.402842
0.303471
0.709569
0.055475
0.999776
0.333103
0.195503
0.999504
0.424197
0.029452
0.999657
0.044009
0.129102
0.902051
0.844248
0.358591
0.995868
0.857788
0.160912
0.127168
0.189141
0.685617
0.981520
0.669022
1.000000
0.999974
0.010055
0.039333
0.639208
0.345823
0.238246
0.045837
0.024087
0.276695
0.104444
0.141446
0.991992
0.083374
0.999047
0.017130
0.790770
0.032781
0.009092
1.000000
0.231552
0.868685
0.976767
0.040130
0.957512
0.996427
1.000000
0.999989
0.181776
0.463342
0.528639
1.000000
0.745231
1.000000
0.430529
0.049345
0.070739
0.816806
0.407355
0.340636
0.051566
0.000000
0.034571
0.371484
0.730223
0.764603
0.421481
0.450089
0.277453
0.370732
0.880443
0.510168
0.777899
0.168579
0.037909
0.363556
0.688824
0.877151
0.778257
0.045074
0.131891
1.000000
0.366975
1.000000
0.864195
0.902324
0.000000
0.290042
0.541181
0.637729
0.999856
0.383968
0.888168
0.165849
0.447495
0.008212
0.609659
0.702154
0.435505
0.122605
0.239081
0.742142
0.096844
0.000000
0.177689
0.564827
0.130765
0.715768
0.952338
1.000000
0.999962
0.787901
0.413567
0.226178
0.498242
0.040420
0.116451
0.193920
0.296721
0.464574
0.341285
0.073576
0.261739
0.941304
0.000000
0.463255
0.996716
0.187079
0.062874
0.996635
0.402816
0.172505
0.124733
0.999850
0.971907
1.000000
0.474954
0.928942
0.403528
0.689576
0.220533
0.264122
0.811931
0.268160
0.670794
0.107278
0.539827
0.181774
0.920127
0.146065
0.132456
0.611005
0.228799
0.417913
0.193736
0.999917
0.219261
0.888520
0.673001
0.998665
0.667508
0.248572
0.032556
0.274583
0.297982
0.802769
0.179746
0.793432
0.382085
0.706499
0.998311
0.168278
0.612118
0.902964
1.000000
0.225239
0.576390
0.495601
0.094818
0.457653
0.944706
0.317334
0.303101
0.518439
0.718251
0.315702
0.061952
0.321537
0.000000
1.000000
0.031252
0.793141
0.084599
0.156146
0.028314
0.983292
0.526730
0.984670
0.932401
1.000000
0.802004
0.078923
0.545563
0.000000
1.000000
0.003109
0.224869
0.153250
0.307785
0.157921
0.654717
0.000000
0.000000
0.007090
0.054258
0.035744
0.782958
0.999374
0.241567
0.000000
0.304777
0.291954
0.464362
0.787826
0.212490
1.000000
0.492193
1.000000
0.000000
0.042422
0.374073
0.676949
0.318660
0.099161
1.000000
0.998546
0.868369
0.024445
0.121607
0.287253
0.198698
0.169549
0.226600
1.000000
0.977268
0.339841
0.950349
0.252403
0.999964
0.509930
0.025576
0.907574
0.378503
0.085885
0.839732
0.195860
1.000000
0.033009
0.034217
0.108065
0.999277
1.000000
0.194322
0.645967
0.828978
0.998726
0.245102
0.000000
0.084610
0.058439
0.246726
0.074531
0.404543
0.000000
0.961341
0.858456
0.104381
0.000000
0.260005
0.998037
0.954786
0.397297
0.757144
1.000000
0.123896
0.977425
0.381080
0.999996
0.353478
0.365880
0.031587
0.812272
0.000000
0.036477
0.063547
0.999999
0.364070
0.054432
0.926746
0.887113
1.000000
0.782275
1.000000
0.854859
0.985841
0.000000
0.221737
1.000000
0.999477
0.000000
0.026055
0.000000
0.567935
0.340711
0.575860
0.652568
0.672892
0.093903
0.999999
0.657334
0.999260
0.506362
0.090066
0.108755
0.000000
0.962028
0.045128
0.885864
0.461824
0.980996
0.011159
0.000000
0.064083
0.163523
0.074041
0.466093
0.402259
0.975879
0.086795
0.228977
0.203070
0.302757
0.546645
0.666908
0.210324
1.000000
0.917284
0.119074
0.237171
0.999626
0.495045
0.802875
0.645117
0.824128
0.057289
0.984289
1.000000
0.126912
0.070549
0.076761
0.480283
0.514144
0.249847
0.830423
0.986131
0.999392
0.071430
0.942851
0.475530
0.538619
0.048534
0.987302
0.873360
0.268669
0.676291
0.366961
0.763414
0.890985
0.999611
0.726720
0.074796
0.900443
0.267070
1.000000
0.678700
0.922783
0.157572
0.101642
0.038136
0.359449
0.000000
0.536186
0.948166
0.143110
0.899097
0.187001
0.884676
0.927930
0.606432
1.000000
0.451272
0.182689
0.516138
0.000000
0.166114
0.120195
0.880369
0.622947
0.059136
0.000000
0.860995
0.157353
0.137487
0.811907
0.050807
0.641985
0.017417
0.489740
0.995208
1.000000
0.982843
0.745327
0.624687
0.489619
0.613401
0.861493
0.999983
0.068231
0.975977
0.064591
0.166462
0.000000
0.333252
0.340030
0.382602
0.864177
0.468513
0.269395
0.048862
0.294926
0.996199
0.978998
0.999099
0.075521
0.233103
0.999987
0.172201
0.361205
0.841742
0.319353
0.564259
0.975795
0.059667
0.260206
0.038615
0.345704
0.260111
0.672177
0.052169
0.022065
0.000000
0.559376
0.064660
0.976691
0.047151
0.027071
0.147985
0.957558
0.952357
0.000000
0.227909
0.996722
0.330256
0.438629
0.558422
0.170545
0.133143
0.971889
0.251315
0.322478
0.294782
0.993095
0.052269
0.148772
0.735863
0.983567
0.000000
0.297814
0.052317
0.692540
0.112766
0.617538
0.998851
0.325988
0.756319
0.436623
0.289624
0.565688
0.075740
0.457426
0.988946
0.993653
0.850987
0.079482
0.862304
0.271951
0.003361
0.926768
0.871945
0.000000
0.999715
0.169893
0.861451
0.607019
0.999619
0.510285
0.753945
0.583024
0.208778
0.063146
0.969823
1.000000
0.605586
0.075226
0.304468
0.000000
0.310701
1.000000
0.793274
0.046056
0.000000
0.780559
0.042444
0.562096
0.049161
0.982048
0.028641
0.007555
0.694595
0.575614
0.916859
0.269356
0.226424
0.000000
0.981354
0.316864
0.000000
0.415811
0.052845
0.345670
1.000000
0.067327
0.332786
0.100731
0.999979
0.591382
0.262263
0.000000
0.100057
0.888992
0.999821
0.192069
0.023091
0.066234
0.999905
0.457807
0.054537
0.981130
0.000000
0.997983
0.000000
0.054530
0.650572
0.733468
0.981373
0.941729
1.000000
0.102586
0.589383
0.194921
0.154761
0.115238
0.770656
0.233361
0.881475
0.469006
0.280211
0.624356
0.990215
0.055378
0.982991
0.998269
0.983408
0.027686
0.954147
1.000000
0.033347
0.175167
1.000000
0.112454
0.035515
0.500425
0.528727
0.912485
0.497508
0.054570
0.753412
0.032950
0.000000
0.000000
0.202810
1.000000
0.163658
0.999846
1.000000
0.999994
0.296390
0.178603
0.126652
0.154711
0.233292
0.060166
0.000000
0.620405
0.391411
0.397292
1.000000
0.099946
0.000000
0.327819
0.343208
0.999955
0.999882
0.431498
0.095098
0.478130
0.029027
0.738772
0.732806
0.042566
0.612834
0.999973
1.000000
0.106125
0.293172
0.027622
0.218018
0.012708
0.084863
0.096983
0.089085
0.016308
0.539601
0.985918
1.000000
0.595932
0.997141
0.061572
0.054005
0.128547
0.075249
0.323001
0.249756
0.997647
0.996227
0.997909
0.000000
0.248853
0.941817
0.404688
0.153190
0.999295
0.999920
0.997598
0.916245
0.549467
0.409510
0.992406
0.017154
0.067219
0.000000
0.452526
0.125246
1.000000
0.099321
0.469721
0.974348
0.129540
0.722897
0.860140
0.337389
0.368444
0.132265
1.000000
0.000000
0.000000
0.999632
0.314644
0.655458
0.999929
0.025048
0.966476
0.109684
0.501971
0.548898
0.979840
0.999987
0.553427
0.796940
0.072053
0.094396
0.094233
0.197296
0.539811
0.527064
0.295056
1.000000
0.421709
0.257793
0.139642
0.655178
0.000000
0.796697
0.603285
0.784963
0.727699
0.989470
0.999986
1.000000
0.194159
0.698800
0.987637
0.027596
0.409086
0.915838
0.846080
0.107096
0.000000
1.000000
0.252859
0.566210
1.000000
0.919761
0.306719
0.992224
1.000000
0.132669
0.999734
0.823400
0.000000
0.885963
0.333058
0.951753
0.254163
0.935830
0.000000
0.299273
0.394476
0.148014
0.012153
0.075214
0.989422
0.099941
0.054996
0.226972
0.041630
0.146825
0.922406
0.038866
0.113586
0.550747
0.486954
0.552397
0.024477
0.095438
0.031940
0.028184
0.999999
0.998698
0.955218
0.957031
0.128377
0.856339
0.288428
0.151728
0.999983
0.093222
0.000000
0.056518
0.130019
0.199277
0.041148
0.000000
0.017170
0.100876
0.981673
0.997696
0.061576
0.081342
0.250308
0.999999
0.131777
0.888418
0.001112
0.188987
0.987073
0.425208
0.191332
0.999684
0.262719
0.676507
1.000000
0.888647
0.711607
0.079027
0.692049
0.053710
0.278220
0.046900
0.909139
0.302239
0.200053
0.353214
0.021882
0.159496
0.981001
0.026762
0.038048
0.032134
0.554194
0.513139
0.162825
0.117549
0.999216
1.000000
0.965294
0.883397
0.999762
0.391050
1.000000
0.817418
0.902714
0.999752
0.304283
0.014905
0.926321
0.000000
0.000000
0.429648
0.963743
0.999995
0.754806
0.396013
0.164287
0.680303
0.763638
0.634403
0.381854
0.077908
0.972646
1.000000
0.537650
0.826532
0.777681
0.100710
0.189516
0.617311
0.772336
0.847235
0.092565
0.447613
0.227768
1.000000
0.068336
0.300501
0.050005
0.368548
0.379814
0.168634
0.867755
0.078141
0.107126
0.147314
0.146651
0.683877
0.561528
1.000000
0.080624
0.232698
0.294385
0.074090
0.702841
0.303571
0.196309
0.048216
0.076346
0.504213
0.613111
0.697824
0.416904
0.980923
0.011974
0.976035
0.425786
1.000000
0.000000
1.000000
0.046033
0.507502
0.085081
0.955283
0.949798
0.281935
0.149132
0.146113
0.621610
0.990307
0.946485
0.219683
1.000000
0.079189
0.272729
0.220475
0.821228
0.422973
0.580308
0.557309
0.534490
0.798029
0.548526
0.573294
0.085839
0.959952
0.999979
0.999994
0.413698
0.231357
0.966253
0.352707
0.340529
0.000000
0.000000
0.491719
0.240639
0.664377
0.000000
0.114597
0.999384
0.629190
0.008986
0.100357
0.196205
0.607744
0.871245
0.000000
0.694158
0.803425
1.000000
0.040078
0.033099
0.982986
0.708114
1.000000
0.200897
0.999999
0.673394
0.232451
0.328878
0.952052
0.710927
0.907858
0.000000
0.995049
0.698204
0.878152
0.765996
0.024976
0.927550
0.726750
0.133906
0.339981
0.065013
1.000000
0.917710
0.071205
0.974554
0.400893
1.000000
0.435819
0.228232
0.551701
0.493966
0.034220
0.000000
0.024891
0.312320
0.999983
0.039415
0.099533
0.000000
0.292448
0.558502
1.000000
0.000000
0.999897
0.018978
0.277631
0.158842
0.621167
0.548565
0.198833
0.059238
0.134505
0.557624
0.999986
0.625387
0.992077
0.113740
0.898387
0.255578
0.534697
0.380946
0.993689
0.262388
0.895823
0.731007
0.042905
0.339979
0.220806
0.350826
0.774137
0.578721
0.806474
0.873979
0.219739
0.143668
1.000000
0.307687
0.534204
0.017441
1.000000
0.986233
0.372461
1.000000
0.073377
0.079758
0.035596
0.098881
0.234720
0.042178
0.617079
0.999122
0.135565
0.491019
0.451343
0.551954
0.729473
1.000000
0.128463
0.423218
0.205845
0.000000
0.942069
0.369783
0.049161
1.000000
1.000000
0.019021
0.998469
0.259659
0.081527
0.539434
0.998974
0.479216
0.261642
0.019653
0.386638
0.913922
0.497078
0.579146
0.999683
0.471029
0.282759
0.986216
0.878911
0.799638
0.988524
0.861004
1.000000
0.516779
0.965952
0.503814
0.088083
0.592580
0.006654
0.278101
0.410512
0.049031
0.999993
0.057709
0.783012
0.984956
0.000000
0.348129
1.000000
0.990925
0.000000
0.015770
0.038879
0.687154
0.119210
0.000000
0.999945
0.031565
0.799803
0.761139
0.955923
0.136569
0.036774
0.126033
1.000000
0.665718
0.000000
1.000000
0.100303
0.546676
0.937631
0.056619
0.948329
1.000000
0.876047
0.277179
0.876898
0.677902
0.082503
0.737474
1.000000
1.000000
0.216320
0.043223
0.913194
0.289488
1.000000
0.243011
0.005778
0.205456
0.000000
0.923475
0.044930
0.910076
0.994099
0.089658
0.182214
0.407477
0.003326
0.040246
0.982192
0.017097
0.396204
0.001721
0.589228
0.000000
0.104869
0.771793
0.165021
0.170452
0.123573
0.000000
0.434059
0.086589
0.000000
0.098650
0.434886
0.596096
0.997029
0.847803
0.027662
0.235594
0.154322
0.779340
0.256925
0.025209
0.024632
0.321126
0.342990
0.032443
0.076338
0.526637
0.020625
0.999964
0.049605
0.202288
0.814726
0.181656
0.945404
0.443672
0.305017
0.033000
0.146490
0.071057
0.137035
0.347265
0.058392
0.313836
0.955533
0.650701
0.044428
0.351396
0.900252
0.632957
0.914752
0.157498
0.778752
0.020869
0.601476
0.030757
0.001361
0.073130
0.047439
0.005709
0.172826
0.866742
0.000000
0.997918
0.846433
0.729140
0.999999
0.779125
0.128304
0.854568
0.674682
0.605895
0.152401
0.796028
0.000000
0.411102
0.327940
0.093071
0.206156
0.727019
0.899936
0.834059
0.811634
0.999999
1.000000
0.975606
0.995611
0.079749
0.867841
0.947795
0.158202
0.052036
0.151843
0.037916
0.566769
0.897782
1.000000
0.080289
0.078731
0.273905
0.437502
0.999999
1.000000
0.092425
0.064571
0.346853
0.141525
0.041331
0.013831
0.193246
0.114860
0.000000
0.232522
0.743493
0.742089
0.074635
0.219466
0.065405
0.094654
0.576945
0.907557
1.000000
0.176428
0.154951
1.000000
0.106911
0.355887
0.997985
0.176822
0.042493
0.236649
0.493246
0.000000
1.000000
0.006062
0.155215
0.570170
0.981843
0.074668
0.067054
0.168188
0.671759
0.742718
0.999086
0.999293
0.210162
1.000000
0.999968
0.210500
0.115001
0.316933
0.318454
0.999408
1.000000
0.266549
0.772735
0.172533
0.981677
0.076301
1.000000
0.811729
0.078265
0.000000
0.988890
0.215858
0.409807
0.000000
0.097439
0.185405
0.756289
0.132143
0.082818
0.303784
0.529190
0.257769
0.303324
0.200909
0.084198
0.000000
0.122920
0.967949
0.559075
1.000000
0.827539
0.400809
0.312861
0.893248
0.095796
0.284165
0.984475
0.281471
0.996467
1.000000
0.123189
0.102530
0.103038
0.990544
0.480807
0.596771
0.311806
0.336167
0.170201
0.338149
0.995895
0.789585
0.724179
0.147259
0.715435
0.000000
0.910012
0.069343
0.188007
0.064968
0.990189
0.389970
0.139290
0.759136
0.111513
0.973064
0.322493
0.069796
0.297857
0.172454
0.558762
0.266147
0.998441
0.853265
0.488219
0.173257
0.999997
0.733193
0.099859
0.007419
0.094417
0.208707
0.974827
0.023840
0.111957
0.786654
0.887101
0.000000
0.756034
0.395062
1.000000
0.135942
0.195677
0.794629
0.186632
0.280388
0.833943
0.997642
0.177126
0.992414
0.544045
0.816680
0.999995
1.000000
0.641856
0.000000
0.178718
0.231854
0.999994
1.000000
0.901666
0.171399
0.892268
0.309762
0.056427
0.252530
0.121761
0.390167
0.963472
0.745877
0.451122
0.197995
0.995429
0.040968
0.143108
0.826527
0.368137
0.816872
0.636969
0.854472
0.923968
0.017436
0.837014
0.271163
0.000000
0.181019
1.000000
0.996588
0.563575
0.179039
0.996781
0.975301
0.000000
0.264616
0.238348
0.045186
0.969872
0.999621
0.000000
0.318519
0.999832
0.883427
0.369136
0.604669
0.999824
0.323018
0.783591
0.637356
0.808425
0.108864
0.028876
0.811766
0.976413
0.173113
0.044155
0.118158
0.272966
0.820284
0.589529
0.020384
0.949994
0.257404
0.110059
0.159134
0.018412
1.000000
0.037128
0.310458
0.000000
0.226559
0.556888
0.471241
0.256569
0.911293
0.987149
0.042979
0.750646
0.068760
0.837748
0.871313
0.588261
0.347274
0.429075
0.380691
0.814828
0.008552
0.989909
0.016453
0.000000
0.216984
0.925977
0.884207
0.047868
0.201787
0.197400
0.979721
0.607839
0.177565
0.990402
0.912616
0.151954
0.943507
1.000000
0.073543
0.120254
0.151183
0.044094
0.673149
1.000000
0.866414
0.008589
0.131225
0.609823
0.113477
0.048733
0.102074
0.718949
0.044425
0.058383
0.578653
0.145583
0.358716
0.000000
0.573318
0.906296
0.014972
0.000000
0.487471
0.263615
0.432671
0.000000
0.876540
0.650465
0.190053
0.407589
0.061873
0.381764
0.804735
0.956214
0.949425
0.119303
0.400555
0.008668
0.397920
0.178564
0.787441
0.999803
0.076780
0.370450
0.140756
0.604571
0.997815
0.107781
0.174123
0.150550
0.093708
0.167112
1.000000
0.031907
0.180003
0.194343
0.023337
0.344794
0.086669
0.673600
0.342162
0.000000
0.000000
0.038586
0.024922
0.396026
0.233603
0.045011
0.216620
0.437295
0.979944
0.094653
0.299011
0.603939
1.000000
0.609941
0.309864
0.009163
0.000000
1.000000
0.944529
0.068421
0.635259
0.995528
1.000000
0.111815
0.559604
0.037023
0.232012
0.995921
0.476251
0.212744
0.000000
0.055838
0.269817
0.838899
0.416995
1.000000
0.288954
0.000000
0.895147
0.106252
0.010586
0.149794
0.071211
0.350917
0.999997
0.051286
0.602944
0.751611
0.085616
0.999392
0.028997
0.301822
0.304315
1.000000
0.035030
0.525126
0.137459
0.527473
0.998372
0.719419
0.518612
0.993786
0.027307
0.100598
0.192901
0.073741
0.326570
0.438177
0.999903
0.279726
0.856304
0.999968
0.980155
0.826060
0.111373
0.997649
0.038555
0.000000
0.729704
0.177297
0.900743
0.186589
0.690644
0.207622
0.045544
0.078793
0.209031
0.109401
0.000000
0.897921
0.020676
0.685304
0.364440
0.205843
0.999509
0.999493
0.751111
0.946014
0.024303
0.172440
0.310202
0.991793
0.883039
0.470111
0.893521
0.258779
0.570631
0.130557
0.062896
0.394751
0.218776
0.759192
0.455261
0.120202
0.366706
0.891021
0.153309
0.006973
0.438583
0.860975
0.425732
0.015986
0.597195
0.061705
0.519189
0.998620
0.298833
0.603776
0.202483
0.017679
0.000000
0.286422
1.000000
0.000000
0.246594
0.997731
0.986686
0.198270
0.955589
0.999811
0.638713
0.313401
1.000000
0.991454
0.062576
0.115123
0.769078
0.318342
0.036777
0.857663
0.998445
1.000000
0.000000
0.583889
0.057881
0.117110
0.946348
0.056351
0.482657
0.056903
0.365910
0.149703
0.457692
1.000000
0.099971
0.350387
1.000000
0.981824
0.817579
0.450098
0.999993
0.998027
0.268034
0.641117
0.166720
0.353645
0.998681
0.261680
0.012013
0.772477
0.129956
0.045517
0.390757
0.146069
0.468457
0.459972
0.800341
0.982491
1.000000
0.231207
1.000000
1.000000
1.000000
0.137729
0.638662
0.877856
0.043332
0.939154
0.270209
0.310264
0.355586
0.020486
0.132559
0.108918
0.172302
0.054624
0.000000
0.956208
0.028323
0.645631
0.877808
0.502615
0.301146
0.000000
0.269565
0.538947
0.519573
0.050616
0.717879
0.089371
0.253168
0.198071
0.893936
0.333171
0.060474
1.000000
0.000000
0.016214
0.201899
0.661679
1.000000
0.931225
0.963409
0.592344
0.974756
0.296867
0.977183
0.995745
0.547661
0.000000
0.999989
0.995264
0.302297
0.497657
0.959039
0.799214
0.958067
0.000000
0.770564
0.995773
0.000000
0.051994
0.701488
0.442780
0.145957
0.272005
0.998432
0.124342
0.105805
0.969117
0.163317
0.432656
0.925636
0.045086
0.000000
0.129928
0.818565
0.651277
0.168616
0.000000
0.810619
0.072016
0.999043
0.042583
0.000000
0.764574
0.000000
0.000000
0.080350
0.987193
0.095090
0.069341
0.999998
0.929532
0.250459
0.256464
0.058287
1.000000
0.145913
0.880077
0.306682
0.233145
0.095714
1.000000
0.535775
0.920120
0.999998
0.999971
0.069002
0.832702
0.108746
0.120847
0.575368
0.906112
0.437187
0.258620
0.997884
0.114665
0.999687
0.084747
0.879004
1.000000
0.096823
0.998770
0.998932
0.137942
0.067376
0.968407
0.379413
1.000000
1.000000
0.040291
0.747838
0.102874
0.267564
0.154449
0.937534
0.000000
0.186263
0.322214
0.827126
0.521908
0.000000
0.780224
0.073804
0.327105
0.131970
0.000000
0.893817
0.962952
0.450598
0.967419
0.631912
0.133227
0.024555
0.753420
0.722297
0.681164
0.944529
0.190293
0.668335
0.131406
0.171944
0.548192
0.725568
0.645412
0.671261
0.072981
0.890290
0.336057
0.366310
0.158060
0.999995
0.106660
0.973987
0.211229
0.937208
0.964827
0.923157
0.997184
0.992127
0.994861
1.000000
0.369978
0.339648
0.301209
0.657713
0.991657
0.153506
0.129378
0.018085
0.120306
0.852120
0.352464
0.587990
0.521261
0.431226
0.982794
0.040421
0.719961
0.941799
0.208753
0.037942
0.998780
0.115004
0.409352
0.064289
0.828883
0.918212
0.227210
0.414741
0.470463
0.979756
0.999997
1.000000
0.143271
0.060166
0.293607
1.000000
0.519633
1.000000
0.376217
0.018908
0.792506
0.875783
0.000000
0.067330
0.000000
0.159854
0.872764
0.284461
0.398270
0.984247
0.802032
0.019948
0.957513
0.288029
0.948249
0.468566
0.629319
0.982838
0.963779
0.073400
0.791461
0.024942
0.540482
0.462531
0.081088
0.736514
0.140426
0.351294
0.928365
0.036532
0.468245
0.910318
0.299710
0.625415
0.999934
1.000000
0.940889
0.114800
0.462002
0.627723
0.888311
0.402259
0.055233
0.427238
0.988820
0.723647
0.208250
0.583070
0.317505
0.444948
0.202183
0.891226
0.008055
0.745556
1.000000
0.000000
0.333713
0.382483
0.533802
0.679877
0.289680
0.076089
0.000000
0.999908
0.431886
0.985011
0.347486
0.022692
0.327890
0.931289
1.000000
0.980030
0.322993
0.998266
0.085835
0.007824
0.015650
0.158231
0.730344
0.144012
0.056129
0.328019
0.908555
1.000000
0.989456
0.019586
0.030956
1.000000
0.024984
0.797543
0.128013
0.069187
0.861809
0.273646
0.191499
0.000000
0.249757
0.992151
0.389843
0.899040
0.923135
0.754166
0.508500
0.332345
0.042043
0.392219
0.369494
0.075330
0.139718
0.999606
0.008660
0.028221
0.895396
0.293615
0.212351
0.999992
0.694545
0.000000
1.000000
0.979254
0.160161
0.312862
0.117648
0.085415
0.988744
1.000000
0.561915
0.080276
0.526471
0.759242
0.031090
0.583380
0.005327
0.054225
1.000000
0.649697
0.491311
0.797239
0.159586
0.041802
0.041213
0.999589
0.934329
0.033798
0.615185
0.339670
0.000000
0.969639
0.305945
0.464616
0.878088
0.924254
0.999793
0.678788
0.760319
0.477912
1.000000
0.955664
0.924949
0.551867
0.909947
0.000000
0.203105
0.020035
0.058077
1.000000
0.075040
0.130112
0.998339
0.235159
0.255317
0.999770
0.999984
0.116467
0.217959
0.999508
0.156724
0.121967
0.338115
0.245038
0.413534
0.104741
0.069334
0.789275
1.000000
1.000000
0.123098
0.259632
0.170579
0.316630
0.207103
0.032185
0.085072
0.836185
0.000000
0.000000
0.156027
1.000000
0.959883
0.738424
0.433203
0.227903
0.999483
0.674291
0.893319
0.841352
0.248047
0.033603
0.049786
0.126825
0.076625
0.364886
0.421482
0.267974
1.000000
0.999896
0.807019
0.791429
0.402579
0.889787
0.585756
0.997779
0.045111
0.024156
0.965772
0.805254
0.071558
0.998743
0.247032
0.992285
0.985362
0.950246
0.399034
0.818943
0.081462
0.544534
0.267322
0.139187
0.015618
0.061814
0.846998
1.000000
0.502210
0.035268
0.034446
1.000000
0.174616
0.111373
0.809110
0.014015
0.407722
0.999985
0.998698
0.560679
0.000000
0.920181
0.999686
0.990723
0.999997
0.346556
0.999990
0.558245
0.733236
0.556625
0.794688
0.305724
0.591783
0.429326
0.076152
0.056927
0.924122
0.322428
0.455594
0.063758
0.169969
0.580784
0.198590
0.113785
1.000000
0.508586
0.308007
0.793855
0.372825
0.804025
0.623118
0.752684
0.000000
0.685144
0.148372
0.997411
0.999666
0.813880
0.144616
0.000000
0.071699
0.795887
0.831756
0.249479
0.015127
0.000000
0.984250
0.000000
0.641494
0.985561
0.111948
0.043999
0.084275
0.850531
0.066029
0.420993
0.773962
0.630646
0.013445
0.987506
0.936239
0.000000
0.647946
0.134644
0.000000
0.079173
0.223111
0.938739
0.613190
0.984832
0.120871
0.075918
0.000000
0.887943
0.196982
0.000000
0.542317
0.276482
0.805764
1.000000
0.687228
0.481776
0.224775
0.046242
0.754021
0.835973
0.216482
0.356355
0.966135
0.028298
0.032685
0.000000
0.042882
1.000000
0.964676
0.000000
0.069441
0.033143
0.457310
0.224871
0.194381
0.125657
0.657145
0.088282
0.979676
0.999943
0.718570
0.988378
0.018741
0.999130
0.029194
0.018653
0.078168
0.503561
0.144378
0.685091
1.000000
0.998773
1.000000
0.523317
0.129112
0.973767
0.169400
1.000000
0.223153
0.054986
0.088317
0.067119
0.324290
0.037767
0.045277
0.787629
0.985025
0.858651
0.703857
0.163647
0.095474
0.999811
0.484519
0.237884
0.025264
0.000000
0.795772
0.089028
0.427789
0.850421
0.040041
0.057293
0.890033
0.299470
1.000000
0.998208
0.803996
0.530455
0.076549
0.234560
1.000000
1.000000
0.365946
1.000000
0.471747
0.614337
0.971475
0.085102
0.391522
1.000000
0.242125
0.875216
0.232869
0.050929
0.000000
1.000000
0.156132
0.776332
0.337666
0.995614
0.504712
0.710488
0.685244
0.299220
0.017194
0.392965
0.945165
0.598535
0.430782
0.042145
1.000000
0.037761
0.309841
0.116529
0.000000
0.230081
0.105339
0.045168
0.999864
0.000000
0.750810
0.129131
0.217848
1.000000
0.995042
0.049601
0.090250
1.000000
0.329110
0.232295
0.750997
0.098526
0.289090
0.662440
0.312423
0.334819
0.999853
0.019611
0.521313
0.571337
0.805298
0.000000
0.536177
0.998628
0.623777
0.005867
0.083423
0.704093
0.647468
1.000000
0.425802
0.997165
1.000000
0.275892
0.952943
0.071089
0.306055
0.081850
0.423965
0.029746
0.146410
0.475297
0.037717
0.289649
0.091493
0.393783
0.000000
0.007254
1.000000
0.343768
1.000000
0.232010
0.414613
0.083231
0.961266
0.182095
0.376619
0.046809
0.511202
0.908320
0.924050
0.000000
0.479996
0.132224
0.000000
1.000000
0.000000
0.999920
0.160044
0.835188
0.632489
0.058861
0.831692
0.974773
0.862248
0.097632
0.571554
0.115534
1.000000
0.175021
0.031800
0.044687
1.000000
0.820541
0.000000
0.393071
0.023320
0.122589
0.751889
0.670902
0.238212
0.056722
0.021640
0.044438
0.904358
0.630160
0.231871
1.000000
0.210228
0.545917
0.000000
0.132810
0.104651
0.208966
0.969280
0.060402
0.147287
0.584874
0.652738
0.177458
0.139255
0.753506
0.105993
0.295903
0.313124
0.028716
0.772150
0.460520
0.026559
0.771932
0.994982
0.768922
0.000000
0.998264
1.000000
0.831843
0.086208
0.446989
0.638249
0.232126
1.000000
0.156809
0.001586
0.158452
0.999964
0.056574
0.550536
0.999866
0.143828
0.560079
0.999666
0.063033
0.079252
0.025339
0.160549
0.999999
0.765605
1.000000
0.339243
0.270775
0.062909
0.312326
0.334485
0.505080
0.952530
0.801586
0.999993
0.975338
0.151497
0.156774
0.758685
0.038971
0.998706
0.575502
0.434019
0.999999
0.507607
0.114919
1.000000
0.999998
1.000000
0.460420
0.673612
1.000000
0.999824
1.000000
0.608834
0.563438
0.257858
0.806154
0.766323
0.073336
0.999989
0.170224
1.000000
0.695277
0.404696
0.355258
0.055700
0.972247
0.663619
0.117819
0.128682
0.395130
0.120048
0.003410
0.045565
0.042773
0.724598
0.007445
0.065816
0.013665
0.941952
0.430874
0.993531
0.566701
0.780140
0.352820
0.733274
0.123348
0.049511
0.586179
0.528132
0.133812
0.984810
0.320374
0.000000
0.070629
0.996825
0.920659
0.998008
0.044392
0.066960
0.182866
0.344594
0.998693
0.199198
0.273431
0.810344
0.433825
0.039428
0.995465
0.082358
0.519153
1.000000
0.287886
0.723305
0.975064
1.000000
0.118065
0.729196
0.665258
0.815833
0.989689
0.353646
0.979594
0.221322
0.938411
0.999870
1.000000
0.100137
0.129525
0.000000
0.207591
0.167591
0.122250
0.824181
1.000000
0.008147
0.119801
0.432545
0.064795
0.086267
0.069962
0.164140
0.765858
0.344565
0.851959
0.008980
0.969781
0.278746
0.409270
0.123110
0.495544
0.946416
0.050509
0.313183
0.464658
0.000000
0.056573
0.585692
0.702640
0.936955
0.009948
0.515893
1.000000
0.164246
1.000000
0.037971
1.000000
0.006526
0.788829
0.378887
0.704415
0.935698
0.969248
1.000000
0.559026
0.241310
0.999996
0.944058
0.901879
0.087681
0.814125
0.870335
0.880505
0.999971
1.000000
0.066402
0.343590
0.570928
0.080447
0.246517
0.192415
0.000000
0.997075
0.106492
0.000000
0.681163
0.194072
0.160055
0.275728
0.036631
0.000000
0.211051
0.177224
0.996438
0.049459
0.954159
0.274406
0.805441
0.616316
0.553535
0.000000
0.999561
0.977153
1.000000
0.805962
0.168505
0.975519
0.989990
0.142714
0.476532
0.878676
0.322543
0.239973
0.270945
0.269184
0.892356
0.305830
0.230910
0.160935
0.792811
0.071323
0.085798
0.452354
0.000000
0.247076
0.118810
0.054073
0.021687
0.072261
0.026929
0.073094
1.000000
0.112731
0.271359
0.941848
1.000000
0.015256
0.383808
0.860562
0.047905
0.055938
0.143688
0.113272
0.070438
0.033055
0.511332
0.835234
1.000000
0.910985
0.965063
0.000000
0.898730
0.937919
0.142263
0.104050
0.243053
0.055645
1.000000
0.248492
0.425788
0.019980
0.900149
0.281145
0.206142
0.753636
0.000000
0.375756
0.999998
0.303434
0.998765
0.613264
0.273883
0.139181
0.069289
0.620888
0.725810
0.862014
0.851988
0.164805
0.003831
0.303881
0.104903
0.999590
0.999727
0.001293
0.000000
0.014273
0.131578
0.154997
0.021142
0.329894
0.936348
0.104993
0.925260
0.850666
0.984954
1.000000
0.090938
0.229530
0.169927
0.302026
0.068775
0.998736
0.000000
1.000000
1.000000
0.117778
0.839570
0.512657
0.012369
0.991053
0.535203
0.366386
0.108942
0.560361
0.288904
0.863873
0.030437
0.047691
0.027110
0.691340
0.005356
0.099251
0.181465
0.012288
1.000000
0.604129
0.198350
0.996640
0.104492
0.921296
0.212689
0.245268
0.383768
0.509999
0.000000
0.998640
0.035682
0.901022
0.274974
0.269098
0.672670
0.523598
0.999990
0.701975
0.304296
0.665176
0.201583
0.764323
0.266771
0.944673
0.173547
0.070982
0.045877
0.901724
0.991368
0.962923
0.894571
0.304387
0.999662
0.135274
0.886113
0.913875
0.743623
1.000000
0.034029
0.127529
0.052733
0.992257
1.000000
0.106363
0.631247
0.114135
0.433036
0.000000
1.000000
0.463727
0.818765
0.886289
0.999999
1.000000
0.253031
0.870641
0.114098
0.000000
0.999985
0.849419
0.680984
0.999999
0.075825
0.666267
0.057233
0.048376
0.000000
0.187320
0.945328
0.047301
0.126161
0.088956
0.021035
0.084338
0.388125
0.086658
0.261650
0.992230
0.261717
0.098812
0.999669
0.997015
0.807234
0.000000
0.000000
0.024027
0.583092
0.508228
0.162172
0.047919
0.238334
0.015545
0.039713
0.093553
0.996250
0.999969
0.100372
0.090046
0.956433
0.434191
0.165921
0.979447
0.969666
0.145438
0.996761
0.998583
0.000000
0.020950
0.518314
0.236402
0.999601
0.499744
0.925936
0.347040
0.699283
0.508320
0.999892
0.875215
0.283696
0.999995
0.000000
0.151202
0.644036
0.215291
0.285949
0.686448
0.827828
0.378483
0.237854
0.999813
0.968771
0.032865
0.047806
0.011981
0.065552
0.917179
1.000000
0.985010
0.057745
0.585633
1.000000
0.168763
0.065527
1.000000
0.111916
0.073820
0.336256
0.000000
0.000000
0.082842
0.042476
0.209142
0.682242
0.168592
1.000000
0.554279
0.200225
0.116819
0.000000
0.032575
1.000000
0.016016
0.997399
0.112637
1.000000
0.011826
0.162650
0.748425
0.000000
0.052847
0.991662
0.335176
0.000000
0.016459
0.512854
0.867093
0.999345
0.225686
0.999999
0.000000
0.949695
0.241547
0.029069
0.772094
0.863697
0.295461
0.346844
0.336870
0.104599
0.994934
0.356433
0.113838
0.317683
1.000000
1.000000
0.996940
0.946820
0.553932
0.000000
0.722951
0.681669
0.000000
0.000000
1.000000
0.030603
0.401306
0.112936
0.990704
0.293497
1.000000
0.015366
0.213474
0.744273
0.228710
0.100073
0.109987
0.813428
0.781344
0.128395
0.025438
1.000000
0.094192
0.514325
0.334530
0.991469
0.188311
1.000000
0.361611
0.028025
0.102781
0.033699
0.132106
0.084567
0.945819
0.822002
0.556387
0.991814
0.468468
0.044506
0.373507
0.823832
0.944595
0.040942
0.235658
0.495742
0.999926
0.731054
0.790951
0.164863
0.938564
0.018643
0.533771
0.706048
0.077957
0.317116
0.959248
0.866606
0.276133
0.000000
0.109001
0.999666
0.269044
0.088033
0.036289
1.000000
0.977923
0.112575
0.513182
0.996770
0.486667
0.206837
0.853214
0.958758
0.997426
0.297569
0.130329
0.945445
1.000000
0.999987
0.049389
0.155271
0.999390
0.356616
0.204811
0.629868
0.045045
0.934188
1.000000
0.707526
0.292324
0.572901
0.529145
1.000000
1.000000
0.875150
0.334294
0.308885
0.833844
0.426188
1.000000
0.999980
0.405966
0.991536
0.999989
0.233068
0.429224
0.052030
0.094377
0.055634
0.107111
1.000000
0.073504
0.743265
0.786860
0.074333
0.933370
0.443870
1.000000
0.904896
0.113049
0.136222
0.999987
0.026801
0.961685
0.135720
0.299428
0.450350
0.119174
0.120524
0.183807
0.355180
0.074599
0.020861
0.279746
0.471522
0.870517
0.164771
0.757711
0.877440
0.000000
0.014826
0.095611
0.993544
0.173816
0.953578
0.817277
0.293937
0.726483
0.476838
0.793871
1.000000
0.162864
0.016018
0.157389
0.412037
0.056155
0.617372
0.014392
0.193770
0.042814
0.000000
0.246583
0.094546
0.999984
0.044480
0.184599
0.444766
0.670865
0.196095
0.987055
0.525319
0.702425
1.000000
0.208445
0.410011
0.427732
0.375489
0.588123
1.000000
1.000000
0.656570
1.000000
0.016635
1.000000
0.412436
0.590591
0.336540
1.000000
0.686741
0.331188
0.121463
0.145994
0.237902
1.000000
0.991910
1.000000
0.798496
0.999986
0.000000
0.037856
0.999999
1.000000
0.473382
0.038726
0.000000
1.000000
0.000000
0.971377
0.893757
0.112241
0.937235
0.772844
0.088894
0.353751
1.000000
0.012020
0.069570
0.000000
0.972466
0.063202
0.048527
1.000000
0.000000
0.075298
0.082034
0.149307
0.999954
0.698229
0.551652
0.064991
1.000000
0.903341
0.004330
1.000000
0.572401
0.022414
1.000000
0.081121
0.333296
0.890267
0.117994
0.670263
0.844455
0.065590
0.990352
0.508099
0.201348
0.000000
0.085378
0.996246
0.032977
0.708956
0.610441
0.106593
0.650615
1.000000
0.114016
0.063225
0.895708
0.927591
0.000000
0.024334
0.559526
0.096602
0.957819
0.201435
0.998672
0.040566
0.999160
0.175454
0.801864
0.242052
0.088565
0.358649
0.713274
0.073931
0.959083
0.080670
1.000000
0.958921
0.090810
0.161076
0.110783
0.451958
0.244800
0.510913
0.368813
0.017906
0.682869
0.973606
0.629845
0.229471
0.061056
0.203050
0.930225
0.919402
0.360150
1.000000
0.261625
0.564251
0.016027
0.999874
0.103688
0.999832
0.024340
0.055860
0.709394
0.000000
0.438408
0.057207
0.097507
0.136464
0.033016
0.639287
0.000000
0.131707
1.000000
0.954709
0.235737
0.767335
0.100973
0.056987
0.025895
0.143714
0.821543
0.629502
0.999625
1.000000
0.897493
1.000000
0.026302
0.691919
0.628185
0.663862
0.899337
0.997196
1.000000
0.000000
0.133665
0.999992
0.355818
0.350665
0.478217
0.999938
0.053524
0.999999
0.322383
0.999627
0.101664
0.957853
0.207207
1.000000
0.999992
1.000000
0.253164
0.181592
0.008518
0.684775
0.950592
0.960136
0.878922
0.293918
0.706577
0.564282
0.953081
1.000000
0.907745
0.547022
0.909327
0.999925
0.000000
0.167198
0.131756
0.356369
0.164920
0.195582
0.652136
0.540105
0.947925
0.343483
0.606485
0.875727
1.000000
0.477373
0.000000
0.126748
0.823098
0.444084
0.023832
0.216369
0.192604
0.092886
0.000000
0.285961
0.129498
0.000000
0.803267
0.205482
0.881234
0.405314
0.714831
0.031955
0.994310
0.054827
0.086533
0.113530
0.000000
0.000000
0.840143
0.343033
0.838704
1.000000
0.011008
0.083038
0.071080
0.159656
0.500840
0.782914
0.118457
1.000000
0.105071
0.285510
0.068816
0.927001
0.367415
0.416548
0.093545
0.145433
0.575994
0.003492
0.084549
0.014002
0.098183
0.948939
0.138671
0.156667
0.050342
0.999812
0.969888
0.336181
0.994244
0.944276
1.000000
1.000000
0.089985
0.393794
0.993533
0.794368
0.192320
0.970689
0.800668
0.490112
0.036997
0.000000
0.902383
0.221430
0.938757
0.612176
0.832028
0.463799
0.154605
0.356222
0.791564
0.403968
0.023351
0.045753
1.000000
0.105213
0.883679
1.000000
0.861944
0.797555
0.325481
0.122551
1.000000
0.081056
0.999450
0.042049
0.626777
0.034107
0.934897
0.022090
0.087504
0.699277
0.556949
0.719170
0.997653
0.221902
0.082896
0.351863
0.349377
0.201579
0.877362
0.016419
0.000000
0.047414
0.837092
0.429387
1.000000
0.891172
0.999997
0.142747
0.097969
0.530768
0.110411
0.129205
0.995728
0.680573
1.000000
0.010637
0.067756
0.335454
0.123635
0.062277
0.028811
0.047131
0.154814
0.011598
0.724655
0.861417
0.383899
0.920374
0.594369
0.245339
0.964126
0.818391
0.164019
0.280086
0.550930
0.004446
0.000000
0.396506
0.309193
0.745229
0.056490
0.051119
0.938737
0.638191
0.254069
0.193782
0.023302
0.000000
0.999948
0.133304
0.061166
0.139093
0.177886
1.000000
1.000000
0.999997
0.000000
0.966397
0.299630
0.999999
0.429829
0.000000
0.994439
0.883301
0.546401
0.641406
0.392862
0.470668
0.996079
0.176691
0.307602
0.567832
0.778365
0.024046
0.000000
0.991238
0.784771
0.319820
0.986288
1.000000
0.653567
0.729348
0.218492
0.389755
0.191889
1.000000
0.209151
0.067649
0.876058
0.465933
0.057670
0.404214
0.127657
0.997825
0.016846
0.991355
0.040500
0.659997
0.889926
0.312370
0.779335
0.408112
0.524151
0.475252
0.145164
0.027191
0.087923
0.045890
1.000000
1.000000
1.000000
0.040239
0.919880
0.174061
0.194145
0.409419
0.000000
0.995947
0.058119
0.540357
0.999997
0.997999
0.928992
0.999992
0.999452
0.033895
0.282369
0.826837
0.042945
0.432907
0.729377
0.238885
0.616290
0.127116
0.633760
0.537957
0.674218
0.893564
0.644640
0.029658
0.144332
0.059417
0.446885
0.181152
0.065972
0.011299
0.178635
0.834663
0.205564
0.601150
0.431352
0.625690
0.412587
0.394736
0.000000
0.155565
0.283439
0.173117
0.000000
0.900784
0.929068
1.000000
0.206226
0.030032
0.000000
0.000000
0.631482
0.000000
0.958022
0.447724
1.000000
0.195286
0.528865
0.955430
1.000000
0.472269
0.000000
0.999999
0.973422
0.733252
0.670892
0.026381
0.418454
0.717583
0.000000
0.233258
0.947933
0.715206
0.264090
0.489449
0.274357
0.395954
0.999897
0.267132
0.452648
0.802693
0.615400
0.284211
0.000000
0.029782
0.368405
0.368008
0.446961
0.997096
0.094076
0.897300
0.203460
0.880918
0.999593
1.000000
0.288222
0.012615
0.030630
0.206894
0.084309
0.555422
0.858705
0.344442
0.000000
0.704378
0.798589
0.128431
0.540353
0.746643
0.552023
0.410528
0.797880
0.743243
0.120088
0.952167
0.099998
0.841255
0.225131
0.307322
0.022154
0.003876
0.039165
0.245511
0.038634
0.653784
1.000000
0.000000
0.999565
0.784529
1.000000
0.990850
0.978049
0.000000
0.031399
0.623989
0.102033
0.143576
0.302051
0.268014
0.048468
0.764081
0.210748
0.279926
0.163490
0.616324
0.100475
0.936580
0.212778
0.052826
0.493423
0.224609
0.035161
0.611992
0.084959
0.755211
0.583835
0.952735
0.072369
0.997401
0.337906
0.139547
0.937545
0.114098
0.073101
0.999929
0.166535
0.533545
1.000000
0.041331
0.221812
0.110336
0.078646
0.960814
0.551495
0.088064
0.065477
0.008878
0.999999
0.226922
0.376182
0.836530
1.000000
0.106978
0.234800
0.174277
0.000000
0.227509
0.000000
0.999495
0.911258
0.639208
0.000000
1.000000
0.051283
0.495530
0.335545
0.999498
0.669030
0.740025
0.019979
0.125042
0.401946
0.143703
0.970173
0.392889
0.226252
0.505967
0.193357
0.797060
0.322155
0.575350
0.708008
1.000000
0.737975
1.000000
0.000000
1.000000
0.834391
0.343615
1.000000
0.394043
0.121817
0.038843
0.541088
0.304844
0.093176
0.351070
0.693105
0.050061
0.510806
0.076785
0.059596
0.797136
0.916018
0.403924
0.999757
0.263709
0.758560
0.128057
0.027953
0.958972
1.000000
0.744242
0.031454
0.795313
0.879948
0.080231
0.196066
1.000000
1.000000
0.000000
0.352773
0.439089
0.087566
0.348646
0.214833
0.032787
1.000000
0.032737
0.911832
0.000000
0.155207
1.000000
0.291496
0.150941
0.954377
0.021563
0.114361
0.439062
0.741759
0.724465
0.082250
0.685128
1.000000
0.888357
0.996012
0.917729
0.250658
0.997361
0.994768
0.034843
1.000000
1.000000
0.097100
0.228976
0.866674
0.255582
0.999836
0.896881
0.536013
0.334992
0.000000
0.000000
0.603910
0.129642
0.639676
0.427818
0.354092
0.284406
0.529651
0.053774
0.484032
0.999014
0.992872
0.000000
0.068657
0.915113
0.656520
0.023288
0.868673
0.998462
0.000000
0.147417
0.041337
0.369871
0.408138
0.999003
0.374598
0.049726
0.977630
0.749215
0.830523
1.000000
0.996156
0.328711
1.000000
0.278320
0.194547
0.104064
0.049346
0.301477
0.904377
0.950764
0.997638
0.301423
0.647609
1.000000
0.177194
0.128380
0.665257
1.000000
0.057084
0.382799
0.179862
0.862191
0.410999
0.999996
0.488500
0.971370
0.919903
0.440056
0.433257
0.372875
0.111520
0.533601
0.018930
0.120718
0.600737
0.343333
1.000000
0.027590
0.745519
0.552394
0.138667
0.008559
0.643933
0.046186
0.919121
