0.040149
0.000000
0.000000
0.000000
0.000000
0.000002
0.000000
0.000011
0.000000
0.000000
0.000000
0.051134
0.000000
0.000000
0.000000
0.000000
0.000000
0.000000
0.000000
0.000000
0.000000
0.000000
0.000000
0.000000
0.000000
0.000000
0.136991
0.000098
0.000000
0.000090
0.000000
0.000000
0.002905
0.000000
0.000000
0.001334
0.000000
0.044364
0.000000
0.000000
0.000000
0.000000
0.000000
0.000616
0.000000
0.000000
0.000000
0.000000
0.000000
0.000000
0.353711
0.000000
0.000000
0.000000
0.000000
0.000000
0.000000
0.000000
0.000000
0.145398
0.000000
0.000000
0.000069
0.000000
0.009364
0.017302
0.000000
0.000001
0.000000
0.000000
0.001631
0.000000
0.000000
0.000000
0.001730
0.029575
0.000000
0.000000
0.000000
0.000000
0.000000
0.000000
0.000931
0.000000
0.000000
0.000000
0.000000
0.035512
0.000000
0.000000
0.027372
0.013984
0.000000
0.000000
0.001733
0.000000
0.000000
0.000000
0.000000
0.005322
0.000815
0.000000
0.000000
0.000000
0.000000
0.000000
0.000000
0.000002
0.000000
0.000000
0.005604
0.000000
0.000000
0.000000
0.000002
0.000000
0.000000
0.000000
0.022433
0.000050
0.012332
0.000000
0.000000
0.000000
0.000000
0.032545
0.000000
0.000000
0.000000
0.000316
0.000000
0.000000
0.000000
0.000000
0.000000
0.000000
0.000000
0.000000
0.125120
0.000000
0.086097
0.000000
0.000000
0.000000
0.002672
0.035098
0.000363
0.000000
0.000381
0.000000
0.000000
0.000000
0.000000
0.000489
0.015044
0.000000
0.000000
0.001015
0.000000
0.000000
0.000000
0.000000
0.000000
0.000000
0.000000
0.000000
0.000000
0.186938
0.000000
0.000000
0.000000
0.000000
0.000220
0.000000
0.000000
0.000000
0.000000
0.000000
0.000034
0.000000
0.000000
0.000000
0.000000
0.000000
0.000000
0.000000
0.000000
0.000000
0.000000
0.000000
0.075841
0.000000
0.000000
0.000000
0.000000
0.000000
0.461834
0.000001
0.000000
0.028058
0.000000
0.000000
0.000000
0.000000
0.000000
0.038266
0.000002
0.000000
0.000000
0.000021
0.000000
0.000000
0.000000
0.000000
0.024060
0.000031
0.000000
0.000000
0.001104
0.000000
0.000000
0.007066
0.000000
0.000000
0.000000
0.000000
0.000833
0.018831
0.000000
0.080460
0.061560
0.000064
0.000000
0.000856
0.000000
0.000000
0.000000
0.000000
0.241535
0.000000
0.000000
0.000000
0.000000
0.000000
0.000000
0.000000
0.000000
0.000000
0.000000
0.000000
0.000000
0.000000
0.000005
0.000467
0.006155
0.000000
0.000000
0.000000
0.000000
0.000000
0.000065
0.004546
0.017233
0.000000
0.000000
0.001106
0.000000
0.000000
0.000000
0.000000
0.000293
0.000000
0.000000
0.000000
0.000000
0.000000
0.000000
0.000000
0.000000
0.000000
0.000000
0.000000
0.042569
0.000000
0.000001
0.000000
0.000000
0.003766
0.000000
0.000000
0.000000
0.000000
0.002462
0.079733
0.006723
0.000233
0.000000
0.000000
0.000000
0.000000
0.000000
0.000000
0.000000
0.000000
0.000035
0.000000
0.002578
0.000000
0.000000
0.000000
0.042601
0.000000
0.000000
0.000000
0.000136
0.000000
0.000000
0.000000
0.000000
0.000000
0.000000
0.000000
0.000000
0.000000
0.000000
0.000000
0.000000
0.000000
0.000000
0.000000
0.001582
0.000000
0.000000
0.000000
0.248114
0.000000
0.000000
0.000000
0.000000
0.000000
0.000000
0.000000
0.055082
0.001544
0.000000
0.005239
0.000000
0.000000
0.000000
0.000000
0.000000
0.000000
0.000001
0.000000
0.000000
0.000000
0.000000
0.000000
0.000000
0.000000
0.005991
0.058197
0.000000
0.000000
0.000000
0.000000
0.000453
0.000080
0.000000
0.000000
0.011952
0.019930
0.000470
0.000000
0.012607
0.000000
0.000000
0.000000
0.000000
0.000523
0.018454
0.000000
0.070775
0.000000
0.000000
0.000000
0.000000
0.000000
0.000000
0.000000
0.000000
0.000000
0.678665
0.026519
0.049529
0.000000
0.000000
0.000000
0.000000
0.000000
0.000000
0.000000
0.000000
0.000037
0.000000
0.856057
0.000000
0.000000
0.000000
0.000000
0.036193
0.000000
0.000000
0.034013
0.000195
0.000000
0.000000
0.252567
0.000022
0.000000
0.030694
0.000000
0.000003
0.000000
0.000000
0.009631
0.000000
0.002537
0.414642
0.000000
0.002027
0.000089
0.000000
0.000000
0.000000
0.000000
0.021854
0.000000
0.000000
0.000000
0.049317
0.000000
0.000000
0.023722
0.000000
0.000000
0.000000
0.000000
0.000004
0.004730
0.000000
0.000000
0.007258
0.000000
0.000000
0.000000
0.000000
0.025881
0.010989
0.460089
0.000000
0.000000
0.000000
0.000000
0.000006
0.000000
0.000000
0.000000
0.000000
0.000087
0.000000
0.000000
0.075630
0.000000
0.000000
0.000000
0.000000
0.000000
0.000000
0.499691
0.000000
0.000000
0.000000
0.000000
0.000000
0.000000
0.000000
0.000000
0.000000
0.000000
0.000027
0.000512
0.000000
0.000000
0.000000
0.000000
0.002147
0.000000
0.000000
0.000000
0.000000
0.000000
0.004317
0.012221
0.000000
0.000000
0.000000
0.000000
0.000027
0.000000
0.000000
0.000000
0.000000
0.044997
0.000000
0.213652
0.000000
0.000000
0.000000
0.000000
0.095248
0.007338
0.116604
0.000000
0.000000
0.000000
0.000000
0.000000
0.000000
0.000000
0.000000
0.000000
0.000000
0.000000
0.000000
0.000000
0.000000
0.032427
0.041464
0.000000
0.001819
0.000000
0.000000
0.000000
0.000000
0.000000
0.000000
0.000000
0.000000
0.000000
0.000000
0.000000
0.000000
0.000000
0.000000
0.000000
0.000000
0.000000
0.000000
0.195573
0.000527
0.019636
0.000000
0.000116
0.066875
0.000440
0.000000
0.055186
0.000000
0.000000
0.000000
0.000000
0.000000
0.000000
0.000792
0.000000
0.000000
0.000000
0.001928
0.000000
0.434235
0.000354
0.000000
0.000000
0.120991
0.000000
0.000000
0.000000
0.000000
0.000000
0.000000
0.000000
0.000000
0.000000
0.150649
0.000000
0.000000
0.000000
0.000008
0.003474
0.000000
0.013561
0.000000
0.000000
0.000000
0.004120
0.000000
0.000000
0.000000
0.000000
0.000000
0.000000
0.000000
0.000000
0.118291
0.000000
0.000000
0.000000
0.000125
0.000000
0.000000
0.000000
0.001242
0.000000
0.000000
0.090100
0.000000
0.036697
0.000000
0.000000
0.000000
0.142940
0.000000
0.000000
0.235302
0.000000
0.000000
0.036398
0.000000
0.000000
0.000000
0.000000
0.000000
0.016882
0.000000
0.000000
0.005627
0.000000
0.002050
0.000000
0.000000
0.000000
0.000000
0.000054
0.000000
0.000000
0.000000
0.000000
0.000001
0.000000
0.000000
0.000000
0.009281
0.000000
0.018068
0.000000
0.000000
0.000000
0.000000
0.000000
0.000000
0.000000
0.079371
0.005031
0.000000
0.000000
0.000000
0.005951
0.000000
0.000000
0.000000
0.000000
0.000023
0.000000
0.000000
0.000000
1.000000
0.000027
0.000001
0.000000
0.000000
0.062230
0.000000
0.000000
0.019498
0.000000
0.000000
0.000000
0.000000
0.000000
0.000000
0.009098
0.403854
0.000000
0.006465
0.000218
0.088931
0.000000
0.013300
0.977176
0.000000
0.000000
0.000000
0.000000
0.000000
0.000000
0.000000
0.000000
0.000000
0.000000
0.000000
0.000000
0.000000
0.000000
0.000000
0.000004
0.014757
0.023818
0.002558
0.007535
0.000000
0.000000
0.429640
0.000173
0.006528
0.000000
0.000000
0.000000
0.000000
0.000000
0.000000
0.000000
0.103418
0.000000
0.000000
0.000000
0.000000
0.000000
0.000000
0.000000
0.001956
0.000000
0.001214
0.000000
0.000000
0.000000
0.000000
0.000698
0.000000
0.011674
0.000000
0.000000
0.000000
0.049466
0.000000
0.000000
0.379893
0.000000
0.000000
0.010307
0.000000
0.000000
0.000000
0.334434
0.011929
0.000000
0.000000
0.000000
0.000000
0.000000
0.000000
0.007517
0.000000
0.000000
0.000000
0.000000
0.000000
0.000000
0.000462
0.000000
0.000000
0.000000
0.000000
0.000024
0.000000
0.000000
0.000000
0.000000
0.061547
0.000000
0.018667
0.000000
0.000000
0.000000
0.000000
0.000000
0.000000
0.018909
0.044003
0.000004
0.000000
0.000000
0.000000
0.000000
0.000000
0.000000
0.000000
0.000000
0.000000
0.000000
0.000000
0.000000
0.000000
0.000000
0.000000
0.473202
0.000000
0.026878
0.000000
0.067198
0.133744
0.000000
0.000000
0.000000
0.000000
0.000000
0.000000
0.000000
0.023936
0.000000
0.000051
0.004601
0.000000
0.000000
0.000000
0.000000
0.077038
0.006252
0.000000
0.405264
0.000164
0.000000
0.000000
0.301806
0.000000
0.000000
0.011452
0.000000
0.015829
0.015873
0.000005
0.000000
0.000003
0.000000
0.000000
0.000000
0.000000
0.000000
0.000000
0.000000
0.000000
0.000001
0.000000
0.000000
0.000000
0.000000
0.000000
0.066606
0.000000
0.030271
0.000000
0.000000
0.001814
0.000000
0.001181
0.000000
0.021665
0.000377
0.018864
0.000000
0.000000
0.000000
0.000000
0.004281
0.000000
0.000000
0.000000
0.000000
0.000000
0.000000
0.176592
0.000000
0.000000
0.002033
0.000000
0.000000
0.000000
0.018295
0.000000
0.000000
0.313361
0.000000
0.000000
0.000000
0.000000
0.001498
0.000000
0.000000
0.000000
0.149274
0.000000
0.000000
0.000000
0.000000
0.000000
0.102546
0.000000
0.000000
0.069860
0.000000
0.000000
0.000000
0.000749
0.002284
0.000000
0.000000
0.671542
0.000000
0.000000
0.000000
0.000000
0.000000
0.000000
0.000000
0.000000
0.000403
0.000000
0.000000
0.000000
0.000000
0.091814
0.000000
0.028097
0.000000
0.000000
0.000000
0.000000
0.000297
0.000000
0.000000
0.000000
0.000000
0.098626
0.000000
0.004907
0.000000
0.000000
0.041820
0.000000
0.000000
0.000000
0.000000
0.000000
0.000000
0.000000
0.000000
0.000000
0.000004
0.000000
0.000000
0.000000
0.000000
0.000000
0.000000
0.000000
0.000000
0.000000
0.000000
0.104050
0.000000
0.000000
0.000000
0.001045
0.034690
0.000000
0.011734
0.002912
0.000000
0.000000
0.000000
0.000000
0.000000
0.000000
0.000000
0.000000
0.000000
0.031241
0.000000
0.000000
0.000000
0.000000
0.000000
0.000000
0.000000
0.000000
0.040804
0.000000
0.000011
0.067044
0.000000
0.361916
0.000000
0.031907
0.000000
0.000000
0.000000
0.000000
0.000000
0.000000
0.084409
0.000000
0.000000
0.999837
0.000000
0.205191
0.000000
0.177224
0.000000
0.000917
0.000000
0.000000
0.000000
0.000000
0.012157
0.000000
0.000158
0.000000
0.000000
0.013403
0.382033
0.000008
0.000000
0.000000
0.000000
0.568345
0.000000
0.000000
0.000000
0.000000
0.000631
0.000000
0.000000
0.067732
0.000000
0.000000
0.000000
0.000000
0.000000
0.000000
0.000000
0.000000
0.201168
0.000000
0.000000
0.003224
0.000000
0.000000
0.000000
0.000000
0.000000
0.245035
0.000001
0.000111
0.000000
0.000166
0.428740
0.000000
0.000000
0.000000
0.000000
0.000000
0.000000
0.000000
0.106251
0.000000
0.000000
0.056527
0.000552
0.003178
0.000000
0.046789
0.000000
0.000000
0.000000
0.000309
0.000038
0.000000
0.000000
0.000000
0.000000
0.000000
0.000000
0.136088
0.000905
0.000000
0.000000
0.000005
0.000000
0.000000
0.003021
0.000000
0.000000
0.000001
0.000000
0.000000
0.000000
0.000000
0.000000
0.000000
0.000000
0.000000
0.000000
0.000000
0.000000
0.000000
0.000000
0.000000
0.000000
0.000000
0.000000
0.000000
0.019428
0.000000
0.148343
0.000000
0.000000
0.000000
0.000000
0.000000
0.000142
0.000000
0.000203
0.000000
0.000000
0.089557
0.000000
0.000000
0.000000
0.000000
0.000000
0.000000
0.000000
0.000601
0.000000
0.000226
0.001192
0.000000
0.000000
0.000000
0.000105
0.000000
0.000032
0.000000
0.005347
0.004517
0.000000
0.000000
0.000000
0.000000
0.000000
0.000000
0.000000
0.000000
0.000000
0.006218
0.000000
0.000000
0.002093
0.000288
0.000000
0.235146
0.000000
0.000000
0.076773
0.000000
0.000000
0.008353
0.001072
0.000000
0.000000
0.000000
0.022657
0.000000
0.034626
0.000000
0.000000
0.000000
0.000000
0.067343
0.000014
0.001261
0.002013
0.010952
0.000000
0.000000
0.000000
0.000000
0.000000
0.000000
0.000000
0.001687
0.000000
0.000000
0.000000
0.000006
0.000000
0.001841
0.000000
0.000000
0.000000
0.000000
0.000000
0.000000
0.000000
0.006248
0.000000
0.000000
0.000000
0.000000
0.000000
0.000000
0.673797
0.000000
0.000000
0.000000
0.000000
0.046741
0.000000
0.000000
0.008683
0.000000
0.036540
0.003615
0.001182
0.000000
0.000222
0.000000
0.002145
0.000000
0.000000
0.000000
0.000000
0.000000
0.000000
0.000000
0.000000
0.000000
0.000000
0.000000
0.000000
0.047948
0.000000
0.000000
0.000000
0.000000
0.000000
0.008180
0.000000
0.000000
0.000000
0.007221
0.000000
0.000000
0.000000
0.000000
0.000000
0.000016
0.000000
0.000000
0.000000
0.000000
0.636698
0.000000
0.000389
0.000000
0.064318
0.438922
0.000000
0.000000
0.000000
0.003758
0.000000
0.000000
0.000000
0.000000
0.000000
0.000000
0.059240
0.176917
0.001071
0.000000
0.000000
0.001502
0.074872
0.000000
0.000000
0.000000
0.000000
0.000000
0.036960
0.000000
0.000318
0.000000
0.141601
0.000000
0.000000
0.000000
0.000074
0.000000
0.000000
0.006876
0.000000
0.000000
0.000000
0.049970
0.000000
0.000000
0.022043
0.000000
0.000000
0.000000
0.004149
0.000000
0.000000
0.000000
0.001065
0.229036
0.000144
0.000000
0.000000
0.000000
0.002967
0.000000
0.000000
0.000000
0.000000
0.000015
0.000000
0.000000
0.595799
0.000000
0.000000
0.000078
0.000000
0.000810
0.000000
0.000000
0.000000
0.000000
0.000000
0.000000
0.000000
0.000000
0.008668
0.000962
0.000089
0.000000
0.000172
0.000000
0.000000
0.000000
0.000000
0.004067
0.000000
0.000000
0.000000
0.000000
0.047433
0.000000
0.031317
0.000000
0.000000
0.009638
0.000000
0.000000
0.000000
0.000000
0.000000
0.000000
0.000000
0.000000
0.000000
0.000000
0.000000
0.236714
0.000000
0.000000
0.000000
0.000000
0.079045
0.016159
0.002657
0.000078
0.000000
0.000000
0.004259
0.000000
0.000000
0.000000
0.001087
0.000000
0.000000
0.004393
0.000000
0.000000
0.000000
0.000000
0.000000
0.000000
0.000000
0.000000
0.147919
0.000000
0.024728
0.000000
0.000000
0.296405
0.000000
0.000000
0.000000
0.000000
0.000000
0.000000
0.006421
0.000000
0.000000
0.000000
0.000000
0.111905
0.000000
0.063277
0.000000
0.000000
0.000000
0.000000
0.000000
0.000000
0.000000
0.000000
0.000000
0.000000
0.000000
0.000062
0.000000
0.662203
0.000000
0.063778
0.000000
0.000000
0.000000
0.005544
0.000110
0.026620
0.000000
0.000000
0.221997
0.000000
0.079995
0.000000
0.000000
0.131847
0.000000
0.000000
0.000000
0.000000
0.000000
0.000000
0.114421
0.000000
0.000011
0.000000
0.000000
0.000000
0.018744
0.000000
0.000000
0.000000
0.000000
0.000000
0.015662
0.000000
0.000000
0.000000
0.000000
0.000000
0.029428
0.000000
0.000000
0.000000
0.003745
0.000000
0.000026
0.000000
0.000000
0.000000
0.000000
0.000000
0.000000
0.000422
0.000000
0.000000
0.000000
0.000000
0.000000
0.000000
0.001676
0.000000
0.000000
0.000000
0.000000
0.000000
0.000000
0.000000
0.000000
0.002269
0.000000
0.000000
0.000103
0.000000
0.003259
0.000000
0.000000
0.000000
0.000000
0.000000
0.000000
0.000000
0.797302
0.000000
0.000000
0.000355
0.000000
0.000000
0.000000
0.115935
0.148922
0.000000
0.000000
0.000000
0.000000
0.000000
0.002267
0.000000
0.000000
0.000000
0.000093
0.000000
0.002277
0.000000
0.000000
0.000000
0.000034
0.000067
0.000000
0.000000
0.000000
0.000163
0.000000
0.000000
0.000000
0.000000
0.000000
0.000000
0.000000
0.000000
0.000000
0.000000
0.000000
0.000000
0.000000
0.000000
0.000000
0.000000
0.000806
0.000000
0.000000
0.000000
0.000000
0.000000
0.000000
0.000000
0.037018
0.000000
0.000000
0.000000
0.138645
0.000000
0.000000
0.000000
0.000000
0.000000
0.000000
0.000000
0.000000
0.016051
0.000000
0.000000
0.000000
0.000000
0.000000
0.000000
0.204223
0.000020
0.000134
0.000000
0.000000
0.000000
0.000000
0.000000
0.005834
0.000000
0.232401
0.000000
0.000000
0.000003
0.000000
0.000000
0.000000
0.000000
0.000000
0.000000
0.002346
0.001609
0.000000
0.000000
0.000000
0.100582
0.000000
0.000000
0.000000
0.000034
0.000000
0.000000
0.005919
0.000000
0.157230
0.000000
0.000000
0.000000
0.000000
0.000000
0.000000
0.000932
0.008733
0.004021
0.000000
0.000046
0.000000
0.000502
0.000000
0.000000
0.000000
0.000000
0.000183
0.000000
0.001970
0.000000
0.010938
0.000000
0.000000
0.000000
0.000000
0.000000
0.000000
0.000000
0.000000
0.001152
0.000000
0.000000
0.000000
0.000000
0.000000
0.000000
0.000000
0.335476
0.000000
0.000254
0.000156
0.000000
0.000000
0.000000
0.010765
0.000000
0.000000
0.000000
0.000000
0.000000
0.016429
0.000000
0.000000
0.000000
0.000000
0.012796
0.000000
0.000000
0.000000
0.000000
0.000000
0.000267
0.000000
0.002764
0.000000
0.000000
0.059767
0.000000
0.000000
0.000000
0.004780
0.219596
0.000000
0.000000
0.000002
0.000000
0.000036
0.000000
0.000000
0.000000
0.000000
0.005182
0.000045
0.000000
0.000000
0.000441
0.000000
0.000000
0.000000
0.000006
0.000000
0.000000
0.000000
0.002077
0.003271
0.000000
0.000000
0.000000
0.000000
0.000000
0.000000
0.000000
0.000000
0.031875
0.000000
0.000000
0.000000
0.000189
0.000000
0.000000
0.000000
0.000000
0.000000
0.000000
0.000000
0.000000
0.000000
0.720354
0.000216
0.000000
0.000000
0.000000
0.000000
0.000024
0.000000
0.000000
0.000000
0.000000
0.024560
0.000000
0.000000
0.000000
0.013824
0.000000
0.000000
0.000435
0.008484
0.000000
0.025345
0.000000
0.000000
0.000000
0.000000
0.000000
0.000000
0.000000
0.000054
0.076358
0.000000
0.000000
0.000000
0.000000
0.000000
0.000000
0.000000
0.000000
0.000000
0.000000
0.000000
0.000000
0.000000
0.000000
0.000000
0.000000
0.000000
0.000000
0.000000
0.000053
0.000000
0.000000
0.000000
0.000855
0.000000
0.000000
0.000000
0.000000
0.000000
0.000000
0.000000
0.000051
0.000000
0.000000
0.290396
0.000000
0.002146
0.000000
0.000000
0.000000
0.000000
0.000000
0.000000
0.000000
0.000000
0.000000
0.000000
0.007886
0.000667
0.000000
0.000000
0.000037
0.000316
0.000000
0.000000
0.000000
0.000000
0.000000
0.024724
0.001101
0.052547
0.114814
0.000000
0.000000
0.000000
0.000000
0.000000
0.000000
0.000000
0.211829
0.000000
0.167425
0.000000
0.000000
0.000000
0.000000
0.000000
0.000000
0.030362
0.000000
0.002234
0.000000
0.000000
0.000000
0.628562
0.000000
0.000000
0.000000
0.005053
0.000000
0.000000
0.000000
0.000000
0.000000
0.000000
0.000000
0.000000
0.000052
0.007666
0.000000
0.000000
0.000000
0.000844
0.000000
0.000612
0.000023
0.000000
0.000000
0.000000
0.008899
0.000000
0.000000
0.000000
0.000969
0.000000
0.000000
0.000000
0.000042
0.000000
0.000567
0.000000
0.000000
0.000000
0.000000
0.000000
0.000000
0.000000
0.000000
0.010754
0.000000
0.005667
0.000000
0.000000
0.000000
0.000000
0.000000
0.123771
0.000000
0.000000
0.001264
0.000000
0.000000
0.000000
0.000000
0.000000
0.000000
0.007203
0.001782
0.000000
0.000000
0.000000
0.091351
0.000000
0.000000
0.000000
0.000000
0.000000
0.000000
0.000000
0.762365
0.000032
0.000000
0.000000
0.000000
0.000000
0.000000
0.000000
0.000000
0.000000
0.000000
0.000161
0.000000
0.000000
0.000000
0.000000
0.000000
0.000000
0.000000
0.000000
0.000000
0.014319
0.000000
0.001488
0.006565
0.000000
0.000000
0.000000
0.000000
0.000000
0.269823
0.000000
0.000000
0.000000
0.000095
0.000000
0.023579
0.000000
0.000000
0.005728
0.000000
0.000000
0.000335
0.000000
0.000000
0.000000
0.000000
0.000000
0.000303
0.000000
0.000000
0.000000
0.000006
0.000135
0.000000
0.000000
0.000000
0.000000
0.017544
0.317464
0.000000
0.000000
0.000000
0.000000
0.000013
0.001022
0.001333
0.000000
0.000000
0.000000
0.000000
0.000000
0.000000
0.000000
0.002349
0.000000
0.000000
0.000000
0.000000
0.000000
0.000042
0.019396
0.000000
0.000000
0.000000
0.005447
0.276932
0.000000
0.000000
0.000000
0.000000
0.000000
0.000000
0.000000
0.000000
0.000000
0.000000
0.635745
0.001774
0.000000
0.024129
0.005608
0.000000
0.000000
0.000000
0.000000
0.000000
0.398979
0.000000
0.000000
0.000000
0.000000
0.000000
0.000000
0.000000
0.014702
0.000000
0.000000
0.000196
0.000000
0.000000
0.000000
0.066613
0.000259
0.618167
0.000000
0.000000
0.000000
0.000000
0.000000
0.000000
0.000000
0.000000
0.000000
0.000000
0.000000
0.001112
0.000000
0.028685
0.000000
0.000000
0.000000
0.000000
0.000000
0.000000
0.000000
0.000000
0.001051
0.000000
0.001074
0.044127
0.000000
0.000554
0.000921
0.000000
0.000000
0.000000
0.000000
0.000002
0.483481
0.000081
0.000000
0.000000
0.000000
0.000000
0.000000
0.000000
0.000000
0.000000
0.080910
0.000000
0.070124
0.000000
0.000000
0.000000
0.000000
0.241902
0.000000
0.000000
0.000000
0.000000
0.000000
0.000000
0.000016
0.046809
0.000000
0.000000
0.000018
0.212136
0.000000
0.000000
0.000000
0.000000
0.000000
0.000000
0.000000
0.000000
0.000000
0.000000
0.000000
0.000782
0.000000
0.000000
0.000000
0.000000
0.000026
0.000000
0.000003
0.000000
0.000000
0.000000
0.000000
0.001082
0.000000
0.000000
0.000000
0.000000
0.000000
0.000000
0.344907
0.000000
0.000000
0.000000
0.000094
0.000503
0.000244
0.000760
0.000005
0.000000
0.000000
0.000000
0.000000
0.000000
0.000545
0.000000
0.001588
0.000000
0.000000
0.000000
0.080785
0.000000
0.000000
0.000000
0.012430
0.000000
0.455640
0.000000
0.000000
0.000000
0.000000
0.000000
0.000000
0.000000
0.000000
0.000000
0.000000
0.000000
0.000000
0.000000
0.000000
0.000000
0.000000
0.000000
0.000000
0.000000
0.001500
0.000000
0.000000
0.512973
0.000000
0.005313
0.000000
0.000051
0.001600
0.000000
0.000051
0.000000
0.000000
0.000000
0.000000
0.000000
0.000000
0.000000
0.085175
0.000000
0.000000
0.000000
0.001912
0.000000
0.000000
0.000000
0.000000
0.000000
0.000000
0.000000
0.000000
0.066140
0.000115
0.000000
0.000000
0.000000
0.000000
0.000094
0.254253
0.342956
0.000000
0.007988
0.001651
0.000000
0.002524
0.000011
0.089032
0.000000
0.830966
0.000000
0.000000
0.031072
0.257325
0.000000
0.000000
0.000000
0.305546
0.003967
0.000431
0.016518
0.006863
0.000000
0.000029
0.000000
0.000000
0.000000
0.000000
0.000000
0.001253
0.000000
0.000000
0.000000
0.000335
0.000000
0.000000
0.000000
0.000000
0.000000
0.000000
0.037474
0.015046
0.000000
0.000000
0.000000
0.006248
0.000000
0.000045
0.000000
0.134514
0.000000
0.000771
0.000000
0.000000
0.000000
0.000000
0.078893
0.000000
0.006962
0.000000
0.000000
0.000000
0.000000
0.000000
0.000000
0.000000
0.000000
0.000000
0.000000
0.000000
0.000000
0.005277
0.000000
0.000000
0.000000
0.000000
0.000000
0.000000
0.000000
0.000000
0.000080
0.128673
0.000000
0.007440
0.229906
0.000000
0.026464
0.000000
0.000000
0.000000
0.000000
0.000000
0.003176
0.000365
0.000000
0.085476
0.000000
0.000000
0.000567
0.000000
0.000000
0.000000
0.000000
0.000240
0.000059
0.000000
0.107037
0.004242
0.000000
0.000000
0.000069
0.000000
0.000000
0.000000
0.000000
0.023602
0.002482
0.000000
0.000000
0.000000
0.000000
0.000000
0.000000
0.000000
0.000000
0.000000
0.000000
0.000000
0.000000
0.000000
0.000000
0.000000
0.167074
0.000000
0.000000
0.000000
0.000000
0.000000
0.000000
0.000000
0.000000
0.000000
0.000000
0.065324
0.000000
0.000000
0.000147
0.000000
0.000000
0.000000
0.000000
0.000000
0.000000
0.202012
0.000000
0.000000
0.001987
0.000000
0.000000
0.000000
0.000000
0.000469
0.000000
0.029856
0.000000
0.000000
0.000000
0.000000
0.000000
0.000000
0.000000
0.000000
0.002313
0.000000
0.000000
0.020674
0.000000
0.000000
0.000000
0.000000
0.000000
0.108693
0.098514
0.000000
0.000000
0.000000
0.000000
0.000007
0.000000
0.001102
0.000000
0.000000
0.000000
0.000000
0.000000
0.000309
0.000040
0.000000
0.000043
0.002600
0.000000
0.000000
0.000000
0.039544
0.000000
0.000000
0.000000
0.000000
0.005296
0.000000
0.000131
0.000000
0.000000
0.000000
0.015568
0.000000
0.000000
0.000000
0.000000
0.187724
0.011674
0.000544
0.066465
0.055386
0.000000
0.000004
0.000625
0.000015
0.000000
0.014128
0.000000
0.000000
0.000000
0.000000
0.000000
0.000000
0.000000
0.000000
0.000000
0.096761
0.000000
0.000019
0.000000
0.000000
0.002003
0.000000
0.000000
0.000000
0.000000
0.007101
0.000002
0.000000
0.006507
0.000000
0.000065
0.000000
0.000000
0.000000
0.000000
0.000000
0.006914
0.000000
0.056785
0.000000
0.017403
0.000000
0.000000
0.000000
0.000000
0.000000
0.000000
0.000000
0.011447
0.000000
0.000000
0.000000
0.000000
0.305887
0.000000
0.000168
0.000000
0.000000
0.000000
0.000000
0.000000
0.004843
0.000000
0.000000
0.001597
0.000000
0.000000
0.000000
0.000000
0.000455
0.000000
0.005212
0.071950
0.000000
0.000000
0.000000
0.000000
0.000000
0.000000
0.000000
0.000000
0.001432
0.184533
0.000000
0.000000
0.000000
0.000000
0.000000
0.000000
0.000000
0.000000
0.000000
0.000000
0.000000
0.000344
0.000000
0.000000
0.000000
0.000000
0.000000
0.006542
0.000000
0.000000
0.000000
0.000000
0.000000
0.000000
0.000000
0.000000
0.000211
0.000000
0.249611
0.000000
0.000952
0.000000
0.000000
0.000000
0.000000
0.000000
0.000002
0.000354
0.000020
0.000000
0.000000
0.000000
0.000003
0.000000
0.000000
0.000000
0.000000
0.000000
0.000000
0.050192
0.000000
0.000000
0.343688
0.000000
0.104755
0.000155
0.000000
0.000000
0.007916
0.000001
0.000000
0.000367
0.000000
0.000000
0.111021
0.000000
0.000000
0.000000
0.000000
0.000000
0.000007
0.002709
0.021418
0.439209
0.000000
0.000000
0.000000
0.000033
0.000000
0.000000
0.000000
0.000001
0.116557
0.000000
0.044418
0.001099
0.000000
0.000014
0.000361
0.000000
0.000000
0.000000
0.039026
0.000198
0.000000
0.000000
0.000000
0.000000
0.000000
0.017573
0.000270
0.000000
0.000000
0.000000
0.003576
0.005510
0.000095
0.000000
0.000000
0.000000
0.000000
0.020947
0.012099
0.000000
0.000000
0.000000
0.000000
0.000000
0.013318
0.000000
0.000000
0.000000
0.000000
0.000000
0.000000
0.005447
0.000587
0.000000
0.258372
0.000000
0.000000
0.000000
0.133027
0.000000
0.000000
0.000000
0.000000
0.000000
0.000000
0.000000
0.000000
0.000000
0.000000
0.000000
0.000000
0.000000
0.000000
0.000000
0.000000
0.000000
0.000018
0.000000
0.000000
0.000000
0.000000
0.000000
0.000000
0.014549
0.000000
0.000310
0.000000
0.000000
0.000000
0.004220
0.000000
0.000000
0.000000
0.000000
0.000000
0.021759
0.000000
0.000000
0.000000
0.000000
0.148047
0.036944
0.015727
0.000000
0.000000
0.000000
0.000000
0.000000
0.000000
0.002328
0.028522
0.000000
0.000000
0.000000
0.000000
0.000000
0.000000
0.000003
0.000000
0.000000
0.000000
0.000000
0.000000
0.000000
0.000000
0.000000
0.000000
0.188717
0.000000
0.000000
0.000002
0.000000
0.000000
0.000000
0.001152
0.000000
0.566162
0.096132
0.000000
0.000000
0.000096
0.000000
0.000000
0.000000
0.000000
0.000564
0.000000
0.000000
0.000000
0.000000
0.000000
0.001365
0.000000
0.108642
0.000000
0.000000
0.000000
0.004833
0.000000
0.000000
0.000000
0.004345
0.000000
0.000000
0.000000
0.000000
0.000000
0.000000
0.000000
0.000000
0.000000
0.000000
0.000024
0.000000
0.000000
0.000000
0.000002
0.000000
0.000000
0.000000
0.000000
0.000000
0.000000
0.000008
0.000000
0.000000
0.005640
0.000000
0.000000
0.000000
0.000000
0.000040
0.000000
0.000000
0.000000
0.000000
0.006488
0.000000
0.000000
0.001637
0.000000
0.000000
0.000000
0.000011
0.000000
0.000000
0.000000
0.004970
0.004159
0.000000
0.000000
0.055138
0.000000
0.000000
0.000000
0.000000
0.000000
0.000000
0.038072
0.000000
0.000000
0.000808
0.000000
0.000000
0.000000
0.000043
0.000000
0.000000
0.000000
0.000000
0.000000
0.021492
0.000000
0.000000
0.000000
0.000000
0.000000
0.000000
0.000000
0.000000
0.000000
0.000000
0.000000
0.001029
0.000000
0.000004
0.000000
0.000000
0.000000
0.013124
0.000019
0.000000
0.000000
0.000000
0.000000
0.000000
0.000000
0.000000
0.000000
0.021715
0.000000
0.198641
0.675265
0.000000
0.000001
0.000000
0.000015
0.000000
0.000000
0.000000
0.000000
0.008588
0.000000
0.583812
0.000000
0.000003
0.000000
0.000000
0.000000
0.000000
0.000000
0.000000
0.000000
0.000000
0.000592
0.000000
0.000000
0.000000
0.000000
0.000000
0.000000
0.000000
0.000000
0.000000
0.000000
0.000257
0.000000
0.000104
0.000279
0.000000
0.003078
0.000000
0.000000
0.000000
0.000000
0.000000
0.000000
0.000000
0.000000
0.000000
0.000000
0.000000
0.105455
0.974262
0.000046
0.000000
0.000000
0.030179
0.000000
0.000002
0.000000
0.000000
0.000081
0.001344
0.000000
0.000000
0.001469
0.083479
0.000000
0.000007
0.183697
0.000000
0.003554
0.000000
0.020469
0.000000
0.000000
0.000000
0.030928
0.000000
0.000140
0.000000
0.000000
0.000000
0.000000
0.000000
0.000000
0.032684
0.000000
0.000000
0.000000
0.000000
0.000000
0.000000
0.020235
0.000000
0.000000
0.000000
0.070166
0.190953
0.000000
0.000141
0.000000
0.000000
0.000000
0.000000
0.000000
0.000000
0.000000
0.000000
0.182472
0.000000
0.000000
0.000060
0.005487
0.000000
0.000000
0.000000
0.000000
0.018007
0.000000
0.000000
0.000000
0.000000
0.000250
0.000000
0.000000
0.000000
0.000035
0.000000
0.000000
0.000000
0.000000
0.001387
0.000000
0.000000
0.000000
0.000000
0.000000
0.000000
0.000000
0.356967
0.000000
0.050907
0.000000
0.000000
0.000000
0.000000
0.000000
0.000192
0.000000
0.000000
0.050284
0.000000
0.000000
0.000000
0.064647
0.003009
0.001635
0.000000
0.000000
0.004487
0.000000
0.000000
0.000000
0.000000
0.000000
0.000000
0.000727
0.000000
0.000000
0.018929
0.000000
0.000000
0.000007
0.000000
0.105858
0.000000
0.000000
0.000000
0.000000
0.000000
0.000000
0.000000
0.000243
0.004051
0.000000
0.000000
0.000000
0.073417
0.000000
0.000098
0.000000
0.000000
0.000000
0.000000
0.009323
0.000000
0.000000
0.001139
0.000000
0.000000
0.000000
0.001248
0.000079
0.065571
0.000000
0.000000
0.000000
0.000000
0.000000
0.000000
0.000000
0.000000
0.000000
0.000000
0.000000
0.000000
0.000000
0.000000
0.002457
0.000000
0.000002
0.000000
0.000000
0.000000
0.000000
0.000000
0.000000
0.096319
0.000000
0.030553
0.000000
0.000000
0.000000
0.000000
0.000000
0.000000
0.000000
0.000000
0.000000
0.313815
0.000000
0.000000
0.000000
0.000000
0.006214
0.000000
0.000000
0.000000
0.035012
0.000000
0.000000
0.000000
0.122726
0.000000
0.000000
0.053819
0.002822
0.001844
0.000000
0.006416
0.000000
0.074429
0.000000
0.000000
0.000002
0.000469
0.000000
0.008427
0.000000
0.000000
0.000000
0.000000
0.136902
0.007652
0.000000
0.000000
0.000000
0.146835
0.000800
0.007713
0.000000
0.000726
0.000000
0.000000
0.000505
0.301036
0.000000
0.006915
0.000000
0.000278
0.000000
0.000000
0.000000
0.000000
0.000000
0.000000
0.000000
0.033541
0.000000
0.000000
0.000000
0.000000
0.000000
0.000000
0.000206
0.000000
0.000000
0.000000
0.000000
0.000000
0.448808
0.000000
0.001090
0.000000
0.000002
0.000775
0.000000
0.000000
0.000000
0.000000
0.029576
0.000000
0.007941
0.000000
0.002744
0.000000
0.000001
0.000548
0.000000
0.000000
0.000000
0.039276
0.018341
0.000000
0.000000
0.000000
0.000000
0.111811
0.000000
0.000000
0.000000
0.000000
0.000282
0.000000
0.068220
0.000000
0.000000
0.000000
0.000000
0.063126
0.000000
0.000000
0.000000
0.000000
0.000002
0.000000
0.000000
0.000201
0.000000
0.000302
0.000000
0.000000
0.000000
0.000000
0.000000
0.000000
0.000000
0.000000
0.000000
0.000000
0.000000
0.000000
0.000000
0.000003
0.000000
0.000000
0.010825
0.000000
0.000000
0.000000
0.000340
0.000000
0.000000
0.000000
0.000000
0.000000
0.000000
0.013574
0.000000
0.000000
0.000018
0.000000
0.000000
0.000000
0.000000
0.000000
0.000000
0.000000
0.000000
0.000000
0.000000
0.000000
0.000000
0.000000
0.001107
0.000000
0.032763
0.000000
0.163130
0.000000
0.015243
0.000000
0.000000
0.089454
0.039851
0.000000
0.000000
0.000351
0.000000
0.000128
0.000000
0.000025
0.000000
0.000000
0.000000
0.000000
0.000000
0.031143
0.002288
0.000000
0.002892
0.000000
0.000000
0.000000
0.000000
0.010393
0.000000
0.000000
0.000000
0.000000
0.000000
0.000000
0.000000
0.000000
0.001789
0.002141
0.006851
0.000000
0.000000
0.000000
0.000000
0.000000
0.000000
0.000280
0.000000
0.000000
0.000000
0.000000
0.000000
0.000000
0.000000
0.000765
0.000000
0.000000
0.050768
0.461487
0.000522
0.000000
0.000630
0.000000
0.000000
0.003959
0.000000
0.000000
0.000000
0.000000
0.000000
0.000000
0.000010
0.000002
0.000000
0.000000
0.000000
0.000000
0.005700
0.000000
0.144225
0.000000
0.076433
0.004853
0.000000
0.000000
0.000000
0.000000
0.000000
0.000096
0.000000
0.019242
0.005070
0.000000
0.000000
0.000017
0.000000
0.000000
0.000000
0.128572
0.000000
0.024804
0.000000
0.000000
0.000000
0.000397
0.000000
0.000000
0.000000
0.000000
0.000000
0.000000
0.033351
0.119475
0.000000
0.000000
0.000000
0.001048
0.000000
0.000000
0.000000
0.000000
0.000000
0.000000
0.001764
0.000000
0.000747
0.000000
0.005329
0.000000
0.262944
0.000000
0.000000
0.000000
0.000000
0.000000
0.000000
0.000000
0.000000
0.000000
0.000000
0.000000
0.000000
0.000000
0.000000
0.000000
0.000000
0.001486
0.000000
0.000000
0.000000
0.000000
0.010651
0.000000
0.017525
0.000000
0.000000
0.000095
0.000000
0.094377
0.000000
0.018780
0.000000
0.000000
0.000000
0.008966
0.000000
0.000000
0.000000
0.000000
0.000000
0.000000
0.612076
0.000000
0.000013
0.000000
0.000000
0.000000
0.000000
0.028344
0.000000
0.000000
0.000000
0.000000
0.091663
0.000000
0.000000
0.000000
0.000000
0.000000
0.001724
0.000000
0.000000
0.000000
0.000000
0.000000
0.000000
0.000000
0.000138
0.000000
0.000000
0.000000
0.000000
0.000000
0.000000
0.000084
0.000102
0.000000
0.000000
0.000000
0.000000
0.083550
0.001244
0.000000
0.000000
0.000000
0.229836
0.000000
0.000000
0.000000
0.000000
0.000000
0.000000
0.000000
0.000000
0.043175
0.000000
0.000000
0.000000
0.000625
0.014260
0.000000
0.000000
0.000000
0.003592
0.000000
0.000000
0.000000
0.000000
0.000000
0.000004
0.000000
0.000000
0.000000
0.000000
0.000000
0.000000
0.000000
0.000000
0.000000
0.000756
0.000000
0.000000
0.000000
0.000000
0.000000
0.000000
0.020025
0.000000
0.000000
0.256032
0.000000
0.000000
0.000000
0.000000
0.046848
0.000000
0.000758
0.000000
0.000000
0.000000
0.001612
0.094128
0.000000
0.000000
0.000000
0.000000
0.000000
0.030747
0.000067
0.000000
0.969385
0.000000
0.000000
0.047033
0.000000
0.000000
0.000000
0.000000
0.000000
0.000000
0.000000
0.000000
0.000000
0.000000
0.000000
0.000000
0.000000
0.000000
0.000000
0.201014
0.000000
0.000582
0.000000
0.000000
0.000000
0.018855
0.000000
0.000256
0.000000
0.000000
0.000000
0.000000
0.000000
0.000000
0.000000
0.000000
0.000000
0.000004
0.000196
0.000000
0.000000
0.000000
0.000028
0.143546
0.000000
0.005879
0.000000
0.000000
0.000000
0.000000
0.000000
0.001025
0.000000
0.002091
0.002795
0.080586
0.000000
0.000000
0.000000
0.000000
0.009804
0.000000
0.000000
0.000000
0.000000
0.000000
0.000000
0.000000
0.000000
0.000157
0.000000
0.006917
0.000000
0.187059
0.000689
0.000000
0.000000
0.000000
0.000000
0.000000
0.000000
0.000000
0.000000
0.000000
0.003988
0.000000
0.000000
0.000000
0.000000
0.000000
0.000000
0.000000
0.408211
0.001581
0.000000
0.000000
0.000000
0.000000
0.000000
0.000003
0.001501
0.059836
0.244929
0.000000
0.000000
0.000000
0.000000
0.000000
0.020781
0.014990
0.000000
0.000000
0.000000
0.000000
0.000000
0.000000
0.000000
0.000000
0.000000
0.000000
0.000000
0.000000
0.224311
0.000000
0.000000
0.000000
0.005724
0.077828
0.012745
0.000000
0.000000
0.000000
0.000000
0.000000
0.195278
0.000000
0.000000
0.000110
0.000000
0.000000
0.000000
0.000000
0.000000
0.260124
0.000000
0.000000
0.000000
0.000011
1.000000
0.000000
0.000000
0.000000
0.000000
0.000000
0.000000
0.000754
0.000000
0.000000
0.024319
0.000000
0.000000
0.003570
0.024862
0.016448
0.000000
0.000000
0.000000
0.026608
0.000000
0.000001
0.000000
0.000812
0.007849
0.000000
0.000000
0.016549
0.000000
0.057388
0.127768
0.000000
0.000000
0.000000
0.000000
0.000000
0.000001
0.000000
0.000000
0.107813
0.000000
0.000000
0.000000
0.000000
0.000000
0.000000
0.000000
0.000000
0.007459
0.005180
0.000000
0.000000
0.101493
0.000000
0.000000
0.000000
0.000000
0.000000
0.000000
0.000000
0.000120
0.000317
0.001829
0.000000
0.000000
0.000000
0.000000
0.084640
0.000000
0.000000
0.000000
0.000000
0.000000
0.000000
0.000000
0.000064
0.000003
0.000000
0.000000
0.000000
0.000000
0.000000
0.000000
0.000000
0.000000
0.000000
0.000000
0.002220
0.000000
0.116483
0.077524
0.000000
0.000000
0.000000
0.000000
0.000000
0.000000
0.000000
0.020241
0.000000
0.000000
0.000000
0.000000
0.001863
0.000000
0.000000
0.100789
0.000000
0.000000
0.002320
0.000000
0.000000
0.000000
0.000000
0.000000
0.000000
0.009103
0.000004
0.000000
0.000000
0.022443
0.000000
0.000000
0.000000
0.000000
0.000000
0.000000
0.000000
0.000000
0.000000
0.000000
0.000000
0.000000
0.000000
0.000000
0.000000
0.042358
0.000000
0.098706
0.013201
0.000000
0.000250
0.000000
0.000000
0.000000
0.000000
0.000000
0.000000
0.000000
0.002351
0.009823
0.000000
0.000000
0.002334
0.000351
0.000000
0.000000
0.000000
0.000000
0.000000
0.000000
0.000000
0.000000
0.000000
0.000000
0.000000
0.000000
0.000132
0.000000
0.000000
0.000000
0.000000
0.000000
0.001984
0.000000
0.000000
0.000000
0.000000
0.000000
0.000000
0.000000
0.000000
0.003046
0.000000
0.000000
0.000000
0.124856
0.000590
0.023197
0.000000
0.000000
0.025281
0.000000
0.556828
0.002471
0.000000
0.000000
0.000000
0.007466
0.746347
0.000000
0.000000
0.000000
0.000000
0.000000
0.000000
0.000000
0.000000
0.000035
0.005099
0.000000
0.000000
0.000970
0.000000
0.000000
0.000000
0.009500
0.002838
0.000000
0.000000
0.000000
0.000000
0.000000
0.000000
0.000000
0.000045
0.000000
0.000000
0.000310
0.559225
0.000000
0.000000
0.000000
0.000000
0.000000
0.000231
0.006025
0.000000
0.000000
0.000000
0.003175
0.000521
0.000000
0.000000
0.024837
0.000000
0.000000
0.000000
0.000000
0.000000
0.000000
0.126669
0.016097
0.002385
0.334484
0.002240
0.000000
0.077581
0.004214
0.000009
0.008658
0.000000
0.000000
0.000000
0.000000
0.025659
0.003810
0.000000
0.000000
0.000000
0.000178
0.000000
0.000000
0.000000
0.114830
0.000000
0.000000
0.000000
0.312172
0.142640
0.000000
0.000000
0.000016
0.000000
0.000000
0.000000
0.000947
0.000000
0.000000
0.000000
0.000000
0.000000
0.000186
0.000000
0.000000
0.000000
0.000000
0.000000
0.000000
0.000000
0.000000
0.000000
0.000000
0.000000
0.000000
0.000000
0.000000
0.000000
0.000000
0.000000
0.000000
0.000000
0.172000
0.000007
0.000000
0.006807
0.000000
0.004528
0.000000
0.000000
0.000000
0.000000
0.000000
0.000000
0.000000
0.000000
0.000001
0.000000
0.000000
0.000000
0.000000
0.003234
0.000000
0.000000
0.000000
0.017287
0.000000
0.000000
0.000000
0.000084
0.000000
0.000000
0.001841
0.000000
0.000000
0.172589
0.000000
0.160028
0.000000
0.655557
0.036594
0.000000
0.000000
0.000000
0.054103
0.000000
0.000000
0.012406
0.000000
0.000000
0.000000
0.012661
0.000000
0.244718
0.721080
0.000000
0.000000
0.000000
0.001005
0.000000
0.000000
0.000000
0.000000
0.000000
0.000000
0.000000
0.000000
0.000193
0.000000
0.000066
0.000000
0.000000
0.000000
0.000000
0.000000
0.000431
0.000000
0.323402
0.000000
0.000000
0.000000
0.000000
0.000000
0.000000
0.000000
0.000000
0.000000
0.000000
0.000000
0.001773
0.147911
0.000000
0.003932
0.047206
0.000000
0.000028
0.000001
0.958603
0.000000
0.000000
0.000000
0.000000
0.000000
0.000000
0.000000
0.000000
0.000000
0.000000
0.000000
0.000000
0.000000
0.000000
0.000001
0.000000
0.000007
0.000250
0.000000
0.000000
0.000000
0.000000
0.000000
0.000000
0.000002
0.000000
0.000000
0.000000
0.000000
0.007399
0.004495
0.145986
0.000000
0.000000
0.000039
0.000000
0.000198
0.000000
0.000000
0.000000
0.000000
0.019818
0.246224
0.000000
0.000000
0.000000
0.000000
0.000000
0.000000
0.000000
0.000000
0.000000
0.000000
0.000000
0.000000
0.000000
0.000000
0.000000
0.000009
0.000000
0.000000
0.757621
0.000030
0.006547
0.000000
0.000000
0.000000
0.000000
0.001985
0.001029
0.000000
0.061814
0.000000
0.191844
0.000241
0.000000
0.000000
0.000000
0.000000
0.002668
0.000000
0.029998
0.000000
0.091448
0.000000
0.000000
0.026208
0.000000
0.754794
0.034115
0.000907
0.000000
0.001069
0.027139
0.000000
0.000000
0.000037
0.000000
0.000191
0.000000
0.700641
0.000000
0.000000
0.000012
0.013333
0.000000
0.000000
0.000000
0.024446
0.261611
0.000000
0.000000
0.005349
0.000000
0.006585
0.000000
0.000000
0.000000
0.000000
0.000000
0.000000
0.000000
0.000000
0.000000
0.000000
0.000000
0.000000
0.000000
0.000062
0.022856
0.000000
0.159021
0.000450
0.000063
0.000000
0.004285
0.000000
0.007998
0.005189
0.000000
0.003230
0.000000
0.000000
0.000000
0.000000
0.000203
0.000003
0.026819
0.000000
0.000000
0.000000
0.000000
0.000000
0.000527
0.000000
0.000000
0.000000
0.000000
0.000000
0.000350
0.000000
0.000000
0.000000
0.000000
0.003764
0.000338
0.000000
0.000000
0.000450
0.000000
0.000000
0.000004
0.000836
0.000000
0.000000
0.000000
0.000000
0.000000
0.000000
0.000000
0.000000
0.000000
0.000000
0.000000
0.000000
0.000000
0.000000
0.000000
0.000000
0.000000
0.000000
0.000000
0.000000
0.000000
0.000000
0.000000
0.000000
0.000000
0.000000
0.000000
0.000000
0.000070
0.000000
0.000000
0.000000
0.000000
0.107084
0.000017
0.000000
0.152236
0.000000
0.000000
0.090551
0.000000
0.000000
0.000000
0.000000
0.000097
0.000002
0.000000
0.000000
0.000000
0.000000
0.000000
0.000000
0.000000
0.000000
0.000000
0.000000
0.000248
0.000000
0.001010
0.000000
0.000000
0.000000
0.056529
0.047382
0.000022
0.248763
0.000000
0.000000
0.000000
0.000059
0.000000
0.000000
0.000000
0.000000
0.000000
0.000000
0.000000
0.000000
0.000000
0.687301
0.000000
0.000000
0.000000
0.127913
0.000000
0.000000
0.000000
0.000000
0.000000
0.001041
0.000000
0.000000
0.000000
0.000000
0.000000
0.000000
0.000000
0.000000
0.000000
0.000000
0.000000
0.000000
0.000000
0.000000
0.000074
0.000000
0.000000
0.022317
0.000000
0.000000
0.211073
0.000000
0.000000
0.000098
0.029093
0.029889
0.019040
0.000000
0.000000
0.189145
0.013352
0.000000
0.000000
0.000000
0.000000
0.000000
0.000000
0.000000
0.000000
0.032004
0.000000
0.000000
0.000000
0.000000
0.000001
0.000000
0.000000
0.000000
0.000000
0.000000
0.000000
0.000058
0.000000
0.000000
0.003767
0.000000
0.000000
0.001180
0.000000
0.000000
0.000000
0.000000
0.000000
0.000001
0.000000
0.000000
0.000000
0.001934
0.000000
0.038103
0.000000
0.000000
0.961068
0.000000
0.000000
0.000000
0.000000
0.041770
0.000000
0.000000
0.000000
0.040324
0.000000
0.008223
0.021100
0.000000
0.000000
0.000059
0.000000
0.000000
0.000003
0.000000
0.000002
0.000000
0.000000
0.000000
0.000446
0.947623
0.000000
0.325986
0.000000
0.129168
0.000119
0.000000
0.000000
0.000000
0.000000
0.000000
0.000000
0.000000
0.000000
0.000113
0.000000
0.000780
0.000000
0.000000
0.000000
0.000000
0.002262
0.000000
0.162976
0.000000
0.000356
0.000000
0.000000
0.000027
0.000000
0.000000
0.000000
0.000000
0.000000
0.000000
0.000000
0.000000
0.000000
0.003448
0.000000
0.000000
0.000000
0.000000
0.000000
0.000136
0.000000
0.000000
0.000000
0.000026
0.004464
0.000000
0.026620
0.000000
0.000000
0.000000
0.035575
0.026814
0.000000
0.000000
0.041339
0.000000
0.000000
0.000000
0.000618
0.000000
0.024590
0.020685
0.000000
0.000000
0.000000
0.000000
0.000000
0.000000
0.004545
0.000000
0.100024
0.000000
0.000000
0.000000
0.000102
0.000000
0.000000
0.000000
0.002317
0.000000
0.000000
0.000000
0.000000
0.000000
0.000000
1.000000
0.000000
0.005732
0.000000
0.000000
0.037261
0.000984
0.000000
0.009863
0.155500
0.000000
0.003953
0.000862
0.000000
0.000126
0.000000
0.000000
0.000000
0.000000
0.000000
0.000000
0.000000
0.000154
0.000000
0.000000
0.000000
0.000000
0.000000
0.000000
0.000000
0.000000
0.000010
0.000000
0.000000
0.000000
0.000000
0.000000
0.000000
0.000000
0.000000
0.000009
0.000000
0.012409
0.000000
0.000000
0.020532
0.000000
0.000000
0.000000
0.000000
0.000001
0.000000
0.000349
0.129121
0.238543
0.000012
0.000000
0.000000
0.000000
0.000000
0.000000
0.369210
0.000000
0.000000
0.000000
0.000000
0.000000
0.031076
0.000000
0.000000
0.000000
0.000000
0.000011
0.000000
0.000003
0.000000
0.000000
0.000000
0.000730
0.000000
0.000000
0.000000
0.008146
0.000000
0.000000
0.000000
0.000000
0.000006
0.000000
0.000000
0.000000
0.000183
0.000013
0.000000
0.000000
0.003289
0.000000
0.000010
0.000000
0.000000
0.000000
0.000000
0.000000
0.000780
0.000000
0.000000
0.000000
0.000033
0.000000
0.046742
0.000000
0.000468
0.000000
0.000000
0.000000
0.001634
0.005089
0.000000
0.000000
0.000000
0.000000
0.000000
0.011004
0.000000
0.000000
0.000000
0.003434
0.000000
0.000000
0.000000
0.000000
0.000000
0.000000
0.000000
0.000000
0.000000
0.000000
0.000000
0.074851
0.000000
0.000000
0.000000
0.000000
0.000000
0.000000
0.000000
0.000000
0.000000
0.000000
0.507926
0.000000
0.000000
0.000002
0.000431
0.000000
0.000000
0.000000
0.000000
0.000000
0.000000
0.009163
0.000000
0.000000
0.000000
0.000000
0.000000
0.000000
0.000000
0.027814
0.000000
0.000000
0.000000
0.000000
0.349664
0.000000
0.654302
0.000000
0.016094
0.000000
0.000000
0.000000
0.000024
0.000000
0.000000
0.000000
0.000000
0.000000
0.000000
0.000000
0.000000
0.066519
0.000000
0.000008
0.002329
0.000000
0.125337
0.000000
0.000000
0.000000
0.000000
0.000000
0.000000
0.000000
0.000000
0.000000
0.000000
0.000000
0.302161
0.000000
0.000011
0.000056
0.000000
0.019541
0.000000
0.000000
0.000000
0.000000
0.007211
0.000000
0.000000
0.000000
0.000000
0.000000
0.000000
0.000000
0.000000
0.026467
0.000000
0.000000
0.000000
0.020066
0.000000
0.000000
0.000000
0.000000
0.000000
0.000000
0.000000
0.000000
0.000000
0.000000
0.004094
0.000602
0.000186
0.000000
0.000000
0.000000
0.004591
0.000000
0.000000
0.000000
0.000000
0.000000
0.000000
0.000000
0.000276
0.000000
0.000000
0.000000
0.000000
0.000000
0.475668
0.102387
0.000000
0.000000
0.000000
0.000000
0.000131
0.000000
0.000000
0.000000
0.000002
0.000000
0.000000
0.016673
0.000000
0.000134
0.000000
0.002155
0.000382
0.000000
0.000000
0.000000
0.000000
0.000000
0.000000
0.000000
0.000000
0.006366
0.000000
0.000000
0.000000
0.000000
0.000003
0.000000
0.000000
0.000071
0.000000
0.000000
0.000001
0.000000
0.000000
0.037497
0.188357
0.020616
0.000000
0.747815
0.000000
0.000000
0.000000
0.000000
0.003977
0.000000
0.102023
0.000000
0.000000
0.001311
0.005422
0.000000
0.239592
0.000000
0.000000
0.000060
0.000000
0.028653
0.000000
0.101147
0.000978
0.018756
0.000000
0.000000
0.053982
0.000000
0.000000
0.000000
0.368806
0.000000
0.000000
0.000988
0.001657
0.000000
0.000000
0.000000
0.000000
0.000000
0.000000
0.000000
0.000000
0.045039
0.000000
0.000000
0.000000
0.000000
0.000000
0.008870
0.000008
0.000000
0.000000
0.000000
0.000093
0.000000
0.000000
0.000000
0.000000
0.000000
0.000000
0.000000
0.000000
0.003663
0.000000
0.000000
0.000000
0.000337
0.592597
0.000000
0.000000
0.000000
0.000000
0.000000
0.398504
0.000000
0.000000
0.000000
0.000000
0.489439
0.000321
0.325458
0.000302
0.002345
0.000187
0.000000
0.000236
0.000000
0.000000
0.000000
0.184805
0.000000
0.000000
0.000000
0.000019
0.000000
0.000000
0.000019
0.000000
0.000000
0.000000
0.000053
0.000000
0.026317
0.245107
0.000000
0.066617
0.039925
0.000000
0.000614
0.000000
0.000000
0.028326
0.003023
0.000000
0.000000
0.000000
0.000000
0.000000
0.000000
0.000000
0.000000
0.000000
0.000000
0.000000
0.000000
0.000000
0.000361
0.352343
0.000000
0.037243
0.000010
0.000020
0.000000
0.550104
0.000000
0.058583
0.007046
0.000000
0.000000
0.000000
0.000000
0.007123
0.003895
0.000000
0.000000
0.000000
0.000000
0.010305
0.000000
0.000000
0.000000
0.000000
0.000000
0.008670
0.000000
0.000000
0.000000
0.000000
0.000000
0.010970
0.000000
0.000000
0.000000
0.000000
0.000000
0.000000
0.000000
0.000000
0.007273
0.230554
0.000000
0.000009
0.000000
0.000000
0.000000
0.000000
0.000000
0.000000
0.000000
0.000000
0.000005
0.000012
0.000000
0.000000
0.000000
0.000000
0.000000
0.000000
0.000000
0.000000
0.000000
0.284621
0.000000
0.000015
0.000206
0.000000
0.081270
0.000000
0.000000
0.000000
0.000000
0.045987
0.000000
0.000000
0.000000
0.000000
0.000000
0.000000
0.000000
0.000000
0.006577
0.000000
0.000063
0.000000
0.000000
0.000000
0.000000
0.001216
0.000000
0.000000
0.000000
0.000000
0.000021
0.010671
0.058423
0.000000
0.001052
0.013455
0.000876
0.000000
0.000000
0.563252
0.000000
0.000000
0.000000
0.000000
0.000000
0.000000
0.000000
0.000000
0.000000
0.000000
0.077482
0.000006
0.000000
0.000000
0.016460
0.005840
0.000000
0.054945
0.000000
0.018361
0.000000
0.000000
0.007697
0.001209
0.000000
0.000000
0.060926
0.000144
0.000000
0.004682
0.000000
0.000000
0.000000
0.000000
0.000000
0.000000
0.253008
0.000009
0.002032
0.036395
0.000000
0.000000
0.000000
0.000000
0.000000
0.000000
0.000000
0.000001
0.000000
0.000941
0.000000
0.000000
0.000000
0.004443
0.000000
0.581945
0.000000
0.000000
0.000000
0.000000
0.000000
0.043613
0.000000
0.000000
0.000000
0.000000
0.030969
0.000000
0.000000
0.000000
0.000001
0.010476
0.000000
0.000000
0.000549
0.000000
0.000000
0.001639
0.000000
0.000000
0.000000
0.000000
0.000000
0.003298
0.004592
0.000000
0.000000
0.000000
0.000000
0.000000
0.000000
0.000000
0.000000
0.000000
0.000000
0.000000
0.000000
0.000000
0.000000
0.000000
0.000000
0.000000
0.000000
0.000682
0.000000
0.000019
0.000000
0.000000
0.000000
0.000000
0.000000
0.000000
0.000000
0.001137
0.006590
0.000000
0.000000
0.000000
0.002419
0.000000
0.000010
0.000000
0.000000
0.000000
0.001099
0.000000
0.000000
0.000000
0.000000
0.015615
0.000892
0.000000
0.000000
0.000000
0.015270
0.000000
0.000000
0.000000
0.003213
0.025329
0.067688
0.000000
0.000000
0.012014
0.000000
0.000000
0.000215
0.000000
0.000645
0.000071
0.000000
0.000000
0.000000
0.000000
0.000000
0.000000
0.001368
0.000000
0.000000
0.000000
0.000000
0.000000
0.000000
0.000000
0.000220
0.000003
0.000000
0.229458
0.000000
0.000000
0.000000
0.000000
0.000205
0.018365
0.000000
0.028180
0.011673
0.000000
0.000000
0.000000
0.000037
0.515665
0.001212
0.000000
0.000000
0.000000
0.000073
0.000000
0.000000
0.000000
0.000000
0.049267
0.003190
0.000077
0.000000
0.002946
0.000000
0.000000
0.000000
0.000000
0.000000
0.000039
0.000000
0.000000
0.000000
0.000000
0.000000
0.018681
0.000000
0.242893
0.000000
0.000024
0.001889
0.000000
0.000000
0.000000
0.000000
0.000000
0.000000
0.000000
0.000000
0.000000
0.000000
0.019689
0.000000
0.000097
0.001272
0.000000
0.000000
0.000000
0.000000
0.000000
0.000000
0.000000
0.000000
0.000000
0.000000
0.000000
0.000000
0.001409
0.000000
0.000000
0.033799
0.000000
0.000000
0.042760
0.000000
0.000000
0.000000
0.000000
0.000000
0.000000
0.000000
0.007478
0.000000
0.000000
0.000000
0.101383
0.000000
0.000000
0.000000
0.000000
0.000000
0.028312
0.270119
0.000000
0.000000
0.000000
0.017891
0.000000
0.000000
0.000000
0.000000
0.000000
0.001785
0.000000
0.000000
0.000000
0.000000
0.000000
0.000000
0.004253
0.000072
0.000000
0.000000
0.000484
0.000000
0.040536
0.000014
0.000000
0.000000
0.000000
0.000000
0.000000
0.001002
0.000000
0.000000
0.008476
0.000000
0.000000
0.000682
0.000940
0.000000
0.000000
0.000000
0.360445
0.000000
0.000000
0.000000
0.000000
0.000000
0.004209
0.000000
0.000000
0.000000
0.002992
0.000000
0.005192
0.098745
0.000000
0.000000
0.000000
0.000000
0.000000
0.000001
0.000447
0.000000
0.000000
0.000000
0.000000
0.000000
0.000000
0.011760
0.000000
0.433275
0.000000
0.000000
0.000539
0.000000
0.000081
0.000248
0.000000
0.000301
0.000000
0.000000
0.000000
0.000000
0.000000
0.000012
0.000000
0.000000
0.030996
0.081264
0.000000
0.000000
0.000000
0.069690
0.003971
0.000198
0.000000
0.000000
0.000000
0.000000
0.023471
0.000000
0.009225
0.000000
0.000000
0.000000
0.000000
0.007353
0.000000
0.001555
0.029619
0.000000
0.000000
0.000000
0.000000
0.000000
0.000087
0.006389
0.000000
0.048754
0.000000
0.000000
0.042134
0.000000
0.007817
0.000000
0.434190
0.000000
0.000000
0.058702
0.000000
0.000000
0.000000
0.090323
0.000000
0.000000
0.000000
0.000000
0.000000
0.000000
0.000000
0.000000
0.000000
0.000000
0.000724
0.072880
0.000172
0.000133
0.000000
0.000000
0.000000
0.000177
0.000000
0.000000
0.000000
0.000000
0.000000
0.000000
0.000000
0.000000
0.000000
0.005769
0.000000
0.000000
0.000000
0.000058
0.000000
0.001050
0.000000
0.000000
0.000000
0.026547
0.000076
0.461642
0.000000
0.000000
0.098163
0.000000
0.010016
0.000000
0.000001
0.000000
0.000031
0.000000
0.020450
0.000000
0.000000
0.000000
0.372341
0.000000
0.212473
0.000000
0.040120
0.096767
0.000000
0.000000
0.000000
0.000000
0.000000
0.000000
0.000000
0.000000
0.000000
0.188544
0.000000
0.000000
0.145091
0.000000
0.000000
0.000000
0.000000
0.000000
0.000225
0.177994
0.000000
0.000000
0.000000
0.000000
0.000000
0.002645
0.002869
0.017518
0.000003
0.000000
0.000000
0.029918
0.000000
0.000000
0.000000
0.000000
0.000000
0.000000
0.000000
0.000000
0.000000
0.028103
0.000000
0.000000
0.000000
0.000000
0.000107
0.000000
0.000000
0.000000
0.000000
0.000000
0.000000
0.000000
0.000043
0.017169
0.000000
0.475798
0.000000
0.000000
0.000000
0.000000
0.005008
0.000000
0.000000
0.000000
0.000000
0.000000
0.000000
0.110881
0.000000
0.000000
0.000000
0.002112
0.000000
0.000786
0.000000
0.000000
0.000000
0.000000
0.000000
0.000000
0.000057
0.000097
0.199834
0.015463
0.000000
0.000000
0.000000
0.000000
0.000000
0.000000
0.000676
0.001019
0.013515
0.000000
0.000000
0.000000
0.055465
0.000000
0.000000
0.000000
0.000000
0.000000
0.000000
0.000000
0.000000
0.000000
0.000367
0.000000
0.000036
0.000000
0.000000
0.000000
0.001155
0.000923
0.000000
0.000080
0.000000
0.000000
0.011884
0.000000
0.320794
0.000000
0.000000
0.000000
0.000101
0.000000
0.054633
0.163391
0.000000
0.000000
0.000000
0.000000
0.000760
0.011238
0.003258
0.000000
0.000000
0.000000
0.000000
0.000000
0.016048
0.003754
0.001301
0.000000
0.000000
0.000000
0.000000
0.028790
0.012711
0.000008
0.000000
0.000000
0.001380
0.006721
0.000000
0.000000
0.000000
0.181360
0.000000
0.000000
0.000000
0.000000
0.000000
0.000000
0.000000
0.000000
0.000000
0.000000
0.000000
0.000000
0.000000
0.000000
0.000000
0.000000
0.019744
0.000000
0.001338
0.000000
0.000000
0.000000
0.000269
0.000000
0.000000
0.000000
0.000012
0.000000
0.000000
0.000000
0.000000
0.072531
0.000000
0.002794
0.000000
0.521579
0.000000
0.000000
0.021558
0.000000
0.000000
0.000000
0.000000
0.203049
0.000000
0.000001
0.000000
0.000000
0.000000
0.120779
0.037606
0.000000
0.000742
0.000000
0.004476
0.000000
0.000000
0.000000
0.000037
0.000000
0.000000
0.000000
0.000000
0.000000
0.000000
0.000000
0.000000
0.000000
0.039917
0.000000
0.000000
0.000000
0.000000
0.123192
0.000033
0.049727
0.000000
0.000000
0.000000
0.000552
0.000195
0.000000
0.000000
0.000000
0.001602
0.088760
0.000000
0.000000
0.000000
0.000016
0.253347
0.000000
0.000000
0.000000
0.000000
0.006442
0.000012
0.000000
0.000764
0.000000
0.000000
0.000000
0.016599
0.000006
0.000000
0.000000
0.000000
0.045691
0.000000
0.000737
0.000000
0.000000
0.000000
0.000000
0.000000
0.000000
0.000000
0.000000
0.000000
0.095667
0.000000
0.000000
0.000000
0.000140
0.072293
0.000000
0.000000
0.000036
0.040651
0.000000
0.000000
0.000000
0.000000
0.000000
0.000000
0.000000
0.000008
0.000000
0.000000
0.137014
0.000000
0.000000
0.000000
0.000000
0.000000
0.001095
0.000000
0.000000
0.395962
0.000000
0.000001
0.000000
0.000000
0.000000
0.596093
0.000068
0.000000
0.000193
0.000000
0.002065
0.000000
0.000000
0.000000
0.000000
0.003650
0.000000
0.000000
0.071298
0.000000
0.007072
0.000000
0.000000
0.001610
0.000000
0.000000
0.000000
0.000000
0.000000
0.000000
0.000000
0.000000
0.000486
0.000000
0.107437
0.000000
0.000000
0.000000
0.000210
0.000000
0.101859
0.047850
0.000000
0.000323
0.000000
0.000000
0.006453
0.001990
0.000000
0.000000
0.000000
0.028402
0.000000
0.257032
0.000000
0.000000
0.000000
0.000000
0.000000
0.000000
0.000000
0.000341
0.000000
0.000000
0.000000
0.000000
0.000000
0.000000
0.000196
0.000000
0.000000
0.000000
0.000000
0.000434
0.000000
0.000000
0.000057
0.000000
0.000000
0.000000
0.000128
0.000000
0.000508
0.000000
0.225472
0.000000
0.000000
0.000000
0.000000
0.316533
0.000000
0.000000
0.000000
0.000000
0.000000
0.000000
0.000000
0.000000
0.000672
0.005117
0.000000
0.086547
0.000000
0.000000
0.000000
0.000505
0.000557
0.012621
0.000000
0.000000
0.001182
0.000000
0.000000
0.000033
0.000000
0.001556
0.000000
0.000000
0.000000
0.000000
0.000000
0.000000
0.000000
0.000000
0.000000
0.002176
0.000000
0.000000
0.000000
0.000000
0.000000
0.000000
0.000000
0.000000
0.001458
0.000000
0.000000
0.000000
0.185579
0.000011
0.012180
0.000261
0.000000
0.015499
0.001675
0.000000
0.000000
0.000000
0.001369
0.000000
0.000000
0.000000
0.000000
0.000000
0.000000
0.000000
0.000000
0.000000
0.000000
0.000000
0.166362
0.000000
0.000342
0.000000
0.000000
0.000000
0.000000
0.000720
0.000000
0.000052
0.000000
0.000000
0.000000
0.000000
0.000000
0.000000
0.000000
0.000000
0.000000
0.021481
0.000000
0.000000
0.029732
0.000000
0.000000
0.000000
0.000000
0.000000
0.258676
0.002265
0.000000
0.000000
0.000000
0.000958
0.000000
0.000000
0.000041
0.000000
0.000000
0.000000
0.000547
0.000000
0.038168
0.000037
0.000000
0.000000
0.000000
0.000000
0.000000
0.000004
0.000000
0.000000
0.000000
0.001143
0.190836
0.000000
0.000000
0.000000
0.000000
0.000000
0.000084
0.000000
0.000000
0.000000
0.000000
0.000063
0.115009
0.000000
0.000000
0.000000
0.000000
0.000000
0.000000
0.000000
0.000000
0.000000
0.000000
0.074336
0.000000
0.000000
0.000000
0.000000
0.000000
0.001932
0.000000
0.000000
0.000000
0.146330
0.000097
0.000000
0.000000
0.031827
0.000000
0.000000
0.000000
0.000000
0.000412
0.016166
0.000000
0.030013
0.002291
0.000092
0.000000
0.000001
0.002867
0.000000
0.000000
0.000000
0.000000
0.000000
0.000000
0.000000
0.015664
0.000000
0.000000
0.003240
0.000000
0.000000
0.000000
0.000000
0.000000
0.000000
0.000000
0.000000
0.004251
0.004959
0.000000
0.000000
0.000000
0.000763
0.000000
0.000000
0.000000
0.002454
0.000501
0.000000
0.000000
0.000349
0.000000
0.000000
0.000000
0.000000
0.000000
0.000000
0.000000
0.000000
0.000000
0.000000
0.009119
0.000000
0.029785
0.000000
0.001548
0.000000
0.000000
0.161452
0.000000
0.000000
0.000008
0.000000
0.000000
0.000000
0.000050
0.000162
0.000000
0.000144
0.000000
0.000000
0.000000
0.000000
0.000000
0.000000
0.000000
0.000000
0.000000
0.000000
0.000000
0.007462
0.000000
0.000000
0.000000
0.000000
0.000000
0.000000
0.000000
0.001809
0.000000
0.053817
0.000000
0.000000
0.000000
0.000000
0.000872
0.000000
0.000000
0.000000
0.000000
0.146888
0.000000
0.000000
0.000000
0.000000
0.000000
0.006541
0.000000
0.000000
0.000000
0.060201
0.000000
0.000000
0.024664
0.000000
0.000000
0.000000
0.000000
0.000000
0.001681
0.203441
0.000000
0.000000
0.000000
0.000000
0.000000
0.000000
0.004717
0.000028
0.000000
0.000000
0.000000
0.000000
0.000000
0.000000
0.131862
0.000000
0.000000
0.034115
0.000000
0.000000
0.000000
0.000000
0.000000
0.000000
0.000000
0.000000
0.000000
0.057453
0.000000
0.000000
0.000000
0.000000
0.000000
0.000000
0.000000
0.000000
0.000217
0.154395
0.021983
0.000013
0.000000
0.000000
0.000003
0.000000
0.000000
0.000000
0.000114
0.000000
0.000000
0.000000
0.044175
0.089091
0.000000
0.000000
0.000000
0.000000
0.007800
0.000000
0.000000
0.213230
0.000000
0.000000
0.000000
0.000000
0.000000
0.000000
0.007020
0.000000
0.000000
0.000000
0.000000
0.000000
0.000000
0.000000
0.000000
0.000000
0.000000
0.000000
0.000000
0.000000
0.000000
0.051050
0.000000
0.000000
0.000000
0.000000
0.000714
0.000000
0.107656
0.000000
0.000000
0.154033
0.000000
0.060910
0.000000
0.000000
0.000000
0.049344
0.000000
0.000000
0.000000
0.005300
0.000000
0.000000
0.000678
0.000000
0.017444
0.000000
0.000000
0.054466
0.000006
0.000000
0.005854
0.000000
0.000000
0.000000
0.000000
0.003249
0.000000
0.028562
0.000016
0.000077
0.000000
0.000000
0.000127
0.000000
0.000003
0.000000
0.141623
0.000000
0.011239
0.000000
0.000000
0.000000
0.000239
0.167827
0.028051
0.000000
0.000000
0.000000
0.000000
0.000000
0.000000
0.004452
0.000000
0.000000
0.000000
0.000000
0.000000
0.000032
0.039851
0.000000
0.000000
0.004153
0.000000
0.000000
0.000000
0.000392
0.000000
0.000003
0.000000
0.000000
0.000000
0.001041
0.000000
0.000000
0.000000
0.000000
0.001365
0.070224
0.000000
0.000000
0.000000
0.007904
0.000000
0.000000
0.000000
0.000000
0.000000
0.000000
0.004341
0.003527
0.000000
0.703677
0.000000
0.000000
0.000002
0.000000
0.000000
0.000000
0.000000
0.000000
0.000000
0.000000
0.000000
0.000000
0.000000
0.000000
0.000000
0.000000
0.000000
0.000000
0.000946
0.140611
0.000000
0.000000
0.000000
0.000000
0.000000
0.000000
0.000000
0.000000
0.021440
0.000000
0.000000
0.000000
0.000000
0.000482
0.000000
0.000000
0.004354
0.000000
0.000000
0.000000
0.897582
0.000000
0.000000
0.000821
0.000000
0.010355
0.000000
0.000000
0.000000
0.000223
0.000000
0.000000
0.000000
0.000000
0.000068
0.000000
0.000000
0.022282
0.000000
0.031121
0.090619
0.000000
0.000879
0.000000
0.000000
0.034611
0.000000
0.000000
0.107219
0.000000
0.000000
0.000000
0.000000
0.000000
0.000000
0.000006
0.000000
0.000006
0.000000
0.000000
0.001412
0.000000
0.000000
0.000000
0.000000
0.006068
0.000153
0.000000
0.042776
0.000000
0.000014
0.000000
0.194502
0.000000
0.000000
0.590843
0.000000
0.000000
0.000000
0.000000
0.000100
0.000000
0.000000
0.000176
0.000000
0.000000
0.000000
0.000000
0.000000
0.000000
0.000000
0.000000
0.000000
0.000000
0.000000
0.000000
0.000000
0.007426
0.003847
0.000000
0.000000
0.015417
0.001317
0.000055
0.000000
0.000000
0.005785
0.000000
0.000000
0.000000
0.010148
0.000000
0.000000
0.000000
0.000000
0.000000
0.000000
0.000000
0.000000
0.000000
0.000000
0.003434
0.000000
0.000000
0.431033
0.000000
0.000000
0.000000
0.000000
0.001788
0.010138
0.000000
0.000000
0.000000
0.000000
0.026288
0.000010
0.000000
0.000000
0.000000
0.000000
0.000000
0.000000
0.042550
0.000000
0.000000
0.000000
0.000000
0.000000
0.000000
0.000000
0.000000
0.027577
0.027483
0.000000
0.000000
0.000000
0.000000
0.000000
0.000000
0.000000
0.000000
0.000000
0.000000
0.009562
0.000000
0.000000
0.000000
0.000000
0.000000
0.000016
0.000000
0.000000
0.000000
0.000000
0.000000
0.014669
0.000000
0.013087
0.000004
0.003507
0.000000
0.000000
0.000000
0.002836
0.003295
0.000000
0.000039
0.000720
0.000000
0.000000
0.000143
0.000000
0.000000
0.169466
0.000000
0.000052
0.000000
0.000000
0.009418
0.012045
0.000000
0.000000
0.000000
0.159018
0.000000
0.004183
0.006018
0.000000
0.000000
0.000000
0.001493
0.048506
0.000000
0.000000
0.000000
0.000000
0.000000
0.093899
0.000000
0.000000
0.000000
0.000000
0.041746
0.016665
0.052485
0.000045
0.000000
0.000000
0.000000
0.000000
0.000000
0.000000
0.000000
0.000000
0.000000
0.000000
0.000000
0.000000
0.000000
0.000000
0.000000
0.000000
0.000000
0.000000
0.000002
0.470998
0.000000
0.000000
0.000000
0.000000
0.000000
0.004882
0.000000
0.000019
0.000302
0.000000
0.000000
0.000000
0.000007
0.042978
0.000000
0.000000
0.000000
0.000000
0.000000
0.000000
0.000000
0.000000
0.000000
0.000000
0.000199
0.000000
0.000000
0.000000
0.000000
0.000000
0.000000
0.000000
0.000000
0.000000
0.000000
0.000000
0.004961
0.000170
0.000000
0.000000
0.000000
0.000000
0.000000
0.000000
0.000000
0.000000
0.000000
0.000000
0.000000
0.000001
0.000000
0.001528
0.000036
0.000168
0.062545
0.000000
0.000162
0.051021
0.000000
0.721956
0.000000
0.000000
0.000000
0.008482
0.000000
0.000000
0.000000
0.000000
0.000000
0.000000
0.000000
0.003028
0.000000
0.002432
0.000000
0.002816
0.000000
0.082544
0.000000
0.000000
0.000000
0.000000
0.000000
0.000200
0.000000
0.000000
0.000000
0.000000
0.000000
0.000000
1.000000
0.000000
0.000000
0.000000
0.013957
0.000227
0.000000
0.000017
0.000000
0.000000
0.474422
0.000000
0.000875
0.197413
0.173379
0.000000
0.019953
0.005196
0.000000
0.000000
0.031084
0.098686
0.247515
0.000000
0.000000
0.000000
0.000000
0.000000
0.000000
0.000000
0.000000
0.000701
0.000000
0.000000
0.000000
0.000000
0.000000
0.000144
0.000000
0.000012
0.061581
0.000000
0.000492
0.000000
0.000000
0.675368
0.004285
0.000000
0.029029
0.000000
0.000000
0.154220
0.000000
0.000000
0.000000
0.000000
0.000000
0.000000
0.000287
0.000000
0.699964
0.000000
0.002077
0.000000
0.594499
0.000000
0.000000
0.000000
0.000197
0.000008
0.000000
0.215602
0.000000
0.000000
0.000000
0.047577
0.000000
0.000000
0.000000
0.000001
0.470584
0.000000
0.000000
0.000000
0.000000
0.020002
0.000000
0.000000
0.000000
0.000000
0.000000
0.001547
0.000000
0.000000
0.000000
0.000051
0.000000
0.000000
0.000000
0.000000
0.000000
0.000000
0.000000
0.000000
0.000275
0.023833
0.000000
0.000298
0.000001
0.000000
0.045994
0.000000
0.000000
0.000000
0.002347
0.013040
0.000000
0.464620
0.000000
0.000000
0.099400
0.000000
0.000000
0.000249
0.000086
0.000000
0.000000
0.000000
0.000000
0.000000
0.000000
0.038391
0.008151
0.000000
0.000000
0.000000
0.000000
0.000238
0.000000
0.000000
0.000000
0.000000
0.000000
0.000000
0.000000
0.000000
0.007880
0.000000
0.000000
0.000000
0.000000
0.000000
0.000000
0.022512
0.000000
0.000000
0.000131
0.000000
0.000000
0.000000
0.004116
0.000000
0.000000
0.000060
0.064563
0.000005
0.013555
0.000041
0.000000
0.000000
0.000000
0.000029
0.081240
0.000000
0.000000
0.000000
0.000000
0.000000
0.000000
0.000000
0.000226
0.013188
0.001740
0.000000
0.000000
0.000000
0.000009
0.000000
0.000000
0.000017
0.000000
0.000000
0.000000
0.000087
0.000000
0.000000
0.000000
0.000000
0.046899
0.000054
0.000000
0.000000
0.000000
0.000000
0.000000
0.009190
0.001557
0.000000
0.000000
0.000000
0.003610
0.000000
0.000000
0.000000
0.000671
0.000000
0.000000
0.000000
0.000000
0.000000
0.000000
0.000017
0.000000
0.000000
0.000000
0.000000
0.000000
0.000000
0.000137
0.000000
0.000000
0.000000
0.000000
0.000000
0.000000
0.000596
0.010937
0.000000
0.000000
0.000000
0.000000
0.000000
0.038308
0.000151
0.041319
0.000000
0.000000
0.000000
0.000490
0.030632
0.000000
0.000170
0.000355
0.000000
0.000000
0.000000
0.004675
0.000000
0.000000
0.000000
0.001488
0.001837
0.000952
0.000000
0.000000
0.000000
0.000000
0.000000
0.000000
0.000000
0.111283
0.000000
0.000000
0.000000
0.000000
0.000000
0.000000
0.000000
0.000000
0.000000
0.000069
0.000000
0.003638
0.000476
0.000000
0.000000
0.000000
0.000049
0.000000
0.017538
0.000000
0.000000
0.000000
0.000000
0.000009
0.004433
0.000035
0.000000
0.000000
0.000089
0.000000
0.000000
0.000000
0.002815
0.000000
0.000000
0.000000
0.000004
0.000000
0.000000
0.000070
0.000000
0.000000
0.000000
0.000000
0.000000
0.000000
0.000000
0.000000
0.130170
0.000000
0.000000
0.000096
0.000000
0.000000
0.000000
0.000000
0.000000
0.000000
0.083436
0.000000
0.000000
0.000000
0.000092
0.000000
0.000000
0.000000
0.000000
0.006902
0.006365
0.000000
0.000000
0.027063
0.000000
0.000000
0.003489
0.000000
0.000000
0.066064
0.000000
0.000000
0.000000
0.000000
0.000000
0.000000
0.000000
0.000000
0.000000
0.000000
0.000000
0.002566
0.000000
0.000000
0.000000
0.000000
0.000000
0.000000
0.000000
0.000000
0.000000
0.001017
0.000000
0.000000
0.000000
0.000000
0.000000
0.000000
0.000000
0.468347
0.238266
0.000018
0.000000
0.000000
0.000000
0.000000
0.000000
0.000000
0.000000
0.000000
0.000000
0.000000
0.000000
0.000000
0.000000
0.000000
0.000000
0.000000
0.000007
0.000000
0.000000
0.000000
0.000000
0.000000
0.000000
0.000000
0.001555
0.000000
0.094984
0.000000
0.000000
0.068268
0.009270
0.000000
0.049473
0.000000
0.000000
0.000000
0.000000
0.000259
0.001016
0.000000
0.000000
0.000000
0.000000
0.000000
0.060030
0.000000
0.000000
0.024145
0.001385
0.000000
0.000000
0.014795
0.009522
0.000000
0.000620
0.000000
0.000000
0.000000
0.000000
0.000000
0.000000
0.000000
0.000000
0.000003
0.000000
0.000000
0.000000
0.000598
0.000000
0.000000
0.000000
0.000000
0.000000
0.010638
0.050603
0.000000
0.014121
0.000001
0.000167
0.000000
0.000000
0.000000
0.000000
0.000000
0.000000
0.000000
0.003249
0.000000
0.000000
0.000000
0.009800
0.000000
0.000030
0.000000
0.000000
0.000000
0.000000
0.000000
0.000000
0.000000
0.000000
0.000000
0.000000
0.000000
0.000000
0.000000
0.000000
0.000000
0.000000
0.006185
0.008563
0.834767
0.000866
0.000000
0.000000
0.000000
0.000000
0.000000
0.000000
0.000000
0.000000
0.000003
0.000000
0.000000
0.000000
0.000000
0.457734
0.102181
0.044467
0.000000
0.000006
0.000000
0.000000
0.000000
0.000000
0.000000
0.000000
0.021398
0.000000
0.000000
0.000000
0.000000
0.000000
0.169477
0.000000
0.000000
0.051889
0.000000
0.000000
0.000000
0.000001
0.066611
0.000000
0.000000
0.000000
0.000016
0.000000
0.000000
0.000000
0.000000
0.000000
0.000000
0.000000
0.000000
0.020176
0.000000
0.006776
0.000000
0.004323
0.000000
0.000000
0.000000
0.000128
0.033777
0.000000
0.000061
0.000355
0.000000
0.000000
0.000000
0.000000
0.000006
0.000000
0.000000
0.000933
0.000350
0.000000
0.000000
0.001455
0.000205
0.000000
0.000000
0.000000
0.000673
0.000000
0.000000
0.048530
0.000000
0.000000
0.000000
0.000000
0.000000
0.002613
0.000000
0.000000
0.000000
0.015573
0.000000
0.000000
0.000000
0.000000
0.000000
0.000000
0.193290
0.012216
0.000000
0.000000
0.000000
0.000000
0.000000
0.000000
0.000000
0.000000
0.000002
0.000000
0.000000
0.041981
0.001348
0.000000
0.000000
0.000000
0.000000
0.000000
0.000000
0.000000
0.198990
0.000000
0.000000
0.000000
0.000000
0.000027
0.000000
0.000000
0.000000
0.000116
0.756993
0.035271
0.000000
0.000000
0.000000
0.000000
0.000000
0.000000
0.000000
0.022594
0.027540
0.000000
0.000174
0.000000
0.000000
0.000000
0.000000
0.000000
0.000000
0.000000
0.012323
0.000000
0.000000
0.000000
0.000000
0.000011
0.000000
0.000000
0.000000
0.000000
0.000017
0.000000
0.000000
0.000000
0.000006
0.000000
0.000000
0.000000
0.000000
0.000000
0.042440
0.000000
0.000000
0.000000
0.000215
0.000000
0.241569
0.000000
0.000000
0.000000
0.000000
0.281889
0.000000
0.000000
0.000000
0.000000
0.000000
0.000000
0.001455
0.000000
0.000000
0.000000
0.000024
0.000000
0.000000
0.000000
0.000000
0.015571
0.000000
0.000000
0.000000
0.000000
0.000026
0.012216
0.000000
0.000000
0.000000
0.076739
0.000000
0.000000
0.000000
0.000000
0.000000
0.000000
0.000000
0.000000
0.000000
0.000000
0.000428
0.000000
0.000000
0.000442
0.000762
0.000000
0.000000
0.000029
0.000000
0.000000
0.049224
0.000651
0.000000
0.000000
0.001488
0.003259
0.000507
0.000000
0.000000
0.000000
0.000000
0.000000
0.000000
0.000000
0.000000
0.000000
0.000000
0.055772
0.000000
0.000000
0.000000
0.000311
0.000000
0.001452
0.000000
0.000252
0.000000
0.608026
0.000000
0.005164
0.000000
0.063254
0.000000
0.000000
0.001250
0.000000
0.000000
0.000000
0.000000
0.000000
0.000061
0.000000
0.000000
0.085817
0.000000
0.000311
0.004338
0.000000
0.000000
0.000000
0.004755
0.000125
0.150006
0.001436
0.000000
0.000000
0.159460
0.000000
0.073608
0.113959
0.000441
0.000192
0.000000
0.000000
0.000004
0.000000
0.000000
0.000000
0.190322
0.000000
0.000000
0.000000
0.000000
0.000000
0.000725
0.000000
0.000490
0.000000
0.000000
0.000000
0.000000
0.513745
0.000000
0.000000
0.000000
0.000000
0.000001
0.000000
0.000000
0.000000
0.000000
0.011507
0.000000
0.000000
0.000000
0.003902
0.037417
0.000000
0.003295
0.314817
0.000000
0.000000
0.000000
0.002357
0.000000
0.000021
0.008414
0.000000
0.000000
0.000000
0.000000
0.003176
0.000000
0.000000
0.000000
0.000000
0.000000
0.000000
0.000000
0.000000
0.000000
0.000000
0.000000
0.000000
0.000000
0.000898
0.000000
0.000009
0.000000
0.000155
0.000128
0.000000
0.000000
0.244751
0.000000
0.000000
0.000000
0.000000
0.000000
0.000000
0.002608
0.012291
0.000000
0.000000
0.000000
0.026002
0.025024
0.000000
0.624866
0.022647
0.000000
0.000000
0.000000
0.000000
0.000919
0.000000
0.000000
0.000000
0.000000
0.000037
0.000000
0.000000
0.000000
0.000182
0.000000
0.070455
0.067444
0.000000
0.000000
0.000000
0.000000
0.003733
0.000000
0.000000
0.014561
0.039789
0.028012
0.000016
0.069612
0.643088
0.000000
0.000000
0.102617
0.005247
0.000000
0.008853
0.000000
0.000000
0.000000
0.000000
0.000000
0.003384
0.000000
0.007708
0.011804
0.000000
0.028567
0.000000
0.000000
0.000000
0.000000
0.000000
0.000000
0.000000
0.000000
0.000000
0.000000
0.000054
0.000000
0.000000
0.000000
0.001428
0.000000
0.513673
0.000000
0.000000
0.000000
0.000000
0.000000
0.864249
0.000000
0.000000
0.000000
0.000001
0.000001
0.000000
0.000000
0.000000
0.000000
0.000000
0.000000
0.000000
0.000000
0.000000
0.000293
0.000000
0.000000
0.000000
0.000000
0.000000
0.000000
0.000000
0.002135
0.000000
0.000000
0.000000
0.013458
0.036977
0.000000
0.001166
0.000000
0.003600
0.000000
0.000000
0.000000
0.000000
0.000000
0.000000
0.000000
0.000000
0.000000
0.000000
0.116181
0.000000
0.000000
0.000000
0.000000
0.000000
0.000000
0.000000
0.000000
0.557361
0.000000
0.000000
0.000000
0.000156
0.000000
0.000000
0.000000
0.000000
0.000000
0.083424
0.000048
0.000000
0.000000
0.000000
0.000004
0.000000
0.310426
0.000000
0.000000
0.000000
0.000000
0.000000
0.294566
0.000000
0.000000
0.000000
0.000000
0.000000
0.000000
0.001523
0.000000
0.000000
0.000000
0.315886
0.000000
0.000000
0.000000
0.000000
0.000199
0.148313
0.112332
0.000000
0.000000
0.000000
0.000000
0.000000
0.000000
0.000000
0.004727
0.000000
0.000000
0.000000
0.253609
0.000000
0.000000
0.000000
0.057435
0.165459
0.000000
0.000000
0.006923
0.000000
0.000000
0.000000
0.000000
0.000000
0.000000
0.005731
0.000000
0.000000
0.000000
0.077627
0.000000
0.000000
0.000000
0.000000
0.000211
0.000000
0.000000
0.000000
0.000000
0.117183
0.000000
0.000000
0.000000
0.000001
0.000000
0.000000
0.000000
0.000000
0.000000
0.000020
0.000000
0.000000
0.000000
0.000000
0.000000
0.000000
0.055057
0.000034
0.000000
0.000000
0.000000
0.000000
0.047350
0.000000
0.000318
0.518958
0.000000
0.000000
0.053772
0.000000
0.000000
0.000000
0.000000
0.000000
0.000000
0.000000
0.000000
0.000000
0.000083
0.000715
0.000000
0.000000
0.000012
0.000000
0.000000
0.000000
0.000000
0.000000
0.000000
0.000000
0.000000
0.000000
0.000000
0.155070
0.000000
0.000000
0.006575
0.000000
0.000000
0.000000
0.005484
0.000000
0.000000
0.767045
0.000017
0.000000
0.000000
0.000000
0.000000
0.000000
0.000000
0.000000
0.000000
0.020011
0.000000
0.000624
0.017836
0.000000
0.000000
0.000028
0.000245
0.000000
0.000000
0.000000
0.000000
0.000000
0.000000
0.003913
0.000000
0.000000
0.000000
0.000000
0.045829
0.000000
0.002367
0.000000
0.000000
0.182872
0.024497
0.000000
0.506975
0.000000
0.000000
0.000000
0.000000
0.000000
0.000000
0.000300
0.002265
0.991702
0.000000
0.000000
0.000000
0.000000
0.000000
0.000000
0.000000
0.000000
0.014017
0.000456
0.000000
0.000000
0.000000
0.000737
0.000155
0.000000
0.040024
0.000000
0.000000
0.096590
0.000000
0.005263
0.000000
0.000000
0.000000
0.002766
0.000000
0.000000
0.001100
0.016200
0.000000
0.000000
0.000000
0.017117
0.000000
0.000000
0.000000
0.062372
0.000000
0.000000
0.000000
0.000000
0.000000
0.000000
0.000000
0.000118
0.000000
0.000000
0.000000
0.000000
0.000000
0.000000
0.000000
0.000000
0.000000
0.000000
0.135580
0.000000
0.000000
0.000000
0.000465
0.008923
0.000000
0.000000
0.000000
0.013531
0.000000
0.000000
0.657810
0.000000
0.000000
0.000000
0.000000
0.000000
0.000000
0.000000
0.000000
0.000000
0.000000
0.185262
0.000000
0.000032
0.000000
0.000000
0.000000
0.000000
0.000000
0.039913
0.000000
0.000000
0.116119
0.000000
0.002727
0.071844
0.000000
0.000000
0.000000
0.000000
0.000000
0.009416
0.000000
0.000000
0.000000
0.000000
0.000074
0.000000
0.000000
0.001705
0.000000
0.000000
0.000000
0.000000
0.000000
0.194139
0.000000
0.000000
0.000000
0.000000
0.000014
0.000000
0.000175
0.000000
0.000000
0.000000
0.000000
0.000000
0.000000
0.000000
0.000000
0.000000
0.000000
0.000000
0.000000
0.017191
0.080421
0.000000
0.046481
0.000000
0.000000
0.000000
0.082589
0.000000
0.100924
0.000000
0.000000
0.000000
0.000000
0.000000
0.000000
0.000000
0.000886
0.001419
0.000000
0.000000
0.000000
0.000000
0.000000
0.000000
0.000000
0.000000
0.000694
0.000000
0.006038
0.000000
0.000000
0.000000
0.000000
0.000000
0.000000
0.060525
0.000000
0.000000
0.000569
0.000000
0.000000
0.000000
0.001998
0.000000
0.000000
0.000000
0.000000
0.000000
0.000000
0.000000
0.021016
0.000000
0.000000
0.000000
0.002006
0.001810
0.000000
0.000090
0.000000
0.000000
0.000000
0.003838
0.012850
0.000000
0.000379
0.000000
0.000343
0.000000
0.000000
0.161730
0.000000
0.000000
0.000660
0.000000
0.000000
0.000000
0.000000
0.000000
0.000000
0.000001
0.000000
0.000000
0.001357
0.000000
0.000000
0.000000
0.000008
0.000000
0.004095
0.000000
0.000000
0.000013
0.000040
0.000000
0.000008
0.000000
0.000000
0.011143
0.000000
0.000000
0.000000
0.000000
0.000000
0.000000
0.007177
0.000000
0.009230
0.000000
0.012652
0.000000
0.474427
0.000000
0.021110
0.000000
0.000000
0.006447
0.000000
0.000000
0.000000
0.008858
0.000020
0.000000
0.159815
0.000000
0.000000
0.000000
0.000000
0.000000
0.000000
0.031860
0.282299
0.096345
0.000000
0.001428
0.000000
0.009906
0.000000
0.000000
0.000000
0.000019
0.000000
0.000000
0.000000
0.000017
0.000223
0.000224
0.016210
0.000000
0.000871
0.000000
0.000059
0.056339
0.000000
0.000000
0.000000
0.000138
0.000046
0.000000
0.000000
0.000002
0.077572
0.000000
0.000000
0.000012
0.000000
0.000000
0.003015
0.000000
0.000000
0.000000
0.000000
0.000000
0.000000
0.000000
0.000000
0.000000
0.013957
0.000000
0.000000
0.000000
0.000000
0.001430
0.013061
0.000000
0.000000
0.000158
0.130335
0.000000
0.000000
0.000183
0.000000
0.000000
0.000000
0.000000
0.026589
0.000000
0.063744
0.000000
0.000000
0.000000
0.296433
0.000000
0.000000
0.311025
0.000000
0.000000
0.062314
0.000000
0.000541
0.000000
0.010895
0.000000
0.000000
0.000000
0.000000
0.000000
0.000000
0.000000
0.126617
0.000000
0.191495
0.000000
0.000000
0.000000
0.104284
0.000554
0.000000
0.000000
0.000000
0.045461
0.000000
0.000013
0.000000
0.086207
0.000000
0.000000
0.000000
0.000000
0.000000
0.502516
0.000000
0.000000
0.000000
0.000000
0.000053
0.000000
0.001974
0.000000
0.000000
0.000000
0.000000
0.000000
0.000000
0.002247
0.000000
0.000618
0.000000
0.000000
0.000000
0.000022
0.000000
0.000000
0.006087
0.000004
0.000000
0.000000
0.000000
0.000000
0.000049
0.002936
0.000000
0.000000
0.000000
0.000000
0.000000
0.000000
0.000000
0.000090
0.000000
0.000021
0.000000
0.000000
0.000000
0.000142
0.000000
0.000206
0.000000
0.000000
0.000000
0.000000
0.019636
0.000000
0.013464
0.183767
0.000001
0.000117
0.002766
0.001342
0.000000
0.000000
0.000000
0.000845
0.000000
0.000034
0.000000
0.050619
0.001252
0.000000
0.000000
0.000000
0.006771
0.000000
0.000000
0.023881
0.000000
0.000000
0.023949
0.000000
0.000000
0.000000
0.000000
0.000000
0.000000
0.000000
0.000000
0.000000
0.000000
0.000000
1.000000
0.000000
0.000000
0.000000
0.003653
0.002247
0.000006
0.022766
0.000000
0.000121
0.000000
0.000000
0.000000
0.000000
0.063170
0.000000
0.001540
0.005704
0.001189
0.000000
0.000000
0.000000
0.200356
0.000000
0.007965
0.000000
0.000000
0.000065
0.000000
0.000000
0.000490
0.000000
0.000000
0.000000
0.018094
0.014080
0.292214
0.000000
0.000000
0.000002
0.000000
0.000003
0.000000
0.000000
0.018634
0.000000
0.000000
0.000000
0.000000
0.154220
0.000000
0.000000
0.000000
0.000000
0.000608
0.020802
0.000159
0.000000
0.000000
0.000000
0.000000
0.000000
0.000000
0.000000
0.000000
0.000000
0.000000
0.000000
0.000000
0.000297
0.000000
0.000000
0.002058
0.000000
0.000016
0.000000
0.000000
0.000080
0.319695
0.000000
0.000000
0.000000
0.000000
0.010789
0.006436
0.000000
0.000000
0.000000
0.000000
0.000000
0.000000
0.000000
0.000000
0.000000
0.000000
0.000000
0.000000
0.000000
0.005436
0.018252
0.000000
0.000000
0.000001
0.000000
0.000000
0.000000
0.000000
0.000000
0.000000
0.000000
0.000000
0.000000
0.000000
0.000000
0.000000
0.000000
0.000000
0.287064
0.009002
0.000000
0.000000
0.027851
0.000000
0.000000
0.005484
0.014315
0.000000
0.000000
0.000000
0.000000
0.000000
0.000000
0.000000
0.005124
0.000000
0.161652
0.000000
0.000000
0.000000
0.024382
0.000000
0.000000
0.000000
0.000000
0.000000
0.000000
0.383868
0.000000
0.000000
0.000000
0.036973
0.000761
0.000000
0.000000
0.059017
0.000000
0.000000
0.000000
0.024457
0.000000
0.000000
0.000000
0.000000
0.000000
0.000000
0.000000
0.000000
0.000000
0.000000
0.239064
0.000000
0.184581
0.000000
0.000000
0.000000
0.000000
0.000000
0.000013
0.000000
0.000000
0.378839
0.000000
0.017092
0.000000
0.000000
0.000000
0.000000
0.000822
0.005205
0.000000
0.000000
0.000000
0.000000
0.000000
0.000000
0.001410
0.000000
0.000000
0.000000
0.000000
0.000000
0.001331
0.000000
0.000013
0.000013
0.000110
0.000000
0.000000
0.000000
0.000000
0.000000
0.000000
0.000000
0.000148
0.000000
0.224846
0.000000
0.000392
0.000000
0.027598
0.000742
0.000017
0.000000
0.000000
0.000205
0.000000
0.000000
0.073119
0.000000
0.000000
0.000000
0.511822
0.000000
0.000000
0.006455
0.000000
0.000000
0.000000
0.000000
0.000000
0.064427
0.000000
0.002691
0.000000
0.136441
0.000000
0.000053
0.004652
0.012833
0.000000
0.000109
0.000000
0.000000
0.000000
0.000000
0.000000
0.013792
0.000000
0.000000
0.001391
0.000000
0.000000
0.001794
0.000000
0.004965
0.000000
0.000000
0.000938
0.000000
0.000000
0.000427
0.000000
0.232761
0.000000
0.026086
0.000001
0.000000
0.040529
0.000000
0.000000
0.000000
0.000000
0.000000
0.000000
0.000000
0.000000
0.000000
0.000760
0.000133
0.000034
0.000000
0.000000
0.000000
0.000000
0.000342
0.000000
0.000000
0.000000
0.000000
0.000000
0.000000
0.000000
0.000000
0.000000
0.000000
0.000000
0.000000
0.000000
0.000000
0.000000
0.000000
0.000000
0.000000
0.000000
0.000000
0.000000
0.000000
0.000000
0.000000
0.000000
0.000000
0.000000
0.000002
0.000000
0.000000
0.000000
0.000000
0.000000
0.535638
0.000000
0.000000
0.002161
0.000000
0.078133
0.003952
0.000030
0.062625
0.000000
0.000000
0.000000
0.000000
0.000001
0.000000
0.000000
0.000000
0.000000
0.000373
0.000000
0.000002
0.010167
0.052267
0.000000
0.000000
0.000002
0.000000
0.000000
0.000000
0.000000
0.000000
0.000000
0.000076
0.000000
0.000000
0.000000
0.000000
0.000000
0.001843
0.000000
0.000000
0.000000
0.000000
0.628912
0.000000
0.000000
0.000000
0.000184
0.000000
0.007880
0.000026
0.000000
0.134175
0.000000
0.000000
0.000019
0.000000
0.191651
0.000000
0.101102
0.000000
0.207254
0.000000
0.000000
0.003260
0.020241
0.008549
0.000000
0.012343
0.000000
0.086375
0.000000
0.000001
0.078539
0.000000
0.071536
0.000000
0.000000
0.001457
0.000000
0.000000
0.000000
0.005092
0.000004
0.000000
0.075902
0.000000
0.000000
0.000000
0.000000
0.000000
0.000000
0.000000
0.000000
0.000000
0.000000
0.000000
0.000000
0.000000
0.000012
0.009847
0.000000
0.000000
0.000000
0.000000
0.000000
0.000000
0.000000
0.000900
0.000003
0.000000
0.000038
0.000000
0.000000
0.000000
0.088237
0.000000
0.001311
0.000000
0.000000
0.000000
0.000000
0.000000
0.000000
0.000000
0.000000
0.001252
0.000000
0.000000
0.000000
0.000000
0.000000
0.000000
0.000000
0.000000
0.000000
0.000000
0.000000
0.000090
0.015024
0.008798
0.000000
0.000000
0.000000
0.012954
0.000051
0.054124
0.000000
0.000000
0.000000
0.000000
0.000000
0.000000
0.000000
0.000000
0.000000
0.140947
0.723392
0.003785
0.398493
0.000000
0.005186
0.000000
0.000000
0.000000
0.000004
0.000000
0.003713
0.000000
0.000789
0.001497
0.000846
0.000000
0.053363
0.000000
0.008955
0.002765
0.000000
0.000000
0.000000
0.000001
0.000000
0.012499
0.001398
0.000000
0.000000
0.000000
0.007551
0.000212
0.000000
0.000000
0.000000
0.000000
0.000000
0.000000
0.000000
0.043525
0.000000
0.069760
0.000000
0.000000
0.000000
0.000000
0.000000
0.065973
0.000000
0.081368
0.000000
0.000000
0.000000
0.000007
0.000000
0.000000
0.000000
0.000000
0.000000
0.000000
0.000000
0.000000
0.037450
0.000000
0.000000
0.000070
0.000000
0.000000
0.000429
0.000000
0.000000
0.000000
0.000000
0.000000
0.000000
0.000000
0.000000
0.000000
0.000000
0.000000
0.000000
0.000000
0.000000
0.000000
0.000000
0.000000
0.000000
0.000000
0.000000
0.000000
0.000000
0.000000
0.000000
0.000000
0.000000
0.000000
0.000000
0.000000
0.000000
0.000000
0.000780
0.000000
0.000000
0.000000
0.349533
0.000000
0.000000
0.000000
0.001108
0.000005
0.000000
0.000000
0.208099
0.153743
0.000000
0.000000
0.000000
0.000051
0.000000
0.000000
0.000000
0.000000
0.000000
0.000000
0.000000
0.001755
0.000000
0.000000
0.000000
0.000000
0.000000
0.017484
0.000000
0.060829
0.000488
0.000000
0.000000
0.000000
0.000000
0.000000
0.000000
0.000000
0.000000
0.025376
0.000000
0.000000
0.000000
0.000000
0.000000
0.000000
0.035893
0.000000
0.000000
0.014924
0.000032
0.001643
0.000090
0.000000
0.000000
0.004211
0.009515
0.000000
0.000000
0.009728
0.000000
0.000000
0.005468
0.049799
0.004326
0.000000
0.000000
0.000000
0.000000
0.000061
0.000000
0.000000
0.000000
0.076237
0.000000
0.000334
0.000000
0.005209
0.000000
0.000000
0.000000
0.000000
0.000000
0.000000
0.000000
0.066449
0.000000
0.000000
0.000000
0.005960
0.000000
0.000000
0.000000
0.000000
0.000002
0.000000
0.718336
0.000000
0.000000
0.000000
0.000000
0.000000
0.000000
0.698308
0.008977
0.000000
0.000000
0.000438
0.000000
0.000000
0.000000
0.000000
0.000000
0.000000
0.000000
0.000000
0.000366
0.001187
0.000001
0.000000
0.000172
0.000000
0.003029
0.000000
0.396328
0.000000
0.000000
0.000371
0.000000
0.000000
0.000000
0.000000
0.000000
0.000000
0.000000
0.000000
0.000000
0.000000
0.000000
0.000000
0.000000
0.000000
0.000000
0.717410
0.050983
0.000394
0.000000
0.000000
0.000000
0.000000
0.000072
0.010716
0.007075
0.000000
0.000870
0.000000
0.025993
0.000000
0.000000
0.000000
0.000744
0.000000
0.000000
0.000000
0.075119
0.000000
0.000758
0.000000
0.000000
0.000000
0.000000
0.000000
0.000000
0.000000
0.000000
0.000000
0.000000
0.000000
0.000000
0.000000
0.000000
0.000003
0.000000
0.006652
0.126777
0.000000
0.000000
0.022174
0.000000
0.000000
0.000000
0.088817
0.000301
0.000000
0.000000
0.000000
0.000000
0.000000
0.002406
0.001310
0.119262
0.000000
0.000000
0.000000
0.000000
0.000000
0.000000
0.000000
0.000000
0.000000
0.997900
0.009133
0.000000
0.000000
0.000000
0.000000
0.000000
0.000000
0.000000
0.000000
0.000008
0.000000
0.000000
0.000000
0.000000
0.000000
0.000000
0.000000
0.000000
0.000000
0.038376
0.000000
0.000000
0.000000
0.000000
0.000000
0.251453
0.002822
0.000000
0.000210
0.000000
0.000000
0.000000
0.000000
0.000000
0.000000
0.248028
0.000000
0.000000
0.000000
0.000000
0.000000
0.000000
0.000000
0.116352
0.000019
0.000000
0.000000
0.000000
0.001097
0.000000
0.000000
0.000000
0.000000
0.002804
0.000000
0.000000
0.000000
0.000000
0.000000
0.000000
0.000000
0.000000
0.000062
0.000000
0.071968
0.000000
0.000000
0.000000
0.000000
0.000000
0.000266
0.000000
0.000000
0.000000
0.020361
0.038056
0.000000
0.003702
0.000000
0.000000
0.000000
0.000053
0.111774
0.000000
0.000000
0.000000
0.000000
0.000000
0.000000
0.000000
0.000000
0.000000
0.000000
0.039776
0.000000
0.163306
0.000000
0.000000
0.000237
0.000000
0.000000
0.000000
0.000000
0.000000
0.000000
0.000000
0.000000
0.001506
0.039973
0.000000
0.000000
0.000000
0.000000
0.000000
0.000000
0.000000
0.000000
0.006517
0.000000
0.001399
0.000000
0.000000
0.000000
0.000000
0.000000
0.000000
0.000000
0.000000
0.000000
0.000000
0.005877
0.000000
0.000000
0.000000
0.000000
0.000000
0.000000
0.000000
0.000000
0.000000
0.000000
0.049577
0.000000
0.000000
0.492995
0.000000
0.000000
0.000000
0.000000
0.159426
0.000000
0.000000
0.000226
0.000000
0.000000
0.000000
0.000000
0.000000
0.000000
0.001112
0.000000
0.000000
0.000161
0.000000
0.003269
0.000000
0.744029
0.711630
0.000000
0.000000
0.000000
0.000000
0.000000
0.000000
0.000000
0.000000
0.000000
0.000523
0.000464
0.000000
0.000000
0.000003
0.000000
0.000000
0.000000
0.000497
0.000000
0.000000
0.000000
0.000000
0.002113
0.000000
0.000000
0.000000
0.000432
0.000000
0.000000
0.000000
0.000191
0.095561
0.000000
0.000000
0.000000
0.003227
0.000000
0.000000
0.000000
0.000000
0.390863
0.000000
0.000000
0.000000
0.000000
0.000000
0.000000
0.006246
0.000000
0.006189
0.000000
0.000000
0.000000
0.000000
0.000000
0.000000
0.000000
0.000000
0.000000
0.162274
0.000002
0.000000
0.000000
0.000000
0.195948
0.000027
0.001724
0.000002
0.000000
0.000000
0.000000
0.000000
0.379836
0.000000
0.000000
0.000000
0.000020
0.000000
0.000013
0.000000
0.000000
0.000000
0.000000
0.054582
0.000000
0.000000
0.000000
0.001535
0.000000
0.000000
0.000000
0.000000
0.000000
0.000000
0.000000
0.000000
0.256413
0.000000
0.000000
0.000000
0.000134
0.347732
0.000000
0.000000
0.000000
0.000000
0.000000
0.000000
0.000000
0.000000
0.000000
0.056470
0.000000
0.065854
0.000000
0.000000
0.000000
0.000000
0.000000
0.000000
0.000000
0.001473
0.000454
0.000000
0.000000
0.000142
0.000000
0.000000
0.000018
0.000086
0.000000
0.000000
0.000000
0.000000
0.000000
0.000000
0.000000
0.312003
0.000000
0.000000
0.000000
0.018210
0.144483
0.000000
0.000000
0.000000
0.029560
0.000000
0.000572
0.000000
0.000044
0.000000
0.000004
0.000000
0.000000
0.000142
0.000000
0.000044
0.000000
0.000000
0.000408
0.001091
0.000000
0.000000
0.000000
0.000000
0.000000
0.000000
0.015215
0.000000
0.000000
0.000000
0.000000
0.000000
0.000000
0.000000
0.021822
0.000000
0.000155
0.000000
0.000000
0.000000
0.000250
0.000000
0.000000
0.000000
0.000000
0.000000
0.000000
0.000000
0.000000
0.000000
0.000000
0.000000
0.000095
0.000000
0.000000
0.000000
0.000000
0.004183
0.000000
0.000000
0.000000
0.003326
0.000000
0.001268
0.000000
0.000000
0.000000
0.000000
0.000000
0.003905
0.000000
0.000000
0.000000
0.000000
0.000000
0.000000
0.029269
0.000000
0.002875
0.000000
0.000000
0.000000
0.000000
0.000000
0.000000
0.000000
0.000000
0.000000
0.000000
0.005069
0.000000
0.000000
0.000000
0.000000
0.000000
0.000000
0.000000
0.000000
0.000000
0.000011
0.000000
0.197379
0.000000
0.000000
0.000000
0.000000
0.000000
0.000000
0.000000
0.000000
0.013494
0.000000
0.000375
0.000000
0.075406
0.000000
0.436153
0.000000
0.000000
0.354181
0.000000
0.000000
0.000053
0.002281
0.000000
0.000000
0.000000
0.000000
0.009622
0.000000
0.000000
0.152674
0.000000
0.000000
0.000000
0.000000
0.000000
0.000000
0.000000
0.016194
0.000383
0.000000
0.000000
0.010038
0.000000
0.000000
0.000000
0.000000
0.000000
0.000000
0.000000
0.000000
0.147628
0.000000
0.000000
0.000045
0.000000
0.000000
0.000000
0.000000
0.000000
0.000000
0.000000
0.047660
0.000000
0.000000
0.054443
0.000000
0.000000
0.017851
0.003279
0.000000
0.000000
0.000000
0.006162
0.000000
0.000000
0.000000
0.054922
0.000005
0.000000
0.000008
0.000096
0.000000
0.005102
0.000000
0.000000
0.000000
0.000000
0.000000
0.000000
0.000000
0.000000
0.000000
0.000000
0.000000
0.000000
0.000000
0.000000
0.000084
0.000000
0.000000
0.000000
0.000000
0.129381
0.000000
0.000000
0.000000
0.006709
0.000000
0.000000
0.070874
0.000000
0.002595
0.092398
0.000000
0.000000
0.000000
0.000000
0.000163
0.018582
0.000000
0.000000
0.066442
0.000000
0.000000
0.000000
0.000000
0.000000
0.041705
0.000000
0.000000
0.000098
0.000000
0.000012
0.000000
0.000000
0.000000
0.000005
0.000000
0.000000
0.000000
0.000000
0.051421
0.000212
0.001230
0.000000
0.000000
0.000000
0.000000
0.371041
0.000000
0.000000
0.000000
0.031081
0.000000
0.000009
0.000636
0.000000
0.000209
0.000000
0.000000
0.000000
0.013324
0.000000
0.000021
0.000000
0.000000
0.000000
0.040021
0.000000
0.000000
0.000000
0.000000
0.000000
0.000000
0.000054
0.000000
0.000000
0.000000
0.000000
0.000000
0.000000
0.000000
0.000000
0.000000
0.000000
0.000000
0.000000
0.000000
0.002503
0.000000
0.000000
0.000000
0.000000
0.000000
0.000000
0.000000
0.000000
0.000000
0.000000
0.000000
0.000000
0.000000
0.000000
0.000000
0.000000
0.000000
0.000000
0.000000
0.000000
0.001191
0.016883
0.000146
0.019032
0.000000
0.000000
0.157676
0.000000
0.000000
0.000000
0.000000
0.000000
0.000000
0.000000
0.000018
0.000000
0.000000
0.000000
0.000000
0.000011
0.000000
0.000000
0.000000
0.149474
0.000012
0.050839
0.037841
0.000000
0.000000
0.000000
0.000094
0.000000
0.000000
0.032506
0.000000
0.000000
0.000000
0.000000
0.000000
0.000000
0.000000
0.007173
0.000000
0.124746
0.445456
0.000000
0.025109
0.000000
0.000000
0.000214
0.000000
0.000000
0.000000
0.000000
0.000000
0.000000
0.000023
0.000000
0.000000
0.000564
0.000000
0.000000
0.000000
0.000000
0.000000
0.000000
0.000000
0.000000
0.000000
0.000000
0.000026
0.000000
0.000000
0.003679
0.065711
0.000000
0.000000
0.000000
0.000000
0.000000
0.000000
0.048845
0.000000
0.000000
0.000000
0.000000
0.000000
0.000000
0.028770
0.000000
0.000000
0.000028
0.000000
0.000000
0.000000
0.000000
0.000000
0.000246
0.000000
0.000149
0.791795
0.000000
0.000000
0.000499
0.000378
0.000000
0.020656
0.000000
0.000000
0.000000
0.000000
0.000000
0.000000
0.130305
0.000000
0.000000
0.000000
0.124731
0.000000
0.000000
0.000000
0.000000
0.000054
0.000000
0.000000
0.000000
0.000000
0.000000
0.000000
0.000000
0.000000
0.000000
0.000000
0.227012
0.006044
0.000000
0.000240
0.000258
0.000000
0.000268
0.000000
0.000000
0.000000
0.000000
0.000000
0.000000
0.000000
0.000000
0.000000
0.032054
0.000000
0.258406
0.000000
0.094339
0.001505
0.000000
0.000000
0.000000
0.000000
0.019324
0.000071
0.000807
0.000000
0.000000
0.000000
0.000915
0.000000
0.000000
0.000000
0.000000
0.000000
0.000000
0.000000
0.000000
0.000000
0.094308
0.000000
0.000000
0.000000
0.000000
0.075286
0.000006
0.007545
0.000000
0.000003
0.000000
0.000000
0.000000
0.001685
0.000000
0.000029
0.000000
0.002255
0.470006
0.000000
0.000000
0.166236
0.000000
0.000000
0.178165
0.000843
0.000000
0.000234
0.208311
0.000000
0.110446
0.000000
0.000000
0.000000
0.000000
0.000000
0.000000
0.000000
0.000000
0.000000
0.000000
0.086294
0.006377
0.000000
0.000000
0.000740
0.000000
0.000000
0.000000
0.000000
0.000000
0.000000
0.000000
0.000013
0.000000
0.000000
0.000000
0.000000
0.000000
0.000000
0.000000
0.000000
0.000000
0.000000
0.029136
0.042529
0.000000
0.000000
0.000086
0.000000
0.000000
0.078325
0.001492
0.074952
0.000000
0.108619
0.000000
0.000000
0.000000
0.000000
0.000000
0.004940
0.000000
0.000000
0.000000
0.000000
0.000000
0.000000
0.000000
0.000000
0.000531
0.170709
0.000000
0.000000
0.000000
0.000000
0.000000
0.000000
0.006715
0.000000
0.000000
0.000000
0.000000
0.000204
0.000000
0.000000
0.000000
0.000000
0.000000
0.000000
0.000000
0.000000
0.000000
0.000000
0.000000
0.599506
0.016212
0.000000
0.000000
0.000000
0.000000
0.000001
0.000000
0.000000
0.000000
0.000000
0.000002
0.000000
0.000000
0.000000
0.000000
0.000000
0.000000
0.000000
0.000000
0.001062
0.000000
0.365810
0.000000
0.000000
0.000000
0.000000
0.000000
0.000000
0.000000
0.738593
0.000000
0.000000
0.000000
0.000000
0.000000
0.000000
0.000000
0.000000
0.000000
0.094464
0.648761
0.000000
0.000013
0.000001
0.001058
0.000000
0.000000
0.000000
0.005476
0.000000
0.000000
0.000000
0.000000
0.000000
0.000011
0.024912
0.000000
0.001068
0.000000
0.282668
0.000000
0.000000
0.000000
0.000000
0.000000
0.000000
0.000000
0.000000
0.002258
0.054179
0.002575
0.000000
0.000000
0.000000
0.000000
0.000000
0.000000
0.000002
0.000000
0.007102
0.000000
0.000000
0.000037
0.016286
0.000000
0.000000
0.028883
0.009547
0.000000
0.000000
0.000000
0.000119
0.000000
0.474496
0.000000
0.005382
0.000000
0.000000
0.000007
0.000000
0.009628
0.000004
0.000739
0.000000
0.000000
0.000000
0.000000
0.021883
0.000000
0.000000
0.000000
0.000000
0.000000
0.011933
0.000000
0.000000
0.000000
0.000000
0.000897
0.000000
0.000000
0.000000
0.000056
0.000000
0.000189
0.001049
0.322143
0.760918
0.000000
0.000000
0.000000
0.000000
0.000000
0.000000
0.000000
0.000000
0.000000
0.000392
0.000000
0.000000
0.000000
0.000000
0.000190
0.000000
0.097608
0.004232
0.000000
0.000000
0.000000
0.000000
0.000000
0.000000
0.000000
0.009319
0.000000
0.000000
0.000000
0.000000
0.000000
0.010542
0.000000
0.000000
0.000000
0.000000
0.000000
0.000000
0.000000
0.002065
0.000000
0.001608
0.000000
0.000138
0.000000
0.000000
0.000000
0.000049
0.000000
0.000000
0.003741
0.013932
0.000000
0.005298
0.000000
0.001637
0.000000
0.000000
0.003895
0.000000
0.000000
0.000000
0.000000
0.000000
0.000023
0.017199
0.000000
0.006977
0.000000
0.000000
0.000000
0.000000
0.001535
0.241538
0.003293
0.000200
0.000000
0.064381
0.000000
0.000423
0.000000
0.000008
0.000133
0.000000
0.000986
0.000000
0.000000
0.000000
0.000000
0.000000
0.000000
0.000971
0.000000
0.000000
0.000000
0.000000
0.000000
0.000000
0.010596
0.147085
0.000000
0.020527
0.244923
0.000000
0.000000
0.000000
0.000000
0.000000
0.000000
0.000000
0.000747
0.000000
0.000000
0.000000
0.000000
0.000000
0.000000
0.000000
0.000000
0.000000
0.000000
0.000000
0.000000
0.006875
0.000000
0.000000
0.000000
0.000000
0.742749
0.000000
0.000000
0.000000
0.000000
0.000000
0.000000
0.000027
0.000000
0.000000
0.002312
0.246872
0.193787
0.000000
0.000000
0.000000
0.056814
0.000000
0.000000
0.000000
0.741846
0.000000
0.000000
0.000000
0.000002
0.000000
0.000000
0.000000
0.000029
0.000000
0.000000
0.000000
0.000000
0.000000
0.000000
0.000000
0.000000
0.000000
0.000000
0.000000
0.072895
0.000000
0.554849
0.000045
0.000000
0.214564
0.000684
0.000892
0.000000
0.590628
0.000000
0.000000
0.000000
0.000000
0.000000
0.000000
0.000107
0.000000
0.000000
0.000000
0.000000
0.002671
0.000000
0.000000
0.000000
0.000000
0.000000
0.000000
0.000000
0.044159
0.000000
0.000000
0.000000
0.000000
0.000000
0.228499
0.000000
0.000000
0.000000
0.000000
0.000000
0.000000
0.000000
0.009426
0.002059
0.000000
0.000000
0.000000
0.000000
0.000002
0.000009
0.038812
0.000000
0.023596
0.000000
0.009512
0.050218
0.079005
0.000000
0.000000
0.000000
0.000000
0.024797
0.000000
0.000004
0.000000
0.000000
0.000000
0.000000
0.004315
0.000000
0.000000
0.000000
0.000000
0.000000
0.000000
0.000000
0.000000
0.001917
0.000000
0.000000
0.000000
0.067378
0.000000
0.000000
0.000000
0.000000
0.000000
0.000000
0.023013
0.000000
0.000000
0.000000
0.001658
0.000000
0.000000
0.000000
0.000000
0.008912
0.000000
0.000298
0.000000
0.000000
0.007016
0.000000
0.000000
0.000276
0.000000
0.000000
0.000000
0.000000
0.542607
0.000000
0.000000
0.000000
0.000000
0.000000
0.000000
0.000000
0.000000
0.000000
0.000290
0.000000
0.000000
0.000000
0.000100
0.000939
0.000000
0.000000
0.000097
0.000000
0.002949
0.007535
0.000000
0.034299
0.000000
0.000000
0.034975
0.000000
0.006241
0.000189
0.000006
0.004177
0.000298
0.021992
0.017807
0.000000
0.000196
0.000000
0.000000
0.000000
0.000000
0.000000
0.000000
0.000000
0.118243
0.000000
0.000000
0.000000
0.000235
0.000000
0.000000
0.015212
0.131822
0.000000
0.053520
0.000070
0.000000
0.000000
0.214227
0.000000
0.000000
0.000000
0.000000
0.000000
0.000000
0.000000
0.000140
0.000000
0.000000
0.000000
0.000000
0.000000
0.000000
0.000000
0.006031
0.003314
0.000000
0.000000
0.000000
0.000000
0.020795
0.000000
0.005145
0.000002
0.000000
0.000000
0.004143
0.000000
0.008853
0.000000
0.003937
0.000000
0.010851
0.000000
0.032125
0.183660
0.000101
0.000000
0.002021
0.014869
0.043196
0.000000
0.000000
0.004494
