0.000000
0.915644
0.000000
0.259569
0.000000
0.000000
0.464404
0.465626
0.004989
1.000000
0.000045
0.000151
0.000015
0.000000
0.031157
0.000000
0.000000
0.000001
0.000000
0.911482
0.000000
0.000000
0.362528
1.000000
0.021764
0.000000
0.092949
0.044055
0.000986
0.000385
0.000006
0.998098
0.000000
0.004262
0.012660
0.000000
0.000000
0.015433
0.259361
0.000000
0.000055
0.617542
0.722976
0.242819
0.000000
0.000000
0.000000
0.000000
0.000000
0.000000
0.000000
0.000000
0.996849
0.000000
1.000000
0.000000
0.995924
0.001045
1.000000
1.000000
0.115710
0.001104
0.000000
0.000000
0.265145
0.999975
0.233549
0.000000
0.000000
0.977723
0.999999
0.000000
0.670607
0.000000
0.000016
1.000000
0.009320
0.999990
0.000000
0.663334
0.000000
0.000000
0.000000
0.999448
0.000000
0.000005
0.000000
0.209715
0.000000
0.012033
0.000006
0.190321
0.999797
0.000000
0.358854
0.006791
0.000000
0.313684
0.928334
0.873304
0.008111
0.000000
0.028251
0.000872
0.000122
0.242351
0.000000
0.000015
0.300176
0.000000
0.046919
0.000000
1.000000
0.006508
0.022457
0.000000
0.000000
0.997758
0.002878
0.014172
0.007105
0.741028
0.000000
0.000000
0.250693
0.002875
0.000000
1.000000
0.048462
0.000000
0.002021
0.122796
0.000039
0.999991
0.999877
0.000000
0.636332
0.000000
0.000000
0.061667
0.000088
0.976868
1.000000
0.013456
0.120930
0.000000
0.083656
0.000000
0.036824
0.000000
0.000000
0.287160
1.000000
0.020927
0.000000
0.000000
0.032070
0.000000
0.000000
0.909675
0.000000
0.053092
0.952262
0.000000
0.054238
0.000000
0.000010
0.000000
0.918366
1.000000
0.018838
0.970906
0.000000
0.587966
0.000001
0.007159
1.000000
0.101712
0.000000
0.000000
0.000000
0.001048
0.092524
1.000000
0.000000
0.035157
0.000000
0.779649
0.000000
0.074693
0.000000
0.144925
0.455385
0.015863
0.994447
0.000000
0.000000
0.000000
0.000000
0.000000
1.000000
1.000000
0.000000
0.000000
0.030986
0.011018
0.356176
0.000000
0.000000
0.011977
0.000136
0.000000
0.082190
0.395745
0.000000
0.999979
1.000000
0.000000
0.000000
0.000000
0.000000
1.000000
0.000000
0.000000
0.039493
1.000000
0.657200
0.000000
0.000000
0.000000
0.000000
0.970566
1.000000
0.000000
0.000000
0.497783
0.999999
0.013183
0.000000
0.398643
0.000000
0.000000
0.000000
0.000081
0.978807
0.333734
0.077620
0.000000
0.000000
1.000000
0.000000
0.000000
0.732271
0.000000
0.000000
0.040109
0.987411
0.633440
1.000000
1.000000
0.000000
0.000000
0.000000
1.000000
0.007367
0.071113
0.000000
0.000000
0.000107
0.000000
0.000000
0.000000
1.000000
0.011121
1.000000
0.000000
0.715450
0.362358
0.006514
1.000000
0.000000
0.000000
0.006649
0.201783
0.000024
0.000000
0.000000
0.010816
0.999995
0.061263
0.433428
0.002168
0.000007
0.000000
0.000000
0.930637
0.000000
0.000237
0.914114
0.000000
0.000000
0.706033
0.015376
0.000000
0.503288
0.000000
0.822051
0.046814
0.000000
0.004846
1.000000
0.148648
0.000000
0.002930
0.000000
0.101900
0.000000
0.000000
0.000000
0.331266
0.000003
0.000000
0.000000
0.999999
0.000293
0.265555
0.000000
0.881454
0.000000
0.008880
0.000832
1.000000
0.967912
0.999914
0.869200
0.999958
0.000000
0.000000
0.000452
0.000000
0.000000
1.000000
0.000000
0.000001
0.001089
0.998684
0.000000
1.000000
0.999991
0.000000
0.999994
0.000000
0.006614
0.001003
0.236392
0.000129
0.000000
0.907754
0.000000
0.000183
0.733338
0.000000
0.000000
0.000000
0.116412
0.527536
0.000000
0.000000
0.000054
0.058862
0.184640
0.019284
0.000000
0.806490
0.000000
0.999999
0.989698
0.938067
0.905404
0.792158
0.000000
0.000000
0.557672
0.000942
0.000539
0.546434
0.000000
0.000000
0.406497
0.000009
0.000000
0.000000
1.000000
0.921322
0.170195
0.447902
0.000000
0.001492
0.121267
0.001203
0.000000
0.000000
0.000000
0.000000
0.000000
0.000000
1.000000
0.116494
0.000000
0.000000
0.000000
0.000000
0.000000
0.028118
0.000000
0.333100
0.997200
0.028860
0.999902
0.000000
0.000000
0.992422
0.023127
0.057694
0.000000
0.000000
0.000000
0.999998
0.000000
0.000000
0.000000
0.000000
0.000002
0.045593
0.000000
0.000326
0.043155
1.000000
0.000000
0.066698
0.000000
0.165845
0.000000
0.000175
0.000000
0.999980
0.000166
0.004982
0.000001
0.000000
0.027035
0.269657
0.000000
0.560041
0.442683
0.000112
0.687881
0.002200
0.000000
0.000000
0.444911
0.000104
0.000287
0.000000
0.005391
1.000000
0.133514
0.000000
0.786454
0.000000
0.000000
0.000000
0.000000
0.000000
1.000000
0.000000
0.002834
0.000000
0.000000
0.000000
0.273296
0.004026
0.000000
0.882786
0.109431
0.433271
0.000000
0.430804
0.000011
0.069112
0.000000
0.000000
0.448461
0.000000
0.994088
0.003837
0.023132
0.005452
0.000000
0.000000
0.000000
0.462514
0.000000
0.000000
0.208472
0.000000
0.370147
0.241216
0.000000
0.000000
0.044435
0.000000
1.000000
0.313424
0.036528
0.000000
0.000000
0.072963
0.231166
0.000000
0.001648
0.259978
0.646265
0.000000
0.000000
0.000000
0.000006
0.962941
0.000000
0.000000
0.846973
0.996943
0.999999
1.000000
0.779763
0.028077
1.000000
1.000000
0.000097
0.000000
0.018336
0.000000
0.000000
0.215087
0.000000
0.106997
0.000000
0.061354
0.000000
0.004876
0.000441
0.000000
0.000049
0.000000
0.000348
0.000000
1.000000
0.000000
0.001328
0.057718
0.017752
0.000000
0.007154
0.000000
0.000000
0.038353
0.999882
0.000000
0.000000
0.000000
0.000000
0.000000
0.000000
0.000000
0.000000
0.001232
0.000000
1.000000
0.015610
0.000000
1.000000
0.000000
0.679513
1.000000
0.000000
0.000000
0.000000
0.000000
0.014497
0.000000
0.000000
0.000000
0.030897
0.001687
0.330570
0.000000
0.326129
0.000000
0.000000
0.842792
0.999954
0.034336
0.000000
0.016597
1.000000
0.000000
0.000000
0.156406
0.000000
1.000000
1.000000
0.020115
0.000001
0.143927
0.999987
0.006648
0.000065
0.986012
0.001689
0.021280
0.000000
0.000000
0.000000
0.068557
0.000000
0.853680
0.308698
0.000000
0.000792
0.000000
0.003474
0.256370
0.000000
1.000000
0.000000
0.000000
0.000000
0.083350
0.000000
0.026174
0.000000
0.000000
0.000000
0.000124
0.000000
0.000000
0.000171
0.000000
0.000000
0.006059
0.047408
0.884752
1.000000
0.084133
0.000000
0.000000
0.000000
0.000000
1.000000
0.000000
0.000000
0.271388
0.944596
0.000000
0.000184
0.380068
0.000000
0.003528
0.445758
0.000000
0.000000
0.054979
0.000000
0.000000
0.019760
0.000644
0.927476
1.000000
0.000000
0.306831
0.955052
0.722857
0.011662
0.000000
0.000000
0.000000
0.954702
0.002372
0.550992
0.000000
0.006023
0.000000
0.025375
0.000000
0.009134
0.940696
0.000000
0.000000
0.000000
0.030080
0.854271
0.000000
0.000000
0.000000
0.203854
0.999974
0.116568
1.000000
0.000000
0.000000
0.955422
0.000000
0.001583
0.000000
0.000000
0.000001
0.004815
0.000000
0.000018
0.000000
0.000000
0.000065
0.466148
0.003997
0.000000
0.000000
0.000000
0.000000
0.000000
0.075128
0.038637
0.000000
0.235989
0.051632
0.015971
0.000000
0.000548
0.000000
0.000000
0.000000
0.000000
0.000000
0.000000
0.680219
0.047107
0.002937
0.000000
0.000078
0.073051
0.673905
0.957422
0.330834
0.000000
0.000000
0.000000
0.000000
0.000000
0.000000
0.000000
0.000037
0.046746
0.000000
0.999214
1.000000
0.000000
0.079848
0.000000
1.000000
0.184793
0.004652
1.000000
0.052989
0.444927
0.907732
0.175882
0.001892
0.204574
0.516639
0.001997
0.000009
0.919668
0.000000
0.000082
0.998875
0.202442
0.251109
0.000000
0.000001
0.000003
0.000000
0.000000
1.000000
0.021977
0.094292
0.000000
0.052587
0.018531
0.000000
0.000000
0.004105
0.000000
0.000000
0.186874
0.000000
0.953239
0.000000
0.995817
1.000000
0.000000
1.000000
0.237909
1.000000
0.000000
0.070775
0.000000
0.122707
0.000000
0.000000
0.000000
0.000630
0.007922
0.000000
0.000000
0.414171
0.012358
0.000000
0.267723
0.000000
0.000000
0.000000
0.000000
0.024160
0.000000
0.000687
0.000078
0.004332
0.007018
0.000000
0.000000
0.000000
0.000000
0.000000
0.000000
0.000000
0.052873
0.000775
0.000000
0.087138
0.000000
0.000000
0.000000
0.000000
0.000008
0.000000
0.032354
0.020960
0.000000
0.000000
0.000000
0.000148
0.000000
0.000000
0.000000
0.003917
0.003537
0.000000
0.000000
0.000000
0.660277
0.000000
0.001183
0.011875
0.000000
0.000000
0.000000
0.990482
0.000000
0.000000
0.000000
0.000000
0.302917
0.092063
0.993985
0.000000
0.999912
0.586973
0.000050
0.000000
0.336294
0.000000
0.999971
0.000000
0.000000
0.000000
0.727708
0.999998
0.000000
0.000000
0.000000
0.000002
0.359725
0.487391
0.000000
0.000001
0.000203
0.523014
0.000000
0.000000
0.082004
0.000000
0.976319
0.000000
0.000000
0.000000
0.080792
0.000000
0.026533
0.000000
0.000000
0.000000
0.000840
0.000000
0.000000
0.000009
0.729081
0.000006
1.000000
0.000000
0.087037
0.024070
0.000000
0.000000
0.965557
0.006320
0.000000
0.007539
1.000000
0.992605
0.000105
0.000150
0.000000
0.000000
0.000000
0.000000
0.000000
0.435134
0.036310
0.000000
0.001214
0.999801
1.000000
0.999809
0.001743
0.016589
0.001600
1.000000
0.349311
0.000000
0.000000
0.000000
0.000000
0.000000
0.000000
0.008362
0.891620
0.438419
0.000000
0.000000
0.000030
0.000000
0.000000
0.000110
0.000000
0.000000
0.000000
0.000000
0.000000
0.000040
0.000000
0.000002
0.764246
0.000000
0.997522
0.012614
0.974531
0.920597
1.000000
0.064576
0.001203
0.020701
0.000000
0.000000
0.000000
0.245113
0.000000
0.000000
0.000000
0.505070
0.000000
0.002532
0.097569
0.089494
0.000000
0.011061
0.002034
0.000000
0.000000
0.205703
0.000161
0.000000
0.000000
0.999921
0.009060
0.007652
0.000000
0.332150
0.000000
0.584855
0.016349
0.000000
0.000000
0.000000
0.103805
0.000193
0.000010
0.000000
0.000000
0.000000
0.013441
0.000000
0.383357
0.000000
0.999999
0.000000
0.000000
0.000000
0.033039
0.348745
0.003024
0.000000
0.999959
0.000003
0.606501
0.983963
0.000000
0.049283
0.000000
0.360237
0.000000
0.002525
0.000000
0.151455
0.000000
1.000000
0.000000
1.000000
0.132622
0.000000
0.237934
0.000000
0.000000
0.999265
0.423286
0.000000
0.002681
0.000000
0.000000
0.000000
0.000000
0.088626
0.000000
0.000000
0.128822
0.009819
0.000000
0.045010
0.000000
1.000000
0.807219
0.914228
0.912484
0.000000
0.000000
0.000000
0.008003
0.000000
0.000000
0.016858
0.000000
0.216775
0.001948
0.103869
0.999998
0.033708
0.000000
0.048780
0.000000
0.000000
0.000000
1.000000
0.028094
0.000000
0.346377
0.000000
0.000001
0.010735
0.000000
0.998323
0.005316
0.000000
0.000000
0.007586
0.000537
0.000000
0.002158
0.000000
0.000000
0.510604
0.000010
0.000484
0.000000
0.000000
0.001060
0.000000
0.772502
0.000000
0.000000
0.121493
0.976145
0.000000
0.174952
0.952960
0.010136
0.000000
0.000000
0.041598
0.000000
0.000000
0.000000
0.000000
1.000000
0.000059
0.150142
1.000000
0.000000
0.550582
0.000081
0.271276
0.468085
0.893224
0.000000
0.000000
0.249133
1.000000
1.000000
1.000000
0.073048
1.000000
0.000000
0.047000
0.001410
0.082932
0.000000
0.827842
0.000000
0.000000
0.000025
0.000142
0.000087
0.000000
0.000000
0.209156
0.006436
0.000000
0.009672
1.000000
0.019593
0.000000
0.022963
0.007502
0.000000
0.000000
0.132222
1.000000
0.000073
0.000000
0.000000
0.000599
0.000000
0.000000
0.000000
0.246768
0.000000
0.000000
0.999993
0.758552
0.000002
0.000000
0.000000
0.000000
0.000000
0.179817
0.067262
1.000000
0.000256
0.000000
0.216278
0.000000
0.699950
0.296156
0.000000
0.533339
1.000000
0.874330
0.000000
0.992192
0.000317
0.000000
0.995188
0.738356
0.000000
0.000000
0.121626
1.000000
0.002253
0.005413
1.000000
0.000093
0.000000
0.054564
0.163529
0.999812
0.000000
0.000000
0.000000
0.000000
0.056072
0.872608
0.389173
0.007208
1.000000
0.961089
0.831053
0.000000
0.000000
0.000000
0.878873
0.000552
0.000000
0.059772
0.000842
1.000000
0.000000
0.000000
0.000000
0.000795
0.014389
0.000000
1.000000
1.000000
0.000000
0.000000
0.000000
0.544001
0.000000
0.000000
0.000000
0.015040
0.000000
1.000000
0.000000
0.108443
0.000000
0.137474
0.726864
0.000000
0.000000
0.000000
0.000000
0.000000
0.000000
0.000000
0.004501
0.000547
0.000000
0.000000
0.068554
0.000000
0.008797
0.002317
0.390648
0.000000
0.128112
0.000000
0.221806
0.999988
0.000000
0.000000
0.000000
0.007162
0.000000
0.007885
0.016942
0.000000
0.136367
0.000000
0.085162
0.000044
1.000000
0.859743
0.000000
0.113659
0.000000
0.000000
1.000000
0.972288
0.385524
0.000064
0.000000
0.000000
0.000000
0.422066
0.000000
0.000000
0.000000
0.000000
1.000000
0.017946
0.000000
0.000317
0.000835
0.014452
0.000000
0.898388
0.140471
0.000000
0.001493
0.998280
0.003143
0.000000
0.000000
0.088147
0.000000
0.000000
0.769135
0.000000
0.125230
0.024574
0.000000
0.000000
0.000000
0.530250
0.127542
0.000000
1.000000
0.528568
1.000000
0.999851
0.000326
0.000000
0.886990
0.316528
0.000000
0.000000
1.000000
0.000939
0.000000
0.000000
0.072693
0.003847
0.268766
0.000000
0.119989
0.000000
0.000000
0.033376
0.000000
0.000231
0.000000
0.000098
1.000000
0.335088
0.308065
0.388839
0.000000
0.000199
0.000000
0.000000
0.000005
0.000000
0.119419
0.920741
0.980717
0.011516
0.515959
0.291984
1.000000
0.073745
0.000000
0.000000
0.626890
0.016730
0.778547
0.000035
1.000000
0.198843
0.000000
0.999959
0.641784
0.000000
0.999986
1.000000
0.205251
0.000000
0.000000
0.000000
1.000000
0.448079
0.000000
0.000112
0.000622
0.000000
0.217549
0.000000
0.000000
0.000000
0.000000
0.657282
0.229696
0.000001
0.007093
0.912763
0.003047
1.000000
0.050637
0.000000
1.000000
0.026898
0.013711
0.000056
1.000000
0.001808
0.000000
0.000000
0.000000
0.000000
0.003196
0.091887
0.836833
0.618637
0.984723
0.000000
0.115188
0.000000
0.000000
0.026594
1.000000
0.000000
0.013900
0.004245
0.000000
0.260366
0.990638
0.012962
0.000000
0.929529
0.000000
0.999999
0.423741
0.855928
0.000000
1.000000
0.999789
0.000000
0.000000
0.000533
0.155902
0.000000
0.000000
0.990274
1.000000
0.256498
0.018349
0.001331
0.479510
0.000000
0.071544
0.000004
0.025344
0.000000
0.817622
0.000000
0.000000
0.000013
0.000000
0.000000
0.002628
0.000000
0.304090
0.999996
0.000899
0.000000
0.000000
0.000000
1.000000
0.000000
0.000000
0.283549
0.000000
0.000000
0.000000
0.000007
1.000000
0.000000
0.000010
0.002717
0.000000
0.990483
0.000000
0.000000
0.000000
1.000000
0.000000
0.636092
0.000000
0.000000
0.276973
1.000000
0.000000
0.000000
0.999964
0.000000
0.099649
0.000003
0.058972
0.000000
0.017016
0.000000
1.000000
0.000000
0.959788
0.000000
0.000000
0.000000
0.001120
0.000000
0.000000
0.959560
0.000000
0.000000
1.000000
0.000000
0.000000
0.000000
0.000000
0.155146
1.000000
0.107620
0.646922
0.000003
0.000000
0.000000
1.000000
0.000000
0.150177
0.000000
0.000000
0.000000
0.000000
0.002726
0.008043
0.000000
0.908585
0.999975
0.000000
0.020506
0.000000
0.000000
0.088450
1.000000
0.989796
0.999547
0.000000
0.000104
0.001510
0.000000
0.000000
0.000000
0.000000
0.000601
0.806238
0.000000
0.000000
0.000200
0.000000
0.003830
0.476509
0.004301
0.090657
0.219990
0.049584
0.999808
0.933940
0.000000
0.007920
0.000023
0.161560
0.000000
0.000000
0.065272
0.000000
1.000000
0.000000
0.000000
0.000000
0.237821
0.000000
0.034921
0.004243
0.000000
0.000033
0.000000
0.995401
0.000000
0.999603
0.000027
0.076209
0.000000
0.000000
0.489834
0.000000
0.000000
0.000000
0.000000
0.025493
0.015543
0.000000
0.000000
0.052322
0.000001
0.000707
0.000000
0.000000
0.000013
0.000047
0.000000
0.000000
0.003754
0.000000
0.035535
0.351341
0.000000
0.434810
0.044664
0.020979
0.000001
0.000005
0.000000
0.000000
0.044634
0.000000
1.000000
0.000000
0.308879
0.280320
0.907307
0.479791
0.000000
0.550745
0.000000
0.002584
0.000000
0.239994
0.000000
1.000000
0.713439
0.007193
0.000000
0.230702
0.000000
0.000084
0.000000
0.000000
0.477463
0.000000
0.000000
0.000000
0.024082
0.000138
0.000000
0.012821
0.000142
0.000000
0.005540
0.000000
0.000000
0.086275
0.000000
0.000000
0.912900
0.015899
0.829295
1.000000
0.486497
0.106052
0.000000
0.000000
0.000000
1.000000
0.000000
0.002936
0.000000
0.000000
0.005828
0.000000
0.003070
0.000000
0.994775
0.518926
0.000000
0.114960
0.000000
0.031573
0.000000
0.000000
0.000000
1.000000
0.000000
0.000000
0.000000
0.000000
0.971927
0.260653
0.000000
0.190102
0.000000
0.942213
0.000000
0.000000
0.017889
0.000000
0.019084
0.000195
0.002863
0.775196
0.000000
0.999848
0.000000
0.000000
1.000000
0.000000
0.000000
0.000000
0.285439
0.000000
1.000000
0.000000
0.000000
0.000000
1.000000
0.000000
0.000000
0.000000
0.003836
0.000000
0.247243
0.430390
0.000000
0.268591
1.000000
1.000000
0.000000
0.000000
0.001335
0.714581
0.000000
0.000000
0.000000
0.999999
0.000000
0.000016
0.000000
0.234702
0.228553
0.000000
0.700590
0.085705
0.897712
0.000204
0.000000
1.000000
0.000000
0.000000
1.000000
0.000000
0.048589
0.000002
0.122513
0.934861
0.269041
0.000000
0.073220
0.172928
0.000000
0.000000
0.000081
0.131180
0.274182
0.000000
0.999553
0.069871
0.000000
0.011911
0.000000
0.000202
0.000000
0.000000
0.000038
0.000004
0.277046
1.000000
0.000000
1.000000
0.000000
0.000000
0.002236
0.000000
0.000000
0.000000
0.000000
0.260453
0.000000
0.258370
0.000000
0.000000
0.159977
0.304785
0.012127
0.000000
0.053938
0.000000
0.999999
0.000000
1.000000
0.000000
0.993766
1.000000
0.005357
1.000000
0.000000
0.000000
0.000001
1.000000
0.156412
0.000025
0.336184
0.008036
0.108591
0.000000
0.329808
0.005753
0.000000
0.000000
0.005831
0.000000
0.000000
1.000000
0.632834
0.000000
0.000000
0.000865
0.000000
0.536049
0.726666
0.997108
0.030834
0.000000
0.000000
0.000000
0.000000
0.030878
0.005380
0.000000
0.925852
0.000084
1.000000
0.000000
0.000000
0.000064
0.092390
0.000000
0.000000
1.000000
0.003973
0.000000
0.990483
0.000157
0.000000
0.000604
0.000000
0.000000
0.000000
1.000000
0.000000
0.000000
0.041141
0.000000
0.000000
0.075512
0.000000
0.000000
0.983658
0.000000
0.000002
0.090561
0.000000
0.000000
0.000000
0.999999
0.999999
0.000658
0.000000
0.144519
0.250938
1.000000
1.000000
0.000000
0.000000
0.000000
0.975845
0.000000
0.667195
0.000000
0.000000
1.000000
0.999946
0.036865
0.000298
0.000000
0.000000
0.000016
0.000000
0.000000
0.808916
0.000000
0.030159
0.261101
0.001744
0.000000
0.797271
0.000012
0.000000
0.000000
0.999180
0.813068
0.932549
0.115020
1.000000
1.000000
0.000000
0.000000
1.000000
0.000000
0.000000
1.000000
0.052207
0.000081
0.994562
0.017235
0.981682
0.011709
0.911487
0.001046
0.000000
0.781465
0.000000
0.000000
0.999950
0.737494
0.000000
0.000094
0.005586
0.000036
0.000000
0.000000
0.000000
0.000000
0.995699
0.002645
0.000000
0.002919
0.000000
0.098422
0.010068
1.000000
0.241821
0.994886
0.018581
0.002027
1.000000
0.000000
0.924572
0.021055
0.000000
0.000621
0.000000
0.000000
1.000000
0.000000
0.000000
0.000000
0.000135
0.185079
0.000000
0.000000
0.000000
0.015823
0.493253
0.000000
0.004572
0.000046
0.000000
0.000000
0.000000
0.038327
0.000000
0.065370
0.000000
0.000000
0.001640
0.214388
0.028179
0.116252
0.811121
0.000000
0.000000
0.000000
0.000000
0.000001
0.996308
0.999999
0.000000
1.000000
0.899988
0.216894
0.000000
0.000026
0.000000
0.999996
1.000000
0.020074
0.000000
0.000000
0.000000
0.000000
0.023515
0.000000
0.000253
0.000000
0.000000
0.005251
0.357677
0.000000
0.000000
0.000000
0.989465
0.000000
0.084275
0.000990
0.000000
0.000000
0.000000
0.006077
0.000000
0.028620
0.041572
0.809097
0.000000
0.000000
0.000000
0.045247
0.004649
0.000000
0.000001
0.000000
1.000000
0.000026
0.000379
0.000000
0.882535
0.000000
0.000000
0.999999
0.999990
0.008397
0.002481
1.000000
0.531629
0.000000
0.000000
0.000000
0.084967
0.940651
0.286121
0.009310
0.773262
0.996612
0.044325
0.000950
0.000000
0.000000
0.006430
0.394248
0.000000
0.000000
0.000000
1.000000
0.208012
0.972481
0.937460
0.072522
0.010110
0.128726
0.065095
0.040860
0.000000
0.000000
0.001771
0.000000
0.000000
0.000019
0.030354
0.361884
0.999682
0.000000
0.000000
0.000351
0.000000
0.000000
0.000000
0.000000
0.915955
0.531782
0.000000
0.999943
0.000000
1.000000
0.708518
0.000000
0.018864
0.000000
0.014719
0.000000
1.000000
1.000000
1.000000
0.975321
0.007443
0.000767
0.000000
1.000000
0.000001
0.000000
0.000000
0.000000
0.980868
0.000000
0.999998
0.000000
0.000000
0.000000
0.999949
0.000002
0.000000
0.697471
0.041805
0.000021
0.000965
0.000000
0.000000
0.939121
0.999923
0.026156
0.206474
0.004967
0.000572
0.000000
0.000000
0.000000
0.884823
0.026713
0.000000
0.000000
0.000000
1.000000
0.000525
0.141139
0.001340
0.000000
0.012393
0.835359
0.000000
0.028401
1.000000
0.000000
0.000000
0.000000
0.007373
0.000000
0.999955
0.000000
0.288646
0.000000
0.000000
0.000304
0.000004
0.034517
0.400099
0.000120
0.004647
0.000075
1.000000
0.000000
0.000000
0.000000
0.000000
0.000000
0.032036
0.347955
0.360788
0.015995
0.000000
0.000000
0.999583
0.718160
0.000047
0.157126
0.012779
0.296262
0.000001
0.000000
0.000000
0.999985
1.000000
0.300555
0.129239
0.000000
0.538192
0.206933
0.000000
0.008309
0.000000
0.002291
0.000000
0.000000
0.601082
0.101420
0.000000
0.000000
0.238503
0.000000
1.000000
0.000000
0.003033
0.999966
0.000000
0.000000
0.000022
0.091572
0.000000
0.099493
0.000000
1.000000
0.000000
0.000000
0.000337
0.193960
1.000000
0.000000
0.003021
0.000072
0.022949
0.000000
0.000000
0.608702
0.000000
0.990442
0.000000
0.000000
0.271620
0.000000
0.000000
0.000000
0.000000
0.000000
0.036173
0.011949
0.000002
0.000000
0.009475
0.002632
0.571172
0.000000
0.072378
0.090213
0.000000
0.802992
0.000000
0.510429
0.995962
0.000000
0.000000
0.455760
0.000000
0.000000
0.000000
0.955951
0.000000
0.109766
0.000000
1.000000
0.030049
0.000000
0.000000
0.000000
1.000000
0.356085
0.000000
0.000000
1.000000
0.000000
0.000000
0.000000
0.000000
0.000000
0.288381
0.203445
0.000847
0.125486
0.991788
0.000000
0.583490
0.636603
0.000000
0.980991
1.000000
0.165384
0.000000
0.146439
1.000000
0.122492
0.000000
0.000000
0.282391
0.000002
0.000000
0.000000
0.000000
0.000000
0.000000
0.000000
0.000000
0.000000
0.000000
0.600335
0.000000
0.008907
0.444659
1.000000
0.000001
0.000000
0.000000
0.000000
0.000000
0.000000
0.000000
0.009699
0.000000
0.001606
0.006144
0.000549
1.000000
1.000000
0.054043
0.306290
0.000000
0.000000
0.115681
0.000023
0.028028
0.000000
0.012924
0.043304
0.514877
0.514269
0.000000
0.784976
0.936615
0.000000
0.000000
0.002086
0.000000
0.000000
0.000000
0.294061
0.552417
0.006215
0.000000
0.000000
0.007132
0.000000
0.000000
0.000000
0.000000
0.000003
0.000858
1.000000
0.003612
0.000000
0.000000
1.000000
0.013252
1.000000
1.000000
0.000000
0.000000
0.000000
1.000000
0.005841
0.000000
0.076144
0.000000
0.000000
1.000000
0.000000
0.195774
0.000000
0.000000
0.051820
0.002621
0.000000
0.022182
0.000000
0.995468
0.000000
0.000000
0.000003
0.000000
0.000000
0.999756
1.000000
0.000000
0.014772
0.930346
0.729033
0.000000
0.000000
0.000000
0.348079
0.033266
0.000000
0.203787
0.286791
0.012803
0.138187
0.000000
0.477586
0.000000
0.000000
0.000617
0.000000
0.000672
0.000000
0.661402
0.000000
0.000000
0.212719
0.006586
0.867282
0.000000
0.000000
0.229215
1.000000
0.000000
0.167941
0.009996
0.000000
0.000000
0.000000
0.000005
0.000000
0.000000
0.078774
1.000000
0.000000
0.999290
0.019908
0.000914
0.147869
1.000000
0.000000
0.000000
0.000000
0.070859
0.000000
1.000000
0.076363
0.880239
0.000052
1.000000
0.039975
0.019048
0.000299
0.000000
0.000003
0.000000
0.000000
0.000000
0.002664
0.000000
0.056980
0.000000
1.000000
0.000003
0.000000
0.000000
0.000000
0.000000
0.752495
0.000005
0.906395
0.117089
0.000000
0.000837
0.039206
0.959108
0.001136
0.534715
0.000000
0.019693
0.000000
0.005929
0.188812
0.000000
0.019099
0.999037
0.000000
0.995280
0.020427
0.000000
1.000000
0.973376
1.000000
0.008772
0.000000
0.030413
0.800583
0.000000
0.006869
0.000000
0.114084
0.000000
0.000005
0.038425
0.930714
0.000000
0.000000
0.527668
0.000000
0.999629
0.002221
0.004123
0.020996
0.000000
0.000000
0.000001
1.000000
0.001202
0.046876
0.000000
0.012579
0.976302
0.829538
0.000000
0.000000
0.000000
0.000000
0.331057
0.000000
0.340356
0.000024
0.015297
0.387225
0.000042
0.013303
0.000000
0.999886
0.037040
0.009238
0.000000
0.622848
0.000000
0.004803
0.000434
0.000973
0.000000
0.087382
0.169460
0.000005
0.000005
0.000000
0.000000
0.389369
0.000000
0.840963
0.000000
0.000000
0.000807
0.000000
0.000000
0.000000
0.002718
0.937677
0.605898
0.000342
0.000006
1.000000
0.000000
0.544058
0.059063
0.987870
0.000009
0.013062
0.000000
0.000000
0.000542
0.000000
1.000000
0.000000
0.000000
0.000000
0.761104
1.000000
0.000201
0.000000
0.000136
0.037834
0.000014
0.198585
0.000000
0.000000
0.000302
0.000000
0.000000
0.999979
0.000041
0.003720
0.617057
0.000000
0.000000
0.000000
0.000000
0.000000
0.035137
0.000000
0.040231
0.001815
0.000000
0.000000
0.054325
0.088106
0.000000
0.770660
0.985192
0.000147
0.206684
0.000000
0.004230
0.000000
0.001040
0.995931
0.067767
0.000097
0.000000
0.000000
0.478636
0.000000
0.137079
0.968708
1.000000
0.000000
0.000000
0.027108
0.000000
0.000000
0.060455
0.357122
0.763583
0.001373
0.000000
0.000000
0.680777
0.894536
0.000000
0.000000
0.999576
0.000000
0.000006
1.000000
0.051081
0.000000
0.000000
0.012651
0.000000
0.008855
0.000378
0.210746
0.931048
0.007199
0.000000
0.068857
1.000000
0.043521
0.879149
1.000000
0.002172
0.000000
0.000000
0.645911
0.000000
0.000000
0.009595
0.000000
0.000000
0.000000
0.000000
0.000000
0.002247
1.000000
0.000000
0.000026
0.000000
0.000000
0.000000
0.039505
0.137624
0.000000
0.000000
0.000000
0.227502
0.000000
0.001629
0.000000
1.000000
0.000000
0.000276
0.000000
0.000000
0.000012
0.000000
0.288276
0.000000
0.000000
1.000000
0.000279
0.000000
0.000000
0.000000
1.000000
0.000000
0.000000
0.999999
0.000000
0.090664
1.000000
0.747696
0.001244
0.000000
0.967687
0.000000
0.338577
1.000000
0.000000
0.017174
0.000000
0.004438
0.000000
0.000000
0.000000
0.000000
0.000000
0.046320
0.000000
0.000000
0.000882
0.997919
0.061978
0.000000
0.002196
0.000000
0.124114
0.000000
0.000000
0.697047
0.001027
0.000000
0.090256
0.000000
0.512034
0.002445
0.000000
0.085298
0.153483
1.000000
0.000000
1.000000
0.970885
0.000000
0.000000
0.000000
0.378017
0.560121
0.000000
0.286505
0.000000
0.159006
0.000000
0.082808
0.000000
0.000000
0.000008
0.000000
0.303155
0.000000
0.000000
0.000000
0.560930
0.000000
0.004802
0.000000
0.000000
0.000000
0.000000
0.000874
0.000020
0.000000
0.000000
0.000000
0.000000
0.000001
0.000000
0.999356
0.999581
0.001340
0.000000
0.025725
0.114929
0.000000
0.025888
0.000000
0.000030
0.043488
0.870797
0.000000
0.000000
0.000000
0.000000
0.016734
0.263248
0.000000
0.020705
0.012673
0.000000
0.000000
1.000000
0.006353
0.825053
0.006781
0.000000
0.086766
0.000000
1.000000
1.000000
0.030028
0.000000
0.000000
0.000000
0.000020
0.000000
0.000002
0.000000
0.024746
1.000000
0.953761
0.013829
0.201732
0.248214
0.547248
1.000000
0.001019
0.000001
0.999787
0.899707
0.707805
0.000000
0.977704
0.525464
0.042415
0.000000
0.089690
0.000000
0.000000
0.000000
0.089152
0.000476
0.000000
0.000116
0.000000
0.001601
0.014266
0.015643
1.000000
0.430249
0.000000
0.762114
0.000000
0.000000
0.000000
0.000000
0.000000
0.007496
0.000000
0.000294
0.038469
0.010017
0.000007
0.000000
0.013513
0.000000
0.271512
0.000000
0.303146
0.946961
0.326699
0.084488
0.000000
0.387101
0.000000
0.000219
0.002933
0.000000
0.999247
0.000000
0.000000
0.140464
0.000000
0.015791
1.000000
0.000000
1.000000
0.000281
0.000000
0.000000
0.000000
0.018734
0.000852
0.000000
1.000000
0.000000
0.000000
0.000203
0.000000
0.000000
0.000000
0.083532
0.999987
0.353313
0.013639
0.000000
0.000000
0.073102
0.638444
0.021521
0.000000
0.999993
0.000000
0.618024
0.004156
0.384449
0.558670
0.000000
0.997858
0.000000
0.122296
0.992323
0.033323
0.058447
0.016456
0.000000
0.001075
0.974908
0.026334
0.050763
0.399301
0.000000
0.000000
0.000000
0.000377
0.000000
0.000000
0.000000
0.000000
0.937825
0.000000
0.000000
0.000000
0.000000
0.000000
0.001462
1.000000
0.965325
0.000000
0.008248
0.000000
0.626817
0.880627
0.000000
0.993257
0.000000
0.586179
0.000000
0.000000
0.000000
0.028768
1.000000
0.032208
0.000000
0.999995
0.995329
0.000000
0.000000
0.996220
0.999505
0.000319
0.000001
0.000000
0.000000
0.000641
0.008294
0.381677
0.946189
0.000000
1.000000
0.000000
0.000000
0.002826
1.000000
0.480576
0.000000
0.527061
0.966794
0.000000
0.059571
0.999999
0.999495
0.000000
0.017855
0.000000
0.715636
0.227646
0.507824
0.034656
0.000000
0.000000
0.933734
0.000897
0.000000
0.000000
0.000000
0.206806
0.037569
0.000000
0.056186
0.000000
0.000000
0.377165
0.008819
0.439018
0.989702
0.000000
0.000000
0.999022
0.191168
1.000000
0.000001
0.003217
0.000002
0.000387
0.000008
0.044927
0.000000
0.000000
0.000000
0.000000
0.000010
0.002246
0.059414
0.633376
0.000000
0.020953
0.000035
1.000000
0.000000
0.000000
0.000000
0.000000
0.002274
0.000317
0.000000
0.000000
0.000000
0.000367
0.596128
0.008949
0.001248
0.011225
0.999182
0.000000
0.011817
1.000000
0.000000
0.431073
0.010554
0.000000
0.846909
0.029297
0.000000
0.000000
0.600877
0.017536
0.052371
0.000000
0.000000
0.193486
0.540188
0.000000
0.000000
0.000001
0.175460
0.999999
1.000000
0.000000
0.000000
0.648829
0.955612
0.033573
0.000000
0.003170
0.111706
0.000000
0.010884
0.000000
0.000000
0.202604
0.003230
0.048103
0.000012
0.125839
0.000000
0.000000
0.000000
0.226968
0.199017
0.000000
0.000000
0.858843
0.000000
0.000004
0.639774
0.000000
0.999995
0.001118
0.000000
0.420834
0.051359
0.000000
0.000000
0.068655
0.000000
0.020967
0.060476
0.009316
0.000000
0.000002
0.000000
0.043807
0.370882
0.000437
0.839193
1.000000
0.000000
0.999999
0.023710
0.000025
1.000000
1.000000
0.000001
0.000000
0.000000
0.000000
0.004336
0.585054
0.000451
0.000000
0.000000
0.000000
0.009382
0.000000
0.000426
1.000000
0.000000
0.081917
0.004915
0.158591
0.192681
0.000000
0.000063
0.527385
0.022444
0.063208
0.000000
0.027183
0.999964
0.960617
0.000000
0.152165
0.000000
0.003037
0.106902
0.002816
0.943039
0.000000
0.910761
0.988711
0.094045
0.000000
0.232892
0.584703
0.000000
0.000000
0.000000
0.010058
0.031015
0.000000
0.591521
0.000000
0.638122
0.002887
0.021022
0.708951
0.190532
1.000000
0.000000
0.254955
0.961527
0.000000
0.000000
0.000000
0.000000
0.000000
0.000000
0.000000
0.065688
0.812280
0.173756
0.000071
0.000000
0.000005
0.151005
1.000000
0.021428
0.058297
0.000000
0.000223
0.098657
0.175939
0.255851
0.008037
0.000019
0.000000
0.000187
0.000000
0.000000
0.005644
0.000000
0.480696
0.001080
0.000000
0.000000
0.000588
0.000000
0.000555
0.020623
0.000000
0.439402
1.000000
0.858327
0.000000
0.000000
0.007237
0.000000
0.996214
0.028318
0.000000
0.000000
0.000000
0.000006
0.000000
0.000000
0.014051
0.000000
0.000000
0.006983
0.586726
0.000000
0.002199
0.000000
0.017006
0.040934
0.061182
0.063030
0.000960
0.504725
0.000000
1.000000
0.000000
0.843866
0.853915
0.000000
0.027507
0.022892
0.000000
0.999929
0.000000
0.000000
0.000000
0.005508
0.000000
0.000000
0.966338
1.000000
0.000000
0.999999
0.000000
0.000000
0.000000
0.182816
0.001172
0.999994
0.536749
0.000000
0.005444
0.026985
0.677002
0.999969
0.000000
0.050183
0.015318
0.951473
0.000026
0.000000
0.974308
0.000000
0.053391
0.000000
0.000000
0.000000
0.000000
0.000000
0.000000
1.000000
0.059518
1.000000
0.000258
0.717961
0.032807
0.000000
0.001417
0.993319
1.000000
0.000165
0.000000
0.014660
0.000000
0.128277
0.000000
0.000000
0.000000
0.000000
0.811601
0.000000
0.000000
0.000000
0.000000
0.539209
0.443818
0.000000
0.000000
1.000000
0.000000
0.018416
0.000000
0.000000
0.999993
0.000000
0.000000
0.000000
0.978059
0.000000
0.000000
0.000000
0.217028
0.000000
0.016565
1.000000
0.000000
1.000000
0.999978
0.000110
0.000000
0.000000
0.000000
0.000769
0.000000
0.001075
0.000018
0.049089
0.632775
0.000000
0.846159
0.027395
0.000543
1.000000
0.000000
0.018832
0.000000
0.999972
0.825449
0.157422
0.481924
0.765168
0.000000
0.999982
0.000000
0.000000
0.000000
0.000000
0.621630
0.000000
0.000000
0.065375
0.000145
0.957163
0.000319
0.018105
0.000000
0.000000
0.014774
0.000000
0.486523
0.000000
0.000000
0.000000
1.000000
0.000000
0.000000
0.012547
0.000000
0.201538
0.000000
0.000000
0.000000
0.134409
1.000000
0.000000
1.000000
0.000000
0.548265
0.000000
0.871120
0.000000
0.629537
0.383006
0.301232
0.000000
0.000000
0.000000
0.000000
0.000000
0.988779
0.449694
0.000000
0.000000
0.241552
0.002868
0.000000
0.000000
0.000000
0.000000
0.000000
0.000001
0.327813
0.020544
0.967256
0.000000
0.985695
0.000066
0.000000
0.000250
0.613523
0.000000
0.000774
0.015779
0.000000
0.000187
0.029321
0.000000
0.000000
0.000000
0.000000
0.000000
0.941778
0.250623
0.000000
0.000000
0.000000
0.000000
0.000014
0.000000
0.000163
0.000113
0.995486
0.313408
0.232354
0.000000
0.000000
0.000000
0.552368
0.000000
0.000000
0.000000
0.208656
0.000000
0.000001
0.706387
0.798358
1.000000
0.925442
0.000000
0.000000
0.003726
0.047784
0.005191
0.001117
0.591088
0.000000
0.000000
0.910873
1.000000
0.000176
0.000000
0.000063
0.138953
0.000000
1.000000
0.000000
0.707698
0.931231
0.074878
0.000000
0.000000
0.218700
1.000000
0.000000
0.245430
0.000000
0.144940
0.000150
0.041481
1.000000
0.000000
0.000000
0.000655
0.242834
0.001780
0.827867
0.102251
0.000000
0.027654
0.000000
0.000357
0.000722
0.000000
0.003216
0.265481
0.000000
0.000000
0.000000
0.041018
0.008459
1.000000
0.999517
0.128897
0.177129
0.000000
0.959735
0.214102
0.000000
0.005803
0.008811
0.740161
1.000000
0.000000
0.000000
0.289414
0.041330
0.001104
0.146595
0.168072
0.312464
0.000000
0.000000
0.000000
0.409797
0.000000
0.000001
0.000000
0.400752
0.000000
0.402532
0.000000
0.000000
0.000000
0.000000
0.000000
0.000000
0.000000
0.000000
0.036612
0.149799
0.076943
0.277080
0.989796
0.000000
0.202248
0.190913
0.000000
1.000000
0.000000
0.000000
1.000000
0.639111
0.000000
0.000000
0.079079
0.987802
0.000000
0.031217
0.000000
0.000000
1.000000
0.000000
0.000000
0.023304
1.000000
0.797472
0.001812
0.000000
0.316709
0.009060
0.000000
0.000000
0.000000
0.105308
0.000000
0.000000
0.797332
0.000000
0.852282
0.000512
0.003207
0.000002
0.000000
0.056541
0.000000
0.000020
0.000000
0.708601
0.000000
0.001774
0.009140
0.598157
0.000000
0.010018
0.000000
0.000000
0.000000
0.170290
0.149732
0.933971
0.893209
0.000000
0.000000
0.206924
0.574164
0.000000
0.337175
0.000000
0.527550
0.000000
0.437956
0.113705
0.000000
0.067194
0.826174
0.000000
0.000077
0.025942
0.026275
0.000000
0.181803
0.998944
0.000000
0.000000
0.216970
0.004221
0.060776
0.000000
0.514754
0.010323
0.091753
0.000036
0.000000
0.256618
0.000000
0.322050
0.701627
0.999040
0.417634
0.423336
0.000000
0.000000
0.000000
0.000577
0.000000
0.000000
0.024912
0.000000
0.000000
0.000000
0.036437
1.000000
0.982672
0.193785
0.000000
0.000066
0.000000
0.036183
0.000000
0.061142
0.000221
0.038418
0.000000
0.973588
0.666195
0.275836
0.000000
0.795556
0.000177
0.911144
0.000000
0.000000
0.000222
0.096404
1.000000
0.248373
0.747391
0.073084
0.000000
0.946449
0.326859
0.999999
0.000000
0.000000
0.123271
1.000000
0.000000
0.000000
0.000000
0.543461
0.242918
0.003906
0.999665
0.940704
0.059216
0.471648
1.000000
0.000000
0.352724
0.000000
0.000000
0.000000
0.397494
0.000000
0.999999
0.999974
0.000009
0.000000
0.000000
0.000000
0.006791
0.000000
0.069564
0.000000
1.000000
0.005231
0.151447
0.596370
0.000019
0.819533
1.000000
0.000000
0.151448
0.000000
0.000000
0.000000
0.000020
0.729418
0.000000
0.648337
0.319099
0.000183
0.000000
0.099640
0.679822
1.000000
0.000000
0.002385
0.021235
0.123869
0.000000
0.000000
0.000225
0.000000
0.000000
0.749143
0.000000
0.000000
0.000013
0.012673
0.025550
0.001401
0.000001
0.689314
0.000001
0.018921
0.000000
0.305070
0.002972
0.357189
0.120636
0.927714
1.000000
0.998831
0.000000
0.002023
0.000000
0.034208
0.000000
0.890643
0.000000
0.003090
0.000000
0.000009
0.099374
0.000000
0.000000
0.496000
0.000000
0.000000
0.000000
0.690172
0.000000
0.000133
0.000675
0.000000
0.741784
0.000000
0.000000
0.002024
0.000000
1.000000
0.000000
0.000000
0.987793
0.096675
0.000000
0.000000
0.000072
0.000672
0.000000
0.182899
0.000000
0.000000
0.000000
0.000000
0.036284
1.000000
0.000000
1.000000
0.000000
0.999998
0.000000
0.000000
0.861969
0.000000
0.000000
0.000000
0.000003
0.000000
0.000000
0.999717
0.139114
0.000000
0.000000
0.000003
0.000000
0.000000
0.000003
1.000000
0.000051
0.523322
0.647366
0.009183
0.146631
0.343905
0.000000
0.002073
0.010304
0.063372
0.000000
0.000000
0.302093
0.000009
0.000000
0.000000
0.000213
0.000000
0.965961
0.001010
0.092538
0.000000
0.126104
0.987730
0.000000
0.683099
0.000000
0.000000
0.000000
0.187655
0.000000
0.011744
0.053428
0.670690
0.000000
0.386976
0.999709
0.000010
0.126861
0.002933
0.000000
0.989043
0.000027
0.000000
0.414452
0.000000
0.115379
0.029305
0.000000
0.000000
1.000000
0.036969
0.000000
0.000016
0.000000
0.000000
0.000000
0.176684
0.903261
1.000000
0.000000
0.946729
0.133805
0.000000
0.000000
0.000000
0.000312
1.000000
0.138919
0.000000
0.140250
0.000000
0.660469
0.006787
0.990000
1.000000
0.007403
0.000001
0.000000
0.000000
0.001642
0.314571
0.000000
0.973417
0.000000
0.000000
0.034810
0.064130
0.000000
0.087549
0.000000
0.000744
0.000000
1.000000
0.336804
0.000000
0.220726
0.000000
0.000000
0.000000
0.352132
0.000000
0.000000
0.000000
0.000000
0.000000
0.000000
0.192362
0.050543
0.001246
0.000000
0.000000
0.315467
0.000000
0.000000
0.000000
0.980961
0.000866
0.259836
0.002102
0.000000
0.023110
0.015904
0.000000
0.174257
0.000000
0.000000
0.000000
0.000000
0.000000
0.000000
0.000000
0.137651
0.136793
0.779981
0.006108
0.999999
0.000000
0.000000
0.069449
0.000000
0.000000
0.000000
0.000000
0.000000
0.000008
1.000000
0.000000
0.020678
0.000000
0.842647
1.000000
0.000000
0.999288
0.020127
0.000000
1.000000
0.475259
0.043112
0.749160
0.001455
1.000000
1.000000
0.000000
0.000000
1.000000
0.084315
0.000000
0.921441
0.000106
1.000000
0.000006
0.000000
0.575096
0.009950
0.055248
0.000000
0.000000
1.000000
0.010613
0.504078
0.000000
0.000000
0.026780
1.000000
0.004653
0.000000
0.292753
0.028175
0.947351
0.000000
0.040023
0.021014
0.908035
0.346337
0.439044
0.000000
0.000460
0.000000
0.000000
0.000000
0.000000
0.005195
0.595169
0.382462
0.000000
0.000000
0.003443
0.125066
1.000000
0.001490
0.000000
0.000001
0.000000
0.971497
0.000000
0.000000
0.000000
0.000000
0.000000
0.000000
0.916302
0.000025
0.227815
0.000000
0.005630
0.000000
1.000000
0.000406
0.219782
0.000000
0.000000
1.000000
0.000000
1.000000
0.000000
0.000000
0.000001
0.249683
0.000000
0.000000
0.000000
0.000130
0.000000
0.295245
0.000000
0.000000
0.024866
0.865855
0.507817
0.013740
0.000000
0.000000
1.000000
0.057585
0.000000
0.000000
0.000000
0.000000
0.000000
0.000000
0.875505
0.956438
0.000000
0.000000
0.000000
0.007737
0.000000
0.000000
0.000000
0.000000
0.000000
0.029662
0.000000
0.000000
1.000000
0.998834
0.000000
0.000000
0.000000
0.135567
0.000000
0.000000
0.286829
0.422678
0.395656
0.000000
1.000000
0.000000
0.000000
0.000341
0.000000
0.006120
0.000000
0.002125
0.000000
1.000000
0.490527
0.000000
0.000000
0.000000
0.258111
0.054322
1.000000
0.000000
0.000000
0.000000
0.000000
0.517621
0.056729
0.687555
0.040583
0.001659
0.082341
0.000000
0.000000
0.004968
0.999468
0.115053
0.000000
0.000000
0.000176
0.032350
0.000000
0.008068
0.764715
0.000000
0.644914
0.000000
0.638965
1.000000
0.000000
0.000000
0.001196
0.000000
0.000000
1.000000
0.000137
0.997419
0.733921
0.000000
0.960864
0.309963
1.000000
0.930291
0.000000
0.998506
0.377728
0.000000
0.054022
0.994197
0.000000
0.000235
1.000000
0.077603
0.000000
0.125833
0.000000
0.000000
0.134609
0.200159
0.000000
0.000000
0.056336
0.000003
0.126630
0.225125
0.104969
0.000000
0.000000
0.000000
0.171648
0.000000
0.000000
0.990893
0.591681
0.000000
0.758083
0.989513
0.000000
0.000000
0.000000
0.000186
0.000000
0.000000
0.055691
0.225612
0.039486
0.190159
0.009185
0.000000
0.002519
0.000000
0.000000
0.044428
0.389843
0.043177
0.724800
0.000000
0.000000
0.000000
0.000000
0.000000
0.000000
0.013102
0.000000
0.000812
0.066490
1.000000
1.000000
0.014661
0.002400
0.000000
0.204241
0.002177
1.000000
0.000000
0.000856
