0.999986
0.997730
0.439981
0.997914
0.811022
0.682366
0.157268
0.783477
0.720805
0.622771
0.886760
0.994342
0.248999
0.981257
0.239663
0.084686
0.142622
0.762097
0.000000
0.947328
0.926380
0.966150
0.629480
0.303356
0.000000
0.141162
0.562339
0.179071
1.000000
0.820607
0.886418
0.467395
0.000000
0.114013
0.992330
0.318562
0.637947
0.916791
0.313522
0.623248
0.299208
0.651745
0.815085
0.806744
0.122798
0.194721
0.579430
0.229727
0.505770
0.269964
0.274076
0.858006
1.000000
0.403903
1.000000
0.966891
1.000000
0.983292
0.999705
0.378677
0.073417
0.520758
0.044390
0.995475
0.000000
0.245984
0.305896
1.000000
0.999148
0.017137
0.600716
0.999998
0.999888
0.593896
0.647587
0.457417
0.999945
0.858164
0.851066
0.000000
0.472654
0.000000
1.000000
0.849204
0.000000
0.146379
0.245203
0.592550
0.564633
0.980219
0.999731
0.695439
0.921230
0.337611
0.676403
0.051486
0.563090
0.284928
0.136613
0.999790
0.141845
0.194043
0.717342
0.577772
0.962335
0.262300
0.884284
0.983444
0.989617
0.494492
0.683574
0.302820
1.000000
0.275710
0.868998
0.999921
0.736639
0.999770
0.929040
0.444460
0.000000
0.428816
0.967779
0.506887
0.861647
0.000000
0.359065
0.999999
0.682593
1.000000
0.996204
0.200709
0.202033
0.244230
0.308034
1.000000
0.116391
0.225406
0.846886
0.981655
1.000000
0.576914
0.052533
0.154864
1.000000
0.503699
0.960904
0.931007
0.324509
0.999806
0.387298
0.849680
0.000000
0.887883
0.226391
0.999987
0.745953
0.554570
0.687959
0.722836
0.125793
0.879617
0.170996
0.288686
0.701216
0.999996
0.997581
0.081031
0.999999
0.953864
0.570918
0.586335
0.532013
0.169595
0.207658
0.986355
0.039521
0.360389
0.697816
0.992011
0.339282
0.920799
0.746731
0.876674
1.000000
0.377568
0.105735
0.000000
0.395404
0.762003
0.857686
0.522324
0.354115
0.965168
0.275341
1.000000
1.000000
0.997646
0.000000
0.213553
0.189524
0.644843
0.999311
0.406736
0.794592
0.251682
0.533846
0.745961
1.000000
0.872791
0.329836
0.000000
0.990097
0.286191
0.958428
0.781594
0.115348
0.161963
0.733123
0.465104
0.689603
0.255061
0.000000
0.191499
0.321473
0.927139
1.000000
0.977143
0.999079
0.351079
0.999898
1.000000
0.459116
0.886320
0.466718
0.111511
0.069525
0.766430
0.682992
0.988078
0.000000
0.999614
0.813283
0.907552
0.000000
0.369197
0.776551
0.825406
0.598631
0.665148
0.349675
0.999906
0.971555
0.616477
0.900109
0.751692
1.000000
0.984779
1.000000
1.000000
0.876329
0.314523
0.285984
0.998044
0.723546
0.121776
0.444512
0.991822
0.533896
0.400344
0.739329
0.997992
0.303141
0.378380
0.214050
0.935752
1.000000
0.987548
0.898429
0.977416
0.358455
0.998563
0.644038
0.599534
0.999243
0.169996
0.113975
0.475140
0.157910
0.772428
0.481929
0.082412
0.910054
0.400080
0.564142
0.998793
1.000000
0.082956
0.914668
0.180529
0.206761
0.152801
0.000000
0.615046
0.171058
0.904687
0.996901
0.071321
0.999985
0.873599
0.179105
0.818940
1.000000
0.861735
0.915607
0.000000
0.592742
0.558191
0.359972
0.430261
0.720589
0.370064
0.998638
0.810516
0.000000
0.741952
0.342579
0.139022
0.562628
0.884431
0.691786
0.000000
0.751738
0.169357
0.142599
0.620984
0.417871
0.925620
0.999770
0.883057
0.999909
0.612535
0.000000
0.454579
1.000000
0.999832
0.369223
0.997439
0.094154
1.000000
0.114433
0.638232
0.514263
0.429053
0.000000
0.290758
0.272194
0.999528
0.546058
0.379366
0.699525
0.961498
0.123682
0.251999
0.139765
0.644861
1.000000
0.699168
0.995914
0.999997
0.986848
0.000000
0.999994
0.231743
0.996578
0.438086
0.999988
0.770008
0.629160
0.304239
0.650819
0.215043
0.044416
0.388973
0.544195
0.505743
0.331944
0.704715
0.150278
0.218878
0.000000
0.460322
1.000000
0.267237
0.941338
0.337532
0.167751
0.701544
0.438799
0.991305
0.582932
0.745351
0.167970
1.000000
0.624042
0.965927
0.250768
0.253167
0.642140
0.618039
0.991932
0.000000
0.890297
0.994186
0.109757
0.379726
0.709997
0.921044
0.857116
0.673266
0.668825
0.000000
0.909874
0.286641
0.323611
0.903378
0.170393
0.000000
0.150642
0.148655
0.999982
0.079239
0.966322
0.650465
0.240798
0.834205
1.000000
0.168959
0.660620
0.094444
0.354012
0.338035
0.796613
0.092981
0.778681
0.276712
0.658387
0.025552
0.062018
0.069648
0.999975
0.000000
1.000000
0.503273
0.332621
0.980131
1.000000
0.999170
0.271317
0.000000
0.511283
0.000000
0.970166
0.319620
0.284311
0.914037
0.263906
0.221132
0.999921
0.000000
0.324783
0.827082
0.545781
0.673011
0.137698
0.869831
0.942092
0.334280
0.035621
0.513607
0.296153
0.047101
0.488779
0.620897
0.261732
0.964684
0.999986
0.990076
0.666466
0.994557
0.336917
0.351635
0.000000
0.350371
0.874441
0.555999
0.811938
0.501703
0.000000
0.279897
0.317523
0.668997
0.280614
0.593355
0.349948
0.873489
0.320843
0.405786
0.666482
0.995802
0.173404
0.273560
0.209630
0.999189
0.999967
0.347953
0.282095
0.067515
0.819840
0.389036
1.000000
0.083895
0.000000
0.837344
0.990063
0.578603
0.382298
0.786563
0.543599
0.921834
0.471555
0.184713
0.274539
1.000000
0.105093
0.045098
0.199013
0.385940
0.752505
0.142720
0.900107
0.133973
0.091510
0.995095
0.000000
0.221541
0.999923
1.000000
0.000000
0.313074
0.998408
0.702584
0.818501
0.543727
0.995849
0.867754
0.217369
0.177447
0.961076
0.972610
0.434044
0.987621
0.091745
0.153245
0.782194
0.593883
0.000000
0.842854
0.685363
0.999945
0.092378
0.990542
0.806923
0.310794
0.000000
0.352044
0.999996
0.309268
0.417200
0.064514
0.932336
0.024185
0.583418
0.991337
0.587930
0.078092
0.267515
0.198684
0.000000
0.834070
0.359486
0.246565
0.286850
0.194151
0.919476
0.394276
0.895090
0.509799
0.912974
0.353916
0.369910
0.572076
0.467418
0.468556
0.000000
0.906572
0.723694
0.549253
0.687352
0.968858
0.999983
0.198239
0.280141
0.999987
0.575461
0.780615
0.485067
0.999442
0.999992
0.729951
0.999328
0.865080
0.997816
0.723871
0.348250
0.998639
1.000000
0.173247
0.708345
0.058879
0.982616
0.788203
0.934256
0.274109
0.091601
0.347462
0.154533
0.860434
0.986889
0.611279
0.998906
0.609152
0.999530
0.675997
0.417047
0.999904
0.860857
0.296611
0.231673
0.282407
0.872720
0.991455
0.297165
0.949746
0.990167
0.757231
0.992804
0.562832
0.999897
0.992638
0.612502
0.996692
0.451425
0.512403
0.420906
0.991670
1.000000
0.984742
0.811342
0.910612
0.999834
0.712141
0.886785
0.992038
0.871683
0.783537
0.368116
0.978269
0.262309
0.111393
0.449526
0.679215
0.128932
0.980124
0.000000
0.725373
0.859790
0.849207
0.698010
0.613785
0.000000
0.362570
0.989133
0.974961
0.648688
0.934027
0.077720
0.237135
1.000000
0.319784
0.999951
0.065746
0.579947
0.995653
0.472892
0.000000
1.000000
0.459354
0.679082
0.682155
0.951041
0.417972
0.000000
0.309719
0.960163
0.446106
0.293455
0.394344
0.977130
0.000000
0.994055
0.394156
0.994752
1.000000
0.609090
0.687540
0.834823
0.999883
0.998077
0.301853
0.462588
0.972595
0.571625
0.503737
0.792737
0.988775
0.855415
0.789651
0.087900
0.818176
0.250844
0.844721
0.000000
0.627855
0.163270
0.066963
0.554738
0.959167
0.999769
0.367696
1.000000
0.764419
0.562120
0.633081
0.999990
0.978878
0.992995
0.946564
0.447482
0.515424
0.421262
0.187839
0.982292
0.499327
0.999519
1.000000
0.000000
0.956737
0.422011
0.681182
0.628747
0.998767
0.928715
0.316174
0.041523
0.999998
0.360819
0.290817
0.277166
0.082579
0.000000
0.295180
0.978865
0.000000
0.000000
0.355658
0.932294
1.000000
1.000000
0.249014
0.828327
0.875772
0.482184
0.207091
0.626035
0.676758
0.301703
0.117594
0.684045
1.000000
0.783409
0.982618
0.970535
0.758075
0.999573
0.587503
0.435549
0.992284
0.251923
0.819364
0.000000
0.763190
0.821031
0.121776
0.999597
0.223620
1.000000
1.000000
0.835140
0.699645
0.000000
0.108773
0.055661
0.931295
0.924226
1.000000
0.671631
0.933178
1.000000
0.282319
0.601994
0.245145
0.890206
0.000000
0.498280
0.861782
0.999999
0.000000
1.000000
0.751859
0.176904
0.993020
0.197090
0.481246
0.964083
0.991368
0.171642
0.376515
0.212617
0.000000
0.833789
0.690036
0.594845
0.652598
0.966139
0.653681
0.529042
0.238378
0.675385
0.421192
0.999793
0.356549
0.970457
0.999987
0.403823
0.931494
0.220748
0.980700
0.058092
0.146256
0.614538
0.519338
0.213213
0.000000
0.108179
0.874518
0.727153
0.300246
0.341422
0.429635
0.270581
0.999991
0.271130
0.747112
0.800310
0.792033
0.957289
0.821926
0.261588
0.264640
0.000000
0.937808
0.984681
0.162594
0.883640
0.124020
0.595909
1.000000
0.893924
0.990946
0.000000
0.000000
0.177189
0.677168
0.758042
0.594419
0.804918
0.912892
1.000000
0.977339
0.807616
0.863631
0.189036
0.298302
0.247105
0.000000
0.000000
0.000000
0.271352
0.486079
0.168511
0.256672
0.908340
0.277926
0.995113
0.527121
0.727323
0.442516
0.882008
0.357266
0.129159
0.990187
0.301633
0.000000
0.067565
0.559336
0.085116
0.079300
0.531361
0.871378
0.117675
0.312096
0.371051
0.681658
0.566726
0.976043
0.354119
0.452779
0.999999
0.532042
0.317401
0.334757
0.071127
0.000000
0.749596
0.043171
0.501450
0.632959
0.655560
0.979590
0.676522
0.895434
0.124413
0.279110
0.621423
0.000000
0.465696
0.072462
0.161595
0.525353
0.000000
0.999997
0.999999
0.621034
0.537618
0.045504
0.297499
0.510817
0.166461
0.923450
0.703100
0.476987
0.244286
0.000000
0.920781
0.484594
0.953406
0.679523
0.995237
0.984885
0.618705
0.000000
0.999988
0.359832
0.999478
0.000000
0.345535
0.998716
0.197027
0.172161
0.924530
0.381485
0.988408
0.999717
0.093352
1.000000
0.122087
0.827182
0.000000
0.348506
0.686464
0.923442
1.000000
0.946565
0.438114
0.000000
0.998763
0.915562
0.000000
0.521889
0.700366
0.000000
0.311919
0.984492
0.190605
0.798509
0.114305
0.143314
0.972253
0.666262
0.632748
0.246844
0.998316
0.522746
0.339894
0.000000
0.000000
0.497706
0.886733
0.870699
0.214955
0.144668
0.639294
0.071515
0.999994
0.000000
1.000000
0.329141
1.000000
0.515737
0.948299
0.689111
0.436735
0.000000
1.000000
0.000000
0.988656
0.000000
0.511183
0.000000
0.797344
0.402054
0.769228
0.505998
0.816252
0.942034
0.594403
0.977431
0.078921
0.288615
0.806107
0.199968
0.518384
0.478621
0.095663
0.836793
1.000000
0.997367
0.998811
0.298268
0.797986
0.993945
0.257101
0.999848
0.597450
0.602557
0.999486
0.000000
0.357533
0.571890
0.068391
0.298628
0.278067
0.306607
0.623352
0.721422
0.749265
1.000000
0.829266
0.927612
0.000000
0.943881
0.407899
0.000000
0.885407
0.216082
0.999998
0.167767
0.000000
0.394046
0.999999
0.088302
0.999598
0.000000
0.745711
0.639260
0.728775
0.206186
0.999996
0.473266
0.587752
0.999962
0.999999
0.413760
0.005603
0.598541
0.771988
0.000000
0.642996
0.882864
1.000000
0.959490
0.391812
0.153667
0.469864
0.401834
0.346756
0.999991
0.522940
0.327054
1.000000
0.343925
0.809553
0.354820
0.491620
0.154458
0.088965
1.000000
0.894710
0.759444
0.966194
0.198327
0.656431
0.752737
0.923700
0.087056
0.897400
0.921447
0.514659
0.970600
0.999671
0.816083
0.164015
1.000000
0.859761
1.000000
0.971397
0.000000
0.852612
0.444971
0.562195
0.257526
0.915937
0.999893
0.999866
0.845618
0.442559
0.422854
0.988643
1.000000
0.390905
0.999758
0.925919
0.999233
0.671780
0.189304
0.975034
0.000000
0.119574
0.425552
0.489330
1.000000
0.938789
0.994040
0.046963
0.469232
0.405566
0.346505
0.946022
0.555214
0.995013
0.552383
0.235206
0.764201
0.451464
0.444792
0.404647
0.996782
0.999989
0.934409
0.985286
0.963720
0.675991
0.225458
0.949835
0.941167
0.998314
0.996069
1.000000
0.116783
0.686981
0.113200
0.884607
0.294167
0.937054
0.988038
0.000000
0.391835
0.259008
0.876606
0.239183
0.747155
0.995852
0.330439
0.000000
0.955273
0.000000
0.867814
0.659221
0.142478
0.866733
0.999908
0.181373
0.303147
0.539326
0.253581
0.305489
0.000000
0.936275
0.171447
0.987119
0.967289
0.992114
0.999671
0.894060
0.651107
0.607103
0.325728
0.916891
0.326684
0.364128
0.000000
0.319478
0.048004
0.553564
0.267325
0.477391
1.000000
0.581828
0.991551
0.646751
0.965396
0.096402
0.878358
0.000000
0.213280
0.588570
0.967657
0.238205
0.000000
0.773834
0.121083
0.999477
0.977546
0.704493
0.922499
0.000000
0.999940
0.289264
0.232150
0.329738
0.200950
0.940253
0.317210
0.997849
0.942388
0.989927
1.000000
0.358386
0.999541
0.359033
0.985192
0.987939
0.000000
0.999997
0.999992
0.849415
0.620204
0.661701
0.725035
1.000000
0.727648
0.000000
0.645597
0.999622
0.047966
0.312606
0.202736
0.908550
0.179489
0.092783
0.998204
0.190842
0.894757
0.999990
0.497070
0.000000
0.033830
0.307342
0.624210
0.245482
0.493907
0.807362
0.652010
0.554179
0.234836
0.166201
0.509087
0.176165
0.999922
0.000000
0.159418
0.264201
0.692305
0.708364
0.999889
0.000000
0.797098
1.000000
1.000000
0.154928
0.668098
0.973018
0.266013
0.070707
0.579346
0.608179
0.300798
0.696426
0.455964
0.000000
0.259233
0.970853
0.412269
0.473981
0.412706
0.205566
0.435933
1.000000
0.999999
0.895125
0.503606
0.106027
0.999997
0.458142
0.372504
0.903889
0.300734
0.998605
0.305363
0.196620
0.999911
0.358837
0.132731
0.696653
0.999360
0.404483
0.377150
0.850456
0.438130
0.027966
0.349550
0.000000
0.809537
0.165358
0.430297
0.000000
0.143897
0.000000
0.000000
0.382483
0.605843
0.051156
1.000000
0.597029
0.311462
0.381691
0.753840
0.359874
0.984037
1.000000
0.726050
0.180927
0.966064
0.040538
0.326834
0.631869
0.174253
0.722055
0.000000
0.755417
0.526586
0.314278
0.893819
0.859627
0.788840
0.323621
0.992573
0.765557
0.663766
0.883377
0.000000
0.415826
0.535538
0.943438
0.211129
0.904746
0.275661
0.998875
0.948314
0.617513
0.993580
0.786970
0.762762
0.999366
0.769797
0.025916
0.327067
0.773471
0.342399
0.442242
1.000000
0.999987
0.578140
0.192173
1.000000
0.996446
0.733012
0.999645
0.068353
0.216586
0.848644
0.999536
0.045416
0.999998
0.995547
0.170743
0.168702
0.999999
0.479563
0.741289
0.637134
0.284986
0.999961
0.526057
0.388637
0.999709
0.707061
0.109035
0.312156
0.231466
0.687988
0.951040
0.039946
0.016669
0.185634
0.660761
0.782600
0.862563
0.995941
0.979441
0.999977
0.595216
0.000000
0.704884
0.378749
0.450854
0.001694
0.471098
0.999779
0.105645
0.731663
0.985550
0.196935
0.282829
0.880650
0.336602
0.999985
0.000000
0.680128
0.000000
0.259415
0.258491
0.153585
0.000000
0.505439
0.596377
0.174234
0.774190
0.029480
0.999520
0.557624
0.715164
0.104603
0.116681
0.988015
0.000000
1.000000
0.505563
0.429107
0.000000
0.482279
0.066894
0.481092
0.106445
0.965906
0.733931
0.264124
0.984416
0.150564
0.158344
0.000000
0.999999
0.254646
0.973255
0.362316
0.196888
0.102456
0.987501
0.801189
0.000000
0.770221
0.399704
0.799308
0.465166
0.095929
0.932658
0.903766
0.383776
0.998599
0.907122
0.000000
0.851676
0.917665
0.971419
0.342699
0.000000
1.000000
0.351174
0.872853
0.986873
0.704368
0.346318
0.869488
0.503014
1.000000
0.254678
0.038321
0.116117
0.553555
1.000000
0.412140
0.549744
0.356671
0.824228
0.822716
0.000000
0.628770
0.368031
0.946525
0.999735
0.611803
0.822866
0.902544
0.099434
0.339799
0.000000
0.507034
0.953918
0.994866
0.770749
0.204779
0.522837
0.996132
0.252464
0.999988
0.993548
1.000000
0.126485
0.129830
0.450349
0.999998
0.932195
0.966805
0.607375
0.000000
0.358749
0.365284
0.564959
0.969851
0.242915
0.839600
1.000000
0.866704
0.782459
0.723274
0.319425
0.383550
0.556442
0.335213
0.507620
0.222800
0.999998
0.222673
0.801162
0.000000
0.913635
0.954004
0.177889
1.000000
0.375150
0.506251
0.947829
0.987402
0.584808
0.928060
0.999759
0.912431
0.067057
0.222412
0.977616
0.081678
0.588773
0.000000
0.689111
0.139268
0.271953
0.290805
0.994894
0.275343
0.537700
0.999579
0.429466
0.995430
0.258755
0.623939
0.230451
0.222158
0.999998
0.370717
0.026831
0.364334
0.836369
0.883780
0.960342
0.104071
0.634307
0.744804
0.000000
0.777478
0.965816
0.672489
0.078973
0.804325
0.819761
0.194807
0.607262
0.000000
0.978802
0.219080
0.740022
0.274440
0.981226
0.000000
0.000000
0.985134
0.770479
0.048741
0.893562
0.934835
0.999997
0.874100
0.000000
0.103264
0.371937
0.943674
0.949404
0.997634
0.481194
0.462317
0.356872
0.856165
0.084715
0.999725
0.999642
0.150439
0.121239
0.761363
0.505234
0.721879
0.577244
0.991252
0.699344
0.769221
1.000000
0.347463
0.954293
0.999945
0.000000
0.000000
0.999998
0.314595
0.110804
0.827402
0.614103
0.870238
0.999995
0.000000
0.514422
0.905587
0.052615
0.693505
0.000000
0.929696
0.713593
0.655640
0.202201
0.667631
0.107760
0.993209
0.078697
1.000000
0.671285
0.371805
0.997951
0.402362
0.193608
0.247962
0.088869
0.493714
0.560525
0.991554
0.629143
0.057067
0.998026
0.832510
0.925094
0.221380
0.131325
0.827350
0.287551
0.217104
0.313126
0.000000
0.274927
0.000000
0.578226
0.495498
0.961102
0.994366
0.278582
0.248047
0.999986
0.994461
0.161725
0.000000
0.998294
0.755096
0.605805
0.000000
0.991800
0.957506
0.508620
0.082443
0.999615
0.135986
0.242714
0.188211
0.707805
0.045116
0.459228
0.810116
0.252029
0.992520
0.379863
0.613694
0.267896
0.331977
0.653756
1.000000
0.999999
0.260031
0.999868
0.255454
0.715881
0.999928
0.183504
0.054020
0.962383
0.989608
0.957727
1.000000
0.485357
0.232757
0.991592
0.340669
0.619840
0.246743
1.000000
0.883555
0.189018
0.997493
0.215969
0.453156
0.746503
0.066915
0.932313
0.578576
0.904722
0.262925
0.057822
0.851244
0.863498
0.825135
1.000000
0.988694
0.914004
0.000000
0.997715
0.284341
0.987997
0.200389
0.740406
0.714924
0.461221
1.000000
0.355454
0.238389
0.990992
0.366969
0.816975
0.000000
0.829292
0.529794
0.911166
0.000000
0.000000
0.000000
0.842742
0.999507
0.932079
0.848410
0.999999
0.649914
0.989152
0.989690
0.573860
0.231739
0.510927
0.176394
0.220354
0.000000
0.848795
0.977786
0.690383
0.223252
0.060672
0.384137
0.468904
0.431576
0.977878
0.359708
0.684561
0.834244
0.598733
0.991683
0.148700
0.122725
0.109829
0.557744
0.882285
0.353955
0.997222
0.984166
0.996290
0.386408
0.113147
0.641104
0.997237
0.102717
0.177558
0.466857
0.753011
0.000000
0.852945
0.126969
0.999999
0.495951
0.996892
0.000000
0.267512
0.792672
0.538823
0.215020
0.181553
0.998607
0.387258
0.132273
0.987583
0.470685
0.961935
0.016532
0.998813
0.311014
0.669133
0.301529
0.000000
0.644953
0.466824
0.987713
0.233653
0.000000
0.227304
0.243360
0.999717
0.996673
0.435196
1.000000
0.867269
0.970292
0.325408
0.076279
0.621672
0.000000
0.999434
0.709383
0.000000
0.875473
0.927204
0.340457
0.039775
0.426141
0.487019
0.306690
0.136144
0.809697
0.000000
0.982183
0.853283
0.288250
0.508031
0.997224
0.327076
0.000000
0.895325
0.815324
0.238036
0.000000
0.157317
0.027305
0.712425
0.379676
0.285664
0.990230
1.000000
0.982972
0.225517
0.961014
0.246298
0.908640
0.759060
0.339273
0.999917
0.183905
0.580689
0.705647
0.071990
0.055301
0.300049
0.285229
0.739316
0.000000
0.999989
0.207848
0.929049
0.215047
0.999645
0.226535
0.630708
0.000000
0.999210
0.051975
0.999901
0.957452
0.000000
0.577044
0.283386
0.214843
0.962215
0.794418
0.988444
0.296163
0.999487
0.962695
0.262866
0.999840
0.874647
0.575142
0.999969
0.964489
0.495357
0.262971
0.609754
0.999013
0.581877
0.736449
0.863184
0.321145
0.243991
0.192455
1.000000
0.926058
0.013622
0.828916
0.998759
0.129347
0.999985
0.876793
0.204733
0.147734
0.999987
0.997513
0.999997
0.781623
0.470487
0.000000
0.264330
0.244201
0.834234
0.469717
0.401956
0.173286
0.865778
0.562350
0.950547
0.084383
0.119492
0.999988
0.778824
0.663159
0.045120
0.185591
0.999936
0.142917
0.230573
0.999055
0.066935
0.806646
0.187071
0.981504
0.418935
0.342185
0.813859
0.369831
0.601661
0.996571
0.196993
0.999656
0.426586
0.999995
0.000000
1.000000
0.420691
0.766072
0.302162
0.994279
0.206744
0.914627
0.316055
0.254507
0.411250
0.999999
0.288996
1.000000
0.289749
0.999998
0.000000
0.545246
0.998621
0.658008
0.623538
0.898004
0.943039
0.826922
0.000000
0.505903
0.639254
0.448697
0.984391
0.069015
0.032724
0.339078
0.718042
0.997906
0.297208
0.933920
0.405651
1.000000
0.998279
0.999982
0.118615
0.756374
0.998336
0.838094
0.220592
0.574056
1.000000
0.919186
0.244132
0.573395
0.518759
0.969839
0.786200
0.425934
0.589122
0.540363
0.475841
0.000000
0.931998
0.719864
0.820847
0.969977
0.997646
0.408827
0.169317
0.727687
0.900749
0.980061
0.968098
0.796842
0.044450
0.965183
0.222439
0.346651
0.308973
0.366605
0.272171
0.145761
0.999999
0.489580
0.776545
0.899906
0.262395
0.735624
0.031922
0.141307
1.000000
0.696143
0.283742
0.000000
0.620848
0.321426
0.999795
1.000000
0.736719
0.518662
0.896626
0.999799
0.999743
0.293148
0.411860
0.122246
0.488996
0.462414
1.000000
0.927024
0.413281
1.000000
0.653376
0.235221
0.455781
0.405457
0.233060
0.140433
0.990760
0.774369
1.000000
0.070440
0.939494
0.000000
0.052467
0.309641
0.949495
0.606573
0.766961
0.500714
0.591399
0.247393
0.999719
0.369459
0.848856
0.124057
0.999992
0.999874
0.270160
0.074768
0.996600
0.118495
1.000000
0.999886
0.265788
0.999989
0.965887
0.955106
0.272485
0.000000
0.512393
0.137199
0.957030
1.000000
0.666213
0.998685
0.989997
0.076378
0.189253
0.750013
0.323855
0.000000
1.000000
0.726150
0.525724
0.969909
0.696783
0.742785
0.832337
0.181984
0.156377
0.237656
0.978950
0.667088
0.229473
0.142810
0.269022
0.268067
0.470845
0.260906
0.999867
0.999806
0.428805
0.000000
0.510609
0.272558
0.999973
0.549956
0.996027
0.966556
0.107116
0.948212
0.293401
0.321845
0.000000
0.996914
0.810135
0.967730
0.144830
0.965455
0.998568
0.737490
0.000000
0.078730
0.528905
0.474817
0.079530
0.478146
0.195345
0.311241
0.898372
0.995109
0.489259
0.476717
1.000000
0.754269
0.000000
0.322578
0.913401
0.081265
0.916472
0.104660
0.822994
0.175514
0.203732
1.000000
0.999708
0.599438
0.896395
0.241704
0.191329
0.352348
0.500851
0.978728
0.119529
0.105878
0.000000
0.579700
0.437638
0.142162
0.955415
0.991802
0.066799
0.295619
0.285813
0.999945
0.851759
0.704938
1.000000
0.109914
0.980546
1.000000
0.400223
0.999326
0.999646
0.308399
0.392668
0.000000
0.733267
0.728842
1.000000
0.516830
0.000000
0.994929
0.999947
0.322881
0.994339
0.729722
0.938392
1.000000
1.000000
1.000000
0.999994
0.942613
0.179821
0.998102
0.506003
0.530340
0.510724
0.104878
1.000000
0.166648
1.000000
0.394072
0.269977
0.211159
0.862158
0.000000
0.998962
1.000000
0.814104
0.998885
0.207107
0.995121
0.844942
0.396257
0.999205
0.739697
0.671955
0.989279
0.442986
0.446775
0.493322
0.997923
0.000000
0.515899
1.000000
0.816208
0.977257
0.998536
0.000000
0.549816
0.833052
0.000000
0.984130
0.206954
0.978450
1.000000
0.000000
0.742544
0.725261
0.999417
0.224637
0.223163
0.465815
0.180710
0.999662
0.455704
0.679217
0.999998
0.149940
0.619874
0.110993
0.225855
0.304800
0.757641
0.999333
0.610160
0.366889
0.106157
1.000000
1.000000
0.997139
0.578194
0.975425
0.311179
0.015090
0.152746
0.765129
0.956720
1.000000
0.314417
0.941827
0.993938
0.320731
0.797273
0.974277
1.000000
0.406564
0.000000
1.000000
0.918749
0.280851
0.807289
0.312457
0.630192
0.962039
0.296017
0.000000
0.996473
0.776851
0.990795
0.961290
0.999467
0.896243
0.162295
0.019397
0.297172
0.420343
0.234175
0.647303
0.125498
0.896318
0.884940
0.273844
0.962284
0.415595
0.116056
1.000000
0.995466
0.743139
0.729149
1.000000
0.491470
0.217501
0.436089
0.912120
0.998334
0.190182
0.729460
0.994175
0.617893
0.502586
0.675114
0.914039
0.000000
0.000000
0.998668
0.999992
0.043570
0.273583
0.999999
0.327910
0.405892
0.891974
0.288541
0.959803
0.956944
0.000000
0.601914
1.000000
0.242245
0.629753
0.615786
0.000000
0.764175
0.579768
0.727395
0.995379
1.000000
0.999905
0.402609
0.375930
0.977486
0.525759
0.548898
0.139118
0.999987
0.274710
0.126849
0.789426
0.908499
0.585399
0.325862
0.644050
0.411801
0.970854
0.125237
0.000000
0.914242
0.529804
0.583730
0.000000
0.997774
0.975048
0.548399
0.028016
0.076725
0.359496
0.928113
0.441732
0.763306
0.173782
0.975569
1.000000
0.250296
0.774284
0.171557
0.167299
0.594591
0.414391
0.213430
0.349833
0.294973
0.000000
0.997139
0.325720
0.995994
0.425771
0.289662
0.794840
0.999988
0.000000
0.592737
0.153878
0.844333
0.225094
0.973105
0.292200
0.055190
0.000000
0.659300
0.000000
0.448086
0.000000
0.495220
0.340091
0.992898
0.000000
0.962095
0.975130
0.261887
0.852471
0.921623
0.311816
0.442713
1.000000
0.824734
0.606693
0.000000
1.000000
0.349460
0.636236
0.616498
0.846714
0.362702
0.622796
0.877410
0.998195
0.439029
0.833941
0.352332
0.355544
0.647588
0.123068
0.496135
0.000000
0.156497
0.003785
0.097809
1.000000
0.288199
0.786835
0.371800
0.169502
0.492416
0.148193
0.940637
0.028191
0.000000
0.259555
0.721066
0.328628
0.146633
0.000000
0.999915
0.995578
0.564463
0.199627
0.600595
0.268313
0.113470
0.250927
0.774507
0.977542
0.999906
1.000000
0.830160
0.368504
1.000000
0.841521
0.000000
0.260814
0.632611
1.000000
0.075561
0.616297
0.415113
0.836413
0.401029
0.999993
0.414798
0.432207
0.254045
0.998962
0.811273
0.999613
0.533596
0.453857
0.726901
0.550802
0.408961
0.106285
0.937305
0.970890
0.201186
1.000000
0.673475
0.360307
0.986708
0.457196
0.000000
0.408823
0.948079
0.000000
0.987038
0.573351
0.180924
0.853555
0.724522
0.236203
0.922354
0.000000
0.745496
0.565760
0.884137
0.659380
0.976592
0.136594
0.877363
0.214011
0.999889
0.534883
0.998512
0.999895
0.832883
0.975793
0.776503
0.284851
0.162214
0.996533
0.989973
0.950584
0.075185
0.252738
0.235441
0.077388
0.090545
0.216287
0.486575
0.955023
0.887512
1.000000
0.000000
0.959179
0.314211
0.970695
0.000000
0.999459
0.220995
0.763463
0.915510
0.299218
0.999991
0.390013
0.366257
0.236414
0.000000
1.000000
0.394529
0.959827
0.285023
1.000000
0.904805
0.140346
0.901095
0.999370
0.000000
0.703990
0.765361
0.688687
0.551630
0.997607
0.051726
0.382170
0.284280
0.545817
0.887225
0.206718
0.998520
0.038132
0.963452
0.174235
0.664568
1.000000
0.322982
0.733142
0.999961
0.291820
0.000000
0.174904
0.968429
0.679704
0.870210
0.999851
0.496333
0.858596
0.999620
0.333339
1.000000
0.230952
0.818111
0.999997
0.999999
0.313561
0.554598
0.366157
0.905178
0.820766
0.919481
0.631544
0.105290
0.240480
0.330462
0.340011
0.266850
0.443038
0.112906
0.993966
0.636051
0.972781
0.538537
0.545737
0.714716
0.000000
0.252968
0.324359
0.063703
0.220667
1.000000
0.446881
0.999999
0.952241
0.999835
0.493326
0.967814
0.513418
0.865308
0.207358
0.312741
0.425549
0.615296
0.500955
0.271426
0.930989
0.937376
0.866574
0.898287
0.792633
0.436221
0.224495
0.684168
0.999971
0.110655
0.819047
0.384098
0.700563
0.847992
0.406279
0.414832
1.000000
0.155240
0.248485
0.999485
0.224759
0.879720
0.995183
0.312180
0.183383
0.481348
1.000000
0.493648
0.505979
0.173558
0.077037
0.000000
0.995000
0.328637
0.333550
0.999744
0.978544
0.229891
1.000000
0.999746
0.000000
0.008312
0.948065
0.869314
0.979385
0.999821
0.406353
0.000000
0.163860
0.367471
0.452048
1.000000
0.991620
0.780323
0.976463
0.828520
0.223538
0.963151
0.239134
0.000000
0.249762
0.915557
0.278001
0.000000
0.961955
0.027310
0.549485
0.306296
0.291702
0.612802
0.524368
0.039764
0.934425
0.000000
0.111743
0.729687
0.338106
0.991986
0.519488
0.248553
0.856230
0.609674
0.539206
0.536379
0.000000
0.120932
0.187890
0.993600
0.183756
0.578009
0.189280
0.692655
0.214573
0.998887
0.999983
0.065254
0.983413
0.897239
0.279160
1.000000
0.987796
0.828714
0.579256
0.499388
0.000000
0.398190
0.570561
0.000000
0.960916
1.000000
0.917195
0.561398
1.000000
0.679118
0.583789
0.999991
0.670534
0.154167
0.000000
0.981825
0.527797
0.976965
0.000000
0.000000
0.312129
0.093472
0.905870
0.969130
0.809837
0.242803
0.239341
0.000000
0.999300
0.700904
1.000000
0.766512
0.932238
0.954100
0.451017
0.000000
0.253667
1.000000
0.075695
0.000000
0.568864
0.413684
0.156928
0.341277
0.782925
0.715673
0.986206
0.399193
0.303325
0.354128
0.000000
0.280514
0.505217
0.129184
0.231276
0.337959
0.925831
0.000000
0.906594
0.000000
0.966996
0.306816
0.092833
0.046851
0.239336
0.721149
0.999382
0.902947
0.283924
0.930275
0.000000
0.757320
0.255792
0.076930
0.649813
1.000000
0.901115
0.994365
0.246410
0.000000
0.996898
1.000000
0.000000
0.000000
0.751944
0.994518
0.428643
0.987846
0.845944
0.271780
0.974392
0.201943
0.071540
0.662961
0.373454
0.934240
0.987816
0.847503
1.000000
0.318593
0.000000
0.065782
0.561126
0.670366
0.980498
0.999937
0.510980
0.999997
0.272773
0.153170
0.060542
0.150189
0.249958
0.164847
0.588841
0.415098
0.686338
0.999557
0.205400
0.379242
0.772143
0.786399
0.910516
0.720165
0.170893
0.462891
0.566591
0.108632
0.544399
0.999792
0.994161
0.704544
0.999102
0.000000
0.398633
0.773451
0.832050
1.000000
0.869968
0.280605
0.574937
0.042930
0.999938
0.542757
0.419091
0.072964
1.000000
0.403642
0.274195
0.780912
0.210076
0.000000
0.157788
0.854982
0.218417
0.886762
0.212211
1.000000
0.998639
0.000000
0.307071
0.298849
0.993021
0.061606
0.025092
0.454037
0.951064
0.000000
0.356487
0.591590
0.999949
0.000000
0.899961
0.678593
0.000000
0.970463
0.989340
0.000000
0.999941
1.000000
0.136591
0.991475
0.717027
0.956827
0.575833
0.938678
0.030138
0.720363
0.592096
0.857591
0.485151
0.324000
0.303514
0.896718
0.256308
0.477687
0.884378
0.932089
0.510784
0.575205
0.999473
0.000000
0.335170
0.045274
0.422181
0.957590
1.000000
0.894826
0.000000
0.999974
0.572214
0.669761
0.000000
0.521103
1.000000
0.000000
0.977685
0.886098
0.919473
0.605128
0.464452
0.962016
0.094727
0.279404
0.442058
0.017804
0.149341
0.979006
0.427112
0.711222
0.031110
0.999998
0.276430
0.267531
0.400793
0.752268
0.000000
0.366175
0.984291
0.396454
0.075651
0.636812
0.000000
0.000000
0.878792
0.000000
0.000000
0.000000
0.799401
0.923201
0.204058
0.999986
0.656464
0.543472
0.971146
0.972277
0.554791
0.906397
0.579945
0.968064
0.409942
0.302286
0.607089
0.736185
0.854470
0.997617
0.999455
0.999954
0.992059
0.995469
0.450801
0.272919
0.681862
0.999780
0.406466
0.260896
0.293912
0.701622
0.518818
0.811710
0.972238
0.000000
0.306995
0.948396
0.207813
0.999945
0.424814
0.000000
0.416000
0.714455
0.991329
0.919459
0.999956
0.974450
0.930512
1.000000
0.233333
0.207548
0.985930
0.083524
0.049724
0.041030
0.000000
0.047725
0.000000
1.000000
0.963118
0.998003
0.000000
0.394669
0.141299
0.967853
0.988403
0.152706
0.369692
0.417606
0.046849
0.278537
0.000000
0.250715
0.000000
0.236485
0.654689
0.392134
0.999719
0.499300
0.283789
0.665173
0.985952
0.181595
0.000000
0.740569
0.567277
0.289392
0.239987
1.000000
0.700171
0.755680
0.994874
0.988532
0.686040
0.936111
0.240898
0.000000
0.160333
0.994578
0.177975
1.000000
0.151333
0.999996
0.071981
0.766573
0.620518
0.682641
0.354247
0.274456
0.560146
0.176233
0.376843
0.999117
0.000000
0.147912
0.999727
0.669781
0.000000
0.173265
0.339973
0.999083
0.429469
0.384766
0.583876
0.802658
0.000000
0.089563
0.848703
0.334639
0.633496
0.989683
0.356520
0.361891
0.000000
0.133313
0.908571
0.987290
0.000000
0.478435
0.663143
0.956133
0.280183
0.358854
0.040823
0.606719
0.032688
0.460036
0.998218
0.893377
0.437097
0.678503
0.999961
0.572541
1.000000
0.994759
0.783123
0.581621
0.095669
0.000000
0.000000
0.000000
0.257812
0.239003
0.421334
0.618679
0.720178
0.569696
0.070898
0.061343
0.907717
0.983346
0.209252
0.783963
0.478124
0.942788
0.933379
1.000000
0.998284
0.340416
0.721646
0.873750
0.434649
0.682151
0.412274
0.292118
1.000000
0.556585
0.026965
0.419629
0.995137
0.355698
0.517421
0.000000
0.382296
0.000000
0.621338
0.827093
0.173872
0.978313
0.999868
0.791686
0.763508
0.424952
0.447274
0.357612
0.696768
0.924330
0.495061
0.512723
0.707026
1.000000
0.743242
0.115787
0.999864
0.248684
0.980952
0.453759
0.995675
0.169721
0.372515
0.999898
0.478262
0.862158
0.113299
0.849702
1.000000
0.999801
0.695406
0.070136
0.985217
0.000000
0.873322
0.240136
0.761974
0.074529
0.000000
0.671820
0.078976
0.251877
0.156333
0.259950
0.908867
0.042632
0.998489
0.000000
0.281438
0.370099
0.418706
0.462380
0.818358
0.402593
0.988602
0.410403
0.686157
0.496609
0.356689
0.374104
0.000000
0.144141
0.971872
0.302203
1.000000
1.000000
0.979222
0.589003
0.779993
0.000000
0.070784
1.000000
0.995925
0.884229
0.000000
0.999873
0.185408
0.593755
0.564963
0.999102
0.210581
0.439316
0.179810
0.000000
0.999999
0.358448
0.498946
0.999994
0.000000
0.387616
0.404409
0.115605
0.751621
0.693848
0.540634
0.364205
0.133237
0.893271
0.898419
0.886535
0.663442
0.999375
0.000000
0.293359
0.998779
0.999100
0.665799
0.869966
0.269681
0.000000
0.169224
0.261799
0.616248
0.684795
0.406351
0.970929
0.000000
0.000000
0.974724
0.756018
0.984920
0.231628
0.999985
0.688068
0.999685
0.004669
1.000000
0.284885
0.222844
0.427208
0.888514
0.314673
0.944122
0.196349
0.999977
0.999932
0.869997
0.212701
0.574868
0.386020
0.997813
0.120978
0.965562
0.588694
0.997257
0.586283
0.774143
0.934939
0.286551
0.071251
0.843617
0.000000
0.848562
0.600893
0.415762
0.582299
0.999874
0.264866
0.941836
0.999988
0.679806
0.821510
0.538118
0.989462
0.990913
0.806785
0.650715
0.955991
0.168957
0.209138
0.404248
0.612700
0.098614
0.417896
0.921816
0.998225
0.422120
0.000000
0.876705
0.880900
0.104522
0.591170
0.040613
0.121948
0.962544
0.066357
0.936810
0.628495
0.753943
0.799457
0.872343
0.000000
0.520784
1.000000
0.983272
0.095546
0.681261
0.138002
0.602571
1.000000
0.245524
0.569635
0.728223
0.988871
0.556887
0.219213
0.844836
0.999988
0.655058
0.975299
0.224429
0.999977
0.940959
0.828006
0.999990
0.000000
0.541592
0.976239
0.275243
0.000000
0.713463
0.000000
0.773970
0.601693
0.826931
0.245882
0.339243
0.999814
0.233234
0.547033
0.551791
0.364776
0.695301
1.000000
0.698859
0.379684
1.000000
0.964121
0.272108
0.385956
0.000000
0.515950
0.656372
0.950705
0.000000
0.864761
0.638603
0.448929
0.615291
0.621054
0.555820
0.299896
0.003167
0.999726
0.218175
0.206588
0.990569
0.096804
0.718739
0.999997
0.996016
0.871841
0.323251
0.918073
0.354464
0.990021
0.581470
0.804839
0.855963
0.000000
0.240604
1.000000
0.418422
0.222176
0.116485
0.551463
0.335368
0.000000
0.929077
0.993829
0.392938
0.262117
0.454387
0.790040
0.728175
0.690915
0.999475
0.999727
0.110449
0.564068
0.636146
0.276435
0.586481
0.872338
0.252900
0.851609
0.999988
0.874054
0.260561
0.750908
0.312279
0.070953
0.999350
0.107450
0.474358
0.381465
0.995463
0.996939
0.999833
0.945737
0.837894
0.044352
0.997937
0.346839
0.714195
0.000000
0.873022
0.605862
0.898453
0.079532
0.680628
1.000000
0.776478
0.361367
0.000000
0.999997
0.175703
0.984577
0.961779
0.278481
0.674302
0.920778
0.124413
0.091401
0.278616
0.999802
0.390967
0.511310
0.942695
0.645017
0.239195
0.018837
0.000000
0.584817
0.153580
0.911078
0.000000
0.312765
0.999935
0.999893
0.999989
0.148756
0.995600
0.878106
0.140370
0.222321
0.817807
0.197977
0.171521
0.997577
0.622084
0.819824
0.427974
0.677612
0.999415
0.539141
0.818989
0.453641
0.532375
0.863048
0.324834
0.818953
0.958858
0.721019
0.000000
0.907662
0.131894
0.994999
0.991850
0.264451
0.997763
0.999826
0.989519
0.351013
0.067042
0.344128
0.773425
0.539008
0.425153
0.560647
0.842984
0.355131
0.614781
0.592414
0.000000
0.617825
0.079313
0.802572
0.000000
0.804604
0.465798
0.295240
0.709917
0.694025
0.082020
0.946954
0.074352
0.075370
0.610462
0.277640
0.524532
0.026218
0.085313
0.236027
0.357038
0.770153
0.459986
1.000000
0.686263
0.875097
0.662892
0.793650
0.816411
0.291539
0.203804
0.493032
0.448948
0.108986
0.059623
0.839308
1.000000
0.999647
0.357850
0.188614
0.079656
1.000000
0.829280
0.998236
0.551895
0.769957
0.443218
0.718068
0.850438
0.994391
0.915958
0.545928
0.649303
0.176262
1.000000
0.999973
0.983323
0.705191
0.000000
0.958135
0.298077
0.999950
0.669095
0.216613
0.287601
1.000000
0.817815
0.259084
0.309989
1.000000
0.980881
0.319526
0.125035
0.978735
0.854219
0.000000
0.625818
0.202115
0.720014
0.000000
0.256249
0.871654
0.849296
0.999999
0.618023
1.000000
0.825268
1.000000
0.154694
1.000000
0.977328
0.000000
0.999932
0.094559
0.261147
0.532766
0.439100
0.999975
0.545407
0.891356
1.000000
0.782512
0.840067
0.381294
0.989696
0.522251
0.180548
0.793136
0.448825
0.313940
0.746200
0.999980
0.000000
0.860256
0.232739
0.153869
0.998825
0.419339
0.918695
0.863291
0.000000
0.892660
0.724638
0.968070
0.749011
0.224633
0.998986
0.979575
0.000000
0.221143
0.383992
0.999981
0.997326
0.254911
0.993691
0.797029
0.166129
0.103271
0.999246
0.384272
0.132914
0.994703
0.894044
0.998648
0.630042
0.180512
0.831655
0.999998
0.000000
0.850097
0.950024
0.998237
0.438126
0.928550
0.370705
0.946394
0.408382
0.839795
0.523429
0.259335
1.000000
1.000000
0.285835
0.133792
0.472186
0.999868
0.862492
0.989411
0.196862
0.609113
0.000000
0.089681
0.588609
0.251767
0.884286
0.812435
0.999993
0.363198
0.000000
0.395764
0.714189
0.695537
0.621131
0.324565
0.074611
0.476842
0.914557
0.705177
0.445338
0.971847
0.235493
0.000000
0.370421
1.000000
0.565189
0.724033
0.841626
0.167227
0.499768
0.388780
0.444300
0.443861
0.916937
0.000000
0.861424
0.775786
1.000000
0.999568
1.000000
0.405723
0.302655
0.158147
0.216429
0.407913
0.552779
0.042068
0.793122
0.989834
0.531643
0.111302
0.919889
0.999736
0.999997
0.999983
0.999926
0.819371
0.440160
0.000000
0.201540
0.252748
0.979713
0.670410
0.066344
0.993184
0.998887
0.999996
0.638018
0.220437
0.533644
0.827681
0.648146
0.996476
0.000000
0.880437
0.742928
0.345108
0.118816
0.527197
0.989721
1.000000
0.778270
0.725814
0.561199
0.000000
0.147329
0.360144
0.980035
0.223921
0.546454
0.169405
0.996710
1.000000
0.984913
0.370122
0.995450
0.000000
0.475269
0.999999
0.074720
0.585943
0.291195
0.000000
0.000000
0.355848
0.284271
0.690568
0.692820
0.491339
0.750008
0.927114
0.999866
1.000000
0.396435
0.488137
0.752773
0.993072
0.836363
0.254519
0.013395
0.000000
0.000000
0.987020
0.999069
1.000000
0.994300
0.556830
0.000000
0.540326
0.329741
0.620735
0.999928
0.945786
0.852505
1.000000
0.005882
0.921021
0.144733
0.406911
0.999997
0.886138
0.540915
0.358011
0.550294
0.821856
0.344061
0.829705
0.570581
0.000000
0.779077
0.466540
0.463649
0.287931
0.392418
0.558190
0.860727
1.000000
0.977625
0.000000
0.142263
0.786343
0.006911
0.345266
0.999997
0.726488
0.999822
0.901493
0.999197
0.058331
0.343674
1.000000
0.786643
0.000000
0.076881
0.000000
0.641654
0.000000
0.008266
0.000000
0.510334
0.707052
0.248754
0.037521
0.822623
0.920028
0.698089
0.125626
0.999992
0.920743
0.000000
0.999506
1.000000
0.826049
0.000000
0.604294
1.000000
0.558454
0.107621
0.861939
0.836455
0.957249
0.999264
0.589939
0.999385
0.493477
0.000000
0.683075
0.814875
0.000000
0.799950
0.999998
0.826838
0.545424
0.970260
0.529103
0.680683
0.255818
0.999455
0.602267
1.000000
0.424659
0.553233
0.656420
0.303685
0.209171
0.089085
0.790070
0.970865
0.211151
0.326096
0.763890
0.779579
0.230189
0.829253
0.767756
0.509807
0.112739
0.628283
0.309000
0.629863
0.853166
0.681356
0.318992
0.931413
0.882007
0.777614
0.495534
0.504945
0.567786
0.443669
0.000000
0.978246
0.495253
0.000000
0.645744
0.690164
0.363392
0.210452
0.051545
0.116914
0.528888
0.115993
0.781859
0.525877
0.596744
1.000000
0.081529
0.861736
0.758556
0.000000
0.311979
0.274048
0.161827
0.999778
0.999213
0.346405
0.059032
0.869466
0.506803
0.000000
0.607954
0.700037
0.708912
0.273577
0.961692
0.370881
0.000000
0.000000
0.232447
0.755061
0.980659
0.792221
0.141620
0.999541
0.901460
0.999996
0.250810
0.995485
0.996047
0.206407
0.000000
0.000000
0.565625
0.921613
0.443673
0.300709
0.000000
0.655219
1.000000
0.517708
0.935123
0.999332
0.896309
0.390910
0.860088
1.000000
0.470295
1.000000
0.967547
0.435721
0.151037
0.868266
0.995023
0.892699
0.319259
0.000000
0.550783
0.962663
0.334829
0.418584
0.174038
0.401617
0.035872
0.821053
0.999942
0.792843
0.341308
0.144281
0.874967
0.273063
0.038235
0.000000
0.114650
0.593542
0.329986
0.330103
0.538505
0.991506
0.994874
0.215025
0.619687
0.994464
0.998266
0.987065
0.966429
0.545759
0.311068
1.000000
0.000000
0.981277
0.984201
0.999995
0.572687
0.151200
0.866903
0.196224
0.998425
0.999480
0.999787
0.305045
0.879346
0.882829
0.179716
0.289429
0.000000
0.628261
0.430424
0.141870
0.657151
0.999920
0.082707
0.791165
0.945143
0.993273
1.000000
1.000000
0.174679
0.998837
0.826246
0.455814
0.055165
0.000000
0.739713
0.145780
0.216117
0.396367
0.900102
0.201854
0.776547
0.937678
0.202476
0.207984
0.463755
0.233518
0.276110
0.791888
0.921166
0.624097
0.266072
0.825984
0.694711
0.605837
0.505002
0.201330
0.077662
0.370518
0.347211
0.941526
0.151265
0.696590
0.000000
0.208727
0.998857
0.939054
0.217021
0.971165
1.000000
0.886159
0.553351
0.853649
1.000000
0.888894
0.991871
0.655757
0.203064
0.988693
0.858511
0.999985
0.932027
0.000000
0.251506
0.455609
0.507456
0.103042
0.000000
0.779963
0.260607
0.000000
0.160470
0.470558
0.466832
0.640346
0.974532
1.000000
0.396262
0.479285
0.563836
0.598972
0.104227
0.000000
0.919464
0.597611
0.248970
0.734344
0.996235
1.000000
0.315369
0.993371
0.000000
0.999999
0.282991
0.629893
0.216639
0.747833
0.374401
0.652291
0.000000
0.457447
0.381153
0.989209
0.826849
0.297839
0.750356
0.523858
0.999969
0.999989
0.127821
1.000000
0.990981
0.999559
0.152438
0.994618
0.955029
0.418731
0.000000
1.000000
0.981723
0.204599
0.246876
0.599688
0.740975
0.395809
0.529562
0.285401
0.078957
1.000000
0.999997
0.064907
0.860488
0.802282
0.957280
0.103417
0.891721
0.056630
0.375693
0.786379
0.633850
0.674417
0.039186
0.293250
0.341539
1.000000
0.215538
0.999998
0.924009
0.554850
0.529390
0.743847
0.356634
0.998559
0.000000
0.066650
0.999207
0.360543
0.000000
0.335176
0.642025
0.443257
0.073470
0.238494
0.322115
0.276209
0.662303
0.938728
0.923298
1.000000
0.515170
0.139197
0.999999
0.501846
0.725135
0.999360
0.888855
0.324527
0.997474
0.440044
0.799534
0.956250
0.719321
0.243443
0.734755
0.312647
0.085464
0.574017
0.323639
0.959181
0.083291
0.000000
0.421917
0.955659
0.087365
1.000000
0.999972
0.064010
0.995538
0.679126
0.585926
0.216834
0.388562
0.432922
0.999767
0.880178
0.826402
0.999971
0.138709
0.209801
0.978571
1.000000
0.999975
0.393861
0.767576
0.437899
0.296435
0.266723
0.343893
0.236755
0.643389
0.310374
0.216622
0.970798
0.999997
0.614892
0.983408
0.996359
0.123189
0.000000
0.336018
0.722976
0.583611
0.114151
0.351395
0.998725
0.983690
0.098505
0.932222
0.000000
0.077684
0.000000
1.000000
0.260856
0.326899
1.000000
0.982043
0.986472
0.490379
0.223857
0.469846
0.734794
0.477914
0.944113
0.960548
0.363714
0.213518
0.998802
0.962362
0.705499
0.906294
0.108313
0.898582
0.000000
0.178881
0.897653
0.995108
0.756379
1.000000
0.585933
0.681398
0.926700
0.278787
1.000000
0.512120
0.679756
0.222196
0.987089
0.117604
0.957357
0.868003
0.478978
0.584543
0.984820
0.000000
0.980729
0.947157
0.009579
0.711588
0.907753
0.953339
0.915554
0.505660
0.346869
0.997825
0.952569
0.074215
0.948405
0.922854
0.999884
0.890077
0.849211
0.222949
0.243467
0.345349
0.844415
0.481869
0.782487
0.000000
0.199462
0.416331
0.988049
0.912568
0.951580
0.828850
0.000000
0.653542
0.397028
0.633465
0.688669
0.366368
0.482983
0.145326
0.069284
0.137948
0.995645
0.000000
0.085502
0.399750
0.652000
0.941946
0.239289
0.773798
1.000000
1.000000
0.499228
0.419912
0.999941
0.943503
0.459083
0.544117
0.000000
0.403383
0.000000
0.401240
0.630039
0.998546
0.998441
0.327214
0.531067
0.752480
1.000000
0.884627
0.298658
0.286965
0.999339
0.839128
0.416869
0.379979
0.254650
0.773787
0.353286
0.422155
0.106776
0.607014
0.979929
0.503131
0.233467
0.994095
0.670728
0.000000
0.141180
0.958733
0.999999
0.334855
0.452564
0.136227
0.345540
0.509607
0.675317
0.148968
0.088523
0.858124
0.438724
0.470402
0.683572
0.371478
0.921969
0.460599
0.587054
0.834883
1.000000
0.984510
0.597981
0.999998
0.695206
0.618097
1.000000
0.851172
0.986946
0.764720
0.497518
0.060946
0.153667
0.851284
1.000000
0.713540
0.444725
0.999888
0.389602
0.961528
0.996816
0.000000
0.834049
0.613104
0.000000
0.999991
0.444614
0.317238
0.363595
0.713963
0.765636
0.121460
0.554184
1.000000
0.258250
0.245579
0.717808
0.391720
0.999883
0.299224
0.279425
0.926382
0.270389
0.078332
0.431914
0.137207
0.906972
0.717912
0.530596
1.000000
0.332169
0.147982
0.355529
0.898838
0.636660
0.826831
0.026441
0.326539
1.000000
0.185210
0.283156
0.287025
0.484594
0.993319
0.000000
0.754094
0.618161
0.998958
0.999824
0.493103
0.946127
0.281956
0.046919
0.506480
0.000000
0.525192
0.539405
0.000000
0.161417
0.306908
0.999386
0.535685
0.147826
0.996931
0.214169
0.999559
0.346130
0.769602
0.989183
0.649800
0.725313
0.793224
0.999973
0.408810
0.796578
0.308854
0.630459
0.670250
0.690234
0.000000
0.310042
0.254384
0.037068
0.000000
0.881883
0.781251
0.899835
0.388406
0.233936
0.399229
0.177718
0.303415
0.998505
0.066258
0.266499
0.156076
0.350115
0.230613
0.020465
0.394491
0.398231
0.565442
0.979325
0.712946
0.868982
0.990883
0.000000
0.056412
0.323923
0.517968
0.388498
0.093326
0.951842
0.104855
0.374385
0.269309
0.000000
0.999004
0.999996
0.979919
0.270702
0.638841
0.089621
0.417457
0.950855
0.794944
0.897812
0.999999
0.685074
0.317010
0.283845
0.791310
0.103072
0.642556
0.000000
0.624868
0.784121
0.399096
0.000000
0.101312
0.495596
0.216968
0.093802
0.558032
0.593183
0.993581
0.391279
0.944273
0.638847
0.434402
0.911008
0.326528
0.127118
0.720071
0.866729
0.864708
0.465909
0.995892
0.999936
0.033965
0.418615
0.800014
0.292749
0.673448
0.961831
0.679244
0.000000
1.000000
0.088353
0.450362
0.387692
0.998824
0.803553
0.142234
0.741890
0.761457
0.796975
1.000000
0.676895
0.452298
0.634458
0.057420
0.322299
0.000000
0.315558
0.087983
0.511308
0.998763
0.529117
0.244845
0.362959
0.995530
0.465964
0.521025
0.623041
0.000000
0.565621
0.332392
0.030853
0.770243
0.883480
0.000000
0.365282
0.113875
0.795957
0.000000
0.332811
0.229460
0.644056
0.926931
0.999803
0.992750
1.000000
0.281394
0.708148
0.307190
0.604511
0.088230
0.678091
0.929882
0.742074
0.598506
1.000000
0.998625
0.910833
0.673794
0.085224
0.569729
0.834307
0.587882
0.988337
0.254285
0.470546
0.082391
0.246272
0.999021
0.439385
0.039565
0.315498
0.871431
1.000000
0.264932
0.999985
0.294687
0.987783
0.879127
0.999992
0.080281
0.942550
0.313485
0.473273
0.307181
0.776893
0.155360
0.456867
0.621456
1.000000
0.998976
0.105294
0.484312
0.997891
1.000000
0.986481
0.000000
0.286693
0.999615
0.604321
0.000000
0.250002
0.151194
0.957295
0.996762
0.907956
0.893200
1.000000
0.109109
0.011840
0.000000
0.643218
0.382249
0.710421
0.950684
0.363325
0.416625
0.636174
0.999725
0.999977
0.124614
0.734710
0.982101
0.995229
0.468412
0.999804
0.465240
0.215157
0.429623
0.479135
0.897062
0.254840
0.957032
1.000000
0.302944
0.951632
1.000000
0.673173
0.497917
0.999636
0.400346
0.997367
0.999996
0.000000
0.320736
0.805560
0.160607
0.999992
1.000000
0.189841
1.000000
0.632449
0.002722
0.352723
0.486844
0.434580
0.989731
0.627886
0.137030
0.204579
0.289329
0.106366
0.801696
0.198211
0.875113
1.000000
0.374884
0.988655
0.915101
0.996212
0.998317
0.468112
0.321787
0.316660
0.276489
0.767045
0.184489
0.149997
0.000000
0.543608
0.734636
0.771692
0.999999
0.660934
0.088360
0.955703
0.269281
0.320158
0.502268
0.901662
0.086906
0.776127
0.169991
0.124995
0.799999
0.964054
0.803342
0.318238
0.999915
0.618344
0.713572
1.000000
0.000000
0.999697
0.236758
0.055759
0.000000
0.086817
0.267093
0.534988
0.993061
0.076274
0.999631
0.320433
0.358507
1.000000
0.202129
0.998863
0.887093
0.990281
0.998365
0.299449
0.626462
0.999923
0.584225
0.339888
0.000000
0.619071
0.935248
0.999997
0.999997
0.996152
0.999772
0.393604
0.550131
0.973921
0.059461
0.973142
0.197348
1.000000
0.345480
0.953570
0.764065
0.999510
0.822594
0.135615
0.267666
0.273210
0.984292
0.229099
0.860548
0.000000
0.000000
0.000000
0.137315
0.227711
0.085303
0.682589
0.059366
0.999344
0.999854
0.972936
0.515534
0.161384
0.000000
0.473656
0.386599
0.089159
0.848292
0.998102
0.814259
0.768492
0.538799
0.993887
0.157506
0.981744
0.079235
0.707756
0.313563
0.466974
1.000000
0.018345
0.612730
0.733815
0.323004
0.517490
0.971787
0.803261
0.901366
0.413888
0.290981
0.000000
0.273051
1.000000
1.000000
0.999997
0.286569
0.299572
0.621827
0.999981
0.894429
0.999933
0.999991
0.146108
0.401378
0.974023
0.655489
0.238667
0.822923
0.000000
1.000000
0.000000
0.000000
0.000000
0.334621
0.421265
0.999997
0.715842
0.720030
0.550093
0.548269
0.862441
0.899054
0.230569
0.624818
0.000000
0.000000
0.993504
0.204415
0.385039
0.332149
0.999848
0.928598
0.631620
0.122659
0.957371
0.046353
0.215733
0.258604
0.000000
0.957023
0.000000
0.144820
0.696966
0.206339
0.346263
1.000000
0.425556
0.258422
0.492966
0.835140
0.652068
1.000000
0.709392
1.000000
0.000000
0.369498
0.325995
0.280000
0.579854
1.000000
0.989770
0.303468
0.962327
0.738782
0.994478
0.396936
0.821979
0.762036
0.000000
0.338302
0.165326
0.361632
0.736142
0.017285
0.691334
0.589915
0.754476
0.236440
0.345984
1.000000
0.802176
0.522122
0.185610
0.184056
0.997264
0.600917
0.037264
0.463550
0.100698
0.621030
0.653716
0.075585
0.510507
0.858775
0.823445
0.278984
0.973568
0.945167
0.979317
0.714620
0.000000
1.000000
0.607658
0.059555
0.999871
0.090878
0.661860
0.000000
0.995661
0.415581
0.914505
0.051936
0.586005
0.972144
0.611442
0.464071
0.622395
0.022575
0.994915
0.896944
0.749288
0.988474
0.950074
0.999545
0.392846
0.208223
1.000000
0.999005
0.064677
0.225774
0.542645
0.389895
0.728196
0.513009
0.743992
0.797331
0.776934
0.999918
0.676904
0.000000
0.000000
0.406610
0.736921
0.365022
0.759009
0.299999
0.000000
0.703393
0.000000
0.754922
0.172971
0.507478
0.513788
1.000000
1.000000
0.039292
1.000000
0.700510
0.509414
0.286065
0.074461
0.059891
0.427139
0.888538
0.938073
0.254463
0.966045
0.332626
0.000000
0.999967
0.000000
0.049511
0.613145
0.368413
0.000000
0.984534
0.000000
0.461195
1.000000
0.935327
0.654912
0.167729
0.999980
0.269304
0.678059
0.890067
0.094640
0.966937
0.823825
0.040449
0.999663
0.275198
0.131297
0.461745
0.987384
0.482832
0.231572
0.000000
0.745910
0.930668
0.528575
0.999820
0.649706
0.999955
0.996131
0.950705
0.866814
0.598643
0.998783
0.518779
0.326580
0.448005
0.136369
0.435597
0.000000
0.855411
0.910512
0.062838
0.922230
0.730424
0.993700
0.853209
1.000000
0.787359
0.805138
0.947634
0.248952
0.972712
0.162464
0.408447
0.471977
0.422208
0.961004
0.268846
0.200192
0.974440
0.547864
0.999974
0.000000
0.212261
0.931372
0.329342
0.671695
0.141630
0.000000
0.541949
0.893368
0.179442
0.613997
0.353954
0.012272
0.126719
0.258350
0.999999
0.988690
1.000000
0.998842
0.910265
0.476256
0.273927
0.219199
0.428333
0.656767
0.907980
0.858848
0.335122
0.882771
0.625022
1.000000
0.229994
0.416490
0.894804
0.000000
0.464201
0.244950
1.000000
0.906610
0.999999
0.787205
0.195639
0.723639
0.982515
0.984807
0.901559
0.908191
0.712873
1.000000
0.999999
0.000000
0.040291
0.542317
0.946717
0.750299
0.525378
0.990730
0.261359
0.999999
0.999735
0.241582
0.792834
0.957340
0.436833
0.917467
0.990328
0.120352
0.993659
0.140954
0.200509
0.339504
0.046579
0.174947
0.371887
1.000000
0.000000
0.893387
0.876297
0.528173
0.481713
0.511619
0.859092
0.321744
0.487341
0.999857
0.521493
0.131634
0.411003
0.442427
0.797016
0.738165
0.117131
0.999983
0.718160
0.955922
0.798669
0.335811
0.768308
1.000000
0.626194
0.021128
0.850804
0.353972
0.340184
0.000000
0.019095
0.000000
0.361029
0.834307
0.844865
0.651077
0.093149
0.168598
0.999977
0.000000
0.526427
0.999994
0.799719
0.655142
0.098552
0.750180
0.367740
0.184996
0.999981
0.499674
0.253318
0.000000
0.195067
1.000000
0.999999
0.856719
0.000000
0.979921
0.306630
0.953264
0.000000
0.970908
0.925950
0.976849
0.790238
0.111932
0.772807
0.960825
0.719057
0.000000
0.628284
0.000000
0.343055
0.568067
0.000000
0.235924
0.462199
0.814909
0.472872
0.224160
0.999948
0.817812
0.966301
0.382824
0.621003
0.106468
0.141994
0.690243
1.000000
0.032602
0.709476
0.352965
0.192505
0.000000
0.027614
0.000000
0.806493
0.999217
0.993617
0.067951
0.405048
0.000000
1.000000
0.999999
0.834486
0.397023
0.510109
0.287785
0.000000
0.360474
0.499107
0.454811
0.000000
0.048775
0.276104
1.000000
0.847108
0.805297
0.908757
0.989424
0.000000
0.267968
1.000000
0.065131
0.999999
0.986385
0.568915
0.447758
0.894360
0.046582
0.909078
0.674648
0.996004
0.201559
0.243850
0.508797
0.999990
0.082224
0.033975
0.217222
0.286557
0.112568
0.647961
1.000000
0.846829
0.668019
0.511847
0.657919
0.766742
0.892191
0.391919
0.638713
0.976871
1.000000
0.999847
0.298798
0.000000
0.711549
0.564294
0.993727
0.432684
0.993884
0.805777
0.447867
0.733535
0.965278
0.525169
0.916565
0.593019
0.389168
1.000000
0.999914
0.453116
0.127286
0.268342
0.999821
0.264953
0.369199
0.976926
0.101674
0.962634
1.000000
1.000000
1.000000
0.000000
0.357846
0.618333
1.000000
0.901899
0.690586
0.663519
0.251752
0.979467
0.728024
0.999228
0.676182
0.880742
0.154380
0.757930
0.277478
0.000000
0.902232
0.375477
0.345713
0.000000
0.246279
0.392302
0.823273
0.090452
0.972170
0.386423
0.271888
0.420484
0.540194
0.185187
0.966057
0.120982
0.665965
0.171982
0.243426
0.336231
0.680590
0.999964
0.738223
0.432373
0.745152
0.000000
0.817915
0.505237
0.968783
0.146986
0.986093
0.000000
1.000000
0.451324
0.323649
0.255235
0.870506
0.294715
0.474546
0.884343
0.972964
0.998095
0.276342
0.795215
0.897656
1.000000
0.632125
0.415348
0.614564
0.960766
0.958473
0.439241
0.695018
0.819410
0.169021
0.736623
0.382241
0.962665
0.000000
0.182077
0.000000
0.667275
0.438545
1.000000
0.089824
0.867380
0.750199
0.724306
0.352983
0.978197
0.061735
0.714298
0.998134
0.000000
0.281537
0.908231
0.209589
1.000000
0.705839
0.865246
0.231364
0.638022
0.134466
0.000000
0.509444
0.704329
0.000000
0.184307
0.776238
0.617988
0.833738
0.872153
0.009750
0.874377
0.751563
0.980515
0.856705
0.133082
0.540914
1.000000
0.163673
1.000000
0.134782
0.843438
0.515714
0.169133
0.280565
0.097845
0.682720
0.106467
0.352427
0.059908
0.182773
0.785773
0.959210
0.547567
0.780281
0.308717
0.356279
0.172699
0.067350
0.999862
0.664233
0.950402
0.676610
0.491779
0.140944
0.144481
0.809104
0.975864
0.411538
0.999999
0.081209
0.771454
0.769332
0.515665
0.679766
0.773046
0.267588
1.000000
0.210546
0.431993
0.429072
0.955774
0.282841
0.999556
0.180190
0.237979
0.882584
0.108735
0.155833
0.300144
0.784136
0.909228
0.678530
0.970175
0.691837
0.482527
0.541031
0.998892
0.181231
0.234458
0.893243
0.997839
0.796241
0.317081
0.999998
0.999249
0.271948
0.999609
0.645604
0.976188
0.397686
0.521468
0.247652
0.218822
0.932673
1.000000
0.000000
0.999963
0.572696
0.987937
0.999274
0.661667
0.658023
0.253408
0.048775
0.999996
0.741487
0.999752
0.380266
0.842548
0.329432
0.997962
0.474243
0.971553
0.460796
0.488309
0.235358
0.989760
0.208421
0.701640
0.587997
0.000000
0.666462
0.072744
0.994889
1.000000
0.149301
0.988275
0.193770
0.887390
0.774033
0.896964
0.750141
0.364802
0.970553
0.000000
1.000000
0.894956
0.047507
0.831236
0.090848
0.998024
0.999686
0.136364
1.000000
0.255619
0.355253
0.377490
0.000000
0.000000
0.999420
0.850394
0.829265
0.769865
1.000000
0.999361
0.710645
0.614478
0.831657
1.000000
0.075728
0.999995
0.610883
0.334303
0.566036
0.504946
0.282474
1.000000
0.042713
0.404341
0.449336
0.582003
0.723864
0.294429
0.993960
0.264171
0.489125
0.945283
1.000000
1.000000
0.410978
1.000000
0.999700
0.265498
1.000000
0.903336
0.936333
0.323367
0.017485
0.245983
0.022370
0.692977
0.000000
0.272269
0.503979
0.306057
0.999656
0.515865
0.667869
0.998242
0.388274
0.853129
0.984741
0.371650
0.999283
0.457268
0.118660
0.544402
0.999995
0.151370
0.995976
0.619013
0.982321
0.484209
0.243416
0.996158
0.999691
0.998048
0.870439
0.538704
0.997523
0.355490
0.268663
0.842504
0.996738
0.999991
0.826336
0.999106
0.571584
0.457788
0.061212
0.986354
0.999625
0.923631
0.579525
0.999508
1.000000
0.751315
1.000000
0.766998
0.597363
0.000000
1.000000
0.967731
0.484429
0.784117
0.166470
0.109461
0.433164
0.958873
0.624479
0.934985
0.306357
0.980244
0.367244
0.906393
0.257734
0.222144
0.400010
0.932716
0.854877
0.285188
0.999897
0.999999
0.999428
0.115310
0.000000
0.694329
0.339642
0.932014
0.108071
0.995337
0.359607
0.415871
0.000000
0.983983
0.346585
0.927464
0.351564
0.396043
0.155246
0.746336
0.577879
0.798903
0.022522
0.953394
0.755643
0.158333
0.385119
0.686053
0.840730
0.478977
0.280320
0.365622
0.981204
0.000000
0.749784
0.381073
0.716580
1.000000
0.792542
0.989322
0.874910
0.583321
0.969840
1.000000
0.995528
0.488063
0.999943
0.904085
0.000000
0.681784
0.633900
0.871429
0.887059
0.205347
0.365692
0.899602
0.358392
0.013642
0.600610
1.000000
1.000000
0.999971
0.437011
0.096747
1.000000
0.874370
0.000000
0.643270
0.439635
0.321100
0.820525
0.240161
0.696620
0.000000
0.000000
0.860526
0.211999
1.000000
0.388765
0.740974
0.650682
0.308929
0.999996
0.360796
0.999324
0.031784
0.164439
0.410392
0.114676
0.853093
0.108441
0.089910
0.096554
0.198541
0.996888
0.899127
0.967140
0.106760
0.936221
0.999020
1.000000
0.451690
0.436907
0.886400
0.344460
0.498006
0.836105
0.736869
0.325750
0.307832
0.423589
1.000000
0.999071
1.000000
0.686500
0.286601
1.000000
0.994259
0.438092
0.993640
0.356769
0.538117
0.324129
0.605966
0.168496
0.507982
0.999975
0.456179
0.999999
0.245493
0.997078
0.897032
0.089780
0.999926
0.395735
0.786109
0.368835
0.986170
0.336593
0.000000
0.000000
0.999856
0.654106
0.180608
0.293921
0.557201
0.921332
0.417992
0.181381
0.146828
0.247954
0.260330
0.156226
0.139002
0.065308
0.701403
0.733486
0.425852
0.893642
0.872280
0.409177
0.999948
0.363970
0.999386
0.473237
0.443340
0.092716
1.000000
1.000000
0.129002
0.257164
0.335924
0.999269
0.999954
0.570508
0.504489
0.189597
0.660488
0.325321
0.999616
0.153624
0.092309
0.000000
0.000000
0.999999
0.289430
0.000000
0.277021
0.749034
0.989735
0.262445
0.000000
0.237280
0.138303
0.087387
0.110463
0.743164
0.987583
1.000000
0.308208
0.550966
0.999936
0.817206
0.157059
0.747881
1.000000
0.201629
0.386583
0.931023
0.612701
0.705056
0.976877
0.291455
0.000000
0.701595
0.999683
0.371613
0.210596
0.099937
0.296941
0.989597
0.210732
0.000000
0.188359
0.186477
0.989961
0.600342
0.494781
0.487156
0.986860
0.050827
0.686276
0.000000
0.849130
0.365182
0.128456
0.000000
0.999735
0.995363
0.719451
0.501224
0.852886
0.739075
0.996966
0.812486
0.379223
1.000000
0.000000
0.809697
0.159583
0.999971
1.000000
0.999982
0.243644
0.110748
0.572539
0.000000
0.927536
0.981757
0.755809
0.000000
1.000000
0.537274
0.000000
0.144554
0.822428
0.995577
0.519693
0.080097
0.000000
0.994063
0.978609
0.962196
0.521767
0.242343
0.833682
0.975266
0.162909
0.779208
0.635493
0.103380
0.000000
0.000000
0.000000
0.401308
0.153193
0.762716
0.213780
0.999998
0.963995
0.754914
0.470390
0.070141
0.177546
0.876760
0.274144
1.000000
0.963191
0.842597
0.187122
0.999971
0.273410
0.723235
0.192123
0.354795
0.383035
0.768335
0.713277
0.998787
0.000000
0.497173
0.997922
0.969815
0.290111
0.883992
0.292251
0.000000
0.991590
0.979295
0.000000
1.000000
0.597688
0.359984
0.063943
0.852653
0.522501
0.367616
0.614207
1.000000
0.608727
0.972141
0.000000
0.404748
0.337678
0.000000
0.696915
0.000000
0.404715
0.456083
0.366385
0.114038
0.999980
1.000000
0.518103
0.247273
0.123878
0.329781
0.000000
0.672386
0.315683
0.998336
0.318458
0.985955
0.999960
0.934549
0.000000
0.984428
0.010986
0.000000
0.837722
0.999978
0.321426
1.000000
0.193156
0.027536
0.998975
0.148473
0.829639
0.423829
0.505745
0.155409
0.145385
0.647222
0.520095
0.999926
0.558601
1.000000
0.366914
0.901708
0.992203
0.041494
0.403121
0.582148
0.249643
0.704947
0.838767
0.757283
0.968268
0.926850
0.000000
0.055965
0.999982
0.034206
1.000000
0.046382
0.775982
0.249833
0.873275
0.521739
0.026975
0.262083
0.643664
0.248896
0.103251
0.000000
0.468545
0.208648
0.812495
1.000000
0.000000
0.534214
0.428421
0.246867
0.000000
0.883763
0.999840
0.240104
0.541048
0.385303
0.993703
0.646248
0.053759
0.268541
1.000000
0.204338
0.957048
0.217478
0.999999
0.541917
0.983767
0.000000
0.000000
0.998654
0.435533
0.227818
0.924789
1.000000
0.386762
0.617217
0.759557
0.371629
0.025988
0.080058
0.840379
0.233839
0.999995
0.072990
0.106485
0.441377
0.097943
0.953429
0.107541
0.557720
0.226308
0.988413
0.432933
0.171270
0.906992
0.998694
0.928373
0.191639
1.000000
0.919620
0.988484
0.133278
0.238722
1.000000
0.624238
0.775341
0.233280
0.440963
0.256593
0.378956
0.900806
0.999959
0.100961
0.312841
0.000000
0.000000
0.446109
0.916892
0.484895
1.000000
0.684452
0.365497
0.202040
0.219645
0.703380
0.188318
0.855002
0.999486
0.987295
0.400341
0.473890
0.991153
0.160349
0.899374
0.891542
0.170593
0.125041
0.000000
0.118620
0.451633
0.998590
0.229880
0.000000
0.854539
0.972193
0.272794
0.961889
0.000000
0.787438
0.111873
0.315426
0.380425
1.000000
0.917866
0.543170
0.984900
0.993574
0.000000
0.069078
0.982339
0.885715
0.662321
0.079778
0.441016
0.997550
0.469946
0.999172
0.613743
0.337298
0.501080
0.000000
0.309391
0.994818
0.903991
0.164224
0.643078
0.995068
0.999846
0.965732
0.249878
0.426850
0.147851
0.000000
0.038229
0.843442
0.260417
0.989755
0.959813
0.289177
0.558082
0.894348
0.994481
0.874329
0.627104
0.031593
0.264876
0.919702
0.911936
0.919482
0.613607
0.437811
0.948051
0.447046
0.045750
0.668918
0.040222
0.601973
0.827256
0.520183
0.302699
0.000000
0.799767
0.996329
0.347898
0.404455
0.494702
0.000000
0.000000
0.000000
0.373497
0.604872
0.320621
0.476528
0.711554
0.041993
0.427408
0.000000
0.000000
0.999808
0.963306
0.255335
0.829343
0.183150
0.025153
0.999962
0.999673
0.121034
0.328338
0.150388
0.757533
0.339757
0.579281
0.981013
0.223807
0.098799
0.983642
0.998691
0.048096
0.000000
0.409943
0.999882
0.594732
0.999962
0.586517
0.779002
0.035259
0.008667
0.873658
0.749577
0.000000
0.282434
0.984911
0.133661
0.808264
0.420263
0.380602
0.650418
0.997654
0.052738
0.452886
0.966227
1.000000
0.963001
0.228556
0.922610
0.933574
0.162444
0.265127
0.185898
1.000000
0.298410
0.931800
0.623847
0.892482
0.179730
0.599181
1.000000
0.998121
0.999923
0.216062
1.000000
0.396633
0.980111
0.410602
0.591682
0.000000
0.276596
0.238144
0.870492
0.648716
0.744922
0.833254
0.566393
0.363218
0.272366
0.374866
0.999999
0.000000
0.984667
0.444136
0.986391
0.407968
0.809107
0.647997
0.332128
0.703503
0.771801
0.654921
0.998718
1.000000
0.975526
0.546277
0.982503
0.296729
0.856206
0.929564
0.103922
0.504485
0.937311
0.335506
0.844002
0.203923
0.530028
0.621525
0.484993
0.783692
0.125903
0.000000
0.367922
0.999555
0.984702
0.327795
0.645969
0.994239
0.798430
0.979123
0.570016
0.646098
0.695617
0.253203
0.042665
0.400040
0.999997
0.000000
0.847771
0.973492
0.999817
0.957933
0.966983
0.892755
0.000000
0.596792
0.718739
0.064038
1.000000
0.375701
0.455352
0.000000
0.965531
0.246151
0.817973
0.976398
0.962940
1.000000
0.000000
0.116725
0.820710
0.729989
0.601263
0.548670
0.565392
0.468049
0.592179
0.408203
0.560631
0.984034
0.999996
0.078123
0.967303
0.649093
0.415295
0.461709
0.207644
0.470288
1.000000
0.218417
0.489065
0.381934
0.000000
0.246960
0.418694
1.000000
0.685207
0.660076
0.440186
0.335987
0.535502
0.502216
0.626879
0.648712
0.463065
0.978690
0.710624
0.116985
0.412900
0.502586
0.530200
0.266171
0.793481
0.401690
0.140296
0.471055
0.308589
0.943986
0.071932
0.100376
0.996074
0.999647
0.450711
0.827286
0.084093
0.959762
0.755517
1.000000
1.000000
0.589302
0.508601
0.383867
0.792944
0.782566
0.922769
0.090752
0.303619
0.901086
0.995463
0.833720
0.853385
0.954918
0.498973
0.534951
0.082222
1.000000
0.298281
0.487646
0.996218
0.963629
0.911877
0.252237
0.115348
0.519521
0.856885
0.000000
0.999865
0.000000
0.926161
1.000000
0.337018
0.552189
0.919326
0.572731
0.986819
0.804258
0.707832
0.159464
0.781898
0.041325
0.120027
0.698784
0.356598
0.193235
0.694993
0.459583
0.087744
0.723690
1.000000
0.927503
0.781397
0.115550
0.954501
1.000000
0.340866
0.996028
0.601430
0.999997
0.000000
0.111792
1.000000
0.307271
0.921732
0.999814
0.140588
0.000000
0.922685
0.739730
0.000000
0.817103
0.093640
0.998684
0.999996
0.657985
0.857787
0.688140
0.118154
0.225602
0.102901
0.476995
0.898714
0.094068
0.253635
0.000000
0.771932
0.838783
0.977459
0.998173
0.999633
0.415997
0.996833
0.631341
0.934511
0.273057
0.477104
0.291146
0.970346
0.000000
0.489026
0.996159
0.773737
0.000000
0.618759
0.271655
0.234697
0.999144
1.000000
0.819212
0.167486
0.132346
0.511730
0.915115
0.330167
0.520216
0.287668
1.000000
0.010282
0.998989
0.225390
0.436865
0.000000
0.971535
0.191638
0.621139
0.788256
0.155246
0.122106
0.982059
0.530774
0.997672
0.209115
0.999994
0.000000
0.558342
0.628760
0.120682
0.097850
0.928330
0.998484
0.997182
1.000000
1.000000
0.566000
0.995932
0.961351
0.000000
0.824591
0.759715
0.984186
0.809986
0.642841
0.180527
0.709387
0.412453
0.813889
0.494387
0.991276
0.860208
0.966243
0.900211
0.600544
0.470645
1.000000
0.337829
0.521943
0.551601
0.719564
0.301253
0.632248
0.226930
0.147908
0.342410
0.263723
0.491889
0.874741
0.134525
0.990716
0.999998
1.000000
0.047596
0.316555
0.000000
0.793044
0.999996
1.000000
0.167809
0.763472
0.504270
0.129006
0.998015
0.973670
0.000000
0.990048
1.000000
0.643147
0.646091
0.998884
0.708981
0.726923
0.000000
0.272608
1.000000
0.999864
0.988733
0.293225
0.434047
0.883603
0.994640
0.807904
0.148554
0.000000
0.470482
0.360187
0.608167
0.342479
0.999934
0.476855
0.557543
0.962428
0.847612
0.346458
0.991470
0.998240
0.057037
0.974246
0.575431
0.000000
0.582355
0.435199
0.403494
0.300897
0.074539
0.049030
0.000000
0.515797
0.929763
0.502647
1.000000
0.115848
0.714931
0.999860
0.728995
0.531638
0.000000
0.844154
0.531625
0.000000
1.000000
0.000000
0.944655
0.474742
0.398976
0.902012
0.538878
0.271528
0.917564
0.622568
0.999996
0.394515
0.305242
1.000000
0.828408
0.117971
0.926866
1.000000
0.620546
0.600967
0.999998
0.000000
0.000000
0.999453
0.231382
0.000000
0.999983
0.084261
1.000000
0.978501
0.039459
0.000000
0.742241
0.124738
0.999991
0.999297
0.370978
0.300755
0.380106
0.990493
0.999574
0.341704
0.869632
0.549833
0.825925
0.989783
0.194735
0.683935
0.540105
0.999770
0.000000
0.298907
0.383256
0.563616
0.783262
0.544123
0.688512
0.229007
0.649642
0.000000
0.988592
0.240751
0.409803
0.500306
0.032011
0.177501
0.755558
0.820085
0.253052
0.999869
0.603599
0.532265
0.239796
0.952290
0.051883
0.330380
0.231577
0.000000
0.468166
0.212269
0.991644
0.217929
0.000000
0.000000
0.998582
0.469648
0.999978
0.491180
0.736320
0.172775
0.527499
0.248845
0.679578
0.837716
0.626360
0.189419
0.575132
0.458582
0.316035
0.000000
0.310611
0.151439
0.353362
1.000000
0.896930
0.289451
0.183338
0.088410
0.457319
0.979634
0.397114
1.000000
0.285505
0.693931
0.893490
0.189093
0.246616
0.994108
0.995995
0.940023
1.000000
1.000000
0.000000
0.999982
0.012593
0.212120
0.808700
0.781424
0.259398
0.354488
1.000000
0.597115
0.441392
0.748835
0.329755
0.139134
0.088658
0.655174
0.419152
0.111867
0.863610
0.996772
0.366252
0.797146
0.935113
0.999998
0.174637
0.746601
0.898555
0.717780
0.384640
0.000000
0.339329
0.619034
0.269169
0.744481
0.858071
0.184449
0.637373
0.285566
0.999537
0.998022
0.990827
0.000000
0.265478
0.999998
0.474918
0.675102
0.799864
0.999999
0.051477
0.473376
0.200131
0.973151
0.000000
0.724845
0.467378
0.783111
0.198681
0.183766
0.407833
0.000000
0.397458
0.999998
0.987763
0.251826
0.467573
0.976061
0.949467
0.911073
0.991806
0.000000
0.419362
0.452223
0.410124
0.121484
0.365106
0.928309
0.355771
0.999999
0.690736
0.260751
0.350983
0.369967
0.602829
0.723298
0.506042
0.620689
0.791278
0.489812
0.995653
0.684496
0.999585
1.000000
0.291796
0.972476
0.974055
0.644958
0.081626
0.307710
0.636128
0.599333
0.909861
0.999635
0.231513
0.000000
0.999282
0.999200
0.484062
0.600759
0.999852
1.000000
0.426385
0.663919
0.959723
0.860132
0.978803
0.805778
1.000000
0.164436
0.979730
0.897377
0.647472
1.000000
0.105108
0.747880
0.904574
1.000000
0.257081
1.000000
0.174663
1.000000
0.618697
0.709729
0.189658
0.978760
0.935316
0.737757
0.709290
0.510528
0.665562
0.815579
0.302080
0.999391
0.149297
0.918390
0.000000
0.656306
0.985010
0.086522
0.583756
0.999979
0.911527
0.000000
0.999318
0.758243
0.000000
0.815019
0.433712
0.786546
0.739835
0.060937
0.670631
0.740582
0.472646
0.993506
0.788878
0.961998
0.983037
0.985749
0.732234
0.887731
0.627534
0.999995
0.300635
0.998996
0.978040
0.821675
0.672923
0.966896
0.085084
0.000000
0.999995
0.052870
1.000000
0.977727
0.476886
0.582676
0.477703
0.308971
0.168669
0.501459
0.508857
0.920743
0.395473
0.112467
0.854769
0.169203
0.719984
0.000000
0.000000
0.287986
0.213663
0.508117
0.347929
0.418984
0.158263
0.632217
0.203918
0.252383
0.423075
0.999889
0.229308
0.084431
0.282152
0.244952
0.447340
0.970658
0.443304
0.542394
0.000000
0.999999
0.096699
0.455068
0.867274
0.901656
0.912756
0.993080
0.219867
0.564516
0.863445
1.000000
1.000000
0.999967
0.577709
0.914246
0.270157
0.000000
0.146684
0.964641
0.000000
0.997818
1.000000
0.465615
0.092210
0.910361
0.837169
0.615708
0.771378
0.636737
0.398877
0.998705
0.060787
0.439223
0.368244
0.222886
0.799292
0.147143
0.613395
0.422370
0.718686
0.530793
0.999904
0.300924
0.671048
0.980466
0.372424
0.759598
0.803303
0.839281
0.388137
0.084966
0.792717
0.249748
0.998395
0.472496
0.371285
0.461414
0.271850
0.030762
0.366764
0.079209
0.961634
0.824125
0.000000
0.620091
0.000000
0.966912
1.000000
0.979024
0.313781
0.782221
0.920120
0.672946
0.999526
0.000000
0.995643
0.997522
0.970140
0.000000
0.836239
0.665926
0.291641
0.291523
0.635948
0.327438
0.000000
0.419855
0.093599
0.624275
0.000000
0.749745
0.965342
0.000000
0.000000
0.458829
0.376857
0.521507
0.999988
0.514012
1.000000
0.453312
0.234376
0.168967
0.478588
0.991646
0.251318
0.000000
1.000000
0.433535
0.603992
0.806275
0.490938
0.000000
0.889812
0.430009
0.712331
0.184317
0.102428
0.363841
0.999962
0.999975
0.478425
0.441885
0.393996
0.678991
0.775401
0.679215
0.724265
0.884951
0.999866
0.983831
0.425857
0.276576
0.252507
0.762547
1.000000
0.469584
0.861280
0.359637
0.402362
0.000000
0.388597
0.109612
0.442546
0.996516
0.979108
0.637192
0.143452
0.044974
1.000000
0.191458
0.919266
0.000000
0.886488
0.304814
0.999999
0.000000
0.563553
0.998930
0.920286
0.991156
0.564216
0.614138
0.594228
0.000000
1.000000
0.999167
0.000000
0.667695
0.111479
0.999896
0.000000
0.419189
0.534970
0.140585
0.137836
0.977517
0.985728
0.972918
0.566043
0.822466
0.916083
0.137120
0.037539
0.995838
0.094316
0.000000
0.468964
0.331938
0.991399
0.999862
0.410583
0.471326
0.738061
0.982504
0.193963
0.174190
0.993695
0.199145
0.236667
1.000000
0.490958
0.132678
0.340396
0.068712
0.000000
0.000000
0.704528
0.999778
1.000000
0.287659
0.270367
0.895277
0.863491
0.301530
0.779736
0.991279
0.110525
0.795318
0.331688
0.997566
0.721543
0.271232
0.288020
0.989908
0.879846
0.970548
0.257198
0.967605
0.720488
1.000000
1.000000
0.604662
0.681676
0.999246
0.678183
0.665096
0.955011
0.053977
0.624084
0.645810
0.000000
0.633414
0.000000
0.320944
0.419281
0.333430
0.999881
0.929943
0.602297
0.428437
0.854698
0.598987
0.490411
1.000000
0.345897
0.889572
0.399098
0.746479
0.031882
0.384517
0.454735
0.000000
0.989176
0.000000
0.988025
0.112072
0.180077
0.275743
0.456357
0.690578
0.721637
0.292601
0.915569
0.000000
0.985530
0.824592
0.934175
0.000000
0.108678
0.847952
0.999999
0.959691
0.000000
0.596357
0.721058
0.999915
0.075951
0.674064
0.799849
0.811685
0.938294
0.893032
0.233320
0.191204
0.997697
0.103113
0.891575
0.996053
0.718907
0.365477
0.900478
0.625634
0.295589
0.998283
0.162240
0.730449
0.123277
0.836573
0.000000
0.298726
0.000000
0.000000
1.000000
0.634499
0.425064
0.000000
1.000000
0.978519
0.978321
0.138881
0.094590
0.902194
0.960083
0.074551
0.000000
0.663235
0.538261
0.999384
0.519850
0.518919
0.193622
0.324135
0.971794
0.999938
0.953491
0.441047
0.012088
0.960258
0.000000
0.676156
0.999999
0.874166
0.337033
0.320789
0.631243
0.857370
0.566582
0.386460
0.665345
0.232709
0.999996
0.000000
0.992560
0.247881
0.792517
0.260380
1.000000
0.936172
0.267541
0.968887
1.000000
0.059394
0.999916
0.000000
0.126906
1.000000
0.000000
0.778454
0.190845
0.982064
0.750470
0.000000
0.384246
0.442089
0.258347
0.043644
0.999971
0.385628
0.475119
0.689823
0.999784
1.000000
0.987937
0.960994
0.000000
0.999994
0.671482
0.999999
0.255725
0.841172
0.000000
0.998676
0.123787
0.370194
1.000000
0.000000
0.126798
0.881251
0.866177
0.971687
0.221461
0.324772
0.000000
0.729090
0.688117
0.073641
0.431661
0.386579
0.000000
0.206915
0.999969
0.361400
0.672448
0.970671
0.683061
0.000000
0.187980
0.465699
0.983204
0.949205
0.501024
0.535075
0.597978
0.998892
0.753473
0.198223
0.316410
0.645664
1.000000
0.513996
0.079754
0.141269
1.000000
0.567384
0.050055
0.000000
0.999894
0.485184
0.593886
0.987355
0.656953
0.227318
0.276106
0.934399
0.977586
0.070895
1.000000
0.082231
0.999025
0.999859
0.000000
0.999966
0.277204
0.916992
0.847835
0.764974
0.000000
0.999822
0.111902
0.014553
0.496124
0.999965
1.000000
0.997762
0.171662
0.000000
0.735826
0.086976
0.686867
0.000000
0.775942
0.633649
0.732543
0.303298
0.251055
0.000000
0.934530
0.653293
0.985114
0.463882
0.101736
0.693259
0.999921
0.448721
0.147175
0.788254
0.999999
1.000000
0.126346
0.373117
0.893383
0.265027
0.124030
0.151938
0.338424
0.997325
0.985095
0.000000
0.488817
0.164971
0.435484
0.758561
0.579023
0.000000
0.999763
0.442449
0.999582
0.678613
0.999999
0.282913
0.942308
0.290780
0.049031
0.963504
0.663333
0.989743
0.368614
0.699252
0.711916
0.757748
0.918702
0.536124
0.811949
0.539508
0.405110
0.284619
0.934645
0.000000
0.000000
0.779464
0.570040
0.578136
0.531617
0.051047
0.988088
1.000000
0.150811
0.992138
0.829397
0.405655
0.998065
0.893847
0.109603
0.990532
0.000000
0.000000
0.331748
0.139806
0.441500
0.749495
0.000000
0.935245
0.750121
1.000000
0.275040
0.999988
0.159845
0.702486
0.973551
0.478342
0.208932
0.763786
0.145255
0.069597
0.199920
0.308819
0.830685
0.612854
0.988064
0.999945
0.000000
0.989185
0.771561
0.472423
0.900642
0.757338
1.000000
0.868551
0.418032
0.197855
0.931936
0.994588
0.257452
0.189876
0.879433
0.260948
0.970457
0.050258
0.940593
0.187131
0.059556
0.299345
0.000000
0.955118
0.997882
0.154045
0.137176
0.000000
0.983775
0.999999
0.240031
0.440860
0.173300
0.568955
0.009575
0.258067
0.997885
0.783266
0.420511
0.940922
0.131453
0.341019
0.505486
0.000000
0.006455
0.700768
0.807476
0.745669
0.724890
0.790879
0.944612
0.520050
0.772211
0.000000
0.859498
0.809273
0.525075
0.185269
0.482417
1.000000
1.000000
0.000000
0.999926
0.000000
1.000000
0.000000
0.466111
0.520576
0.000000
0.740893
0.519257
0.701542
0.566815
0.999512
0.000000
0.210596
0.999993
0.999967
0.999982
0.334445
1.000000
0.308974
0.831951
0.999935
0.538561
0.000000
0.011577
0.852090
0.591879
0.986112
0.983664
0.054487
0.999444
0.809489
0.538602
0.026770
0.134962
0.486354
0.989662
0.374787
0.994267
0.184108
0.738720
0.000000
1.000000
0.759653
0.998273
0.606062
0.082951
0.415651
0.200338
0.999355
0.434755
0.690597
0.150350
0.262654
0.380057
0.000000
0.985439
0.379652
0.983818
0.312309
0.151528
0.584263
0.894017
0.455070
0.787776
0.194903
0.997748
0.430037
0.534843
0.851251
0.264168
0.000000
0.510267
0.949618
0.000000
0.488998
0.608599
0.689703
0.999915
0.838381
0.453657
0.853230
0.961099
0.107673
0.899798
0.726865
0.999651
0.368804
0.117166
0.797118
0.000000
0.994357
0.151640
0.627009
0.206102
0.121548
0.709476
0.635789
0.000000
0.000000
0.675669
0.508973
0.662809
0.270284
0.109357
0.500978
0.755654
0.810458
0.731320
0.000000
0.591894
0.242476
0.737004
0.521574
0.437671
0.000000
0.999991
0.185201
0.952440
0.747608
0.000000
0.338460
0.000000
0.426541
0.999461
0.282457
0.000000
1.000000
0.483420
0.564756
0.049843
0.611430
0.000000
0.999995
0.619071
0.751772
0.166795
0.370696
0.616490
0.821206
0.985564
0.224966
0.000000
0.999938
0.448998
0.980132
0.563871
0.999558
1.000000
0.878427
0.885780
0.000000
0.597891
0.626557
0.000000
0.979157
0.075816
0.297946
0.904644
0.335998
1.000000
0.654088
0.646956
0.225931
0.158615
0.500767
0.274828
0.298049
0.754493
0.312033
0.663861
0.359309
0.146297
0.402817
0.087245
0.960458
0.782899
0.153785
0.272590
0.624528
0.933813
0.275584
0.389630
0.674325
0.270344
0.709455
0.982815
0.586777
0.071881
0.650142
0.461799
0.888772
0.737586
0.410821
0.946680
0.465723
0.996485
0.130888
0.576619
0.863718
0.043306
0.000000
0.750585
0.806649
0.193518
0.062979
0.289392
0.749586
0.204125
0.119417
0.815479
0.132467
0.775421
0.016368
0.954993
0.997145
0.914898
0.744472
0.102845
0.609610
0.033873
0.498902
0.446787
0.684003
1.000000
0.000000
0.813204
0.341232
0.706859
0.999250
0.259228
0.890716
0.348316
0.688953
0.996757
0.569947
0.000000
0.133716
0.624980
0.738580
0.000000
0.245823
0.938788
0.963257
0.229240
0.102404
0.874302
0.329484
0.055195
0.125035
0.740179
0.997187
0.297763
0.208263
0.501072
0.395706
0.996906
0.946875
0.999573
1.000000
0.207299
0.978011
0.985185
0.878156
0.999945
0.701128
1.000000
1.000000
0.351196
0.733473
0.995139
0.508107
0.366778
0.880608
0.512307
0.283664
0.401891
0.647788
0.921859
0.000000
1.000000
0.753795
0.999860
0.317359
0.423916
0.946361
0.999999
0.374756
0.537102
0.161706
0.696875
0.000000
0.340995
0.491219
0.779265
0.999992
0.982363
0.376716
0.617091
0.830980
0.755453
0.729334
0.309799
0.263962
0.079951
0.126051
0.694437
0.718347
0.200381
0.768610
0.390605
0.320925
1.000000
0.393401
0.000000
0.215246
0.943832
1.000000
0.000000
0.998877
0.974188
0.415858
0.471456
0.000000
0.810472
0.829461
0.936274
0.498348
0.987724
0.341746
0.000000
0.834906
0.271741
0.662270
0.989759
1.000000
0.951293
0.313446
0.800575
0.999886
0.938857
0.945124
0.388496
0.800072
0.977672
0.377479
0.288637
0.000000
0.917648
0.103449
0.993284
0.275343
0.999551
0.125190
0.000000
0.376654
0.436070
0.753847
0.412801
0.253481
0.262908
0.111283
0.460946
1.000000
0.000000
0.289822
0.230762
1.000000
0.166995
0.999873
0.000000
0.514067
0.999999
0.662469
0.197000
0.994753
0.825709
0.913725
1.000000
0.378607
0.000000
0.672725
0.971616
0.160072
0.225807
0.925988
0.528615
0.855366
0.805590
0.915028
0.709497
0.283811
0.282859
0.910697
0.578968
0.268785
0.587107
0.740638
0.902344
0.058310
0.766517
1.000000
0.705206
0.567836
0.000000
0.313855
0.841570
0.384273
0.112450
0.808644
0.841598
0.999430
0.294753
0.336831
0.939835
0.758801
0.323967
0.690663
0.264554
0.910215
0.975223
0.996595
0.450291
0.486958
0.547926
0.248948
0.197808
0.952778
0.129724
0.244044
0.375437
0.334308
0.723935
1.000000
0.000000
0.344909
1.000000
0.799194
0.000000
0.943804
0.957001
0.999726
0.787553
0.995653
0.998401
0.488926
0.021241
1.000000
0.596402
1.000000
0.677595
0.113181
0.582450
0.981273
0.272619
0.094855
0.156747
0.639719
