0.000000
0.000000
0.000000
0.000000
0.988770
0.000000
0.000000
0.000000
0.000000
0.000000
0.000000
0.000000
0.000000
0.000000
0.000000
0.000000
0.000000
0.000000
0.000010
0.000000
0.001089
0.000180
0.000000
0.000000
0.092145
0.000730
0.032657
0.000000
0.000000
0.000000
0.000000
0.000000
0.000000
0.000000
0.000000
0.000002
0.000000
0.000000
0.000000
0.000000
0.000000
0.000000
0.422118
0.000000
0.000000
0.000000
0.000000
0.003873
0.001327
0.000000
0.000000
0.000000
0.000000
0.000000
0.000000
0.000000
0.000000
0.018095
0.494856
0.001080
0.000000
0.000000
0.000000
0.019247
0.000018
0.000000
0.187839
0.000046
0.000000
0.011573
0.000000
0.000000
0.000001
0.000000
0.000000
0.000000
0.000000
0.000000
0.008935
0.000000
0.002352
0.000000
0.000000
0.000000
0.000000
0.000000
0.000000
0.004015
0.000000
0.000000
0.000000
0.000000
0.000000
0.000000
0.000000
0.000004
0.000000
0.000000
0.000000
0.001522
0.000000
0.000000
0.000002
0.000000
0.000000
0.000000
0.000000
0.000000
0.000000
0.038789
0.000000
0.028234
0.000000
0.000000
0.000000
0.000000
0.000000
0.000000
0.012144
0.000000
0.000000
0.000000
0.000000
0.000000
0.000000
0.000000
0.000000
0.000000
0.000000
0.000000
0.234931
0.000000
0.000161
0.000000
0.000000
0.000000
0.006016
0.000000
0.000000
0.000000
0.000048
0.000000
0.000000
0.000000
0.000049
0.000000
0.000000
0.000000
0.000000
0.000000
0.000000
0.003999
0.000000
0.000000
0.000000
0.000000
0.000000
0.000000
0.000000
0.265731
0.000000
0.000000
0.000000
0.000000
0.000000
0.000000
0.000000
0.000001
0.000000
0.000000
0.000084
0.000000
0.000000
0.000000
0.000000
0.000000
0.000000
0.000000
0.000000
0.000000
0.000000
0.000000
0.000000
0.000067
0.000000
0.000000
0.000103
0.000000
0.000000
0.000000
0.000000
0.000000
0.000000
0.000000
0.000247
0.000000
0.000000
0.000000
0.000000
0.000000
0.000000
0.000000
0.266072
0.000000
0.000220
0.000000
0.000000
0.000367
0.004300
0.000000
0.000000
0.000000
0.000000
0.000000
0.000009
0.000000
0.000000
0.000000
0.000000
0.000000
0.000114
0.000000
0.000000
0.422673
0.000438
0.000000
0.000000
0.000000
0.000000
0.006327
0.000000
0.000000
0.000000
0.000000
0.000000
0.000000
0.018369
0.000044
0.000000
0.090644
0.000000
0.000000
0.000000
0.000000
0.021507
0.000000
0.000002
0.000000
0.000000
0.000000
0.000000
0.000831
0.000845
0.000000
0.000979
0.000000
0.000000
0.000000
0.000000
0.000000
0.000000
0.000000
0.000000
0.000000
0.000002
0.007574
0.000000
0.145460
0.000000
0.000000
0.000000
0.000958
0.000000
0.000000
0.000000
0.000000
0.000000
0.000000
0.000000
0.000000
0.001729
0.000000
0.000000
0.000000
0.000000
0.000000
0.000000
0.483266
0.000000
0.000000
0.000000
0.000000
0.000000
0.000000
0.000000
0.000000
0.000000
0.000000
0.000000
0.000000
0.404672
0.000000
0.000008
0.000000
0.000004
0.000000
0.000000
0.000000
0.000039
0.000000
0.000000
0.000000
0.007590
0.000000
0.000000
0.000000
0.000124
0.000000
0.000000
0.000000
0.000000
0.000006
0.000587
0.000000
0.000000
0.000000
0.000000
0.000692
0.000000
0.000000
0.000000
0.000986
0.005963
0.000000
0.000000
0.000000
0.000000
0.000000
0.000000
0.000000
0.000000
0.000000
0.000000
0.000000
0.000000
0.000000
0.000000
0.000000
0.000000
0.000000
0.000000
0.000000
0.000000
0.000000
0.000000
0.000000
0.000000
0.000565
0.000000
0.000000
0.000000
0.000000
0.000000
0.000000
0.000000
0.000000
0.000000
0.000000
0.835441
0.000000
0.000000
0.000000
0.000000
0.000000
0.000000
0.021073
0.000295
0.000000
0.000000
0.000001
0.000026
0.000000
0.000865
0.000000
0.016586
0.017374
0.000000
0.000001
0.000251
0.180124
0.000000
0.000000
0.000000
0.000000
0.000000
0.000000
0.000000
0.000000
0.000000
0.000000
0.000000
0.000000
0.022068
0.000448
0.000000
0.000000
0.000000
0.380378
0.000234
0.001992
0.000000
0.000000
0.000000
0.000000
0.001517
0.000000
0.000000
0.000387
0.000000
0.000000
0.001106
0.000000
0.000000
0.000000
0.000000
0.000000
0.000000
0.000000
0.000000
0.000000
0.000000
0.000000
0.000000
0.000320
0.000000
0.000012
0.000000
0.000000
0.000000
0.000000
0.000000
0.000000
0.000000
0.000000
0.000000
0.000017
0.000000
0.000000
0.000000
0.000000
0.000000
0.000000
0.000000
0.000000
0.000000
0.000000
0.000000
0.000000
0.000144
0.000000
0.000000
0.000000
0.000000
0.000010
0.000000
0.000000
0.000004
0.000000
0.014141
0.000000
0.000093
0.000000
0.000000
0.000000
0.000000
0.000000
0.000006
0.000000
0.000000
0.000000
0.000000
0.000000
0.000000
0.000000
0.000000
0.071151
0.000000
0.000019
0.000000
0.000000
0.000000
0.000512
0.000000
0.994499
0.067257
0.000000
0.000000
0.000000
0.000000
0.000041
0.000000
0.000000
0.000000
0.000000
0.000118
0.000000
0.000051
0.001386
0.000000
0.000000
0.000000
0.000000
0.000262
0.000000
0.000000
0.000000
0.096529
0.000000
0.000000
0.000000
0.000000
0.000000
0.050856
0.000000
0.000002
0.000000
0.000000
0.000000
0.000000
0.000000
0.000000
0.000012
0.492506
0.000000
0.000000
0.000000
0.000000
0.000033
0.000000
0.000000
0.110032
0.001300
0.004225
0.000000
0.000001
0.000000
0.006834
0.000000
0.000000
0.000000
0.000000
0.000161
0.000000
0.000000
0.000098
0.000000
0.402606
0.000000
0.000187
0.000000
0.000000
0.000000
0.000000
0.000000
0.000001
0.000000
0.000476
0.000000
0.000000
0.000000
0.000000
0.000000
0.000000
0.000025
0.000000
0.000000
0.000000
0.000000
0.000000
0.000863
0.000219
0.000000
0.000000
0.000000
0.000000
0.000000
0.000000
0.000000
0.000000
0.000000
0.000000
0.000000
0.000000
0.000000
0.000000
0.000000
0.000006
0.006579
0.008854
0.003500
0.000000
0.000000
0.000000
0.000000
0.000000
0.000000
0.000000
0.000000
0.000000
0.000000
0.000000
0.001783
0.000000
0.000000
0.000000
0.000000
0.000000
0.000000
0.000000
0.000000
0.000000
0.000000
0.000000
0.000000
0.000000
0.000010
0.000000
0.119198
0.000000
0.012205
0.000000
0.007950
0.000000
0.000000
0.000000
0.000000
0.000000
0.000000
0.000000
0.000000
0.000000
0.000000
0.000000
0.000000
0.000000
0.000000
0.000000
0.020965
0.000000
0.024381
0.001080
0.000000
0.000000
0.000000
0.000000
0.000000
0.000000
0.000000
0.000000
0.000000
0.984435
0.000000
0.000000
0.000000
0.000000
0.000000
0.000000
0.000000
0.000000
0.000000
0.000000
0.001359
0.000000
0.000000
0.000000
0.000092
0.000000
0.000935
0.000001
0.011760
0.000005
0.000000
0.000033
0.000000
0.000000
0.000000
0.388572
0.000000
0.000000
0.000000
0.000000
0.000000
0.000001
0.000000
0.000000
0.000000
0.000000
0.000000
0.000000
0.004516
0.000000
0.000000
0.070022
0.000000
0.000000
0.000000
0.000000
0.000021
0.000000
0.000000
0.000688
0.000000
0.000000
0.000000
0.000400
0.000000
0.000000
0.000000
0.000000
0.008267
0.000000
0.000704
0.000000
0.000000
0.000237
0.000000
0.000000
0.000000
0.000000
0.000000
0.000000
0.000000
0.000004
0.000030
0.111699
0.000000
0.000000
0.000000
0.000000
0.000000
0.087550
0.000000
0.000000
0.000000
0.000000
0.000000
0.000000
0.000000
0.000000
0.000000
0.000001
0.000000
0.000000
0.000000
0.000000
0.000122
0.002806
0.000000
0.000000
0.000000
0.000000
0.000000
0.000000
0.000000
0.000000
0.000000
0.000000
0.000000
0.001965
0.000000
0.000000
0.000000
0.000026
0.000000
0.000581
0.000000
0.095649
0.001614
0.000000
0.006507
0.000000
0.000000
0.000004
0.004661
0.000000
0.000000
0.013319
0.000000
0.000000
0.606678
0.000000
0.000000
0.000000
0.000061
0.000000
0.000000
0.000000
0.000000
0.000000
0.000000
0.000000
0.000000
0.000000
0.000000
0.000000
0.000532
0.000000
0.000000
0.000000
0.000000
0.000000
0.000000
0.001867
0.000000
0.000000
0.126361
0.003086
0.000001
0.000000
0.000000
0.000000
0.000000
0.000000
0.000000
0.000000
0.008297
0.000000
0.000000
0.000000
0.000000
0.000000
0.000000
0.002063
0.000831
0.000000
0.000000
0.000000
0.070405
0.000000
0.000000
0.000000
0.015385
0.007208
0.000000
0.000000
0.000001
0.000000
0.000000
0.041861
0.000000
0.009059
0.000000
0.000000
0.000000
0.000000
0.000063
0.000000
0.000000
0.000000
0.000000
0.000001
0.000000
0.000002
0.001016
0.000000
0.000000
0.000000
0.000000
0.002645
0.000000
0.000000
0.004886
0.000000
0.000710
0.000001
0.000000
0.000000
0.000000
0.000000
0.000000
0.060806
0.000000
0.000000
0.000000
0.000000
0.000000
0.000000
0.000000
0.000000
0.000000
0.000113
0.000000
0.000000
0.000000
0.000000
0.000000
0.000000
0.000000
0.000000
0.000000
0.000000
0.000004
0.000000
0.000043
0.000030
0.000000
0.000000
0.000000
0.000000
0.000000
0.000003
0.000000
0.000000
0.000002
0.000256
0.000000
0.000000
0.000000
0.000001
0.000000
0.000009
0.000000
0.000000
0.000014
0.000000
0.000000
0.000002
0.004051
0.000000
0.000000
0.000000
0.000000
0.000000
0.400586
0.000000
0.000000
0.000000
0.000000
0.000000
0.000004
0.000000
0.003132
0.001628
0.000000
0.000000
0.095823
0.000000
0.000000
0.000000
0.000000
0.000000
0.000000
0.000000
0.000000
0.000001
0.000002
0.000000
0.000000
0.000000
0.022738
0.000000
0.000084
0.000000
0.003106
0.000033
0.000000
0.000000
0.000000
0.000000
0.000000
0.000000
0.000000
0.000001
0.000000
0.000000
0.000000
0.000000
0.003678
0.000000
0.000000
0.000000
0.000000
0.000001
0.000000
0.180702
0.000000
0.000000
0.000000
0.023536
0.000000
0.000000
0.000000
0.000000
0.000816
0.000000
0.150221
0.000000
0.000000
0.000000
0.000000
0.000000
0.000000
0.000000
0.000000
0.000000
0.000000
0.000000
0.000000
0.000000
0.000001
0.000000
0.000000
0.000000
0.000000
0.000000
0.000000
0.000000
0.000000
0.000000
0.000000
0.000000
0.000000
0.000000
0.010424
0.000000
0.000010
0.000000
0.000000
0.000000
0.000000
0.000000
0.000000
0.000113
0.000000
0.875058
0.011888
0.000000
0.000000
0.000000
0.000000
0.000000
0.000000
0.000000
0.000000
0.000000
0.000000
0.032974
0.000000
0.000000
0.000000
0.022673
0.052763
0.000000
0.000111
0.000000
0.000000
0.000000
0.000000
0.000000
0.000000
0.000000
0.000000
0.000000
0.000000
0.000000
0.000054
0.000000
0.000486
0.000000
0.000000
0.101435
0.015123
0.045087
0.000003
0.000000
0.000000
0.000015
0.000000
0.000000
0.017595
0.000000
0.000086
0.000000
0.013525
0.000000
0.000696
0.000000
0.000000
0.000000
0.000000
0.000000
0.000000
0.000000
0.002133
0.000000
0.000213
0.000000
0.000000
0.000000
0.000000
0.000000
0.012531
0.000000
0.000000
0.000000
0.000458
0.000000
0.000000
0.000000
0.139117
0.000007
0.000174
0.000000
0.000000
0.000570
0.000000
0.000000
0.000000
0.000000
0.000000
0.000000
0.000000
0.000005
0.000007
0.015783
0.000000
0.000000
0.000000
0.000000
0.000036
0.004428
0.000000
0.000020
0.000000
0.000000
0.000000
0.009782
0.000000
0.000000
0.000000
0.000257
0.000000
0.000000
0.000000
0.000000
0.000000
0.000070
0.000000
0.000000
0.000000
0.000008
0.000000
0.000000
0.000000
0.000000
0.000000
0.008121
0.001728
0.000000
0.000000
0.000000
0.000000
0.000307
0.000000
0.065798
0.000000
0.000000
0.000000
0.000000
0.000000
0.000000
0.000000
0.000000
0.000000
0.006177
0.000000
0.000000
0.000000
0.000016
0.000000
0.000000
0.000000
0.000000
0.001500
0.000000
0.000000
0.448931
0.000000
0.000000
0.000000
0.000000
0.000000
0.000000
0.000000
0.000000
0.000000
0.000000
0.000000
0.000062
0.502600
0.000000
0.000000
0.000000
0.000000
0.000160
0.035225
0.000000
0.000000
0.000000
0.000000
0.000000
0.000000
0.000000
0.000951
0.000000
0.000000
0.000000
0.000000
0.000000
0.000000
0.000000
0.000000
0.000000
0.011240
0.000000
0.000000
0.000000
0.009447
0.000000
0.000000
0.000000
0.000000
0.080637
0.000000
0.000000
0.000000
0.003849
0.000000
0.000093
0.000000
0.000036
0.000000
0.000000
0.000434
0.000000
0.000000
0.000021
0.000000
0.000000
0.003709
0.000000
0.000668
0.000000
0.000000
0.001006
0.000005
0.000000
0.000000
0.000000
0.000000
0.000000
0.000000
0.000000
0.000000
0.024503
0.000000
0.000000
0.000000
0.000000
0.000000
0.000000
0.000000
0.000000
0.000000
0.022447
0.000000
0.000000
0.000071
0.000000
0.000000
0.000000
0.000000
0.000000
0.000000
0.000001
0.000000
0.000000
0.000000
0.000000
0.000000
0.000000
0.000000
0.000000
0.000000
0.000046
0.000015
0.000000
0.000000
0.000000
0.000000
0.000000
0.000000
0.000000
0.000000
0.000000
0.000000
0.000000
0.057731
0.000111
0.043945
0.000000
0.000000
0.000536
0.029775
0.000000
0.000000
0.000000
0.000000
0.000000
0.000000
0.014953
0.000000
0.001457
0.000000
0.000053
0.000000
0.000000
0.000511
0.000000
0.017304
0.000000
0.000000
0.000000
0.000000
0.000000
0.004119
0.000000
0.000000
0.000000
0.000082
0.000000
0.130288
0.000000
0.002423
0.000000
0.000000
0.000000
0.000000
0.000593
0.000000
0.000000
0.163318
0.000000
0.000000
0.000005
0.063216
0.000000
0.000000
0.000000
0.221938
0.000000
0.000000
0.000000
0.000000
0.000000
0.000561
0.000002
0.000000
0.000000
0.000000
0.000000
0.000000
0.000000
0.000000
0.000000
0.000000
0.000004
0.000000
0.000000
0.000000
0.039979
0.000000
0.022888
0.000000
0.000000
0.000000
0.002908
0.000000
0.000000
0.000000
0.000000
0.000000
0.047297
0.000014
0.000000
0.000000
0.037167
0.000009
0.000000
0.000000
0.000000
0.000000
0.000000
0.000000
0.000000
0.000452
0.000000
0.000000
0.000000
0.000000
0.000000
0.000000
0.001167
0.000000
0.000000
0.030236
0.093583
0.000000
0.000000
0.000000
0.000000
0.000000
0.000000
0.000003
0.000000
0.000000
0.000000
0.000000
0.000000
0.000000
0.000254
0.000000
0.000000
0.000000
0.000000
0.000000
0.000009
0.000000
0.004150
0.000000
0.000000
0.000000
0.000012
0.000000
0.000224
0.040385
0.000000
0.001084
0.000000
0.000008
0.000000
0.000000
0.000000
0.003281
0.000012
0.000008
0.000209
0.000000
0.000000
0.000000
0.000000
0.000000
0.000000
0.022893
0.000009
0.000000
0.000000
0.000000
0.000000
0.000000
0.000000
0.000000
0.000000
0.000000
0.000000
0.000000
0.000000
0.000000
0.000000
0.000000
0.004850
0.000000
0.000000
0.000000
0.022729
0.000009
0.000000
0.000000
0.000000
0.000002
0.000000
0.000077
0.000000
0.000000
0.000000
0.000000
0.027200
0.000000
0.000000
0.000000
0.000000
0.000000
0.000000
0.000277
0.000000
0.000000
0.000000
0.000006
0.000001
0.000437
0.000000
0.000000
0.856356
0.000000
0.000000
0.000000
0.000264
0.000000
0.000000
0.000000
0.000000
0.000000
0.000000
0.000000
0.000000
0.000000
0.004409
0.000000
0.000000
0.000000
0.000186
0.000000
0.000000
0.000000
0.000000
0.000000
0.000000
0.000000
0.000000
0.000000
0.000000
0.000000
0.000000
0.000000
0.002175
0.000000
0.000000
0.000000
0.000000
0.000000
0.000000
0.000000
0.584770
0.003945
0.000000
0.000000
0.000000
0.000000
0.000000
0.004718
0.000000
0.000000
0.000000
0.000000
0.000000
0.000000
0.000000
0.000000
0.000000
0.000000
0.000000
0.000192
0.000000
0.000000
0.000000
0.000000
0.005950
0.000000
0.000107
0.000000
0.000000
0.019343
0.000000
0.044031
0.000000
0.000000
0.000000
0.000003
0.000000
0.000000
0.000073
0.000000
0.000000
0.000000
0.000000
0.265342
0.000000
0.000000
0.000000
0.000000
0.000000
0.000000
0.000000
0.000000
0.000000
0.000000
0.000000
0.000000
0.000000
0.000180
0.000000
0.000000
0.000000
0.000000
0.000007
0.000000
0.000000
0.000000
0.000000
0.000000
0.000000
0.000000
0.000000
0.000000
0.000000
0.000000
0.010023
0.000000
0.015180
0.000000
0.000000
0.000080
0.000000
0.005800
0.000000
0.000000
0.000000
0.181288
0.099534
0.000000
0.000166
0.000136
0.000000
0.000000
0.000000
0.000269
0.000000
0.000000
0.000000
0.000000
0.000655
0.000000
0.000000
0.000000
0.000000
0.000000
0.112758
0.000000
0.000000
0.000211
0.000000
0.000000
0.000000
0.000000
0.000000
0.000001
0.000000
0.000000
0.000000
0.000000
0.000000
0.000000
0.000000
0.000585
0.000000
0.000529
0.000000
0.743354
0.000046
0.000000
0.000000
0.000000
0.000000
0.000000
0.000000
0.000000
0.000000
0.000000
0.000000
0.000000
0.000000
0.000000
0.000000
0.000176
0.010429
0.000000
0.000000
0.000000
0.000000
0.000000
0.000774
0.000000
0.000000
0.000000
0.000000
0.000000
0.032540
0.000000
0.000000
0.000000
0.000000
0.000000
0.000000
0.000000
0.000000
0.000010
0.014739
0.025373
0.003513
0.000000
0.000000
0.000000
0.000000
0.000000
0.000000
0.000000
0.000000
0.000000
0.000000
0.000000
0.000000
0.000000
0.009883
0.000000
0.000000
0.000000
0.750435
0.000000
0.000000
0.000000
0.000000
0.000000
0.000000
0.000000
0.000000
0.000000
0.000000
0.000000
0.000000
0.000000
0.000008
0.000000
0.000000
0.000000
0.034418
0.000000
0.000000
0.000000
0.000000
0.000000
0.000000
0.000111
0.022581
0.000067
0.000000
0.000000
0.000000
0.394073
0.012464
0.000000
0.000000
0.002553
0.000000
0.000000
0.000000
0.000000
0.196436
0.000005
0.000000
0.000000
0.000000
0.000002
0.000000
0.000017
0.000000
0.000003
0.000000
0.000000
0.000000
0.355430
0.000000
0.000000
0.000000
0.000000
0.007285
0.000000
0.000000
0.000000
0.001638
0.000000
0.000000
0.000000
0.000028
0.117839
0.000000
0.000000
0.000000
0.000000
0.000000
0.000000
0.000000
0.000000
0.000000
0.000000
0.000000
0.000000
0.017318
0.000000
0.000000
0.000000
0.000000
0.000000
0.013915
0.000000
0.000000
0.000000
0.000000
0.000000
0.000000
0.000000
0.000000
0.004001
0.000000
0.000000
0.000000
0.000000
0.000000
0.000000
0.000000
0.000000
0.000000
0.000000
0.000000
0.000043
0.000000
0.000000
0.011779
0.000000
0.000000
0.000000
0.000000
0.000000
0.000000
0.060169
0.000696
0.000000
0.193324
0.000000
0.717146
0.000017
0.000000
0.000000
0.000000
0.000000
0.000000
0.001482
0.000000
0.000000
0.211692
0.000000
0.000000
0.000008
0.000000
0.000000
0.000000
0.000000
0.000000
0.000000
0.000000
0.000000
0.000000
0.000000
0.000000
0.000000
0.000521
0.000000
0.000000
0.000001
0.000106
0.004113
0.000000
0.000000
0.000000
0.000000
0.000000
0.000000
0.000011
0.000000
0.000000
0.000000
0.000000
0.000000
0.000000
0.000000
0.000000
0.000000
0.000000
0.000000
0.000000
0.000000
0.000000
0.000887
0.000000
0.000000
0.000000
0.000000
0.000000
0.000000
0.002350
0.042630
0.000000
0.000000
0.000000
0.000000
0.000000
0.000000
0.000000
0.000000
0.013910
0.000392
0.000000
0.000000
0.000060
0.000000
0.005224
0.000000
0.000831
0.000000
0.000000
0.000000
0.002184
0.000000
0.000191
0.000000
0.000000
0.000000
0.000000
0.000048
0.000001
0.000000
0.006385
0.000571
0.000000
0.000000
0.000000
0.000000
0.000000
0.000012
0.002293
0.000000
0.000000
0.000000
0.000587
0.000633
0.000000
0.000000
0.000109
0.024226
0.036928
0.000000
0.015458
0.037591
0.000000
0.000000
0.000000
0.000000
0.000000
0.000000
0.000000
0.000000
0.000000
0.000000
0.000000
0.000000
0.000000
0.000000
0.000000
0.000000
0.000000
0.000032
0.008037
0.000029
0.000145
0.000000
0.000000
0.000000
0.000037
0.000000
0.000405
0.010165
0.000027
0.000000
0.000000
0.000000
0.000000
0.000000
0.000000
0.000000
0.000000
0.000000
0.000000
0.000000
0.000000
0.000000
0.000000
0.000000
0.000091
0.000000
0.000000
0.000000
0.000129
0.000000
0.000000
0.000453
0.430532
0.000000
0.795052
0.000000
0.000003
0.000000
0.000000
0.000307
0.000000
0.000000
0.000000
0.000000
0.000000
0.000000
0.000000
0.000009
0.000000
0.000000
0.000000
0.000000
0.000000
0.000000
0.000000
0.000000
0.000000
0.000205
0.000000
0.000000
0.000000
0.000000
0.000000
0.000000
0.000000
0.000037
0.000000
0.900096
0.000000
0.000000
0.000000
0.000000
0.000000
0.000000
0.000091
0.000000
0.000000
0.000000
0.000000
0.000000
0.000000
0.000000
0.000000
0.000000
0.000000
0.000000
0.000000
0.000000
0.000000
0.000000
0.000000
0.000000
0.018162
0.000000
0.000000
0.000000
0.000000
0.000000
0.000000
0.002258
0.000000
0.000000
0.000001
0.001117
0.000000
0.000000
0.000000
0.000000
0.000032
0.000000
0.000000
0.000000
0.000000
0.000000
0.000000
0.000000
0.000000
0.007512
0.000567
0.000000
0.000000
0.000000
0.000000
0.000000
0.000000
0.000000
0.000000
0.636904
0.000000
0.000000
0.000000
0.000000
0.000000
0.000000
0.000000
0.000000
0.000000
0.000000
0.000000
0.000000
0.000000
0.000000
0.002210
0.000000
0.000000
0.000015
0.000137
0.000000
0.000000
0.000000
0.000000
0.001099
0.000000
0.000000
0.000000
0.000000
0.000000
0.000000
0.000000
0.000000
0.000000
0.000000
0.000000
0.000000
0.000000
0.000000
0.000000
0.000000
0.000017
0.000000
0.000000
0.000000
0.000000
0.003829
0.000000
0.000000
0.000000
0.000000
0.000000
0.000730
0.001099
0.000000
0.000130
0.000000
0.000000
0.000000
0.000000
0.313878
0.000000
0.000000
0.000000
0.000000
0.000000
0.000000
0.000000
0.000000
0.003219
0.000000
0.000047
0.000000
0.000000
0.000000
0.000000
0.000000
0.000000
0.000000
0.000000
0.000000
0.000000
0.000000
0.000000
0.000000
0.000000
0.000000
0.346769
0.000000
0.010785
0.000277
0.000000
0.000000
0.000000
0.000000
0.000000
0.000044
0.000000
0.000000
0.000000
0.000000
0.000000
0.000000
0.000000
0.000000
0.000000
0.001332
0.000000
0.000000
0.000000
0.000000
0.000000
0.000000
0.000000
0.000011
0.024855
0.000000
0.000000
0.000000
0.024902
0.000000
0.000000
0.000000
0.000000
0.000000
0.013838
0.000000
0.000000
0.000000
0.000000
0.000000
0.000000
0.000000
0.000001
0.000000
0.003855
0.001400
0.000000
0.000000
0.006649
0.000000
0.000004
0.000000
0.000000
0.000000
0.000000
0.000000
0.000000
0.000001
0.000000
0.000000
0.047126
0.000000
0.000328
0.000000
0.000000
0.000073
0.000000
0.000000
0.002157
0.000265
0.000000
0.000000
0.000000
0.000000
0.000000
0.000000
0.000000
0.000000
0.000000
0.000001
0.000000
0.107639
0.000018
0.000000
0.000000
0.000000
0.000000
0.000002
0.000000
0.382494
0.000000
0.000000
0.000000
0.000408
0.000357
0.000335
0.053137
0.013245
0.000000
0.000000
0.000000
0.000000
0.000000
0.000000
0.000000
0.000000
0.010403
0.000000
0.000017
0.000000
0.002544
0.000000
0.000000
0.000000
0.000000
0.020640
0.000405
0.000000
0.001413
0.000000
0.000000
0.000000
0.000000
0.000001
0.000003
0.000000
0.000296
0.000000
0.411514
0.000000
0.000000
0.000000
0.000000
0.000000
0.000000
0.028172
0.000000
0.000000
0.000000
0.031222
0.000000
0.000000
0.000000
0.000000
0.000000
0.000000
0.012605
0.004086
0.000000
0.000000
0.000032
0.000000
0.000000
0.000000
0.000000
0.019118
0.000000
0.000000
0.000000
0.000000
0.000000
0.000000
0.001674
0.000000
0.000000
0.001666
0.000000
0.000000
0.000000
0.000000
0.000000
0.000000
0.000000
0.000049
0.000000
0.000037
0.000000
0.000038
0.000001
0.017534
0.000000
0.000158
0.000000
0.000000
0.000000
0.000151
0.000000
0.000000
0.000000
0.000000
0.000000
0.000000
0.000000
0.000000
0.000000
0.000000
0.000000
0.000039
0.000000
0.000000
0.000000
0.000000
0.000000
0.000000
0.000000
0.000000
0.007058
0.000002
0.000000
0.000220
0.000000
0.000000
0.001278
0.000000
0.000000
0.000000
0.000000
0.000000
0.000000
0.000000
0.000000
0.001919
0.000000
0.000000
0.000000
0.000000
0.000000
0.000000
0.015521
0.000000
0.000000
0.034799
0.000000
0.013700
0.000000
0.000398
0.000041
0.000000
0.001526
0.000000
0.000009
0.000000
0.000000
0.003194
0.000917
0.000000
0.000000
0.000000
0.000000
0.000000
0.000000
0.000000
0.000000
0.000000
0.000000
0.000000
0.000000
0.000000
0.000222
0.004739
0.000020
0.000002
0.000000
0.000000
0.000000
0.570948
0.433005
0.000000
0.000000
0.000000
0.000189
0.000000
0.000000
0.000000
0.000000
0.003297
0.000000
0.000000
0.000000
0.000000
0.000000
0.000206
0.000000
0.000003
0.000713
0.000000
0.000000
0.000000
0.000000
0.003823
0.001196
0.000000
0.000000
0.000000
0.000001
0.000000
0.000000
0.000000
0.000000
0.000000
0.011555
0.000000
0.000000
0.000000
0.000000
0.014765
0.000000
0.000000
0.000000
0.000000
0.000000
0.000000
0.000000
0.000000
0.000000
0.000000
0.000000
0.000000
0.167857
0.000000
0.000008
0.000000
0.000000
0.000000
0.000000
0.000000
0.000000
0.000000
0.000000
0.000000
0.000000
0.000000
0.000000
0.000000
0.000000
0.000000
0.006472
0.000000
0.000000
0.000000
0.000000
0.000000
0.000000
0.000000
0.000000
0.000000
0.000000
0.000000
0.000000
0.000584
0.000000
0.000000
0.000000
0.000000
0.000475
0.000000
0.000000
0.000000
0.000000
0.000000
0.000000
0.000000
0.000000
0.000538
0.000000
0.000680
0.000000
0.000296
0.000000
0.000752
0.000000
0.000000
0.000000
0.000000
0.000000
0.000000
0.001596
0.000000
0.000000
0.028349
0.000000
0.000000
0.000000
0.000000
0.000004
0.000000
0.000000
0.000000
0.000000
0.000000
0.000000
0.015329
0.000000
0.013346
0.000000
0.072293
0.000000
0.000022
0.000000
0.000000
0.000000
0.000000
0.006004
0.000000
0.000000
0.000000
0.000058
0.000000
0.000138
0.000000
0.000000
0.000000
0.000000
0.141162
0.000000
0.000000
0.000000
0.000000
0.000000
0.000000
0.000000
0.000000
0.000185
0.000000
0.000000
0.000000
0.000000
0.000000
0.000000
0.000000
0.000005
0.000000
0.000000
0.000524
0.000000
0.000000
0.000000
0.000422
0.000000
0.000000
0.000000
0.000947
0.000000
0.000000
0.000001
0.315529
0.000000
0.000000
0.000000
0.000000
0.000000
0.000000
0.000000
0.000000
0.000000
0.000000
0.000066
0.000000
0.000003
0.000000
0.000000
0.000430
0.000000
0.000000
0.041203
0.000000
0.000000
0.000002
0.000000
0.000762
0.000000
0.000000
0.185659
0.000000
0.000000
0.000000
0.000000
0.000000
0.000000
0.000000
0.000000
0.000000
0.000000
0.000000
0.000000
0.000007
0.000000
0.000000
0.000022
0.000000
0.000000
0.000000
0.316398
0.000000
0.005546
0.000000
0.323013
0.000000
0.000000
0.000000
0.000000
0.000000
0.000000
0.000000
0.000000
0.000000
0.000000
0.000000
0.017955
0.000001
0.000000
0.000000
0.000000
0.000000
0.000000
0.000179
0.022015
0.000000
0.000000
0.133236
0.000000
0.000000
0.000000
0.000000
0.699758
0.000047
0.000036
0.000000
0.000000
0.000022
0.000000
0.000000
0.001302
0.000000
0.000000
0.000000
0.000000
0.000000
0.000000
0.000000
0.000175
0.000000
0.000000
0.000000
0.000000
0.000039
0.003577
0.000000
0.000000
0.000000
0.000000
0.000000
0.000000
0.002666
0.000007
0.000000
0.000000
0.000000
0.000000
0.000000
0.000000
0.000000
0.000000
0.000000
0.000000
0.000000
0.000000
0.000000
0.000000
0.000000
0.000000
0.000000
0.000000
0.000000
0.000000
0.000000
0.000000
0.000000
0.000000
0.000003
0.000000
0.000000
0.001212
0.000000
0.056982
0.000000
0.000000
0.000000
0.000000
0.000000
0.000000
0.000003
0.000000
0.000000
0.000000
0.000000
0.000000
0.000000
0.000006
0.000000
0.009704
0.000000
0.000000
0.000000
0.000000
0.000000
0.000000
0.000000
0.000000
0.000000
0.000000
0.000000
0.001533
0.992418
0.000002
0.000000
0.000000
0.000000
0.000016
0.000000
0.000000
0.000000
0.000000
0.000000
0.000880
0.000000
0.000000
0.000000
0.000000
0.000000
0.000000
0.000000
0.000000
0.000000
0.000000
0.053707
0.000000
0.000000
0.000015
0.000005
0.000000
0.000000
0.018079
0.003830
0.000000
0.001443
0.000000
0.000000
0.000000
0.000099
0.000000
0.000000
0.000000
0.000000
0.000643
0.010317
0.000000
0.000000
0.000000
0.000032
0.000000
0.000000
0.000000
0.000000
0.000000
0.001066
0.153645
0.005642
0.000000
0.000000
0.000000
0.000000
0.000000
0.000000
0.000000
0.000000
0.000000
0.000000
0.017583
0.000000
0.001754
0.000000
0.000000
0.001265
0.000038
0.000000
0.000000
0.000000
0.000000
0.000029
0.000000
0.000000
0.000000
0.000000
0.000000
0.000000
0.000000
0.000002
0.000000
0.000001
0.001258
0.000000
0.000000
0.000000
0.000000
0.000048
0.000000
0.000000
0.000000
0.000000
0.000000
0.000000
0.000000
0.000000
0.000000
0.000000
0.000000
0.000000
0.000000
0.000000
0.000000
0.000000
0.000000
0.000069
0.000012
0.000000
0.000000
0.000000
0.000019
0.000000
0.000000
0.000000
0.000000
0.000000
0.000000
0.000000
0.000000
0.000000
0.000000
0.000000
0.000026
0.000000
0.000000
0.000001
0.000000
0.180258
0.001998
0.000000
0.322978
0.000000
0.000000
0.000000
0.000035
0.000000
0.000000
0.002553
0.000000
0.004786
0.000000
0.000000
0.000000
0.000603
0.001533
0.000000
0.000000
0.000903
0.000000
0.000000
0.000012
0.000000
0.000000
0.000000
0.000001
0.000000
0.026251
0.000157
0.000971
0.099637
0.000000
0.000000
0.000000
0.000000
0.000000
0.000000
0.000000
0.000000
0.000000
0.000000
0.000000
0.000000
0.000000
0.000000
0.000151
0.000000
0.000000
0.000000
0.262846
0.000000
0.001199
0.000000
0.170267
0.000000
0.000000
0.000000
0.000000
0.000000
0.000000
0.000000
0.000018
0.000000
0.000000
0.000000
0.000000
0.000000
0.003331
0.767655
0.000000
0.000000
0.000000
0.000062
0.000000
0.000000
0.000000
0.000000
0.000000
0.000000
0.000000
0.000000
0.076190
0.000000
0.000000
0.000000
0.000000
0.000000
0.000000
0.000000
0.000000
0.000000
0.116216
0.894604
0.000214
0.000000
0.003696
0.000000
0.000000
0.000000
0.000544
0.000000
0.000022
0.000460
0.000000
0.000008
0.002186
0.004642
0.000000
0.000000
0.000000
0.000000
0.002462
0.000000
0.000000
0.000000
0.000000
0.000000
0.000000
0.000000
0.000000
0.000000
0.000000
0.000000
0.000000
0.000000
0.000000
0.000000
0.000000
0.000000
0.000000
0.000000
0.000000
0.000000
0.000001
0.033399
0.000000
0.000000
0.062665
0.000000
0.000000
0.000170
0.000000
0.000000
0.000000
0.000000
0.000000
0.000000
0.000000
0.000000
0.000000
0.000000
0.000000
0.145412
0.000000
0.000000
0.003228
0.000241
0.000000
0.004492
0.000000
0.011933
0.000000
0.038792
0.000000
0.021288
0.001007
0.000000
0.000000
0.000000
0.000000
0.000000
0.000000
0.000000
0.006675
0.003766
0.000000
0.007301
0.000000
0.000000
0.000000
0.000000
0.000000
0.000000
0.000000
0.000000
0.000000
0.000000
0.000000
0.000000
0.000440
0.000000
0.000000
0.049880
0.000000
0.016448
0.000000
0.000000
0.000000
0.000000
0.000000
0.000000
0.000000
0.000000
0.000007
0.000000
0.000000
0.000000
0.009855
0.000000
0.000000
0.000000
0.000000
0.000000
0.000000
0.000001
0.000000
0.000000
0.000000
0.000002
0.030339
0.074325
0.000000
0.000000
0.274266
0.000000
0.000000
0.000000
0.000105
0.000000
0.000000
0.002234
0.000000
0.105008
0.000000
0.000000
0.000000
0.000000
0.000000
0.000000
0.002255
0.000000
0.000000
0.000000
0.000000
0.000000
0.000000
0.000000
0.000000
0.000000
0.000006
0.000000
0.000000
0.000000
0.000000
0.000000
0.000000
0.000000
0.000000
0.000000
0.000000
0.000100
0.000000
0.000000
0.000000
0.000000
0.000000
0.000000
0.000000
0.000024
0.000000
0.000000
0.000000
0.403502
0.001173
0.000000
0.000005
0.000000
0.000000
0.000000
0.000000
0.000000
0.831472
0.000000
0.000000
0.000000
0.000000
0.000000
0.699173
0.000000
0.000000
0.000000
0.000000
0.000000
0.000001
0.000000
0.000000
0.000000
0.000000
0.000000
0.000000
0.000000
0.189349
0.000000
0.000000
0.000000
0.000000
0.000000
0.000310
0.000000
0.000150
0.000000
0.000000
0.000000
0.000000
0.000000
0.026174
0.000035
0.000000
0.000000
0.000000
0.000000
0.000000
0.000065
0.000000
0.000000
0.000000
0.000000
0.000000
0.000000
0.000000
0.001225
0.064047
0.000000
0.018931
0.000000
0.000000
0.000000
0.000000
0.000000
0.000000
0.000000
0.000000
0.000005
0.000048
0.000000
0.000000
0.002336
0.000000
0.000000
0.267672
0.000000
0.000000
0.000000
0.002370
0.001078
0.000593
0.000172
0.000000
0.000000
0.000000
0.000000
0.000000
0.000000
0.000000
0.000000
0.000000
0.000000
0.000000
0.009386
0.032060
0.000000
0.000000
0.000000
0.000655
0.000000
0.000000
0.000000
0.000379
0.000000
0.000000
0.000313
0.000000
0.000000
0.008427
0.000000
0.000000
0.000000
0.013231
0.000000
0.000000
0.000094
0.000000
0.000130
0.001876
0.000000
0.000000
0.022511
0.000000
0.000000
0.000000
0.000009
0.004565
0.002821
0.000000
0.000000
0.000000
0.000000
0.000650
0.000000
0.000107
0.000000
0.000000
0.000000
0.000000
0.000000
0.000000
0.000000
0.000000
0.000005
0.000000
0.000000
0.000000
0.000000
0.000000
0.000000
0.000000
0.000000
0.000000
0.000000
0.000030
0.000012
0.000000
0.000000
0.000000
0.000000
0.000000
0.000000
0.000000
0.000086
0.000000
0.000000
0.000000
0.000000
0.000000
0.000000
0.000000
0.000000
0.000000
0.000000
0.000000
0.000000
0.000000
0.000730
0.000000
0.000000
0.000007
0.000000
0.000000
0.000000
0.000000
0.000000
0.000000
0.000000
0.000000
0.000000
0.000000
0.000000
0.004961
0.000000
0.019808
0.000000
0.000000
0.000000
0.000099
0.000000
0.000000
0.000000
0.000000
0.000000
0.000000
0.000000
0.000000
0.000000
0.922166
0.000000
0.000000
0.000000
0.000030
0.000000
0.000000
0.000000
0.000000
0.000000
0.000000
0.000000
0.000002
0.000000
0.000000
0.000000
0.189774
0.000000
0.000000
0.000151
0.000000
0.000000
0.000000
0.000000
0.000000
0.003852
0.113384
0.000281
0.000000
0.000000
0.010983
0.000000
0.000000
0.000000
0.000082
