1.000000
0.302524
0.000000
0.002464
0.705035
0.999885
0.238267
0.999991
0.000000
0.485808
0.999512
0.880074
0.178810
0.002666
0.853861
0.461095
0.287490
0.000000
0.000000
0.000000
0.075413
0.000000
0.999979
0.000000
0.370395
0.025355
0.883350
0.050578
0.033636
0.000000
0.000000
0.997996
0.766179
0.050165
0.000000
0.973495
0.048326
0.815816
0.175750
0.629571
0.174439
0.028246
0.000000
0.707527
0.053175
0.027023
0.409901
0.887943
0.813634
0.037306
0.995269
0.388973
0.018598
0.070691
0.745052
0.617277
0.883297
0.883466
0.029559
0.115358
1.000000
0.069532
0.000000
0.070185
0.487646
0.953794
0.998316
1.000000
0.024415
0.555619
0.238094
0.921851
0.630693
1.000000
0.997788
0.308815
0.850623
0.574608
0.202530
0.450461
0.011286
0.895515
0.082246
0.169289
0.045665
0.000000
0.552349
0.000000
0.538049
0.010313
0.990000
0.050408
0.629653
0.380361
0.054970
0.147914
0.619617
0.177955
1.000000
0.481747
0.017022
0.999755
1.000000
0.522898
0.072072
0.302527
0.025059
0.919734
1.000000
0.039895
0.989087
0.276929
0.072810
0.366694
0.315250
0.000000
1.000000
0.215962
0.859639
0.292883
0.414560
0.999486
0.317842
0.121676
0.069261
0.141537
0.518676
0.008992
0.210550
0.043025
0.989714
0.451599
0.000000
0.020209
0.031153
1.000000
0.030555
0.487669
0.000000
0.000000
0.000000
0.098205
0.856514
0.000000
0.268580
0.000000
0.540086
0.559307
0.025068
0.966007
0.213751
0.000000
1.000000
0.340880
0.888709
0.099664
0.049179
0.085040
0.062865
0.053694
0.000000
0.920022
0.996639
0.155108
0.042814
0.222352
0.142861
0.906082
0.809308
0.500099
0.078395
0.030397
0.114693
0.136933
1.000000
1.000000
0.997349
0.663765
0.235903
0.464685
0.706116
0.129207
0.359785
0.848964
1.000000
0.143019
0.000000
0.182726
0.782169
1.000000
0.000000
0.000000
0.330270
0.057974
0.086750
0.060034
0.054591
0.981149
0.000000
0.999831
0.196812
0.051932
0.065754
0.999983
0.117010
0.889222
0.999852
0.142747
0.115470
0.000000
0.718902
0.017665
0.000000
0.063841
0.022164
0.143395
0.064010
0.996941
0.143807
0.000000
0.991043
0.047588
0.026750
0.073842
0.400283
0.366193
0.053806
0.939855
0.106012
0.247727
0.002437
0.385752
0.018121
0.529553
0.000000
0.976128
0.000000
0.916874
0.000000
0.810064
0.000000
0.256100
0.209994
0.378662
0.058467
0.350805
0.834804
0.009117
0.906232
0.992928
0.165293
0.819601
0.526017
0.999314
1.000000
0.000000
0.280439
0.000000
0.037983
0.013406
0.033392
0.027184
0.594387
0.048047
0.351582
0.399379
0.999717
0.000000
0.345592
0.115764
0.974718
0.000000
0.022855
0.998365
0.158551
0.101336
0.425053
0.411573
1.000000
0.136374
0.014932
0.161793
0.986320
0.819850
0.420041
0.793646
0.936953
0.999999
0.996963
0.222639
0.058618
0.013157
0.879008
0.994974
0.249651
0.035993
0.416424
0.869420
0.005908
1.000000
1.000000
0.040262
0.041891
0.999992
0.571080
0.576887
0.125724
0.097000
0.100216
0.872963
0.078572
0.000000
0.042864
0.000000
0.778015
0.000000
0.183891
0.415124
0.141691
0.000000
0.992654
0.158079
1.000000
0.460058
0.116697
0.999263
0.066720
0.574531
0.153909
0.164369
0.912657
0.163734
0.000000
0.999138
0.163274
0.681480
0.000000
0.123159
0.026077
0.215491
0.201927
0.128284
0.758829
0.207889
0.128384
0.000000
0.036082
0.105757
0.115969
0.000000
0.902262
0.237261
0.273271
0.978631
0.998723
1.000000
0.734882
0.640146
0.417690
0.401301
0.993426
0.830703
0.326268
0.232403
0.253960
0.000000
0.020399
0.428375
0.811245
1.000000
0.989678
0.000000
0.000000
0.000000
0.031872
0.133050
0.052375
0.000000
0.762171
0.995311
0.791791
0.020781
0.008500
0.994403
0.982392
0.999718
0.038697
0.205951
0.262929
0.009552
0.028135
0.214314
0.257714
0.413764
0.853699
0.000000
0.182481
0.000000
0.983391
0.480718
0.015608
0.999986
0.269288
0.999685
0.069551
0.142944
0.996642
0.251780
0.188559
0.028888
0.998532
0.011347
0.280803
0.000000
0.030820
0.993873
0.339077
0.000000
1.000000
0.527118
0.000000
0.016888
0.166154
0.118596
0.012586
0.052115
0.788004
0.860186
0.394204
0.523854
0.221839
0.038454
0.012775
0.000000
0.551082
0.866173
0.569741
0.597407
0.078792
0.203185
0.619951
0.504065
0.085232
0.879661
0.351221
0.297899
0.322592
0.625307
0.995307
0.212544
0.038748
0.260244
0.295277
0.000000
0.307341
0.409383
0.182815
0.548273
0.214858
0.000000
0.123892
0.180439
0.664286
0.998086
0.657022
0.066106
0.771626
0.000000
0.529596
0.092723
0.794622
0.133183
0.004595
0.059798
0.000000
0.410038
0.132149
0.064277
0.999862
0.234390
0.094505
0.999302
0.301230
0.086472
0.800125
0.037744
0.179286
0.012479
0.518305
0.696022
0.524024
0.099958
0.998474
0.334950
0.211267
0.020060
0.059566
0.194656
0.106867
0.000000
0.999927
0.963087
0.156736
0.000000
0.036367
0.046093
0.026298
0.992645
0.104287
0.999792
0.111380
0.017885
0.008307
0.927047
0.998462
0.448609
0.000000
0.131810
0.999388
0.998893
1.000000
0.000000
0.319667
1.000000
0.999952
0.999955
0.519459
0.149202
0.000000
0.238438
0.115881
0.098681
0.564447
0.000000
0.118680
0.978976
0.000000
0.481854
0.263436
0.278883
0.363275
0.000000
0.810027
0.000000
0.031488
1.000000
0.029621
0.061624
0.999797
0.189283
0.999220
1.000000
0.104947
0.000000
0.484923
0.354526
0.349992
0.885670
0.058749
0.132041
0.034119
0.986429
0.999998
0.213459
0.006781
0.102884
0.087944
0.032653
0.287918
0.999777
0.933448
1.000000
0.913023
0.134787
0.234504
0.297817
0.404553
0.049334
0.000000
0.999990
1.000000
0.976335
0.123551
0.195529
0.994987
0.977400
1.000000
0.061122
0.482108
0.423300
0.000000
0.138296
0.000000
0.008586
0.000000
0.034465
0.045637
0.390896
0.015552
0.000000
0.062132
0.132036
0.167015
0.540621
0.090592
0.746150
0.295450
0.616999
0.620903
0.549872
0.140185
0.000000
0.992429
0.035190
0.833947
0.677429
0.169682
0.082928
0.000000
0.074532
0.900273
0.000000
0.102841
0.132098
0.503136
0.950111
0.039972
0.855829
0.999847
0.039232
0.000000
0.417962
0.078119
0.106421
0.881936
0.000000
0.025060
0.999874
0.879638
0.000000
0.499428
0.721959
0.000000
0.000000
0.389626
0.041617
0.071989
0.098189
0.787206
0.385467
0.128623
0.160915
0.530167
0.079427
0.333436
0.100525
0.010318
0.554590
0.354835
0.497278
0.227133
0.052342
0.217008
0.000000
1.000000
0.000000
0.015177
0.939241
0.812464
0.814366
0.841335
0.716828
0.000000
0.530125
0.867026
1.000000
0.257932
0.073465
0.030760
0.388231
0.192134
0.105157
0.081578
0.863606
0.998212
0.470350
0.398489
0.893748
0.677743
0.230050
0.520193
0.630710
0.992683
0.073393
0.047948
0.000000
0.000000
0.000000
0.619297
0.072514
0.060464
0.999976
0.000000
0.067950
0.718203
0.193667
0.290510
0.000000
0.003215
0.000000
0.102689
0.111220
0.999947
0.929904
0.026993
0.000000
0.076246
0.952745
0.665682
0.139854
0.084402
0.980961
0.049229
0.616562
0.564178
0.000000
0.028994
0.057675
0.057418
0.000000
1.000000
0.546822
0.841485
0.063376
0.265631
0.999998
0.000000
0.132189
0.151538
0.030844
0.922822
1.000000
0.000000
0.923315
0.074177
0.071875
0.096412
0.205732
0.614483
0.454802
0.115245
0.928997
0.580748
0.367881
0.000000
0.551859
0.749111
0.054313
0.016767
0.053185
0.115629
1.000000
0.000000
0.187331
0.049995
1.000000
0.952508
0.000000
0.000000
0.715222
0.820449
1.000000
0.204405
0.141734
0.154688
0.061987
0.267211
0.043554
1.000000
0.000000
0.290467
0.078844
0.012409
0.263475
0.000000
0.000000
0.817278
0.753033
0.000000
0.539857
1.000000
0.125605
0.000000
0.685349
0.212454
0.000000
0.125732
0.854007
0.999931
0.076073
1.000000
0.000000
0.735779
0.701029
0.027643
0.982497
0.750955
0.999092
0.545013
0.009621
0.958116
0.000000
0.104101
0.163361
0.992019
0.945372
0.358483
0.143557
0.495050
0.295692
0.000000
0.421885
0.967318
0.150187
0.069977
0.139897
0.999995
0.324746
0.545490
0.115871
0.054627
0.041707
0.038459
1.000000
0.997843
0.028090
0.035262
0.508478
0.358734
0.421408
0.080186
0.000000
1.000000
0.439816
0.855629
0.872118
0.749673
0.969090
0.999740
1.000000
0.085888
1.000000
0.269558
0.892331
1.000000
0.000000
0.098565
0.786924
0.296189
0.597609
0.437409
0.336584
0.037997
0.994220
0.024179
0.253724
0.762785
1.000000
0.000000
0.006897
0.212759
0.970416
0.323828
0.994448
0.912279
0.032847
0.373127
0.378833
0.091226
0.245724
0.851566
0.216210
0.040364
0.177995
0.361984
0.975482
0.353631
0.000000
0.097049
0.065960
0.364873
0.262558
0.049290
0.715488
0.000000
0.262075
0.466866
0.781213
0.213515
0.047698
0.522892
0.359809
1.000000
0.542955
0.133459
0.032383
0.891091
0.311047
0.999781
0.164499
0.564034
0.078659
0.355621
0.924837
0.997824
0.475141
0.995604
0.015514
0.999903
0.278979
0.988835
1.000000
0.991904
0.439177
0.186249
0.182005
0.047144
0.049228
0.624554
0.000000
0.973153
0.999919
0.641486
0.947057
0.051232
0.012433
0.186385
0.492249
0.028124
0.147148
0.183664
0.208217
0.317698
0.982946
0.000000
0.041775
0.276795
0.345285
0.974634
0.015366
0.197109
0.411419
0.999993
0.015496
0.077413
0.048207
0.441738
0.242059
0.999973
0.803322
0.690598
0.145549
0.074869
0.097494
0.543036
0.188818
0.269505
0.053158
0.196376
0.082203
0.999979
0.210593
0.025535
0.061817
0.266153
0.084986
0.089522
0.493501
0.119248
0.000000
1.000000
0.798076
0.991177
0.126948
0.079854
0.084656
0.427486
0.000000
0.187659
0.046614
0.000000
0.000000
0.091030
0.098502
0.091580
0.996748
0.153644
0.000000
1.000000
1.000000
0.824446
0.000000
0.116421
0.990901
0.228814
0.046831
0.443616
0.375020
0.296078
0.986592
0.009109
0.022091
0.358503
0.000000
0.110953
1.000000
1.000000
0.169559
0.499298
0.133875
0.555692
0.192714
0.581076
0.734907
0.065054
0.526011
0.000000
0.589738
0.304913
0.096534
0.989808
0.985564
0.177935
0.000000
0.176351
0.995963
0.000000
0.000000
0.057564
0.609615
1.000000
0.000000
0.944226
1.000000
0.221139
0.924037
0.406442
0.014948
0.172141
0.792180
0.073538
0.015077
0.000000
1.000000
0.980185
0.000000
0.999993
0.779779
0.045753
0.218272
0.000000
0.417896
0.120325
0.098178
0.008674
0.454108
0.056405
0.000000
1.000000
0.245591
0.030769
0.471029
0.353572
1.000000
0.839245
0.999620
0.852816
0.713006
0.624510
0.090596
0.297573
0.046904
0.000000
0.232983
0.931789
0.383501
0.129506
0.554495
0.241350
0.000000
0.289320
1.000000
0.994318
0.165994
0.000000
0.999429
0.063515
0.312037
0.393011
0.000000
0.028372
0.022308
0.695873
0.059592
0.451848
0.068943
0.041063
0.007054
0.188683
0.138579
0.046432
0.100976
0.000000
0.065525
0.393591
0.235576
1.000000
0.194799
0.050635
0.998638
0.000000
0.043492
0.907316
0.000000
0.999978
0.400034
0.036641
0.314222
0.000000
0.623752
1.000000
0.568074
0.815281
0.000000
0.046996
1.000000
0.086633
0.723528
0.032085
0.099036
0.194695
0.146910
0.000000
0.036734
0.000980
0.000000
0.497878
0.000000
0.046457
0.094649
0.339397
0.100175
0.000000
0.125338
0.096002
0.647836
0.028367
0.109752
0.213965
0.204441
0.805127
0.358085
0.860378
0.199102
0.080460
0.395404
0.110147
0.000000
0.976335
0.000000
0.036616
0.000000
0.131946
0.024822
0.674372
0.998197
0.000000
0.000000
0.346604
0.000000
0.176664
0.203039
0.801573
0.983501
0.013503
0.000000
0.577060
0.691936
0.178031
0.052781
0.999275
0.934770
0.067034
0.000000
0.233673
0.521500
0.000000
0.039064
0.159402
1.000000
1.000000
0.802522
0.060629
0.564761
0.000000
0.348508
0.167999
0.844227
1.000000
0.000000
0.483024
0.859086
0.027445
0.104178
0.999638
0.352961
0.640512
0.284657
0.146281
0.194225
0.053840
0.000000
0.874295
0.983877
0.000000
0.012098
0.010764
0.561636
0.994594
0.087957
0.008423
0.162628
0.561741
0.973588
0.816571
0.357951
0.999961
0.033542
0.979982
0.803786
0.000000
0.000000
0.054787
0.378584
0.378329
0.774326
0.098876
0.026015
0.283796
0.035579
0.103909
0.000000
0.070005
0.119269
0.710735
0.953643
0.283814
0.755269
0.201044
0.996233
0.281744
0.083536
0.921397
0.999974
0.000000
0.472615
0.152174
0.663836
0.000000
0.457395
0.000000
0.448313
0.016066
0.999717
0.000000
0.446598
0.000000
0.607709
0.198296
0.762193
1.000000
0.518759
0.000000
0.294436
0.037116
0.272202
0.976856
0.940162
0.000000
0.614151
0.210838
0.009394
0.540441
0.869360
0.324656
0.257147
1.000000
0.999999
0.000000
0.020733
0.061685
0.494227
0.187300
1.000000
0.999506
0.145463
0.459594
0.256497
0.355355
0.156520
0.998928
0.000000
0.072602
0.662308
0.273047
0.342005
0.137543
0.158845
0.064811
0.303125
0.451538
0.981443
0.069760
0.912670
0.028276
0.948220
0.985808
0.031147
0.901928
0.060687
0.999654
0.121352
0.035240
1.000000
0.095163
0.006099
0.000000
0.953787
0.158736
0.043524
0.578746
1.000000
0.000000
0.000000
0.043414
0.104418
0.055304
1.000000
0.777507
0.998523
0.049029
0.772776
0.000000
0.186941
0.824046
0.105510
0.067674
0.808192
0.510233
0.643186
0.259132
0.065520
0.934248
0.985111
0.000000
0.102919
0.210236
0.829882
0.906750
0.009691
0.342377
0.999991
0.104512
0.082173
0.000000
0.000000
0.999600
0.000000
0.233512
0.000000
0.923280
0.241822
0.000000
0.037190
0.999440
0.991789
0.467202
0.000000
0.298025
0.065421
0.098383
0.000000
0.997480
0.428217
0.000000
0.000000
0.000000
0.031706
0.897236
0.760161
0.039249
0.000000
0.075653
0.999964
1.000000
0.937912
0.624249
0.622242
0.122591
0.064034
0.012102
0.825542
1.000000
0.494097
0.765624
0.021328
0.309300
0.288764
0.907313
0.038386
0.007236
0.000000
0.000000
0.905890
0.000000
0.951766
0.227864
0.064497
0.064264
0.199615
0.867694
0.574751
0.817567
0.199069
0.000000
1.000000
0.673397
1.000000
0.578998
0.542826
0.000000
0.075863
0.007345
0.042954
0.999740
0.606367
0.919244
0.000000
0.119409
0.943059
0.997704
0.017621
0.126884
0.000000
0.999687
0.915349
0.018160
0.044710
0.000000
0.839694
0.999802
1.000000
0.204512
0.000000
0.009512
0.094317
0.573988
0.040060
0.016715
0.993963
0.238239
0.989015
0.904291
0.041590
0.330128
0.296879
0.000000
0.844162
0.026280
0.000000
0.828364
0.000000
0.000000
0.993541
0.949167
0.794115
0.000000
0.999811
0.661987
0.019167
0.000000
0.045388
0.552562
1.000000
0.939632
0.475805
0.090480
0.000000
0.020737
0.507177
0.028613
0.000000
0.000000
0.467457
0.799765
0.676066
0.000000
0.000000
0.429962
0.000000
0.010312
0.027299
0.052923
0.294645
0.394232
0.122143
0.042279
0.019527
0.925105
1.000000
0.081769
0.068187
0.999576
0.297414
0.145859
0.687877
0.135136
0.996089
0.245759
0.007576
0.000000
0.107415
0.325789
0.781344
0.698667
0.530334
0.102580
0.429817
0.996094
0.195219
0.539715
0.134729
0.105083
0.130704
0.999924
0.201978
0.014429
0.000009
0.172665
0.009462
0.069931
0.791637
0.151699
0.964484
0.568940
0.048023
0.039338
0.003560
0.077364
0.156913
0.747910
0.216121
0.884228
0.056724
0.855657
0.077391
0.487800
0.063686
0.249904
0.092653
0.713351
0.411389
0.563863
0.000000
1.000000
0.918384
0.000000
0.999925
0.038141
0.235581
0.182203
0.007654
0.999633
0.858091
0.215274
0.055747
0.446394
0.022834
0.995530
0.676672
0.148979
0.492988
0.195219
0.043454
1.000000
0.135010
0.117860
0.773963
0.000000
0.277660
0.000000
0.779122
0.932504
0.039642
0.044034
0.000000
0.239583
0.030127
0.948992
0.451766
0.855194
0.983367
0.000000
0.653490
0.334051
0.940606
0.000000
0.051789
0.562872
0.985241
0.378365
0.686662
0.000000
0.762428
0.418343
0.964450
0.066018
1.000000
0.513995
0.000000
0.826838
0.993729
0.000000
0.791251
0.498339
0.047272
0.285916
0.815259
0.146724
0.015095
0.068067
0.051978
1.000000
0.651490
1.000000
0.578010
0.226932
0.354979
0.681109
0.975619
0.835328
0.000000
0.998700
0.094906
0.052801
0.046906
0.000000
0.547703
0.087506
0.975504
0.999178
0.158799
0.659632
1.000000
0.000000
0.395619
0.659996
0.082463
0.991475
0.067980
0.819246
0.000000
0.250968
0.620088
0.279266
0.179070
0.882235
0.907864
0.341403
0.110175
0.264915
0.827954
0.140665
0.215334
0.992783
0.033483
0.000000
0.266028
0.914335
0.578488
0.975688
0.678398
0.000000
0.101776
0.999410
0.593671
0.026248
0.409154
0.243031
0.081347
0.694181
0.040440
0.518448
0.602280
0.075667
0.667800
0.838481
0.999882
0.000000
0.086504
0.210605
0.613740
0.117971
0.092837
0.846272
0.000000
0.024334
0.000000
0.284667
0.397419
0.980463
0.327390
0.998145
0.068539
0.004677
1.000000
0.236076
0.085790
0.065493
0.019662
0.995033
0.999656
0.117144
0.982435
0.000000
0.089950
0.571213
0.038401
0.475998
0.148974
0.558745
0.649187
0.785831
0.871537
0.974477
0.362925
0.016091
0.097949
0.000000
0.310398
0.994144
0.058642
0.000000
0.000000
0.419433
0.115832
0.296463
0.107972
0.277642
1.000000
0.605622
0.147359
0.997017
0.030712
0.793846
0.368534
0.913851
0.000000
0.053080
0.138691
0.232937
0.999955
0.031763
0.039136
0.043959
0.035827
0.167195
0.127936
0.990628
0.000000
0.000000
0.073730
0.997053
0.072892
0.925530
0.960276
0.000000
0.231710
0.390059
0.436873
0.026489
1.000000
0.006924
0.997732
0.403912
0.268435
0.005000
0.731260
0.475350
0.853025
0.037860
0.084744
0.023507
0.530050
0.353820
0.996910
0.000000
0.764670
0.635736
0.108527
0.000000
0.031532
0.324249
0.197076
1.000000
0.572504
0.193772
0.804965
0.060180
1.000000
1.000000
0.970765
0.727532
0.000000
0.091462
0.066008
0.970424
0.105163
0.963189
0.879673
0.098449
0.139662
0.158862
0.944178
0.111401
0.041868
0.130158
1.000000
0.287935
0.052009
0.019977
0.068498
0.303094
0.999980
0.084436
0.092555
0.305877
0.000000
0.970060
0.985874
0.949908
0.028931
0.721882
0.000000
0.057996
1.000000
0.379665
0.550773
0.273092
0.000000
0.346361
0.524651
0.998124
0.000000
0.998378
1.000000
0.000000
0.637859
0.028423
0.294095
1.000000
0.063822
0.999830
0.605808
0.017842
0.246624
0.970864
0.047466
0.000000
0.000000
0.024952
0.991781
0.000000
0.685319
0.716196
0.144148
0.390008
0.305364
0.296518
0.999245
0.723380
0.000000
0.446954
0.016366
0.998887
1.000000
0.211147
0.055716
0.655324
0.998875
0.905607
0.935297
0.130658
0.176043
0.063600
0.214550
0.296070
0.000000
0.238060
0.208825
0.150375
0.384997
0.355883
0.039900
0.201903
0.040811
0.354220
0.014465
0.932284
0.111920
0.190431
0.986829
0.147007
0.993807
0.111047
0.037008
0.980310
0.271873
0.061481
0.005199
0.982563
0.999630
1.000000
0.128978
0.989386
0.000000
0.052806
0.000000
0.038595
0.999843
0.123785
1.000000
0.192528
0.351342
0.010749
0.000000
0.598757
0.054863
0.241851
0.549255
0.157875
0.122059
0.107159
0.167065
0.075155
0.237469
0.151022
0.444313
0.000000
0.076174
0.234228
0.284845
0.984880
0.000000
0.040167
0.053176
0.152599
0.000000
0.814673
1.000000
0.000000
0.055596
0.000000
0.102418
0.076066
0.510726
0.140248
0.851831
0.028643
0.876817
0.062788
0.974799
0.000000
0.033305
0.997406
0.130726
0.848453
0.000000
0.999999
0.000000
0.000000
0.995033
0.999971
0.110769
0.000000
0.372050
0.496665
0.000000
0.049883
0.182116
0.324261
0.087719
0.079462
0.818526
0.032584
0.220042
0.241245
0.890360
0.000000
0.316645
0.115805
0.971275
0.000000
0.000000
0.744169
0.064350
0.224757
0.276515
1.000000
0.374198
0.920487
0.655466
0.058961
0.657600
1.000000
0.654331
0.000000
0.293019
0.245714
0.233969
0.999596
0.055238
0.136164
0.290626
0.076226
0.999997
0.000000
0.006426
0.110365
0.856730
0.968928
0.062385
1.000000
1.000000
0.068532
0.082013
0.795457
0.033708
0.093030
0.012455
0.000000
0.000000
0.038694
0.184497
0.833589
0.387429
0.748471
0.000000
1.000000
0.000000
0.078645
0.032876
0.045326
0.005016
0.025601
1.000000
0.000000
0.000000
1.000000
0.964880
0.137379
0.000000
0.997156
0.061526
0.348438
0.993291
0.047380
0.048016
0.987476
0.038634
0.000000
0.023579
0.918974
0.000000
0.056168
0.844533
0.926968
0.996877
0.037690
0.132396
0.870400
0.773736
1.000000
0.059006
0.000000
0.000000
0.279798
0.303090
0.978752
0.000000
0.000000
0.063290
0.098169
0.000000
0.000000
0.042336
0.000000
0.980054
0.226792
0.175148
0.091571
0.516324
0.040900
1.000000
0.093914
0.238202
0.036622
0.999085
0.515735
0.970358
0.710680
0.987725
0.954376
0.979846
0.461835
0.122440
0.101852
0.040174
0.000000
0.999782
0.004824
0.023842
0.143875
0.000000
0.166309
0.162373
0.759829
0.095677
0.349303
0.305416
0.880798
0.000000
1.000000
0.097894
0.038797
0.197641
0.032929
0.199568
0.998540
0.252576
0.122802
0.662851
0.790058
0.000000
0.768238
0.569339
0.985160
0.999764
0.055366
0.347941
0.131079
0.285262
0.000000
0.516156
0.530240
0.068682
0.745879
0.000000
0.387798
0.000000
0.067626
1.000000
0.233353
0.250166
0.244397
0.992334
0.062768
0.916915
0.746958
1.000000
0.389181
0.194738
0.088031
0.987958
0.283268
0.995370
0.922674
0.603458
0.006296
0.000000
0.218392
0.999377
0.861834
0.083246
0.685167
0.000000
0.998878
0.027340
1.000000
1.000000
0.314810
0.998242
0.466285
0.422834
0.265525
0.995889
0.121750
0.070240
0.292340
0.028522
0.945117
0.758312
0.147957
0.000000
0.283453
0.999647
0.042413
0.063470
0.041990
0.051284
0.000000
0.000000
0.302172
0.496049
0.488477
0.332011
0.000000
0.491114
0.063639
0.571717
0.222444
0.052340
0.157958
0.546204
0.098727
0.000000
0.000000
0.142073
0.999994
0.311677
0.000000
0.000000
0.175291
0.277625
0.000000
0.163568
0.429638
0.087521
0.985201
0.857736
0.432923
0.467457
0.075452
0.040098
0.149024
0.050308
0.427980
0.023406
0.022735
0.245672
0.952727
0.333746
0.000000
0.060113
0.082549
1.000000
0.061031
0.407843
0.000000
0.675377
0.057895
1.000000
0.084980
0.012383
0.022500
0.032622
0.806563
0.398219
0.629933
0.135737
0.347252
0.214598
0.994339
0.376317
1.000000
0.754385
0.045187
0.959914
0.166534
0.397861
0.184884
0.096228
0.436177
0.542665
1.000000
0.426584
0.000000
0.968884
0.248055
0.000000
0.000000
0.282320
0.716503
0.167330
0.133153
0.876574
0.777613
0.999810
0.102289
0.000000
0.076305
0.160805
0.416016
0.889577
0.997376
0.956643
0.336081
0.402372
0.527771
0.244387
0.271751
0.174596
0.150537
0.128072
1.000000
0.550819
0.000000
0.872733
0.860128
0.103006
0.848348
0.843671
0.025594
0.800362
0.257471
0.692050
0.219796
0.064657
0.000000
0.609621
0.999998
0.000000
0.612576
0.125308
1.000000
0.000000
0.007897
1.000000
1.000000
0.959648
0.000000
0.064143
0.680913
0.065108
0.000000
0.206896
0.999798
0.000000
0.524621
0.993883
0.824533
0.210348
0.472280
0.050858
0.076092
0.030984
0.983914
0.269124
0.334707
0.019958
0.054974
0.039480
0.827874
0.177525
0.000000
0.398563
0.000000
0.014571
0.328904
0.000000
0.046270
0.963539
0.015343
0.000000
0.953628
0.767993
0.022786
0.994948
0.033589
0.640411
0.000000
0.211121
0.877188
0.615411
0.028511
0.886581
0.000000
1.000000
0.347621
0.071301
0.469551
0.387203
0.471953
0.303935
0.973758
0.152547
0.019863
0.124789
0.141034
0.036942
0.018557
0.999999
0.915816
0.205350
0.950473
0.073348
0.997248
0.010213
0.855169
0.000000
0.808077
0.445271
1.000000
0.761023
0.599682
0.000000
0.526021
0.922630
0.050935
0.000000
0.980068
0.038034
0.652353
0.025198
0.073575
0.090771
0.161323
1.000000
0.056969
0.044976
0.114275
0.000000
0.000000
0.989668
0.154758
0.966338
1.000000
0.048546
0.999998
0.041330
0.000000
0.064545
0.000000
0.263554
0.555484
0.138608
0.705661
0.077109
0.064453
0.588117
0.040033
0.000000
0.000000
0.179592
0.335267
0.063586
0.305217
0.986206
0.056544
0.692450
0.477910
0.840387
1.000000
0.878324
0.948564
0.616096
0.021385
0.954363
0.023519
0.210263
0.689999
0.078044
0.404196
0.463251
0.999855
0.000000
0.505429
0.458565
0.903920
0.000000
0.062013
1.000000
0.575456
0.121181
0.000000
0.739573
0.581792
0.088143
0.583419
0.999999
0.365451
0.000000
0.091429
0.245461
0.032793
0.000000
0.902292
0.999983
0.629973
0.990173
0.297560
0.000000
0.854331
0.000000
0.051115
0.786801
1.000000
0.000000
0.045530
0.374245
0.028023
0.361988
0.891382
0.888747
0.206945
0.999966
0.051354
0.000000
0.371608
0.998707
0.164502
0.999799
0.000000
0.141240
0.171253
0.631046
0.998297
0.950335
0.000000
0.087488
0.000000
0.763613
0.140724
0.000000
0.773892
0.000000
0.055971
0.070524
0.967230
0.023341
0.286933
0.105499
0.059581
0.009385
0.002501
0.741007
0.327322
0.282506
0.371027
0.804278
0.000000
0.070135
0.739954
0.130023
0.027309
0.000000
0.029036
0.731567
0.416696
0.089504
0.069467
0.045356
0.999881
0.089713
0.981106
0.998448
0.781816
0.046826
0.029446
0.167273
0.091632
0.088484
0.069053
0.021513
0.000000
0.051773
0.000000
0.025599
0.262991
0.294663
0.859901
0.465254
0.000000
0.989850
1.000000
0.098719
0.405826
0.436253
0.424862
0.619570
0.179850
0.225323
1.000000
0.251960
0.000000
0.273884
0.587447
0.030292
0.390372
0.034729
0.024475
0.000000
0.999906
0.843029
0.999999
0.511649
0.219304
0.092651
0.565675
0.903847
0.000000
0.212287
0.143119
0.975837
0.576004
0.200966
0.000000
1.000000
0.926413
0.025312
0.111114
0.044421
1.000000
0.000000
0.896445
0.030495
0.885755
0.000000
0.150896
0.214382
0.072550
0.145962
1.000000
0.024692
0.026318
0.255575
0.000000
0.941389
0.891469
0.000000
0.040171
0.000000
0.146023
0.000000
0.000000
0.087332
0.464563
1.000000
0.048653
1.000000
0.999687
0.084009
0.993603
0.037642
0.753559
0.287890
0.107442
0.000000
0.130477
0.213950
0.019074
0.790468
0.963873
0.066463
0.035163
0.000000
0.183230
0.000000
0.109093
0.493971
0.053551
0.038618
0.076894
0.533170
0.082875
0.013875
0.891448
0.942761
0.000000
0.978923
0.167396
0.000000
0.112681
0.212684
0.708388
0.110204
0.049322
0.000000
0.144293
0.121866
0.911679
0.336186
0.092799
1.000000
0.259245
0.196593
0.772070
0.831415
1.000000
0.055918
0.039826
0.943552
0.000000
0.106996
0.704676
0.051440
0.999999
0.999998
1.000000
0.586515
0.177925
0.269651
0.025378
0.004594
0.105585
0.000000
0.060500
0.381885
0.107365
0.059598
1.000000
0.285001
0.838352
0.418389
0.964973
0.352524
0.422752
0.363843
0.414979
0.962087
0.063717
0.085495
0.000000
0.233151
0.000000
0.817149
0.954828
0.186740
0.508021
0.000000
0.073150
0.999745
0.137010
0.065402
0.159176
0.253663
0.800792
0.232933
0.815661
0.632228
1.000000
0.587676
0.932418
0.054806
0.591754
0.000000
0.983608
0.580073
0.058801
0.039540
0.222207
0.342589
0.000000
0.534398
0.019446
0.359422
0.453294
0.031548
1.000000
0.999997
0.536670
0.026748
0.049543
0.987611
0.979698
1.000000
1.000000
0.999999
0.677500
0.080870
0.090314
0.189756
0.479022
0.446023
1.000000
0.973855
0.999997
0.055197
0.026418
1.000000
0.183930
0.000000
0.478076
1.000000
0.161644
0.804186
0.051995
0.657340
0.276300
0.128968
0.916885
0.049673
0.072852
0.539919
0.008666
1.000000
1.000000
0.259801
0.000000
0.000000
0.000000
0.161322
0.084334
0.997210
0.411130
0.011862
0.050642
0.786114
1.000000
0.025642
0.992565
0.131794
0.772306
0.083712
1.000000
0.000000
0.032662
0.099434
0.471719
0.611625
0.020845
0.022376
0.560638
0.852290
0.500107
0.420519
0.000000
0.069278
0.051184
0.022919
0.098295
0.105186
0.000000
0.000000
0.938546
0.224470
0.998656
0.852106
0.130713
0.200054
0.487167
0.612121
0.044331
0.676698
0.097148
0.311101
0.978363
0.536003
0.162738
0.111933
0.000000
0.169301
0.399881
0.376985
0.487407
0.054777
0.934865
0.408072
0.000000
0.014732
0.030083
0.733574
1.000000
0.135553
0.611675
0.271731
0.964076
0.191988
0.194898
0.724683
0.456976
0.072882
0.000000
0.427436
0.107037
0.259901
0.085725
0.996408
0.183030
0.566302
0.065711
0.567982
0.000000
0.223627
0.069327
0.656535
0.387946
0.154486
0.158649
0.746967
0.854630
0.740230
0.857266
1.000000
0.484523
0.747474
0.487282
0.118883
0.998991
0.191892
0.235981
0.962160
0.174135
0.927735
0.000000
0.099180
0.066741
0.048053
0.066753
0.798281
0.909559
0.384378
0.992182
0.019845
0.839890
0.998769
0.057059
0.000000
0.999999
0.375288
0.043578
0.216641
0.000000
0.000000
0.072762
0.999992
0.137526
1.000000
0.000000
0.116097
0.129220
0.000000
0.530186
0.446585
0.988941
0.000000
1.000000
0.824473
0.260756
0.531760
0.993406
0.047444
0.964101
0.737166
0.999603
0.000000
0.000000
0.305354
0.918892
0.988399
0.421882
0.102760
0.093001
0.041818
0.827511
0.000000
0.041335
0.100606
0.025633
0.008167
0.000000
0.124788
1.000000
0.020976
0.093264
0.999334
0.151698
0.000000
0.157832
0.000000
0.724205
0.924171
0.994108
0.186934
0.000000
0.277932
0.446699
0.999983
0.938063
0.000000
0.085229
0.575242
0.000000
0.666835
1.000000
0.132395
0.008155
0.079896
0.998439
0.055177
0.124872
1.000000
0.120733
0.021612
0.140137
0.568597
0.853481
0.186325
0.000000
0.878905
0.452576
0.066465
0.396703
0.888251
0.999885
0.200311
0.131426
0.088385
1.000000
0.000000
0.231198
0.171581
0.000000
0.237520
0.999989
0.117363
0.999999
0.145057
0.508335
0.034872
0.992576
0.057873
0.161018
0.999607
0.105333
0.999949
0.999976
0.625733
0.109830
0.066672
0.167368
0.999985
0.165005
0.224440
0.062342
0.496638
0.451729
0.000000
0.000000
0.092012
0.228304
0.999203
0.046977
0.987275
0.947925
0.000000
0.548607
0.000000
0.330443
0.149578
0.997082
0.217134
0.255652
0.999832
1.000000
0.000000
0.999975
0.124498
1.000000
0.046012
0.035067
0.625763
0.194583
0.999243
0.040189
0.000000
0.000000
0.220766
0.041698
0.151213
0.715510
0.698455
0.000000
0.999999
0.107843
0.815916
0.560489
0.999202
0.476790
1.000000
0.105658
1.000000
0.200111
0.144156
0.557602
0.456258
1.000000
0.952644
0.000000
0.049979
0.259138
0.994478
0.000000
0.000000
0.180972
0.115885
0.918609
0.044631
0.056956
0.076129
0.739235
0.017154
0.044648
0.000000
0.591333
0.015027
0.000000
0.062703
0.994008
0.914808
0.022516
1.000000
0.000000
0.241350
0.999998
0.210741
0.000000
1.000000
0.996349
0.471235
0.994714
0.557857
0.102545
0.999997
0.436037
0.653358
0.699480
0.089903
0.742085
0.278379
0.988669
0.218714
0.086624
0.000000
0.134024
0.293689
0.952037
0.740717
0.845344
0.983986
0.682863
0.087221
0.999998
0.009970
0.179207
0.305919
0.934865
0.814843
0.015077
0.989669
0.072754
0.440163
0.049751
0.999886
0.999502
0.112128
0.238624
0.023752
0.211765
0.017995
0.147586
0.981097
0.187686
0.045662
0.000000
0.570604
0.390947
0.875206
0.380009
0.060882
0.250028
0.015783
0.184103
0.160033
0.296992
0.132392
0.999357
0.029159
0.414527
0.483991
0.066840
0.946673
0.974255
0.249969
0.996028
0.000000
0.009762
0.000000
0.033032
0.880121
0.189849
0.062279
0.846005
0.000000
0.095838
0.999525
0.067049
0.049164
0.096999
0.315041
0.974250
0.996628
0.000000
0.009069
0.233524
0.281635
0.952253
0.060677
0.938640
0.959513
0.312117
0.430063
0.233133
0.980677
0.122490
0.258624
0.131311
0.999831
0.115599
0.277260
0.613763
0.165023
0.483963
0.999947
0.118038
0.404046
0.864955
0.999784
1.000000
0.690895
0.123791
0.999836
0.985238
0.335632
0.050609
0.955407
0.185409
0.193050
0.278332
0.836815
0.999839
0.092960
0.063298
0.999625
0.173308
0.117220
0.220106
0.004196
0.370092
1.000000
0.114185
0.971824
0.911786
0.656567
0.512137
0.024903
0.043886
0.023102
0.000000
0.745483
0.066451
0.000000
0.028118
0.978933
0.614368
1.000000
0.206083
0.241144
0.077637
0.999986
0.159038
0.285023
0.988147
0.027186
0.267535
0.082994
0.044106
0.039580
0.000000
0.473140
0.000000
0.039375
0.019880
1.000000
0.916332
0.175569
0.025667
1.000000
0.039444
0.259632
0.116674
0.170685
0.999988
1.000000
1.000000
0.126185
0.869228
0.000000
0.675199
0.466951
0.506759
0.933381
0.136744
0.105315
0.963198
0.000000
0.114520
0.698413
0.665465
0.403186
0.076921
0.509607
0.206279
0.091660
0.092525
0.312663
0.974600
0.011373
0.611048
0.000000
0.151519
0.999648
0.366299
0.223078
0.845833
0.152066
0.027783
0.177186
0.932080
0.684899
0.375066
0.137587
0.620122
0.198111
1.000000
0.298000
0.881807
0.012722
0.025867
0.000000
0.897372
1.000000
0.057692
0.967006
0.000000
1.000000
0.986114
0.144992
0.091660
0.616801
1.000000
0.069649
0.999975
0.882522
0.143539
0.408559
0.584579
0.807192
0.044059
0.803448
0.917510
0.052868
0.026513
0.068268
1.000000
1.000000
0.218109
0.000000
0.000000
0.999229
0.973484
0.000000
0.959316
0.120594
0.321192
0.795190
0.960424
0.064380
0.152091
0.000000
0.074013
0.000000
0.999921
0.922521
0.472229
0.000000
1.000000
0.432084
0.999997
0.899649
0.015257
0.123386
0.689734
0.616725
0.880006
0.999881
0.025001
0.438600
0.573289
0.078495
0.974805
0.149796
0.000000
0.339069
0.999999
0.857697
0.820567
0.718754
0.219531
0.221337
0.166443
0.497749
0.379500
0.255122
0.718575
0.284753
0.000000
0.000000
0.207866
0.213270
0.723467
0.116856
0.094189
0.000000
0.462312
1.000000
0.934644
0.142214
0.484422
0.000000
0.286655
0.040555
0.031643
1.000000
0.044447
0.000000
1.000000
0.266500
1.000000
0.053981
0.111576
0.022747
0.000000
0.999870
0.996887
0.227175
0.912237
0.056826
0.148618
0.060128
0.135926
0.183064
0.594132
0.035631
0.028436
